2.9589020174401806
2.9589020174401806
2.9589020174401806
2.9589020174401806
2.9589020174401806
2.9589020174401806
2.9589020174401806
2.9589020174401806
2.9589020174401806
2.9589020174401806
2.9589020174401806
2.9589020174401806
2.9589020174401806
2.9589020174401806
2.9589020174401806
2.9589020174401806
2.9589020174401806
2.9589020174401806
2.9589020174401806
2.9589020174401806
2.9589020174401806
2.9589020174401806
2.9589020174401806
2.9589020174401806
2.9589020174401806
2.9589020174401806
2.9589020174401806
2.9589020174401806
2.9589020174401806
2.9589020174401806
2.9589020174401806
2.9589020174401806
2.9589020174401806
2.9589020174401806
2.9589020174401806
2.9589020174401806
2.9589020174401806
2.9589020174401806
2.9589020174401806
2.9589020174401806
2.9589020174401806
2.9589020174401806
2.9589020174401806
2.9589020174401806
2.9589020174401806
2.9589020174401806
2.9589020174401806
2.9589020174401806
2.9589020174401806
2.9589020174401806
2.9589020174401806
2.9589020174401806
2.9589020174401806
2.9589020174401806
2.9589020174401806
2.9589020174401806
2.9589020174401806
2.9589020174401806
2.9589020174401806
2.9589020174401806
2.9589020174401806
2.9589020174401806
2.9589020174401806
2.9589020174401806
2.9589020174401806
2.9589020174401806
2.9589020174401806
2.9589020174401806
2.9589044196272916
2.9589044196272916
2.9589044196272916
2.9589044196272916
2.9589044196272916
2.958904477328318
2.958905134970569
2.958905903725975
2.958906364979339
2.958906801719933
2.9589068959311566
2.9589077339162806
2.958907767372319
2.9589080638984186
2.958908430429316
2.9589086503478756
2.9589086503478756
2.958908663601111
2.9589087467761774
2.9589087720359517
2.958908795767591
2.9589087995927894
2.9589087995927894
2.9589087995927894
2.9589088214388317
2.9589088214388317
2.958908823088934
2.958908823088934
2.958908834409656
2.958908834409656
2.9589088380390414
2.958908842259539
2.9589088475190586
2.9589088506747694
2.9589088525681975
2.958908853704253
2.9589088543130413
2.9589088557206646
2.958908855962793
2.958908856392755
2.9589088566507304
2.9589088568055164
2.9589088569317985
2.9589088571069055
2.9589088572212177
2.9589088572212177
2.9589088572212177
2.9589088573081206
2.9589088573246887
2.9589088573454303
2.958908857367112
2.958908857388353
2.9589088574101003
2.9589088574101003
2.9589088574101003
2.9589088574174904
2.9589088574174904
2.9589088574211155
2.9589088574211155
2.9589088574211155
2.9589088574236446
2.958908857424088
2.958908857424088
2.9589088574255986
2.9589088574255986
2.9589088574255986
2.958908857425785
2.958908857425864
2.958908857425864
2.9589088574259854
2.9589088574259854
2.958908857426218
2.9589088574263602
2.958908857426445
2.9589088574265987
2.958908857426758
2.9589088574269575
2.9589088574270423
2.958908857427075
2.9589088574271223
2.9589088574271876
2.9589088574272524
2.9589088574272933
2.958908857427317
2.9589088574273297
2.95890885742734
2.9589088574273568
2.9589088574273754
2.9589088574273856
2.9589088574273994
2.9589088574274025
2.9589088574274056
2.9589088574274114
2.9589088574274136
2.9589088574274167
2.9589088574274176
2.9589088574274207
2.958908857427421
2.958908857427421
2.9589088574274225
2.958908857427423
2.958908857427423
2.958908857427423
2.9589088574274234
2.9589088574274234
2.958908857427424
2.958908857427424
2.958908857427424
2.958908857427424
2.958908857427424
2.958908857427424
2.958908857427424
2.958908857427424
2.958908857427424
2.958908857427424
2.958908857427424
2.958908857427424
2.958908857427424
2.958908857427424
2.958908857427424
2.958908857427424
2.958908857427424
2.958908857427424
2.958908857427424
2.958908857427424
2.958908857427424
2.958908857427424
2.958908857427424
