1.6750915388987104
1.6750915388987104
1.6750915388987104
1.6750915388987104
1.6750915388987104
1.6750915388987104
1.6750915388987104
1.6750915388987104
1.6750915388987104
1.6750915388987104
1.6750915388987104
1.6750915388987104
1.6750915388987104
1.6750915388987104
1.6750915388987104
1.6750915388987104
1.6750915388987104
1.6750915388987104
1.6750915388987104
1.6750915388987104
1.6750915388987104
1.6750915388987104
1.6750915388987104
1.6750915388987104
1.6750915388987104
1.6750915388987104
1.6750915388987104
1.6750915388987104
1.6750915388987104
1.6750915388987104
1.6750915388987104
1.6750915388987104
1.6750915388987104
1.6750915388987104
1.6750915388987104
1.6750915388987104
1.6750915388987104
1.6750915388987104
1.6750915388987104
1.6750915388987104
1.6750915388987104
1.6750915388987104
1.6750915388987104
1.6750915388987104
1.6750915388987104
1.6750915388987104
1.6750915388987104
1.6750915388987104
1.6750915388987104
1.6750915388987104
1.6750915388987104
1.6750915388987104
1.6750915388987104
1.6750915388987104
1.6750927146196501
1.67509400034254
1.6750953440235616
1.6750963856093624
1.6750975672181647
1.6750977029991327
1.6750986533520436
1.6750997063105695
1.6750997314615073
1.6751000986687157
1.6751004282525748
1.6751007243352234
1.6751008964802516
1.6751011596010823
1.6751012527404996
1.6751013229700615
1.6751014039550558
1.675101553742662
1.6751016534709962
1.6751017133080013
1.6751017592911732
1.675101811809677
1.6751018568860971
1.6751018568860971
1.6751018568860971
1.6751018789407188
1.675101881778226
1.6751018834807307
1.6751018845149865
1.6751018890746456
1.675101895674081
1.675101899633742
1.6751019026785565
1.6751019064005128
1.6751019111921646
1.6751019140671555
1.67510191579215
1.6751019177893314
1.675101920363565
1.6751019219081056
1.6751019228348296
1.675101923488033
1.6751019245354706
1.6751019252033992
1.6751019256041562
1.6751019259902693
1.675101926360758
1.6751019265830516
1.6751019267517053
1.6751019269850844
1.6751019271251113
1.6751019272091279
1.6751019272607588
1.67510192735776
1.6751019274159815
1.6751019274509142
1.6751019274718741
1.6751019275256398
1.6751019275662733
1.6751019275906534
1.6751019276052816
1.6751019276140584
1.6751019276193244
1.6751019276337475
1.6751019276506538
1.6751019276607975
1.6751019276668837
1.6751019276705355
1.6751019276727266
1.6751019276801749
1.6751019276900707
1.675101927696008
1.6751019276995704
1.675101927702667
1.6751019277074728
1.6751019277103565
1.6751019277120864
1.6751019277131245
1.675101927713831
1.6751019277155828
1.6751019277166335
1.6751019277172643
1.6751019277176424
1.675101927718452
1.6751019277191803
1.6751019277196173
1.6751019277198793
1.6751019277204668
1.6751019277211059
1.6751019277214894
1.6751019277217196
1.67510192772195
1.6751019277223766
1.6751019277226322
1.6751019277227859
1.675101927722878
1.6751019277230617
1.675101927723181
1.6751019277232522
1.6751019277232948
1.6751019277233512
1.675101927723434
1.6751019277234835
1.6751019277235133
1.6751019277235635
1.6751019277235972
1.6751019277236168
1.6751019277236345
1.6751019277236563
1.675101927723669
1.6751019277236765
1.675101927723683
1.6751019277236923
1.6751019277236983
1.6751019277237018
1.6751019277237038
1.6751019277237065
1.6751019277237091
1.675101927723711
1.675101927723712
1.675101927723714
1.6751019277237154
1.675101927723716
1.6751019277237167
1.6751019277237174
