2.087267996548867
2.087267996548867
2.087267996548867
2.087267996548867
2.087267996548867
2.087267996548867
2.087267996548867
2.087267996548867
2.087267996548867
2.087267996548867
2.087267996548867
2.087267996548867
2.087267996548867
2.087267996548867
2.087267996548867
2.087267996548867
2.087267996548867
2.087267996548867
2.087267996548867
2.087267996548867
2.087267996548867
2.087267996548867
2.087267996548867
2.087267996548867
2.087267996548867
2.087267996548867
2.087267996548867
2.087267996548867
2.087267996548867
2.087267996548867
2.087267996548867
2.087267996548867
2.087267996548867
2.087267996548867
2.087267996548867
2.087267996548867
2.087267996548867
2.087267996548867
2.087267996548867
2.087374522725758
2.087374522725758
2.087374522725758
2.087374522725758
2.087374522725758
2.087374522725758
2.087374522725758
2.0873964224337618
2.0873964224337618
2.0873964224337618
2.0873964224337618
2.087404886103195
2.0874072762148677
2.0874099189437203
2.087411504581336
2.087414975515064
2.087421261152459
2.0874214542965026
2.0874253229555912
2.0874285920552182
2.087429506518217
2.0874311472494442
2.0874326167357937
2.087437650727736
2.0874396310625403
2.087442336250285
2.0874434143401532
2.08744504887513
2.0874461404858455
2.087446795452016
2.0874475665182097
2.087448163159118
2.087448813278465
2.0874490798777656
2.087449250617821
2.087449374583158
2.087449423945519
2.0874496953818062
2.0874498645128834
2.0874499659915253
2.087450026878709
2.0874500862531105
2.087450174602572
2.087450229330375
2.0874502635166574
2.0874502840284266
2.0874503118731664
2.0874503390621344
2.0874503558602275
2.0874503660208803
2.087450372439682
2.0874503768616854
2.0874503853762856
2.0874503914550253
2.087450395102269
2.087450397401547
2.087450401216986
2.0874504041328836
2.087450405882423
2.087450406947364
2.087450408710008
2.087450410311004
2.0874504112716017
2.08745041184796
2.0874504127389026
2.0874504135973826
2.087450414112471
2.087450414421524
2.0874504146069555
2.0874504148134405
2.0874504150667317
2.087450415218706
2.087450415309891
2.087450415400765
2.0874504154925986
2.0874504155476985
2.087450415584602
2.087450415639098
2.087450415671818
2.0874504156914493
2.0874504157032567
2.087450415716432
2.087450415725746
2.0874504157313347
2.0874504157352156
2.087450415740918
2.087450415744343
2.087450415746399
2.087450415747972
2.0874504157504723
2.0874504157519724
2.087450415752872
2.087450415753412
2.0874504157537688
2.0874504157544047
2.087450415754787
2.087450415755016
2.087450415755154
2.087450415755237
2.0874504157552862
2.08745041575542
2.0874504157555283
2.0874504157555935
2.0874504157556326
2.0874504157556775
2.0874504157557117
2.087450415755732
2.0874504157557445
2.087450415755752
2.08745041575576
2.087450415755767
2.0874504157557716
2.087450415755774
2.0874504157557756
2.0874504157557765
2.087450415755777
2.087450415755778
2.087450415755779
2.0874504157557796
2.08745041575578
2.0874504157557805
2.0874504157557805
2.087450415755781
2.087450415755781
2.087450415755781
2.087450415755781
2.087450415755781
2.087450415755781
2.087450415755781
2.087450415755781
2.087450415755781
2.087450415755781
2.087450415755781
2.087450415755781
2.087450415755781
2.087450415755781
2.087450415755781
2.087450415755781
2.087450415755781
2.087450415755781
2.087450415755781
2.087450415755781
2.087450415755781
2.087450415755781
2.087450415755781
2.087450415755781
2.087450415755781
2.087450415755781
2.087450415755781
