1.2856045381095476
1.2856045381095476
1.2856045381095476
1.2856045381095476
1.2856045381095476
1.2856045381095476
1.2856045381095476
1.2856045381095476
1.2856045381095476
1.2856045381095476
1.2856045381095476
1.2856045381095476
1.2856045381095476
1.2856045381095476
1.2856045381095476
1.2856045381095476
1.2856045381095476
1.2856045381095476
1.2856045381095476
1.2856045381095476
1.2856045381095476
1.2856045381095476
1.2856045381095476
1.2856045381095476
1.2856045381095476
1.2856045381095476
1.2856045381095476
1.2856045381095476
1.2856045381095476
1.2856045381095476
1.2856045381095476
1.2856045381095476
1.2856045381095476
1.2856045381095476
1.2856045381095476
1.2856045381095476
1.2856045381095476
1.2856045381095476
1.2856045381095476
1.2856045381095476
1.2856045381095476
1.2856045381095476
1.2856045381095476
1.2856045381095476
1.2856045381095476
1.2856045381095476
1.2856227848839912
1.2856227848839912
1.2856227848839912
1.2856227848839912
1.2856315544815013
1.2856315544815013
1.2856315544815013
1.2856370000614281
1.2856370000614281
1.2856390685347578
1.2856405966128133
1.2856440357436814
1.2856520631585315
1.2856570949471535
1.2856601140296826
1.2856651872184732
1.2856690237478903
1.2856690237478903
1.2856714048684095
1.2856725687401513
1.2856728660520476
1.285673514841217
1.2856739393415424
1.2856750784822237
1.285675838454803
1.285676294438426
1.2856765680286266
1.285676732182757
1.2856769235724947
1.2856771948547903
1.2856774050310253
1.2856775311367792
1.2856776068002362
1.285677703881166
1.2856777902078431
1.285677844604733
1.285677882717039
1.285677915484576
1.285677939881172
1.285677966047278
1.2856779877496105
1.285678002079077
1.2856780183403937
1.2856780280971842
1.2856780341258844
1.28567803828266
1.2856780407767257
1.2856780429473327
1.2856780443017517
1.285678046068266
1.2856780481253847
1.2856780493682833
1.285678050114023
1.2856780505614667
1.2856780508299328
1.2856780515317197
1.2856780523043219
1.285678052767883
1.2856780530663074
1.2856780534701489
1.285678053821288
1.2856780540319712
1.2856780541583812
1.2856780542342274
1.2856780542797352
1.2856780543070396
1.2856780543923603
1.2856780544499362
1.2856780544844826
1.2856780545137674
1.2856780545523552
1.2856780545755082
1.2856780545893995
1.285678054606759
1.285678054624458
1.2856780546350781
1.2856780546421265
1.28567805465232
1.2856780546584365
1.2856780546621058
1.2856780546643078
1.285678054665629
1.2856780546664213
1.2856780546668969
1.2856780546672073
1.285678054667935
1.2856780546683784
1.2856780546686446
1.2856780546688038
1.2856780546691122
1.2856780546694266
1.2856780546696152
1.2856780546697282
1.2856780546699567
1.285678054670136
1.2856780546702435
1.285678054670308
1.2856780546703606
1.2856780546704685
1.2856780546705335
1.2856780546705722
1.285678054670596
1.2856780546706101
1.2856780546706186
1.2856780546706268
1.2856780546706452
1.2856780546706557
1.2856780546706625
1.2856780546706685
1.2856780546706774
1.2856780546706827
1.2856780546706865
1.2856780546706896
1.285678054670693
1.2856780546706947
1.2856780546706958
1.285678054670697
1.2856780546706985
1.2856780546706996
1.2856780546707003
1.2856780546707005
1.2856780546707012
1.2856780546707016
1.2856780546707016
1.2856780546707018
1.285678054670702
1.2856780546707023
1.2856780546707023
1.2856780546707023
1.2856780546707023
1.2856780546707023
1.2856780546707023
1.2856780546707023
1.2856780546707023
1.2856780546707023
1.2856780546707023
1.2856780546707023
1.2856780546707023
1.2856780546707023
1.2856780546707023
1.2856780546707023
1.2856780546707023
