2.0208351614069477
2.0208351614069477
2.0208351614069477
2.0208351614069477
2.0208351614069477
2.0208351614069477
2.0208351614069477
2.0208351614069477
2.0208351614069477
2.0208351614069477
2.0208351614069477
2.0208351614069477
2.0208351614069477
2.0208351614069477
2.0208351614069477
2.0208351614069477
2.0208351614069477
2.0208351614069477
2.0208351614069477
2.0208351614069477
2.0208351614069477
2.0208351614069477
2.0208351614069477
2.0208351614069477
2.0208351614069477
2.0208351614069477
2.0208351614069477
2.0208351614069477
2.0208351614069477
2.0208351614069477
2.0208351614069477
2.0208351614069477
2.0208351614069477
2.0208351614069477
2.0208351614069477
2.0208351614069477
2.0208351614069477
2.0208351614069477
2.0208351614069477
2.0208351614069477
2.0208351614069477
2.0208351614069477
2.0208351614069477
2.0208351614069477
2.0208351614069477
2.0208351614069477
2.0208351614069477
2.0208351614069477
2.0208351614069477
2.0208351614069477
2.0208351614069477
2.0208351614069477
2.0208351614069477
2.0208351614069477
2.02083657484395
2.02083657484395
2.02083657484395
2.02083657484395
2.02083657484395
2.02083657484395
2.02083657484395
2.02083657484395
2.0208378445530375
2.0208382429797345
2.0208390257266093
2.0208395524951777
2.020840658390508
2.020841321927686
2.020841380357407
2.020841674955277
2.0208421533789735
2.020842573311749
2.0208427962902484
2.020843086794754
2.020843462502616
2.02084370176292
2.020843845319101
2.0208439314528097
2.020843983133035
2.02084401414117
2.0208440327460506
2.020844132690754
2.0208442075064115
2.020844252395806
2.020844284830173
2.0208443237877445
2.0208443472467317
2.0208443725849725
2.0208443751685743
2.020844384857261
2.0208443945627566
2.020844401033727
2.02084440491631
2.020844407245859
2.0208444086435895
2.0208444142436823
2.020844418770255
2.0208444214861983
2.020844423115764
2.0208444240935037
2.0208444264869336
2.020844428096187
2.0208444290872545
2.0208444297278954
2.0208444306299866
2.020844431307555
2.020844431714096
2.020844432042018
2.0208444323912005
2.020844432616778
2.020844432753839
2.0208444328815744
2.020844433019907
2.0208444331029063
2.0208444331527056
2.020844433182585
2.0208444332005135
2.0208444332137723
2.0208444332476745
2.0208444332713555
2.0208444332855646
2.020844433300804
2.020844433318663
2.0208444333293785
2.020844433335808
2.020844433341368
2.020844433348531
2.020844433352832
2.0208444333554123
2.0208444333575506
2.0208444333597617
2.0208444333610887
2.0208444333618845
2.0208444333627575
2.02084443336384
2.020844433364489
2.0208444333648794
2.020844433365311
2.0208444333657205
2.020844433365966
2.020844433366114
2.020844433366204
2.020844433366375
2.020844433366482
2.0208444333665465
2.0208444333665936
2.0208444333666775
2.0208444333667277
2.0208444333667575
2.020844433366775
2.020844433366799
2.020844433366828
2.020844433366846
2.0208444333668565
2.0208444333668627
2.020844433366876
2.020844433366887
2.020844433366894
2.0208444333668982
2.0208444333669067
2.020844433366912
2.020844433366915
2.020844433366917
2.020844433366919
2.020844433366922
2.020844433366924
2.020844433366925
2.020844433366926
2.020844433366927
2.0208444333669275
2.020844433366928
2.020844433366928
2.020844433366928
2.020844433366928
2.020844433366928
2.020844433366928
2.020844433366928
2.020844433366928
2.020844433366928
2.020844433366928
2.020844433366928
2.020844433366928
2.020844433366928
2.020844433366928
2.020844433366928
2.020844433366928
2.020844433366928
