2.9229027376048773
2.9229027376048773
2.9229027376048773
2.9229027376048773
2.9229027376048773
2.9229027376048773
2.9229027376048773
2.9229027376048773
2.9229027376048773
2.9229027376048773
2.9229027376048773
2.9229027376048773
2.9229027376048773
2.9229027376048773
2.9229027376048773
2.9229027376048773
2.9229027376048773
2.9229027376048773
2.9229027376048773
2.9229027376048773
2.9229027376048773
2.9229027376048773
2.9229027376048773
2.9229027376048773
2.9229027376048773
2.9229027376048773
2.9229027376048773
2.9229027376048773
2.9229027376048773
2.9229027376048773
2.9229027376048773
2.9229027376048773
2.9229027376048773
2.9229027376048773
2.9229027376048773
2.9229027376048773
2.9229027376048773
2.9229027376048773
2.9229027376048773
2.9229027376048773
2.9229027376048773
2.9229027376048773
2.9229027376048773
2.9229027376048773
2.9229027376048773
2.9229027376048773
2.9229027376048773
2.9229027376048773
2.9229027376048773
2.9229027376048773
2.9229027376048773
2.9229027376048773
2.9229027376048773
2.9229027376048773
2.9229027376048773
2.9229027376048773
2.9229027376048773
2.9229027376048773
2.9229027376048773
2.9229027376048773
2.9229027376048773
2.9229032373212718
2.9229032373212718
2.9229032373212718
2.9229032373212718
2.9229032373212718
2.9229038853503053
2.9229038853503053
2.9229038853503053
2.9229038853503053
2.9229058596834645
2.9229058596834645
2.9229062103114734
2.9229084099388434
2.9229084099388434
2.922909680580218
2.922910561798583
2.9229110905297513
2.9229117438618757
2.9229128809358587
2.9229135631804843
2.9229140359601025
2.922914574113105
2.922915141902794
2.9229154970960143
2.922915733173255
2.9229158901562196
2.9229161354938875
2.922916302293217
2.922916402372817
2.9229164633167697
2.922916566625637
2.922916713436555
2.9229168015231055
2.922916854375037
2.922916917251225
2.922916966925949
2.9229170000060716
2.922917013880444
2.9229170301097587
2.9229170442715526
2.922917051909224
2.922917058382813
2.92291706029582
2.922917065774146
2.922917071138109
2.922917074356488
2.922917076287515
2.9229170809795972
2.922917082735585
2.922917084604746
2.922917085432118
2.922917087357669
2.922917088239055
2.9229170891688683
2.922917089555044
2.922917089650234
2.9229170897454453
2.922917090465359
2.9229170909462634
2.922917091262509
2.9229170914613136
2.922917091616365
2.9229170920058256
2.9229170922220593
2.9229170923200916
2.922917092548692
2.9229170928112462
2.9229170929157493
2.922917092978451
2.9229170930199033
2.922917093136541
2.9229170932097164
2.9229170932721296
2.922917093300168
2.9229170933432145
2.922917093384929
2.9229170934091844
2.9229170934237385
2.9229170934382163
2.9229170934565065
2.9229170934664683
2.9229170934725075
2.922917093476405
2.922917093481938
2.9229170934874427
2.922917093490746
2.9229170934930013
2.922917093496562
2.9229170934983713
2.9229170934995135
2.922917093500754
2.9229170935016455
2.922917093502331
2.922917093502742
2.922917093502988
2.9229170935031368
2.9229170935032256
2.9229170935033473
2.9229170935036257
2.9229170935038176
2.9229170935039326
2.922917093504002
2.9229170935040436
2.922917093504129
2.9229170935042603
2.922917093504339
2.9229170935043873
2.9229170935044153
2.9229170935044397
2.9229170935044646
2.9229170935044784
2.922917093504487
2.922917093504497
2.9229170935045006
2.9229170935045046
2.9229170935045063
2.9229170935045117
2.9229170935045152
2.9229170935045197
2.9229170935045197
2.9229170935045214
2.9229170935045237
2.9229170935045246
2.922917093504526
2.9229170935045263
2.9229170935045268
2.922917093504528
2.922917093504529
2.9229170935045294
2.9229170935045303
2.9229170935045303
2.9229170935045303
2.9229170935045308
2.9229170935045308
2.9229170935045308
2.9229170935045308
2.9229170935045308
2.9229170935045308
2.9229170935045308
