1.962763756811617
1.962763756811617
1.962763756811617
1.962763756811617
1.962763756811617
1.962763756811617
1.962763756811617
1.962763756811617
1.962763756811617
1.962763756811617
1.962763756811617
1.962763756811617
1.962763756811617
1.962763756811617
1.962763756811617
1.962763756811617
1.962763756811617
1.962763756811617
1.962763756811617
1.962763756811617
1.962763756811617
1.962763756811617
1.962763756811617
1.962763756811617
1.962763756811617
1.962763756811617
1.962763756811617
1.962763756811617
1.962763756811617
1.962763756811617
1.962763756811617
1.962763756811617
1.962763756811617
1.962763756811617
1.962763756811617
1.962763756811617
1.962763756811617
1.962763756811617
1.962763756811617
1.962763756811617
1.962763756811617
1.962763756811617
1.962763756811617
1.962763756811617
1.962763756811617
1.962763756811617
1.962763756811617
1.962763756811617
1.962763756811617
1.962763756811617
1.962763756811617
1.962763756811617
1.962763756811617
1.962763756811617
1.962763756811617
1.962763756811617
1.962763756811617
1.962763756811617
1.9627641640605178
1.9627641640605178
1.9627641640605178
1.962767896995468
1.962767896995468
1.962769535056766
1.9627718205279656
1.962773191811463
1.9627740145818418
1.9627746145785476
1.9627770358232592
1.962778561587083
1.9627794770463807
1.9627801148827853
1.9627805036898005
1.9627817465573396
1.962782251539835
1.9627825690687795
1.9627829535380639
1.9627831633488524
1.9627836051594467
1.9627836560066723
1.962783956613855
1.9627841007088411
1.962784196296334
1.9627842780162488
1.9627844056863102
1.9627844413540487
1.9627844627546924
1.9627845158189783
1.9627845543445288
1.9627845758848677
1.9627845876642098
1.962784593229208
1.9627846035475363
1.962784615362818
1.962784618603417
1.9627846205477764
1.9627846217143927
1.9627846224143617
1.9627846236000068
1.9627846272904477
1.9627846297959621
1.96278463150843
1.9627846326991447
1.9627846334135737
1.9627846338422312
1.9627846349348788
1.962784635885389
1.962784636455695
1.9627846368259465
1.9627846370678752
1.9627846373732474
1.9627846375663391
1.96278463771176
1.962784637799012
1.9627846379079412
1.9627846380287315
1.9627846381012057
1.9627846381446907
1.9627846381712362
1.9627846382403973
1.9627846382853051
1.9627846383137046
1.9627846383357779
1.9627846383592362
1.9627846383733112
1.9627846383817562
1.9627846383868228
1.9627846383947294
1.9627846384005772
1.9627846384042433
1.9627846384064438
1.9627846384097236
1.9627846384121022
1.962784638413529
1.9627846384143848
1.96278463841549
1.9627846384164567
1.9627846384170637
1.9627846384174283
1.962784638417647
1.9627846384178893
1.962784638418115
1.9627846384182503
1.962784638418331
1.9627846384184084
1.9627846384184773
1.9627846384185188
1.9627846384185432
1.9627846384185583
1.9627846384185677
1.9627846384185734
1.962784638418598
1.9627846384186138
1.9627846384186234
1.962784638418629
1.9627846384186396
1.9627846384186527
1.96278463841866
1.9627846384186654
1.9627846384186711
1.9627846384186778
1.9627846384186827
1.9627846384186856
1.962784638418687
1.962784638418688
1.9627846384186904
1.9627846384186918
1.9627846384186924
1.9627846384186927
1.962784638418693
1.9627846384186938
1.962784638418694
1.962784638418694
1.9627846384186947
1.9627846384186947
1.962784638418695
1.962784638418695
1.962784638418695
1.962784638418695
1.962784638418695
1.962784638418695
1.962784638418695
1.962784638418695
1.962784638418695
1.962784638418695
1.962784638418695
1.962784638418695
1.962784638418695
1.962784638418695
1.962784638418695
1.962784638418695
1.962784638418695
1.962784638418695
