1.9867614891127416
1.9867614891127416
1.9867614891127416
1.9867614891127416
1.9867614891127416
1.9867614891127416
1.9867614891127416
1.9867614891127416
1.9867614891127416
1.9867614891127416
1.9867614891127416
1.9867614891127416
1.9867614891127416
1.9867614891127416
1.9867614891127416
1.9867614891127416
1.9867614891127416
1.9867614891127416
1.9867614891127416
1.9867614891127416
1.9867614891127416
1.9867614891127416
1.9867614891127416
1.9867614891127416
1.9867614891127416
1.9867614891127416
1.9867614891127416
1.9867614891127416
1.9867614891127416
1.9867614891127416
1.9867614891127416
1.9867614891127416
1.9867614891127416
1.9867614891127416
1.9867614891127416
1.9867614891127416
1.9867614891127416
1.9867614891127416
1.9867614891127416
1.9867614891127416
1.9867614891127416
1.9867614891127416
1.9867614891127416
1.9867614891127416
1.9867614891127416
1.9867614891127416
1.9867614891127416
1.9867614891127416
1.9867614891127416
1.9867614891127416
1.9867614891127416
1.9867614891127416
1.9867614891127416
1.9867614891127416
1.9867614891127416
1.9867614891127416
1.9867614891127416
1.9867614891127416
1.9867614891127416
1.9867614891127416
1.986762624591737
1.986762624591737
1.986762624591737
1.986762624591737
1.986763715256448
1.986763715256448
1.986763715256448
1.986763715256448
1.9867640218843476
1.9867640218843476
1.9867640218843476
1.986764648922345
1.986765267862391
1.986765442798171
1.9867658842939866
1.9867661757448891
1.9867664413039516
1.9867668549148223
1.9867671030813976
1.9867672519813626
1.9867676610685117
1.986768071116607
1.9867683171455184
1.9867684817078366
1.9867686847952288
1.9867688353835025
1.9867689257364711
1.9867689813185065
1.9867690421758928
1.9867690547315355
1.9867691108433019
1.986769154607584
1.9867692105022858
1.986769222355193
1.9867692409993964
1.9867692766437641
1.986769298030385
1.9867693060123768
1.9867693149068395
1.9867693189013986
1.9867693219945493
1.9867693249709484
1.9867693309736711
1.9867693309736711
1.986769332146172
1.986769333464967
1.986769334661638
1.9867693363800651
1.9867693387252547
1.9867693402443687
1.9867693411558371
1.9867693421510813
1.986769342495159
1.986769342495159
1.9867693428477555
1.9867693429552558
1.9867693430099314
1.9867693430099314
1.9867693431563163
1.9867693432002764
1.9867693432364617
1.9867693432364617
1.9867693432364617
1.9867693432364617
1.9867693432423374
1.9867693432423374
1.9867693432423374
1.9867693432423374
1.9867693432423374
1.9867693432423374
1.9867693432423374
1.9867693432423374
1.9867693432423374
1.9867693432423374
1.9867693432423374
1.9867693432423374
1.9867693432423374
1.9867693432423374
1.9867693432423374
1.9867693432423374
1.9867693432423374
1.9867693432423374
1.9867693432423374
1.9867693432423374
1.9867693432423374
1.9867693432429385
1.9867693432429385
1.9867693432429385
1.9867693432429385
1.9867693432429385
1.9867693432429385
1.9867693432429385
1.9867693432429385
1.9867693432429385
1.9867693432429385
1.9867693432429385
1.9867693432429385
1.9867693432429385
1.9867693432429385
1.9867693432429385
1.9867693432429385
1.9867693432429385
1.986769343242945
1.986769343242983
1.986769343243001
1.9867693432430098
1.9867693432430098
1.9867693432430098
1.9867693432430162
1.9867693432430162
1.9867693432430162
1.9867693432430162
1.9867693432430185
1.9867693432430185
1.9867693432430185
1.9867693432430198
1.9867693432430198
1.9867693432430198
1.9867693432430198
1.9867693432430198
1.9867693432430198
1.9867693432430198
1.9867693432430198
1.9867693432430198
1.9867693432430198
1.9867693432430198
1.9867693432430198
1.9867693432430198
1.9867693432430198
1.9867693432430198
1.9867693432430198
1.9867693432430198
1.9867693432430198
1.9867693432430198
1.9867693432430198
1.9867693432430198
