1.5157471763326793
1.5157471763326793
1.5157471763326793
1.5157471763326793
1.5157471763326793
1.5157471763326793
1.5157471763326793
1.5157471763326793
1.5157471763326793
1.5157471763326793
1.5157471763326793
1.5157471763326793
1.5157471763326793
1.5157471763326793
1.5157471763326793
1.5157471763326793
1.5157471763326793
1.5157471763326793
1.5157471763326793
1.5157471763326793
1.5157471763326793
1.5157471763326793
1.5157471763326793
1.5157471763326793
1.5157471763326793
1.5157471763326793
1.5157471763326793
1.5157471763326793
1.5157471763326793
1.5157471763326793
1.5157471763326793
1.5157471763326793
1.5157471763326793
1.5157471763326793
1.5157471763326793
1.5157471763326793
1.5157471763326793
1.5157471763326793
1.5157471763326793
1.5157471763326793
1.5157471763326793
1.5157471763326793
1.5157471763326793
1.5157471763326793
1.5157471763326793
1.5157471763326793
1.5157471763326793
1.5157471763326793
1.5157471763326793
1.5157471763326793
1.5157471763326793
1.5157471763326793
1.5157471763326793
1.5157471763326793
1.5157514383139017
1.515755366796283
1.515767330672945
1.5157747490698803
1.5157789222131666
1.5157851660136867
1.5157905986440303
1.5157937831411112
1.5157955979951958
1.5157976929084964
1.515799398356868
1.5158004216290586
1.5158024250559807
1.5158024250559807
1.5158024250559807
1.5158029416424181
1.5158034800685627
1.5158038419552466
1.5158041330343746
1.5158044473557333
1.5158046834853678
1.5158047732185012
1.5158048603381036
1.5158049237873026
1.515804982767279
1.5158050432209988
1.5158050930620677
1.5158051362559208
1.5158051712241793
1.5158051947396718
1.5158052088489682
1.5158052173145458
1.5158052263762802
1.5158052332909862
1.5158052389747632
1.5158052440925773
1.515805249368723
1.5158052536255353
1.5158052567920177
1.5158052586919062
1.5158052598868168
1.5158052610224897
1.515805261933489
1.5158052628555942
1.51580526348855
1.5158052639074788
1.5158052642260105
1.5158052645671325
1.515805264783305
1.5158052649497376
1.5158052650495972
1.5158052651095126
1.5158052652440606
1.5158052653541372
1.515805265420777
1.5158052654607606
1.515805265484751
1.5158052655070147
1.5158052655388614
1.5158052655601928
1.5158052655729919
1.5158052655806702
1.515805265586449
1.5158052655981447
1.5158052656054284
1.5158052656097982
1.5158052656130971
1.515805265619593
1.5158052656235692
1.5158052656259544
1.515805265628549
1.5158052656310077
1.5158052656324832
1.5158052656333685
1.515805265633981
1.515805265635089
1.515805265635762
1.5158052656361656
1.5158052656364085
1.515805265636808
1.5158052656370569
1.5158052656372065
1.5158052656372965
1.5158052656373504
1.5158052656373888
1.5158052656374394
1.5158052656374714
1.5158052656374907
1.5158052656375023
1.5158052656375094
1.5158052656375252
1.515805265637536
1.5158052656375427
1.515805265637548
1.5158052656375558
1.5158052656375602
1.5158052656375631
1.5158052656375658
1.515805265637569
1.5158052656375711
1.5158052656375725
1.5158052656375733
1.515805265637574
1.5158052656375745
1.5158052656375751
1.5158052656375758
1.5158052656375758
1.5158052656375758
1.5158052656375762
1.5158052656375767
1.515805265637577
1.515805265637577
1.515805265637577
1.515805265637577
1.515805265637577
1.515805265637577
1.515805265637577
1.515805265637577
1.515805265637577
1.515805265637577
1.515805265637577
1.515805265637577
1.515805265637577
1.515805265637577
1.515805265637577
1.515805265637577
1.515805265637577
1.515805265637577
1.515805265637577
1.515805265637577
