2.2308860916626987
2.2308860916626987
2.2308860916626987
2.2308860916626987
2.2308860916626987
2.2308860916626987
2.2308860916626987
2.2308860916626987
2.2308860916626987
2.2308860916626987
2.2308860916626987
2.2308860916626987
2.2308860916626987
2.2308860916626987
2.2308860916626987
2.2308860916626987
2.2308860916626987
2.2308860916626987
2.2308860916626987
2.2308860916626987
2.2308860916626987
2.2308860916626987
2.2308860916626987
2.2308860916626987
2.2308860916626987
2.2308860916626987
2.2308860916626987
2.2308860916626987
2.2308860916626987
2.2308860916626987
2.2308860916626987
2.2308860916626987
2.2308860916626987
2.2308860916626987
2.2308860916626987
2.2308860916626987
2.2308860916626987
2.2308860916626987
2.2308860916626987
2.2308860916626987
2.2308860916626987
2.2308860916626987
2.2308860916626987
2.2308860916626987
2.2308860916626987
2.2308860916626987
2.2308860916626987
2.2308860916626987
2.2308860916626987
2.2308860916626987
2.230886691570745
2.230886691570745
2.230886691570745
2.230886691570745
2.2308870732929886
2.2308870732929886
2.2308870732929886
2.230887878434752
2.230887878434752
2.230887878434752
2.2308897203626756
2.2308900025867135
2.230890839420612
2.230891694706017
2.230892546916602
2.2308930582430415
2.230893430736169
2.2308939789115834
2.230894370711263
2.2308945944769794
2.2308949112736207
2.230895390995362
2.2308956980335943
2.2308958529237564
2.230896100387173
2.2308962581975043
2.2308963597234905
2.2308964491058103
2.230896507272239
2.2308965443722566
2.230896585939753
2.2308966300232984
2.2308966387595612
2.230896652982531
2.2308966634748875
2.2308966705432316
2.2308966753677546
2.230896677520684
2.23089668261621
2.2308966857036965
2.230896687235696
2.230896687235696
2.230896687235696
2.2308966879153878
2.2308966879153878
2.2308966879153878
2.2308966879153878
2.230896688357885
2.2308966883855286
2.2308966887531576
2.23089668893118
2.230896689203025
2.2308966893906
2.230896689518905
2.2308966896020044
2.2308966897233486
2.2308966897802422
2.2308966898388567
2.230896689888326
2.2308966899196747
2.2308966899438385
2.2308966899610625
2.230896689971397
2.2308966899811247
2.230896689990631
2.230896689996453
2.2308966900017246
2.2308966900070004
2.2308966900096907
2.2308966900116913
2.2308966900143603
2.2308966900143603
2.2308966900150677
2.230896690015876
2.2308966900167313
2.2308966900169347
2.230896690017324
2.230896690017445
2.230896690017966
2.2308966900181946
2.2308966900182914
2.230896690018371
2.2308966900184606
2.2308966900184966
2.230896690018537
2.2308966900185725
2.2308966900185943
2.230896690018607
2.2308966900186786
2.2308966900187754
2.2308966900188327
2.2308966900188674
2.2308966900189318
2.2308966900189717
2.2308966900189957
2.2308966900190113
2.2308966900190446
2.2308966900190694
2.2308966900190845
2.2308966900190934
2.2308966900191
2.2308966900191143
2.2308966900191227
2.2308966900191276
2.230896690019131
2.2308966900191383
2.2308966900191427
2.230896690019145
2.2308966900191476
2.2308966900191503
2.2308966900191525
2.2308966900191547
2.2308966900191556
2.230896690019156
2.230896690019157
2.230896690019158
2.2308966900191582
2.2308966900191587
2.2308966900191587
2.2308966900191587
2.2308966900191587
2.2308966900191587
2.2308966900191587
2.2308966900191587
2.2308966900191587
2.2308966900191587
2.2308966900191587
2.2308966900191587
2.2308966900191587
2.2308966900191587
2.2308966900191587
2.2308966900191587
2.2308966900191587
2.2308966900191587
