2.1203094326113434
2.1203094326113434
2.1203094326113434
2.1203094326113434
2.1203094326113434
2.1203094326113434
2.1203094326113434
2.1203094326113434
2.1203094326113434
2.1203094326113434
2.1203094326113434
2.1203094326113434
2.1203094326113434
2.1203094326113434
2.1203094326113434
2.1203094326113434
2.1203094326113434
2.1203094326113434
2.1203094326113434
2.1203094326113434
2.1203094326113434
2.1203094326113434
2.1203094326113434
2.1203094326113434
2.1203094326113434
2.1203094326113434
2.1203094326113434
2.1203094326113434
2.1203094326113434
2.1203094326113434
2.1203094326113434
2.1203094326113434
2.1203094326113434
2.1203094326113434
2.1203094326113434
2.1203094326113434
2.1203094326113434
2.1203094326113434
2.1203094326113434
2.1203094326113434
2.1203094326113434
2.1203094326113434
2.1203094326113434
2.1203094326113434
2.1203094326113434
2.1203094326113434
2.1203094326113434
2.120311441567891
2.120311441567891
2.120311441567891
2.120311441567891
2.120311441567891
2.120311441567891
2.120311441567891
2.120311441567891
2.120311441567891
2.120311441567891
2.120311441567891
2.120311441567891
2.120311441567891
2.1203116542576517
2.1203116542576517
2.1203116542576517
2.1203116542576517
2.120311879028324
2.120311879028324
2.120311879028324
2.120311879028324
2.120311879028324
2.1203119722635284
2.1203119722635284
2.1203119722635284
2.1203119722635284
2.1203119814219797
2.1203119814219797
2.1203119814219797
2.1203119814219797
2.1203119814219797
2.1203119814219797
2.1203119814219797
2.1203119814219797
2.1203119814219797
2.1203119814219797
2.1203119814219797
2.1203119814219797
2.1203119814219797
2.12031198304582
2.12031198304582
2.12031198304582
2.12031198304582
2.12031198304582
2.1203119841031093
2.120311987786664
2.120311987976619
2.1203119891285094
2.1203119910227324
2.1203119914393973
2.1203119914393973
2.1203119920263696
2.120311992097662
2.120311992097662
2.120311992097662
2.1203119921187095
2.1203119921187095
2.1203119921187095
2.1203119921187095
2.1203119922161178
2.1203119922161178
2.1203119922161178
2.1203119922161178
2.1203119922513007
2.1203119923010836
2.1203119923327263
2.120311992351713
2.1203119923631046
2.120311992369939
2.1203119923740403
2.1203119923791287
2.120311992381554
2.1203119923861546
2.120311992392597
2.120311992392597
2.1203119923929608
2.1203119923945786
2.1203119923956564
2.1203119923961875
2.12031199239662
2.1203119923973395
2.1203119923974802
2.120311992398402
2.1203119923985083
2.1203119923987583
2.1203119923987583
2.1203119923990243
2.1203119923990945
2.1203119923991465
2.1203119923991465
2.1203119923992335
2.1203119923992597
2.1203119923993037
2.120311992399354
2.120311992399354
2.120311992399354
2.120311992399364
2.120311992399364
2.120311992399373
2.120311992399378
2.1203119923993934
2.1203119923994134
2.12031199239942
2.12031199239942
2.12031199239942
2.120311992399427
2.120311992399427
2.120311992399427
2.120311992399428
2.1203119923994285
2.1203119923994302
2.1203119923994316
2.120311992399432
2.1203119923994334
2.120311992399434
2.120311992399434
2.120311992399434
2.120311992399434
2.120311992399434
2.1203119923994342
2.1203119923994342
2.1203119923994342
