2.855122131928164
2.855122131928164
2.855122131928164
2.855122131928164
2.855122131928164
2.855122131928164
2.855122131928164
2.855122131928164
2.855122131928164
2.855122131928164
2.855122131928164
2.855122131928164
2.855122131928164
2.855122131928164
2.855122131928164
2.855122131928164
2.855122131928164
2.855122131928164
2.855122131928164
2.855122131928164
2.855122131928164
2.855122131928164
2.855122131928164
2.855122131928164
2.855122131928164
2.855122131928164
2.855122131928164
2.855122131928164
2.855122131928164
2.855122131928164
2.855122131928164
2.855122131928164
2.855122131928164
2.855122131928164
2.855122131928164
2.855122131928164
2.855122131928164
2.855122131928164
2.855122131928164
2.855122131928164
2.855122131928164
2.855122131928164
2.855122131928164
2.855122131928164
2.855122131928164
2.855122131928164
2.855122131928164
2.855122131928164
2.855122131928164
2.855122131928164
2.855122131928164
2.855122131928164
2.855122131928164
2.855123203858034
2.855123203858034
2.855123203858034
2.8551257776253682
2.8551257776253682
2.8551257776253682
2.8551257776253682
2.8551257776253682
2.85512819135534
2.8551287018767977
2.8551305333824377
2.8551310121636817
2.8551318649236674
2.8551330031887945
2.8551342185434994
2.8551344936876086
2.855135539066747
2.8551363505263176
2.8551368374020942
2.8551371295275723
2.855137405096552
2.8551378418005995
2.855137911456693
2.8551379532503516
2.8551380553812344
2.8551382075920055
2.8551382731137034
2.8551383525518146
2.8551384025188344
2.8551384736634833
2.855138505459666
2.855138542632057
2.855138553159869
2.8551385772533373
2.855138591709418
2.8551386022757437
2.855138612590947
2.8551386213158736
2.8551386285003355
2.8551386291354466
2.8551386337547306
2.855138634192083
2.855138638286527
2.8551386395705975
2.8551386405802517
2.8551386424075895
2.8551386438234743
2.8551386446933447
2.8551386451101743
2.855138645682491
2.8551386460320582
2.855138646154025
2.855138646276554
2.8551386463850226
2.8551386464976622
2.8551386465837325
2.855138646635375
2.855138646666361
2.8551386467416493
2.855138646817311
2.8551386468640665
2.855138646939479
2.855138646982642
2.8551386469954174
2.8551386469954174
2.8551386469954174
2.8551386469954174
2.8551386469954174
2.855138647002728
2.855138647002728
2.855138647002728
2.855138647002728
2.855138647004219
2.855138647004409
2.8551386470057167
2.8551386470057167
2.8551386470057167
2.8551386470057167
2.8551386470057167
2.855138647005848
2.8551386470059286
2.8551386470059774
2.855138647006287
2.8551386470066173
2.855138647006839
2.8551386470069433
2.8551386470070326
2.855138647007173
2.855138647007256
2.855138647007306
2.855138647007357
2.8551386470073594
2.8551386470074003
2.855138647007416
2.8551386470074247
2.8551386470074305
2.8551386470074362
2.8551386470074425
2.8551386470074465
2.8551386470074487
2.855138647007451
2.8551386470074522
2.855138647007454
2.8551386470074545
2.855138647007455
2.8551386470074553
2.855138647007457
2.8551386470074585
2.855138647007459
2.85513864700746
2.85513864700746
2.8551386470074607
2.8551386470074607
2.8551386470074607
2.8551386470074607
2.8551386470074607
2.8551386470074607
2.8551386470074607
2.8551386470074607
2.8551386470074607
2.8551386470074607
2.8551386470074607
2.8551386470074607
2.8551386470074607
2.8551386470074607
2.8551386470074607
2.8551386470074607
2.8551386470074607
2.8551386470074607
2.8551386470074607
2.8551386470074607
2.8551386470074607
2.8551386470074607
2.8551386470074607
2.8551386470074607
2.8551386470074607
