7.571604884408087
7.571604884408087
7.571604884408087
7.571604884408087
7.571604884408087
7.571604884408087
7.571604884408087
7.571604884408087
7.571604884408087
7.571604884408087
7.571604884408087
7.571604884408087
7.571604884408087
7.571604884408087
7.571604884408087
7.571604884408087
7.571604884408087
7.571604884408087
7.571604884408087
7.571604884408087
7.571604884408087
7.571604884408087
7.571604884408087
7.571604884408087
7.571604884408087
7.571604884408087
7.571604884408087
7.571604884408087
7.571604884408087
7.571604884408087
7.571604884408087
7.571604884408087
7.571604884408087
7.571604884408087
7.571604884408087
7.571604884408087
7.571604884408087
7.571604884408087
7.571604884408087
7.571604884408087
7.571604884408087
7.571604884408087
7.571604884408087
7.571604884408087
7.571604884408087
7.571604884408087
7.571604884408087
7.571604884408087
7.571604884408087
7.571604884408087
7.571604884408087
7.571605966792265
7.571605966792265
7.571605966792265
7.571605966792265
7.571605966792265
7.571605966792265
7.571607186496043
7.571618650843624
7.571618650843624
7.571618650843624
7.571623352310637
7.571627648716617
7.571638818346178
7.571645520132399
7.571649541207189
7.571651953853161
7.571653567970451
7.571655691049223
7.571660463074248
7.571665067540606
7.571667200032952
7.571669892208055
7.5716728248055025
7.571675249729053
7.5716767046835916
7.57167757765646
7.5716781014402335
7.571678424428529
7.5716790872384
7.571679711221448
7.571680093152587
7.571680329377099
7.5716805569185635
7.571680806096839
7.5716809645360135
7.571681062049578
7.571681122795505
7.571681196882181
7.571681265028675
7.571681306206376
7.571681331599868
7.5716813486733505
7.571681376361854
7.571681395497781
7.57168140786552
7.571681415286162
7.571681420689284
7.571681426685394
7.571681431034735
7.571681433790264
7.571681435988262
7.571681437626661
7.571681439117766
7.571681440323414
7.571681441212418
7.571681441745821
7.571681442186535
7.571681442559166
7.571681442889866
7.571681443088285
7.571681443208
7.571681443295567
7.571681443464824
7.57168144357752
7.5716814436451365
7.57168144372092
7.571681443822122
7.571681443882842
7.571681443919275
7.571681443941213
7.571681443978726
7.571681444003855
7.571681444018929
7.571681444027977
7.5716814440334055
7.5716814440366615
7.571681444038856
7.571681444045564
7.571681444049819
7.57168144405237
7.571681444053904
7.571681444056214
7.571681444057878
7.5716814440588776
7.571681444059479
7.571681444059951
7.57168144406051
7.571681444060849
7.571681444061051
7.571681444061173
7.571681444061262
7.5716814440613724
7.571681444061443
7.571681444061486
7.57168144406151
7.571681444061545
7.5716814440615785
7.571681444061597
7.571681444061611
7.571681444061625
7.571681444061633
7.57168144406164
7.571681444061643
7.57168144406165
7.571681444061655
7.571681444061657
7.571681444061658
7.57168144406166
7.571681444061662
7.571681444061664
7.5716814440616655
7.5716814440616655
7.571681444061667
7.571681444061667
7.571681444061667
7.571681444061667
7.571681444061667
7.571681444061667
7.571681444061667
7.571681444061667
7.571681444061667
7.571681444061667
7.571681444061667
7.571681444061667
7.571681444061667
7.571681444061667
7.571681444061667
7.571681444061667
7.571681444061667
7.571681444061667
7.571681444061667
7.571681444061667
7.571681444061667
7.571681444061667
7.571681444061667
7.571681444061667
7.571681444061667
7.571681444061667
7.571681444061667
7.571681444061667
7.571681444061667
7.571681444061667
7.571681444061667
7.571681444061667
