1.2131054842691187
1.2131054842691187
1.2131054842691187
1.2131054842691187
1.2131054842691187
1.2131054842691187
1.2131054842691187
1.2131054842691187
1.2131054842691187
1.2131054842691187
1.2131054842691187
1.2131054842691187
1.2131054842691187
1.2131054842691187
1.2131054842691187
1.2131054842691187
1.2131054842691187
1.2131054842691187
1.2131054842691187
1.2131054842691187
1.2131054842691187
1.2131054842691187
1.2131054842691187
1.2131054842691187
1.2131054842691187
1.2131054842691187
1.2131054842691187
1.2131054842691187
1.2131054842691187
1.2131054842691187
1.2131054842691187
1.2131054842691187
1.2131054842691187
1.2131054842691187
1.2131054842691187
1.2131054842691187
1.2131054842691187
1.2131054842691187
1.2131054842691187
1.2131054842691187
1.2131054842691187
1.2131054842691187
1.2131054842691187
1.2131054842691187
1.2131054842691187
1.2131054842691187
1.2131054842691187
1.2131054842691187
1.2131054842691187
1.2131054842691187
1.2131054842691187
1.2131054842691187
1.2131054842691187
1.2131054842691187
1.2131054842691187
1.2131054842691187
1.2131054842691187
1.2131054842691187
1.2131058561162233
1.2131058561162233
1.2131058561162233
1.213106493145205
1.213106493145205
1.213106493145205
1.2131084529975875
1.2131084529975875
1.2131092537079362
1.2131100139801143
1.213110613634454
1.2131109978370382
1.2131116529476726
1.2131122269717294
1.2131122269717294
1.213112436740477
1.2131125958409814
1.2131126854060184
1.213112852289848
1.2131129524201014
1.2131130226470863
1.2131130846897769
1.2131132294505653
1.213113316307009
1.2131133684208644
1.2131134632575098
1.2131135328315854
1.213113587207743
1.213113617910439
1.213113639411411
1.2131136534779376
1.2131136697479041
1.2131136795098834
1.213113685949938
1.213113689261034
1.2131136938733487
1.213113696936059
1.2131136998594052
1.2131137004156318
1.2131137016198281
1.2131137024267067
1.213113703395248
1.2131137040372844
1.2131137043878815
1.2131137046141838
1.2131137049349516
1.2131137052674348
1.2131137054496528
1.2131137055922245
1.2131137057337888
1.2131137058676302
1.213113705982763
1.2131137060518429
1.2131137061045987
1.2131137061449866
1.2131137061843749
1.2131137062071455
1.2131137062291428
1.2131137062423414
1.2131137062541284
1.2131137062673127
1.213113706278395
1.2131137062862583
1.2131137062965873
1.2131137063060138
1.21311370631167
1.21311370631167
1.21311370631167
1.21311370631167
1.21311370631167
1.21311370631167
1.21311370631167
1.21311370631167
1.2131137063117725
1.2131137063117725
1.2131137063117725
1.2131137063117725
1.2131137063117725
1.2131137063117725
1.2131137063117725
1.2131137063118462
1.2131137063118462
1.2131137063118462
1.2131137063118462
1.213113706311855
1.213113706311855
1.213113706311855
1.213113706311855
1.213113706311855
1.213113706311855
1.2131137063119115
1.2131137063119777
1.2131137063119937
1.2131137063120068
1.2131137063120068
1.2131137063120192
1.2131137063120268
1.21311370631203
1.2131137063120305
1.2131137063120314
1.2131137063120356
1.2131137063120403
1.2131137063120432
1.2131137063120452
1.213113706312046
1.213113706312047
1.2131137063120487
1.2131137063120494
1.21311370631205
1.2131137063120507
1.2131137063120514
1.213113706312052
1.213113706312052
1.213113706312052
1.2131137063120523
1.2131137063120523
1.2131137063120523
1.2131137063120523
1.2131137063120523
1.2131137063120523
1.2131137063120523
1.2131137063120523
1.2131137063120523
1.2131137063120523
1.2131137063120523
1.2131137063120523
1.2131137063120523
1.2131137063120523
1.2131137063120523
1.2131137063120523
1.2131137063120523
