2.059171224024025
2.059171224024025
2.059171224024025
2.059171224024025
2.059171224024025
2.059171224024025
2.059171224024025
2.059171224024025
2.059171224024025
2.059171224024025
2.059171224024025
2.059171224024025
2.059171224024025
2.059171224024025
2.059171224024025
2.059171224024025
2.059171224024025
2.059171224024025
2.059171224024025
2.059171224024025
2.059171224024025
2.059171224024025
2.059171224024025
2.059171224024025
2.059171224024025
2.059171224024025
2.059171224024025
2.059171224024025
2.059171224024025
2.059171224024025
2.059171224024025
2.059171224024025
2.059171224024025
2.059171224024025
2.059171224024025
2.059171224024025
2.059171224024025
2.059171224024025
2.059171224024025
2.059171224024025
2.059171224024025
2.059171224024025
2.059171224024025
2.059171224024025
2.059171224024025
2.059171224024025
2.059171224024025
2.0592659794119985
2.0592659794119985
2.0592659794119985
2.059321989797009
2.0593433642071894
2.0593552508670485
2.0593628324659603
2.0593750816908853
2.0593859116257787
2.0593922418608166
2.0593966780395525
2.0594003935617464
2.0594037971034007
2.059406267072425
2.0594087557995047
2.0594109093505053
2.059412895843404
2.0594136395398275
2.0594155737368514
2.0594167112469224
2.0594176683522702
2.059418372613906
2.0594190689432463
2.0594194867410307
2.0594198052191
2.0594198988538084
2.059420029925939
2.059420222586596
2.059420344154601
2.0594204170954087
2.0594204627667176
2.0594205311364964
2.059420596274957
2.059420626076027
2.0594206432454087
2.059420679315288
2.059420696794809
2.059420705625617
2.0594207145399515
2.05942072159388
2.0594207281764425
2.059420733310553
2.059420733310553
2.05942073455781
2.059420736907148
2.0594207381992913
2.0594207389445485
2.059420739411689
2.059420740748618
2.0594207419719113
2.0594207427058873
2.059420743155548
2.0594207438459864
2.059420744506534
2.0594207447480275
2.059420745041764
2.059420745169548
2.059420745459507
2.0594207456650113
2.0594207457883136
2.0594207458622953
2.0594207459066842
2.0594207460242258
2.0594207461133873
2.059420746163995
2.059420746200948
2.059420746267192
2.059420746307108
2.0594207463310577
2.059420746345427
2.0594207463540495
2.0594207463659577
2.059420746391308
2.059420746406518
2.0594207464131604
2.059420746419287
2.0594207464300984
2.0594207464361505
2.059420746439782
2.05942074644196
2.0594207464446685
2.059420746447366
2.0594207464490304
2.059420746450095
2.0594207464512095
2.05942074645243
2.0594207464531613
2.0594207464536494
2.059420746454126
2.0594207464544985
2.0594207464547356
2.0594207464548804
2.0594207464549754
2.0594207464552134
2.059420746455334
2.0594207464553578
2.059420746455484
2.059420746455547
2.0594207464555865
2.059420746455624
2.0594207464556296
2.05942074645565
2.0594207464556837
2.0594207464557033
2.0594207464557157
2.0594207464557224
2.059420746455737
2.0594207464557597
2.0594207464557743
2.0594207464557828
2.0594207464557885
2.059420746455803
2.0594207464558125
2.059420746455817
2.0594207464558214
2.059420746455823
2.059420746455829
2.0594207464558316
2.059420746455834
2.059420746455835
2.059420746455838
2.0594207464558387
2.05942074645584
2.059420746455841
2.059420746455842
2.0594207464558427
2.0594207464558427
2.0594207464558427
2.0594207464558427
2.0594207464558427
2.059420746455843
2.059420746455843
2.059420746455843
2.059420746455843
2.059420746455843
2.059420746455843
