3.087567750677002
3.087567750677002
3.087567750677002
3.087567750677002
3.087567750677002
3.087567750677002
3.087567750677002
3.087567750677002
3.087567750677002
3.087567750677002
3.087567750677002
3.087567750677002
3.087567750677002
3.087567750677002
3.087567750677002
3.087567750677002
3.087567750677002
3.087567750677002
3.087567750677002
3.087567750677002
3.087567750677002
3.087567750677002
3.087567750677002
3.087567750677002
3.087567750677002
3.087567750677002
3.087567750677002
3.087567750677002
3.087567750677002
3.087567750677002
3.087567750677002
3.087567750677002
3.087567750677002
3.087567750677002
3.087567750677002
3.087567750677002
3.087567750677002
3.087567750677002
3.087567750677002
3.087567750677002
3.087567750677002
3.087567750677002
3.087567750677002
3.087567750677002
3.087567750677002
3.087567750677002
3.087567750677002
3.087567750677002
3.087567750677002
3.087567750677002
3.0875682991929354
3.0875682991929354
3.0875682991929354
3.0875682991929354
3.0875682991929354
3.0875682991929354
3.0875682991929354
3.0875682991929354
3.0875682991929354
3.0875682991929354
3.0875682991929354
3.0875682991929354
3.0875707775525165
3.0875707775525165
3.0875710889162615
3.0875721813734245
3.0875733963276177
3.0875741902922176
3.0875741902922176
3.087575017380261
3.0875750508092383
3.0875758011827656
3.0875762514069827
3.0875765215415485
3.087576683622301
3.0875772732226663
3.0875778131018565
3.0875781370293804
3.0875783313858975
3.0875783313858975
3.0875783313858975
3.0875783313858975
3.0875783315042735
3.0875783315042735
3.0875783315042735
3.0875783315042735
3.0875783385601463
3.0875783519746784
3.0875783519746784
3.0875783519746784
3.0875783624907958
3.0875783624907958
3.0875783624907958
3.0875783670496806
3.0875783715433758
3.0875783715433758
3.087578372868439
3.0875783733779967
3.0875783746649463
3.0875783752390484
3.087578375730552
3.0875783761654714
3.08757837686849
3.0875783776013703
3.087578378118464
3.087578378118464
3.0875783781214317
3.08757837839382
3.0875783784707744
3.0875783786062563
3.0875783786898663
3.0875783788362
3.0875783788637796
3.087578378979014
3.0875783790493165
3.0875783790809828
3.0875783790964046
3.0875783791286846
3.0875783791631815
3.0875783791966627
3.087578379213967
3.0875783792296425
3.087578379235833
3.087578379243373
3.087578379259061
3.08757837925952
3.0875783792650573
3.0875783792712244
3.087578379275494
3.087578379278055
3.0875783792797473
3.0875783792828053
3.0875783792855374
3.0875783792871765
3.08757837928816
3.0875783792888187
3.087578379289882
3.0875783792902336
3.0875783792905307
3.0875783792905307
3.0875783792905307
3.087578379290621
3.0875783792906306
3.0875783792906306
3.0875783792906306
3.0875783792906324
3.0875783792906573
3.0875783792907323
3.0875783792907368
3.0875783792907368
3.0875783792907368
3.0875783792907527
3.0875783792907527
3.0875783792907527
3.0875783792907527
3.0875783792907567
3.0875783792907567
3.0875783792907567
3.0875783792907567
3.0875783792907585
3.0875783792907585
3.0875783792907585
3.087578379290759
3.087578379290759
3.087578379290759
3.08757837929076
3.08757837929076
3.08757837929076
3.08757837929076
3.08757837929076
3.08757837929076
3.08757837929076
3.08757837929076
3.08757837929076
3.08757837929076
3.08757837929076
3.08757837929076
3.08757837929076
3.08757837929076
3.08757837929076
3.08757837929076
3.08757837929076
3.08757837929076
3.08757837929076
3.08757837929076
3.08757837929076
3.08757837929076
3.08757837929076
3.08757837929076
3.08757837929076
