2.7608670813610874
2.7608670813610874
2.7608670813610874
2.7608670813610874
2.7608670813610874
2.7608670813610874
2.7608670813610874
2.7608670813610874
2.7608670813610874
2.7608670813610874
2.7608670813610874
2.7608670813610874
2.7608670813610874
2.7608670813610874
2.7608670813610874
2.7608670813610874
2.7608670813610874
2.7608670813610874
2.7608670813610874
2.7608670813610874
2.7608670813610874
2.7608670813610874
2.7608670813610874
2.7608670813610874
2.7608670813610874
2.7608670813610874
2.7608670813610874
2.7608670813610874
2.7608670813610874
2.7608670813610874
2.7608670813610874
2.7608670813610874
2.7608670813610874
2.7608670813610874
2.7608670813610874
2.7608670813610874
2.7608670813610874
2.7608670813610874
2.7608670813610874
2.7608670813610874
2.7608670813610874
2.7608670813610874
2.7608670813610874
2.7608670813610874
2.7608739641572786
2.7608739641572786
2.7608739641572786
2.7608739641572786
2.760891860663779
2.760905491859176
2.760905491859176
2.760909194746393
2.760909194746393
2.760909194746393
2.760914532405847
2.760914532405847
2.760914532405847
2.7609188011494252
2.7609188011494252
2.7609219398575515
2.76092414699652
2.7609254712809492
2.760926265851984
2.760930705299978
2.76093435072776
2.7609365379873405
2.760937618278077
2.760939117753618
2.760940806158111
2.7609424902200943
2.7609429690045237
2.7609436525592312
2.7609443509774536
2.76094499035781
2.760945353264738
2.760945613051791
2.760946100416257
2.7609464604332654
2.760946676443497
2.7609468060496454
2.7609468838133386
2.76094714202623
2.760947317756359
2.7609474231944424
2.7609474864572956
2.7609475244150072
2.7609476011072154
2.760947678538131
2.760947724996683
2.7609477700352456
2.7609478243787478
2.76094785698485
2.7609478765485105
2.7609478882867076
2.760947909377547
2.7609479244396717
2.7609479334769462
2.760947938899311
2.7609479504654337
2.7609479632541785
2.7609479709274245
2.7609479755313724
2.760947980009376
2.76094798839507
2.7609479934264867
2.760947996445337
2.760947998256647
2.760948000746808
2.760948003669671
2.7609480054233893
2.7609480064756196
2.760948007106958
2.760948007635116
2.7609480082708995
2.760948008652369
2.760948008881251
2.760948009060807
2.760948009263494
2.7609480093851055
2.760948009458072
2.760948009501852
2.760948009536986
2.760948009585503
2.760948009614614
2.7609480096320804
2.760948009642559
2.760948009648847
2.760948009661445
2.760948009670116
2.760948009675319
2.760948009678441
2.7609480096803143
2.7609480096814383
2.760948009682863
2.760948009684301
2.7609480096851637
2.7609480096857353
2.7609480096864916
2.7609480096869454
2.760948009687217
2.760948009687381
2.760948009687481
2.7609480096877954
2.7609480096879833
2.7609480096880965
2.7609480096881645
2.7609480096882053
2.760948009688309
2.7609480096884544
2.7609480096885406
2.7609480096885926
2.7609480096886814
2.7609480096888026
2.7609480096888754
2.760948009688919
2.7609480096889727
2.760948009689014
2.7609480096890398
2.7609480096890593
2.760948009689084
2.7609480096890993
2.760948009689107
2.760948009689113
2.7609480096891206
2.760948009689125
2.7609480096891286
2.7609480096891303
2.760948009689132
2.7609480096891335
2.760948009689134
2.760948009689134
2.7609480096891352
2.7609480096891357
2.760948009689136
2.760948009689136
2.7609480096891366
2.7609480096891366
2.7609480096891366
2.7609480096891366
2.7609480096891366
2.760948009689137
2.760948009689137
2.760948009689137
2.760948009689137
2.760948009689137
2.760948009689137
2.760948009689137
2.760948009689137
2.760948009689137
2.760948009689137
2.760948009689137
2.760948009689137
2.760948009689137
2.760948009689137
2.760948009689137
2.760948009689137
2.760948009689137
2.760948009689137
2.760948009689137
