5.049515659491162
5.049515659491162
5.049515659491162
5.049515659491162
5.049515659491162
5.049515659491162
5.049515659491162
5.049515659491162
5.049515659491162
5.049515659491162
5.049515659491162
5.049515659491162
5.049515659491162
5.049515659491162
5.049515659491162
5.049515659491162
5.049515659491162
5.049515659491162
5.049515659491162
5.049515659491162
5.049515659491162
5.049515659491162
5.049515659491162
5.049515659491162
5.049515659491162
5.049515659491162
5.049515659491162
5.049515659491162
5.049515659491162
5.049515659491162
5.049515659491162
5.049515659491162
5.049515659491162
5.049515659491162
5.049515659491162
5.049515659491162
5.049515659491162
5.049515659491162
5.049515659491162
5.049515659491162
5.049515659491162
5.049515659491162
5.049515659491162
5.049515659491162
5.049515659491162
5.049515659491162
5.049515659491162
5.049515659491162
5.049515659491162
5.049515659491162
5.049515659491162
5.049515659491162
5.049515659491162
5.049515659491162
5.049515659491162
5.049515659491162
5.049515659491162
5.049515659491162
5.049517243039494
5.049517243039494
5.049517243039494
5.049517243039494
5.049520311816239
5.049520311816239
5.049523147411612
5.049524417790093
5.049525313080521
5.049528421997744
5.049530862691722
5.0495323271082215
5.0495336764613326
5.049534635687049
5.049536075046216
5.049537058221799
5.049537648127155
5.0495380593725905
5.049538605890123
5.049539084748091
5.049539479368464
5.049539654203665
5.049539831389636
5.049540048720304
5.049540179118702
5.049540280503542
5.049540323980189
5.049540350066179
5.049540373664689
5.049540425393359
5.049540471411721
5.049540500570049
5.049540516057404
5.049540534298085
5.049540557684331
5.049540569849271
5.049540582272885
5.049540590586461
5.049540596253899
5.049540601571135
5.049540601571135
5.049540601571135
5.049540604166551
5.049540604732442
5.049540605324877
5.049540605807289
5.0495406065864294
5.049540607053913
5.049540607350627
5.049540607981115
5.049540608367299
5.0495406086888766
5.0495406089959545
5.049540609231264
5.049540609418249
5.049540609536905
5.049540609608096
5.0495406097124205
5.049540609787278
5.049540609832194
5.049540609893598
5.049540609940707
5.049540609969912
5.049540609992462
5.049540610019355
5.0495406100374005
5.049540610048228
5.049540610060439
5.049540610070901
5.049540610077182
5.04954061008095
5.049540610086579
5.049540610091768
5.0495406100948825
5.0495406100967495
5.049540610097871
5.0495406100999
5.0495406101021825
5.049540610103555
5.049540610104377
5.049540610105316
5.049540610106225
5.04954061010677
5.0495406101070985
5.049540610107294
5.04954061010761
5.049540610107866
5.049540610108021
5.049540610108112
5.049540610108167
5.049540610108237
5.049540610108292
5.049540610108324
5.049540610108345
5.049540610108377
5.049540610108416
5.049540610108437
5.049540610108451
5.04954061010846
5.049540610108475
5.0495406101084885
5.049540610108496
5.049540610108504
5.04954061010851
5.049540610108514
5.049540610108517
5.049540610108519
5.049540610108522
5.049540610108525
5.049540610108526
5.049540610108528
5.0495406101085285
5.04954061010853
5.04954061010853
5.04954061010853
5.04954061010853
5.049540610108531
5.049540610108531
5.049540610108531
5.049540610108531
5.049540610108531
5.049540610108531
5.049540610108531
5.049540610108531
5.049540610108531
5.049540610108531
5.049540610108531
5.049540610108531
5.049540610108531
5.049540610108531
5.049540610108531
5.049540610108531
5.049540610108531
5.049540610108531
5.049540610108531
5.049540610108531
