2.622003408803565
2.622003408803565
2.622003408803565
2.622003408803565
2.622003408803565
2.622003408803565
2.622003408803565
2.622003408803565
2.622003408803565
2.622003408803565
2.622003408803565
2.622003408803565
2.622003408803565
2.622003408803565
2.622003408803565
2.622003408803565
2.622003408803565
2.622003408803565
2.622003408803565
2.622003408803565
2.622003408803565
2.622003408803565
2.622003408803565
2.622003408803565
2.622003408803565
2.622003408803565
2.622003408803565
2.622003408803565
2.622003408803565
2.622003408803565
2.622003408803565
2.622003408803565
2.622003408803565
2.622003408803565
2.622003408803565
2.622003408803565
2.622003408803565
2.622003408803565
2.622003408803565
2.622003408803565
2.622003408803565
2.622003408803565
2.622003408803565
2.622003408803565
2.622003408803565
2.622003408803565
2.622003408803565
2.622003408803565
2.622003408803565
2.622003408803565
2.622003408803565
2.622003408803565
2.622003408803565
2.622003408803565
2.622003408803565
2.6220064243600505
2.6220064243600505
2.6220064243600505
2.6220064243600505
2.6220064243600505
2.6220064243600505
2.6220064243600505
2.6220064243600505
2.622006988446821
2.622006988446821
2.622006988446821
2.622006988446821
2.622006988446821
2.622006988446821
2.622006988446821
2.622006988446821
2.622006988446821
2.6220071139682672
2.6220071139682672
2.6220071139682672
2.6220071139682672
2.6220071139682672
2.622007154872211
2.622007233435864
2.622007233435864
2.622007244515043
2.622007244515043
2.622007255586792
2.622007255586792
2.6220072577108846
2.622007266954523
2.622007269863971
2.622007269863971
2.622007274813978
2.622007274813978
2.622007274834854
2.622007275349857
2.622007275349857
2.6220072762529956
2.6220072767237763
2.6220072772048613
2.622007277465402
2.622007277632762
2.6220072779409223
2.6220072779409223
2.6220072780315706
2.6220072782063824
2.6220072783112736
2.622007278417763
2.622007278620112
2.6220072787135797
2.6220072787135797
2.6220072787399906
2.6220072787835442
2.6220072788143325
2.622007278826035
2.6220072788449316
2.622007278853749
2.622007278853749
2.622007278853749
2.6220072788563047
2.6220072788563047
2.622007278859242
2.622007278859242
2.622007278859242
2.622007278859698
2.622007278859698
2.622007278859698
2.622007278859698
2.622007278859698
2.622007278859698
2.622007278859698
2.622007278859698
2.6220072788599005
2.6220072788599005
2.6220072788599005
2.622007278860149
2.622007278860149
2.622007278860149
2.622007278860149
2.6220072788601714
2.622007278860177
2.622007278860177
2.6220072788601816
2.622007278860206
2.622007278860206
2.622007278860206
2.622007278860206
2.6220072788602122
2.6220072788602122
2.62200727886022
2.6220072788602264
2.6220072788602264
2.622007278860228
2.622007278860229
2.622007278860229
2.62200727886023
2.6220072788602335
2.6220072788602335
2.6220072788602335
2.6220072788602335
2.6220072788602335
2.6220072788602335
2.6220072788602335
2.6220072788602335
2.6220072788602335
2.6220072788602335
2.6220072788602335
2.6220072788602335
2.6220072788602335
2.6220072788602335
2.6220072788602335
2.6220072788602335
2.6220072788602335
2.6220072788602335
2.6220072788602335
2.6220072788602335
2.6220072788602335
2.6220072788602335
2.6220072788602335
2.6220072788602335
2.6220072788602335
2.6220072788602335
2.6220072788602335
2.6220072788602335
2.6220072788602335
2.6220072788602335
