3.620064167484471
3.620064167484471
3.620064167484471
3.620064167484471
3.620064167484471
3.620064167484471
3.620064167484471
3.620064167484471
3.620064167484471
3.620064167484471
3.620064167484471
3.620064167484471
3.620064167484471
3.620064167484471
3.620064167484471
3.620064167484471
3.620064167484471
3.620064167484471
3.620064167484471
3.620064167484471
3.620064167484471
3.620064167484471
3.620064167484471
3.620064167484471
3.620064167484471
3.620064167484471
3.620064167484471
3.620064167484471
3.620064167484471
3.620064167484471
3.620064167484471
3.620064167484471
3.620064167484471
3.620064167484471
3.620064167484471
3.620064167484471
3.620064167484471
3.620064167484471
3.620064167484471
3.620064167484471
3.620064167484471
3.620064167484471
3.620064167484471
3.620064167484471
3.620064167484471
3.620064167484471
3.620064167484471
3.620064167484471
3.620064167484471
3.620064167484471
3.620064167484471
3.620064167484471
3.620064167484471
3.620064167484471
3.620066405430183
3.620066405430183
3.620066405430183
3.620066405430183
3.620066405430183
3.6200702671466667
3.6200702671466667
3.6200702671466667
3.620073633219975
3.6200739443110264
3.6200739443110264
3.6200739443110264
3.6200762182857487
3.6200762182857487
3.6200762182857487
3.6200762182857487
3.6200767035931825
3.6200769779710873
3.620077821645681
3.6200787434999264
3.6200792966125976
3.6200796284802443
3.6200798276008483
3.62008059787643
3.620081917906818
3.620082709925253
3.620083185136385
3.6200834702630895
3.6200838118231418
3.620083933353621
3.6200841225902827
3.6200842825693798
3.620084323261972
3.6200844287111926
3.620084488718899
3.6200845247235227
3.620084546326298
3.620084567059064
3.620084600795239
3.620084623578559
3.6200846458350067
3.6200846712656856
3.6200846878483093
3.6200846985996
3.620084705050374
3.6200847097128266
3.620084719716098
3.6200847259196896
3.620084729641845
3.6200847318751377
3.620084733215113
3.6200847341397413
3.620084736995763
3.6200847392383584
3.6200847405839163
3.6200847411825725
3.6200847411825725
3.6200847411825725
3.6200847418281383
3.6200847418281383
3.6200847418281383
3.6200847419813207
3.6200847422489617
3.6200847424271285
3.6200847424377134
3.620084742511254
3.6200847426431713
3.620084742686664
3.620084742712759
3.6200847427284155
3.620084742758174
3.6200847427997256
3.6200847428246568
3.620084742839614
3.62008474284859
3.620084742875459
3.6200847429001506
3.6200847429149654
3.6200847429238534
3.620084742929186
3.620084742932387
3.6200847429348637
3.6200847429385954
3.6200847429408345
3.6200847429422227
3.6200847429437872
3.6200847429447265
3.620084742945795
3.6200847429465264
3.6200847429469647
3.6200847429472285
3.6200847429474416
3.6200847429478036
3.620084742948019
3.62008474294815
3.6200847429482286
3.6200847429482748
3.620084742948304
3.6200847429484155
3.620084742948524
3.620084742948589
3.620084742948629
3.6200847429486545
3.620084742948695
3.6200847429487184
3.620084742948733
3.620084742948743
3.6200847429487566
3.620084742948768
3.6200847429487757
3.620084742948779
3.6200847429487815
3.6200847429487837
3.620084742948787
3.62008474294879
3.6200847429487912
3.6200847429487926
3.620084742948795
3.6200847429487952
3.620084742948796
3.6200847429487975
3.6200847429487983
3.6200847429487992
3.6200847429487992
3.6200847429487992
3.6200847429487992
3.6200847429487992
3.6200847429487992
3.6200847429487992
3.6200847429487992
3.6200847429487992
3.6200847429487992
3.6200847429487992
3.6200847429487992
3.6200847429487992
3.6200847429487992
3.6200847429487992
3.6200847429487992
3.6200847429487992
3.6200847429487992
3.6200847429487992
3.6200847429487992
3.6200847429487992
3.6200847429487992
3.6200847429487992
3.6200847429487992
