4.211695562996863
4.211695562996863
4.211695562996863
4.211695562996863
4.211695562996863
4.211695562996863
4.211695562996863
4.211695562996863
4.211695562996863
4.211695562996863
4.211695562996863
4.211695562996863
4.211695562996863
4.211695562996863
4.211695562996863
4.211695562996863
4.211695562996863
4.211695562996863
4.211695562996863
4.211695562996863
4.211695562996863
4.211695562996863
4.211695562996863
4.211695562996863
4.211695562996863
4.211695562996863
4.211695562996863
4.211695562996863
4.211695562996863
4.211695562996863
4.211695562996863
4.211695562996863
4.211695562996863
4.211695562996863
4.211695562996863
4.211695562996863
4.211695562996863
4.211695562996863
4.211695562996863
4.211695562996863
4.211695562996863
4.211695562996863
4.211695562996863
4.211695562996863
4.211695562996863
4.211695562996863
4.211695562996863
4.211695562996863
4.211695562996863
4.211695562996863
4.211698238898106
4.211698238898106
4.211698238898106
4.211698238898106
4.211712357436845
4.211731969366997
4.211767545098645
4.211767545098645
4.211772644267173
4.2118019155510815
4.2118019155510815
4.211824378380581
4.211826704319715
4.2118413148951905
4.211853755531961
4.211863428498925
4.211866989897759
4.211879330096647
4.211886867364781
4.211890476524699
4.211893619988147
4.2118960035602395
4.211900056878896
4.211902188099447
4.211903466832066
4.211904234071742
4.211904694415586
4.211904970621905
4.211907131497739
4.211908275826721
4.211909342877899
4.21191055962385
4.211911640825188
4.211912499275767
4.211913014346153
4.211913273345374
4.211913922298862
4.211914333970888
4.211914557949405
4.211914707551085
4.21191486442763
4.2119150318501095
4.2119151558130214
4.211915219257247
4.211915292295068
4.211915357177383
4.211915404311965
4.211915438606471
4.211915488883273
4.211915499676104
4.211915519291264
4.211915528861853
4.211915542894507
4.211915552973173
4.2119155581270284
4.2119155625340925
4.211915563182233
4.211915565877784
4.2119155716199135
4.21191557506519
4.211915577132356
4.2119155786400935
4.211915580685193
4.211915582445491
4.211915583455625
4.211915584362104
4.211915584613825
4.211915584875699
4.211915585042701
4.211915585403694
4.211915585803518
4.211915586043415
4.211915586285822
4.211915586501492
4.211915586630894
4.211915586708536
4.211915586826493
4.211915586898231
4.211915586898231
4.211915586898231
4.211915586898231
4.211915586937017
4.211915586937017
4.211915586937017
4.211915586937017
4.21191558694203
4.211915586950109
4.211915586952129
4.211915586952129
4.211915586952129
4.211915586952766
4.211915586952874
4.211915586952874
4.211915586952874
4.211915586952874
4.211915586952874
4.211915586952874
4.211915586953532
4.211915586954347
4.211915586954572
4.211915586954572
4.211915586955033
4.211915586955244
4.211915586955299
4.2119155869554685
4.211915586955639
4.211915586955742
4.211915586955803
4.211915586955926
4.211915586956052
4.21191558695613
4.2119155869561755
4.211915586956204
4.211915586956244
4.2119155869563185
4.211915586956364
4.2119155869563905
4.211915586956406
4.21191558695643
4.211915586956446
4.211915586956456
4.2119155869564615
4.211915586956465
4.211915586956468
4.211915586956469
4.21191558695647
4.211915586956471
4.211915586956473
4.211915586956474
4.211915586956474
4.211915586956476
4.211915586956476
4.211915586956476
4.211915586956476
4.211915586956476
4.211915586956476
4.211915586956476
4.211915586956476
4.211915586956476
4.211915586956476
4.211915586956476
4.211915586956476
4.211915586956476
4.211915586956476
4.211915586956476
4.211915586956476
4.211915586956476
4.211915586956476
4.211915586956476
4.211915586956476
4.211915586956476
4.211915586956476
4.211915586956476
