2.216458319299243
2.216458319299243
2.216458319299243
2.216458319299243
2.216458319299243
2.216458319299243
2.216458319299243
2.216458319299243
2.216458319299243
2.216458319299243
2.216458319299243
2.216458319299243
2.216458319299243
2.216458319299243
2.216458319299243
2.216458319299243
2.216458319299243
2.216458319299243
2.216458319299243
2.216458319299243
2.216458319299243
2.216458319299243
2.216458319299243
2.216458319299243
2.216458319299243
2.216458319299243
2.216458319299243
2.216458319299243
2.216458319299243
2.216458319299243
2.216458319299243
2.216458319299243
2.216458319299243
2.216458319299243
2.216458319299243
2.216458319299243
2.216458319299243
2.216458319299243
2.216458319299243
2.216458319299243
2.216458319299243
2.216458319299243
2.216458319299243
2.216458319299243
2.216458319299243
2.216458319299243
2.216458319299243
2.216458319299243
2.216458319299243
2.216458319299243
2.216458319299243
2.216458319299243
2.216458319299243
2.216458319299243
2.216458319299243
2.216458319299243
2.216458319299243
2.216458319299243
2.216458319299243
2.216458319299243
2.216458950022413
2.216458950022413
2.216458950022413
2.216458950022413
2.216458950022413
2.2164594275302494
2.216459645047118
2.216459719360805
2.216459880925922
2.2164602364792443
2.2164605520412137
2.216460759293747
2.216460759293747
2.216460759293747
2.2164608151223786
2.216460841491332
2.2164608646378032
2.2164608646378032
2.216460894951811
2.2164609207345567
2.2164609207345567
2.2164609253483327
2.2164609382854756
2.216460946422553
2.21646095434617
2.216460960711045
2.2164609645299707
2.2164609675577474
2.2164609696452664
2.2164609696452664
2.2164609699347904
2.2164609708616125
2.2164609712071535
2.2164609715079964
2.216460971688505
2.216460971796807
2.2164609724834428
2.2164609729251823
2.2164609729251823
2.2164609729251823
2.216460973344045
2.216460973397647
2.216460973397647
2.216460973397647
2.2164609734948173
2.2164609735148324
2.216460973613291
2.2164609736383976
2.216460973679868
2.2164609737096637
2.2164609737149834
2.2164609737238496
2.2164609737305
2.2164609737434566
2.216460973755542
2.216460973769861
2.216460973769861
2.216460973777743
2.2164609737823278
2.2164609737879872
2.216460973789574
2.2164609737924748
2.21646097379294
2.21646097379294
2.216460973793025
2.216460973794095
2.2164609737945113
2.2164609737952494
2.2164609737954906
2.2164609737956917
2.2164609737958156
2.2164609737958156
2.2164609737960235
2.2164609737960235
2.2164609737960337
2.2164609737961523
2.2164609737962024
2.21646097379625
2.21646097379625
2.216460973796254
2.2164609737962877
2.2164609737962877
2.216460973796304
2.216460973796304
2.2164609737963086
2.216460973796309
2.216460973796309
2.216460973796309
2.2164609737963126
2.2164609737963126
2.2164609737963126
2.2164609737963126
2.2164609737963126
2.216460973796314
2.216460973796314
2.2164609737963143
2.2164609737963143
2.2164609737963143
2.216460973796315
2.2164609737963175
2.2164609737963175
2.2164609737963175
2.2164609737963175
2.2164609737963175
2.2164609737963175
2.2164609737963175
2.2164609737963175
2.2164609737963175
2.2164609737963175
2.2164609737963175
2.2164609737963175
2.2164609737963175
2.2164609737963175
2.2164609737963175
2.2164609737963175
2.2164609737963175
2.2164609737963175
2.2164609737963175
2.2164609737963175
2.2164609737963175
2.2164609737963175
2.2164609737963175
