2.347243006916906
2.347243006916906
2.347243006916906
2.347243006916906
2.347243006916906
2.347243006916906
2.347243006916906
2.347243006916906
2.347243006916906
2.347243006916906
2.347243006916906
2.347243006916906
2.347243006916906
2.347243006916906
2.347243006916906
2.347243006916906
2.347243006916906
2.347243006916906
2.347243006916906
2.347243006916906
2.347243006916906
2.347243006916906
2.347243006916906
2.347243006916906
2.347243006916906
2.347243006916906
2.347243006916906
2.347243006916906
2.347243006916906
2.347243006916906
2.347243006916906
2.347243006916906
2.347243006916906
2.347243006916906
2.347243006916906
2.347243006916906
2.347243006916906
2.347243006916906
2.347243006916906
2.347243006916906
2.347243006916906
2.347243006916906
2.347243006916906
2.347243006916906
2.347243006916906
2.347243006916906
2.347243006916906
2.347243006916906
2.347243006916906
2.347243006916906
2.347243006916906
2.347243006916906
2.347243006916906
2.347243006916906
2.347243006916906
2.347243006916906
2.347243006916906
2.347243006916906
2.3472446525703643
2.347246100503286
2.347247945869848
2.347247945869848
2.347248040222576
2.347248441185113
2.347248441185113
2.347248441185113
2.347249531006587
2.347249531006587
2.3472496438731687
2.3472500994676113
2.347250389181622
2.3472525558142903
2.3472538557952762
2.347254635784366
2.347255103778
2.347255508595457
2.34725589740912
2.347256308337284
2.3472568989042704
2.347257253244565
2.347257465848778
2.3472575934113196
2.347257676621112
2.3472578901117553
2.3472581190174093
2.3472581190174093
2.3472581967458357
2.347258261151403
2.347258340298113
2.3472583873525017
2.3472584156403165
2.347258433901033
2.347258471650945
2.3472585052120545
2.347258525348721
2.3472585443583527
2.3472585737640994
2.3472585914075474
2.3472586019936164
2.347258609468981
2.347258622777096
2.347258630761964
2.347258635552885
2.347258638538761
2.3472586425056017
2.3472586450818884
2.3472586466276613
2.347258647555124
2.3472586481603472
2.34725864898874
2.3472586495369465
2.34725864986587
2.347258650073367
2.347258650199027
2.347258650410651
2.3472586505635404
2.347258650655576
2.3472586507113635
2.3472586507874817
2.3472586508773663
2.3472586509321114
2.347258650970587
2.3472586510295033
2.34725865106488
2.347258651086173
2.347258651098975
2.347258651119147
2.347258651134027
2.3472586511429565
2.3472586511483144
2.3472586511515288
2.347258651155655
2.3472586511613325
2.3472586511647426
2.3472586511671345
2.3472586511708657
2.3472586511731106
2.3472586511744575
2.347258651175266
2.347258651176123
2.347258651176907
2.3472586511773774
2.34725865117766
2.347258651177908
2.347258651178183
2.3472586511783495
2.347258651178448
2.347258651178517
2.347258651178622
2.3472586511786853
2.3472586511787226
2.347258651178746
2.347258651178773
2.3472586511787994
2.3472586511788145
2.3472586511788243
2.347258651178829
2.3472586511788327
2.3472586511788394
2.347258651178848
2.3472586511788536
2.3472586511788567
2.3472586511788602
2.347258651178864
2.347258651178866
2.347258651178868
2.3472586511788704
2.3472586511788713
2.3472586511788722
2.3472586511788727
2.347258651178873
2.3472586511788736
2.3472586511788736
2.3472586511788744
2.3472586511788744
2.3472586511788744
2.3472586511788744
2.3472586511788744
2.3472586511788744
2.3472586511788744
2.3472586511788744
2.3472586511788744
2.3472586511788744
2.3472586511788744
2.3472586511788744
2.3472586511788744
2.3472586511788744
2.3472586511788744
2.3472586511788744
2.3472586511788744
2.3472586511788744
2.3472586511788744
2.3472586511788744
2.3472586511788744
2.3472586511788744
2.3472586511788744
2.3472586511788744
2.3472586511788744
2.3472586511788744
2.3472586511788744
