5.693350796194794
5.693350796194794
5.693350796194794
5.693350796194794
5.693350796194794
5.693350796194794
5.693350796194794
5.693350796194794
5.693350796194794
5.693350796194794
5.693350796194794
5.693350796194794
5.693350796194794
5.693350796194794
5.693350796194794
5.693350796194794
5.693350796194794
5.693350796194794
5.693350796194794
5.693350796194794
5.693350796194794
5.693350796194794
5.693350796194794
5.693350796194794
5.693350796194794
5.693350796194794
5.693350796194794
5.693350796194794
5.693350796194794
5.693350796194794
5.693350796194794
5.693350796194794
5.693350796194794
5.693350796194794
5.693657040794173
5.694872360916409
5.695601384485016
5.695601384485016
5.696619324682686
5.696619324682686
5.696619324682686
5.696735645870433
5.696855282120447
5.696927063564291
5.696970132320391
5.696995973534381
5.697011478248492
5.697020781071818
5.6970544588795455
5.697083662863164
5.697101185097279
5.697147064750453
5.697147569234081
5.697169161171324
5.697184100929356
5.697193064774387
5.697200217504634
5.697210245743538
5.697215092918722
5.697220026314384
5.697229474976867
5.697229474976867
5.69723167315731
5.697236956282024
5.697240126156373
5.6972414486474685
5.697244487461127
5.697248846097866
5.697251350140521
5.69725288856472
5.697256014691019
5.697258134694608
5.69725940669679
5.697260169898112
5.697260627818906
5.697261553886072
5.697262415292677
5.697262932136639
5.697263270500078
5.697263879105769
5.6972640930052325
5.697264366266561
5.6972644775705055
5.697264651759473
5.697264756396658
5.6972648191789705
5.697264905308109
5.697265015964447
5.69726508235825
5.697265128327371
5.6972651921570625
5.697265231584244
5.697265255240552
5.697265269434336
5.697265287692798
5.697265301541183
5.697265309850211
5.697265316667005
5.697265324622874
5.697265329396392
5.697265332260502
5.6972653353117515
5.697265338955706
5.69726534114208
5.697265342453904
5.6972653432500415
5.697265343944603
5.697265344549405
5.697265344914966
5.6972653451343005
5.697265345265903
5.697265345500726
5.697265345670871
5.697265345772958
5.697265345834211
5.697265345899095
5.697265346003824
5.697265346066659
5.697265346104361
5.697265346126984
5.697265346140557
5.697265346152067
5.697265346178457
5.697265346194292
5.697265346203793
5.6972653462106555
5.697265346223102
5.697265346230569
5.69726534623505
5.697265346238744
5.697265346244001
5.697265346247157
5.69726534624905
5.697265346251534
5.697265346253388
5.697265346254502
5.697265346255172
5.697265346255574
5.697265346256008
5.69726534625665
5.697265346257035
5.6972653462572636
5.697265346257446
5.6972653462577085
5.697265346257869
5.697265346257966
5.697265346258022
5.697265346258058
5.697265346258101
5.697265346258135
5.697265346258156
5.697265346258167
5.697265346258174
5.697265346258179
5.697265346258186
5.697265346258194
5.697265346258197
5.697265346258198
5.697265346258203
5.697265346258205
5.697265346258209
5.697265346258209
5.6972653462582095
5.69726534625821
5.69726534625821
5.697265346258212
5.697265346258212
5.697265346258214
5.697265346258214
5.697265346258214
5.697265346258214
5.697265346258214
5.697265346258214
5.697265346258214
5.697265346258214
5.697265346258214
5.697265346258214
5.697265346258214
5.697265346258214
5.697265346258214
5.697265346258214
5.697265346258214
5.697265346258214
5.697265346258214
5.697265346258214
5.697265346258214
5.697265346258214
5.697265346258214
5.697265346258214
5.697265346258214
5.697265346258214
5.697265346258214
5.697265346258214
5.697265346258214
5.697265346258214
