2.7921854225468126
2.7921854225468126
2.7921854225468126
2.7921854225468126
2.7921854225468126
2.7921854225468126
2.7921854225468126
2.7921854225468126
2.7921854225468126
2.7921854225468126
2.7921854225468126
2.7921854225468126
2.7921854225468126
2.7921854225468126
2.7921854225468126
2.7921854225468126
2.7921854225468126
2.7921854225468126
2.7921854225468126
2.7921854225468126
2.7921854225468126
2.7921854225468126
2.7921854225468126
2.7921854225468126
2.7921854225468126
2.7921854225468126
2.7921854225468126
2.7921854225468126
2.7921854225468126
2.7921854225468126
2.7921854225468126
2.7921854225468126
2.7921854225468126
2.7921854225468126
2.7921854225468126
2.7921854225468126
2.7921854225468126
2.7921854225468126
2.7921854225468126
2.7921854225468126
2.7921854225468126
2.7921854225468126
2.7921854225468126
2.7921854225468126
2.7921854225468126
2.7922112322561
2.7922112322561
2.7922112322561
2.7922263653153907
2.7922263653153907
2.7922263653153907
2.7922263653153907
2.7922263653153907
2.7922263653153907
2.7922263653153907
2.7922263653153907
2.7922263653153907
2.7922268301055038
2.792228654822937
2.7922297496534805
2.7922302152831264
2.792232885710089
2.7922344879668883
2.7922344879668883
2.792234986947207
2.792235395685633
2.792235395685633
2.7922360148329797
2.792237065559224
2.7922373142238373
2.7922379811160054
2.7922381173558786
2.792238762164634
2.792238762164634
2.792238762164634
2.792238857445877
2.79223891992796
2.792239048963886
2.7922391477046147
2.7922391477046147
2.7922392372685727
2.7922392744083564
2.7922392979348296
2.792239342745932
2.7922393676400197
2.792239376259591
2.792239395093155
2.7922393960088243
2.792239399853893
2.792239411639379
2.7922394120631058
2.7922394177990255
2.7922394199454366
2.7922394199454366
2.792239421110723
2.792239421110723
2.792239422252885
2.792239423049924
2.7922394233956322
2.7922394241117647
2.7922394241117647
2.7922394250091744
2.7922394250091744
2.792239425395028
2.7922394255923617
2.7922394255923617
2.7922394255923617
2.7922394255923617
2.7922394255923617
2.7922394255923617
2.7922394255923617
2.7922394255923617
2.7922394255923617
2.7922394255923617
2.7922394256227268
2.792239425642772
2.792239425642772
2.792239425642772
2.792239425642772
2.7922394256651617
2.7922394256651617
2.7922394256651617
2.7922394256681686
2.7922394256705547
2.792239425675262
2.792239425676266
2.792239425678327
2.792239425679029
2.792239425680891
2.792239425681206
2.7922394256822445
2.792239425683413
2.7922394256838263
2.7922394256838263
2.7922394256838263
2.7922394256840177
2.7922394256840177
2.7922394256840177
2.7922394256840177
2.7922394256840533
2.7922394256840555
2.7922394256840555
2.7922394256840555
2.7922394256840555
2.7922394256840555
2.7922394256840555
2.7922394256840555
2.7922394256840555
2.7922394256840617
2.7922394256840617
2.7922394256840617
2.7922394256840617
2.7922394256840652
2.7922394256840652
2.7922394256840652
2.7922394256840652
2.7922394256840652
2.7922394256840652
2.7922394256840652
2.7922394256840652
2.7922394256840652
2.7922394256840652
2.7922394256840652
2.7922394256840652
2.7922394256840652
2.792239425684066
2.792239425684066
2.792239425684066
2.792239425684066
2.792239425684066
2.792239425684066
2.792239425684066
2.792239425684066
2.792239425684066
2.792239425684066
2.792239425684066
2.792239425684066
2.792239425684066
2.792239425684066
2.792239425684066
2.792239425684066
2.792239425684066
2.792239425684066
2.792239425684066
2.792239425684066
2.792239425684066
2.792239425684066
2.792239425684066
2.792239425684066
