1.9416002739274731
1.9416002739274731
1.9416002739274731
1.9416002739274731
1.9416002739274731
1.9416002739274731
1.9416002739274731
1.9416002739274731
1.9416002739274731
1.9416002739274731
1.9416002739274731
1.9416002739274731
1.9416002739274731
1.9416002739274731
1.9416002739274731
1.9416002739274731
1.9416002739274731
1.9416002739274731
1.9416002739274731
1.9416002739274731
1.9416002739274731
1.9416002739274731
1.9416002739274731
1.9416002739274731
1.9416002739274731
1.9416002739274731
1.9416002739274731
1.9416002739274731
1.9416002739274731
1.9416002739274731
1.9416002739274731
1.9416002739274731
1.9416002739274731
1.9416002739274731
1.9416002739274731
1.9416002739274731
1.9416002739274731
1.9416002739274731
1.9416002739274731
1.9416002739274731
1.9416002739274731
1.9416002739274731
1.9416002739274731
1.9416002739274731
1.9416002739274731
1.9416002739274731
1.9416002739274731
1.9416002739274731
1.9416002739274731
1.9416002739274731
1.9416002739274731
1.9416024680954735
1.9416024680954735
1.9416024680954735
1.9416024680954735
1.9416024680954735
1.9416038740633075
1.9416038740633075
1.9416038740633075
1.9416038740633075
1.9416038740633075
1.9416038740633075
1.9416054114647157
1.9416054114647157
1.9416054114647157
1.9416054114647157
1.9416054114647157
1.9416061282753077
1.9416062103682106
1.9416062103682106
1.9416062103682106
1.9416065361415074
1.9416068141041314
1.9416075542848579
1.9416075542848579
1.9416075677608433
1.9416078875142255
1.9416081024189928
1.9416082838648367
1.941608392732355
1.94160845805287
1.941608538768471
1.9416087059389011
1.941608857644512
1.941608935235073
1.941608975681583
1.9416090163179858
1.941609070802085
1.9416090731572633
1.9416091029861748
1.9416091267565814
1.9416091410188254
1.9416091518115903
1.941609173943056
1.9416091845705414
1.9416091845705414
1.9416091845705414
1.9416091845705414
1.9416091869268428
1.9416091869268428
1.941609187008216
1.941609187053935
1.941609187053935
1.9416091876266839
1.941609187804376
1.941609188379945
1.9416091887252862
1.9416091889694933
1.9416091900026802
1.9416091902787036
1.9416091906460173
1.941609190903423
1.941609190903423
1.9416091910695976
1.9416091912505615
1.9416091912856757
1.9416091913067437
1.9416091913483942
1.941609191416458
1.9416091914661533
1.9416091915023994
1.9416091915422027
1.9416091915870903
1.9416091915871285
1.9416091915871285
1.9416091916069649
1.9416091916134393
1.9416091916220741
1.9416091916223228
1.9416091916224718
1.941609191622562
1.9416091916226157
1.9416091916243818
1.9416091916273257
1.9416091916290918
1.9416091916304514
1.9416091916313234
1.9416091916319518
1.9416091916329745
1.9416091916332943
1.9416091916333122
1.9416091916336236
1.941609191633899
1.941609191634181
1.9416091916343505
1.941609191634452
1.9416091916346792
1.941609191634958
1.9416091916350433
1.9416091916350433
1.9416091916350433
1.9416091916351144
1.9416091916351144
1.9416091916351144
1.9416091916351177
1.9416091916351519
1.9416091916351643
1.9416091916351705
1.941609191635182
1.941609191635188
1.9416091916351974
1.9416091916352007
1.9416091916352038
1.9416091916352092
1.9416091916352125
1.9416091916352147
1.941609191635216
1.9416091916352167
1.9416091916352185
1.9416091916352218
1.9416091916352238
1.9416091916352252
1.9416091916352265
1.9416091916352274
1.941609191635228
1.9416091916352283
1.9416091916352285
1.941609191635229
1.9416091916352296
1.9416091916352296
1.9416091916352298
1.9416091916352298
1.94160919163523
1.94160919163523
1.94160919163523
1.94160919163523
1.94160919163523
1.94160919163523
1.94160919163523
1.94160919163523
1.94160919163523
1.94160919163523
1.94160919163523
1.94160919163523
