1.7391862159266382
1.7391862159266382
1.7391862159266382
1.7391862159266382
1.7391862159266382
1.7391862159266382
1.7391862159266382
1.7391862159266382
1.7391862159266382
1.7391862159266382
1.7391862159266382
1.7391862159266382
1.7391862159266382
1.7391862159266382
1.7391862159266382
1.7391862159266382
1.7391862159266382
1.7391862159266382
1.7391862159266382
1.7391862159266382
1.7391862159266382
1.7391862159266382
1.7391862159266382
1.7391862159266382
1.7391862159266382
1.7391862159266382
1.7391862159266382
1.7391862159266382
1.7391862159266382
1.7391862159266382
1.7391862159266382
1.7391862159266382
1.7391862159266382
1.7391862159266382
1.7391862159266382
1.7391862159266382
1.7391862159266382
1.7391862159266382
1.7391862159266382
1.7391862159266382
1.7391862159266382
1.7391862159266382
1.7391862159266382
1.7391862159266382
1.7391862159266382
1.7391862159266382
1.7391862159266382
1.7391862159266382
1.7391862159266382
1.7391862159266382
1.7391862159266382
1.7391862159266382
1.7391862159266382
1.7391884311072368
1.7391884311072368
1.7391884311072368
1.7391884311072368
1.7391899524176737
1.7391899524176737
1.7391899524176737
1.739190457720341
1.7391907965120421
1.739191109869429
1.7391917189542754
1.7391921053055268
1.739192253881384
1.7391922961957682
1.7391924188629013
1.7391925210279906
1.7391925309901206
1.739192573759912
1.7391925861728355
1.7391926380067395
1.7391926792964383
1.7391926792964383
1.7391926869210947
1.7391926970398057
1.7391926995616112
1.7391927308122501
1.739192733357735
1.7391927569381906
1.7391927569381906
1.7391927617422756
1.739192762917124
1.7391927629976773
1.7391927669442244
1.7391927681553232
1.7391927681553232
1.7391927681553232
1.739192768494415
1.739192768494415
1.739192768494415
1.739192768494415
1.739192768539067
1.7391927687148938
1.739192769338704
1.7391927697129914
1.739192769909479
1.7391927702868966
1.739192770674106
1.7391927707429662
1.7391927709486263
1.739192771051334
1.7391927712048711
1.7391927712969948
1.7391927713584212
1.7391927714117252
1.7391927714747841
1.7391927715322826
1.73919277159503
1.7391927715962203
1.7391927716091926
1.7391927716140543
1.7391927716280153
1.7391927716405875
1.7391927716682207
1.7391927716848004
1.7391927716947486
1.7391927717056865
1.7391927717224889
1.7391927717328828
1.7391927717430635
1.7391927717461555
1.739192771747981
1.739192771750389
1.7391927717521503
1.7391927717536266
1.7391927717546425
1.739192771755731
1.7391927717565918
1.7391927717568814
1.7391927717571218
1.739192771757532
1.739192771757991
1.7391927717582667
1.7391927717584323
1.7391927717587423
1.7391927717590099
1.739192771759179
1.7391927717593205
1.7391927717596527
1.73919277175973
1.7391927717597953
1.739192771759891
1.739192771759947
1.7391927717599809
1.7391927717600058
1.7391927717600542
1.7391927717600861
1.7391927717601052
1.7391927717601279
1.739192771760151
1.7391927717601718
1.7391927717601843
1.739192771760199
1.7391927717602151
1.7391927717602251
1.7391927717602318
1.739192771760238
1.7391927717602425
1.7391927717602467
1.7391927717602478
1.7391927717602498
1.739192771760252
1.7391927717602533
1.7391927717602542
1.7391927717602553
1.7391927717602558
1.7391927717602558
1.7391927717602567
1.7391927717602569
1.739192771760257
1.7391927717602573
1.7391927717602584
1.7391927717602584
1.7391927717602584
1.7391927717602584
1.7391927717602584
1.7391927717602584
1.7391927717602584
