4.4884278618976365
4.4884278618976365
4.4884278618976365
4.4884278618976365
4.4884278618976365
4.4884278618976365
4.4884278618976365
4.4884278618976365
4.4884278618976365
4.4884278618976365
4.4884278618976365
4.4884278618976365
4.4884278618976365
4.4884278618976365
4.4884278618976365
4.4884278618976365
4.4884278618976365
4.4884278618976365
4.4884278618976365
4.4884278618976365
4.4884278618976365
4.4884278618976365
4.4884278618976365
4.4884278618976365
4.4884278618976365
4.4884278618976365
4.4884278618976365
4.4884278618976365
4.4884278618976365
4.4884278618976365
4.4884278618976365
4.4884278618976365
4.4884278618976365
4.4884278618976365
4.4884278618976365
4.4884278618976365
4.4884278618976365
4.4884278618976365
4.4884278618976365
4.4884278618976365
4.4884278618976365
4.4884278618976365
4.4884278618976365
4.4884278618976365
4.4884278618976365
4.4884278618976365
4.4884278618976365
4.4884278618976365
4.4884278618976365
4.4884278618976365
4.4884278618976365
4.4884278618976365
4.4884278618976365
4.4884278618976365
4.48843164022491
4.48843164022491
4.48843164022491
4.488440226339692
4.488440226339692
4.488440226339692
4.488440226339692
4.488444221092411
4.488444221092411
4.488444221092411
4.488454065716627
4.488454065716627
4.488454065716627
4.488454065716627
4.488457938298547
4.488459622149436
4.488460632460193
4.488462668781746
4.4884643851288795
4.48846574131512
4.488466765174287
4.4884673794898875
4.488467748079286
4.4884679692329374
4.4884681019251325
4.488468181540451
4.488468512857057
4.488468871263645
4.488469086307609
4.488469523585122
4.488469523585122
4.488469840781497
4.488470101440547
4.488470257835984
4.4884703780666975
4.488470518709276
4.4884707185042725
4.4884707185042725
4.48847076119243
4.488470824491827
4.488470862471467
4.48847088525925
4.488470937432588
4.4884709771464015
4.4884709771464015
4.4884709771464015
4.4884710120727185
4.488471016897464
4.48847102045786
4.48847102045786
4.488471021592788
4.488471027000479
4.488471030245096
4.488471032191866
4.488471033359927
4.4884710342754595
4.4884710363045315
4.488471037584404
4.48847103835253
4.488471038925331
4.4884710393131595
4.4884710396409435
4.488471039916925
4.488471040042591
4.488471040231666
4.488471040345109
4.488471040419906
4.488471040480014
4.488471040575935
4.488471040619416
4.488471040648212
4.4884710406684745
4.488471040680771
4.488471040693321
4.4884710407038195
4.48847104071663
4.488471040727909
4.488471040734735
4.488471040738585
4.4884710407416595
4.48847104074437
4.488471040746194
4.4884710407475366
4.488471040748749
4.488471040749859
4.488471040750739
4.488471040751748
4.488471040752389
4.488471040752776
4.488471040753029
4.488471040753238
4.488471040753403
4.4884710407536215
4.488471040753784
4.488471040753884
4.48847104075403
4.488471040754119
4.488471040754175
4.488471040754221
4.488471040754255
4.488471040754283
4.4884710407543045
4.488471040754318
4.488471040754335
4.488471040754347
4.488471040754356
4.488471040754362
4.488471040754365
4.488471040754369
4.48847104075437
4.488471040754373
4.488471040754374
4.4884710407543755
4.488471040754376
4.488471040754376
4.488471040754378
4.488471040754378
4.488471040754378
4.488471040754378
4.488471040754378
4.488471040754378
4.488471040754378
4.488471040754378
4.488471040754378
4.488471040754378
4.488471040754378
4.488471040754378
4.488471040754378
4.488471040754378
4.488471040754378
4.488471040754378
4.488471040754378
4.488471040754378
4.488471040754378
4.488471040754378
4.488471040754378
4.488471040754378
4.488471040754378
4.488471040754378
4.488471040754378
4.488471040754378
4.488471040754378
4.488471040754378
4.488471040754378
4.488471040754378
4.488471040754378
