1.2644033799577625
1.2644033799577625
1.2644033799577625
1.2644033799577625
1.2644033799577625
1.2644033799577625
1.2644033799577625
1.2644033799577625
1.2644033799577625
1.2644033799577625
1.2644033799577625
1.2644033799577625
1.2644033799577625
1.2644033799577625
1.2644033799577625
1.2644033799577625
1.2644033799577625
1.2644033799577625
1.2644033799577625
1.2644033799577625
1.2644033799577625
1.2644033799577625
1.2644033799577625
1.2644033799577625
1.2644033799577625
1.2644033799577625
1.2644033799577625
1.2644033799577625
1.2644033799577625
1.2644033799577625
1.2644033799577625
1.2644033799577625
1.2644033799577625
1.2644033799577625
1.2644033799577625
1.2644033799577625
1.2644033799577625
1.2644033799577625
1.2644142915955507
1.2644142915955507
1.2644142915955507
1.2644142915955507
1.2644202426353472
1.264427392654703
1.264427392654703
1.264427392654703
1.2644290391023247
1.2644304254366776
1.2644385914636604
1.2644385914636604
1.264438714416391
1.2644409595713215
1.264441535383966
1.2644430596925458
1.264443775800587
1.2644464483976263
1.2644471221046043
1.2644485312349931
1.2644492264850529
1.2644503987578701
1.2644511244487362
1.2644512910598293
1.264451893016791
1.2644524901688277
1.264452864676662
1.2644531366743195
1.2644533552960504
1.2644535085278132
1.264453634507487
1.264453762868238
1.264453815611217
1.264453879859769
1.2644539272400168
1.26445398318269
1.2644539923315514
1.2644540158391016
1.2644540381307257
1.2644540583398276
1.2644540725664983
1.2644540842871959
1.264454091319615
1.264454100895556
1.2644541100767634
1.264454111869835
1.264454118862506
1.26445412165168
1.2644541242621954
1.2644541255546762
1.2644541276721326
1.2644541301119712
1.264454131575876
1.264454132454219
1.2644541329812238
1.2644541340440911
1.2644541350478664
1.2644541356501264
1.2644541361255597
1.2644541363904322
1.2644541363904322
1.2644541363904322
1.26445413650997
1.26445413650997
1.26445413650997
1.26445413650997
1.264454136540445
1.264454136540445
1.264454136540445
1.264454136555663
1.264454136555663
1.264454136555663
1.264454136555663
1.264454136555941
1.2644541365585642
1.2644541365650817
1.2644541365650817
1.2644541365650817
1.2644541365650817
1.2644541365659976
1.26445413656664
1.26445413656691
1.2644541365678137
1.2644541365688033
1.264454136572084
1.2644541365741369
1.2644541365754343
1.2644541365762552
1.2644541365769244
1.2644541365775557
1.2644541365781852
1.2644541365781852
1.2644541365784447
1.2644541365787096
1.2644541365790032
1.2644541365791893
1.2644541365793116
1.2644541365793829
1.2644541365795434
1.2644541365796853
1.264454136579775
1.2644541365798265
1.264454136579887
1.2644541365799282
1.264454136579952
1.264454136579967
1.2644541365799806
1.2644541365799937
1.2644541365800042
1.2644541365800117
1.2644541365800184
1.2644541365800255
1.2644541365800304
1.2644541365800324
1.2644541365800352
1.2644541365800368
1.2644541365800392
1.2644541365800408
1.2644541365800412
1.2644541365800417
1.2644541365800417
1.264454136580043
1.264454136580044
1.2644541365800441
1.2644541365800444
1.2644541365800457
1.2644541365800457
1.264454136580046
1.2644541365800477
1.264454136580048
1.264454136580048
1.264454136580048
1.2644541365800481
1.2644541365800483
1.2644541365800486
1.2644541365800486
1.2644541365800488
1.264454136580049
1.264454136580049
1.264454136580049
1.2644541365800492
