2.63527677875506
2.63527677875506
2.63527677875506
2.63527677875506
2.63527677875506
2.63527677875506
2.63527677875506
2.63527677875506
2.63527677875506
2.63527677875506
2.63527677875506
2.63527677875506
2.63527677875506
2.63527677875506
2.63527677875506
2.63527677875506
2.63527677875506
2.63527677875506
2.63527677875506
2.63527677875506
2.63527677875506
2.63527677875506
2.63527677875506
2.63527677875506
2.63527677875506
2.63527677875506
2.63527677875506
2.63527677875506
2.63527677875506
2.63527677875506
2.63527677875506
2.63527677875506
2.63527677875506
2.63527677875506
2.63527677875506
2.63527677875506
2.63527677875506
2.63527677875506
2.63527677875506
2.63527677875506
2.63527677875506
2.63527677875506
2.63527677875506
2.63527677875506
2.63527677875506
2.63527677875506
2.63527677875506
2.63527677875506
2.63527677875506
2.63527677875506
2.6354150839684483
2.6354150839684483
2.6354150839684483
2.6354150839684483
2.6354150839684483
2.6354150839684483
2.6354150839684483
2.6354150839684483
2.6354150839684483
2.6354150839684483
2.6354150839684483
2.635433704026359
2.635452861220697
2.6354643555563464
2.6354643555563464
2.635491053956187
2.6354964350214405
2.635499817926163
2.635501847669599
2.6355064822201677
2.635507918936618
2.635511529791269
2.635513816455398
2.635515605949275
2.6355186210341963
2.6355200847312084
2.6355212105347174
2.6355212105347174
2.6355212105347174
2.635521843698811
2.635521843698811
2.635521843698811
2.635521843698811
2.6355219023568655
2.635521926062359
2.635521982912742
2.63552208989896
2.63552208989896
2.6355220928418923
2.6355221402199973
2.6355221595828513
2.635522178679536
2.6355221888731153
2.635522195641738
2.635522199241551
2.6355222018104154
2.6355222033517336
2.6355222086764805
2.6355222086764805
2.6355222105588068
2.635522212188634
2.6355222132414515
2.6355222146725814
2.6355222146725814
2.6355222146725814
2.635522215650846
2.635522215650846
2.635522215650846
2.6355222158670295
2.6355222162185816
2.6355222162185816
2.6355222162185816
2.6355222164142633
2.6355222164142633
2.6355222164311103
2.6355222164501417
2.635522216464374
2.63552221647474
2.6355222164817342
2.6355222164923506
2.635522216500146
2.6355222165190235
2.635522216531266
2.635522216531266
2.635522216539051
2.6355222165463355
2.635522216550731
2.6355222165541208
2.635522216559419
2.635522216563081
2.635522216565278
2.6355222165666774
2.6355222165685346
2.635522216569903
2.6355222165706693
2.6355222165706693
2.6355222165715038
2.635522216572
2.6355222165721526
2.63552221657222
2.6355222165722734
2.635522216572506
2.6355222165726486
2.635522216572733
2.6355222165727894
2.635522216572833
2.635522216572883
2.63552221657292
2.635522216572942
2.6355222165729515
2.635522216572968
2.635522216572978
2.635522216572985
2.635522216572991
2.635522216572995
2.6355222165729977
2.635522216573
2.6355222165730026
2.635522216573003
2.6355222165730043
2.6355222165730052
2.6355222165730057
2.6355222165730057
2.635522216573006
2.6355222165730066
2.635522216573007
2.635522216573007
2.635522216573007
2.635522216573007
2.635522216573007
2.6355222165730074
2.6355222165730074
2.6355222165730074
2.6355222165730074
2.6355222165730074
2.6355222165730074
2.6355222165730074
2.6355222165730074
2.6355222165730074
2.6355222165730074
2.6355222165730074
2.6355222165730074
2.6355222165730074
2.6355222165730074
2.6355222165730074
2.6355222165730074
2.6355222165730074
2.6355222165730074
2.6355222165730074
2.6355222165730074
2.6355222165730074
2.6355222165730074
