5.109152917157782
5.109152917157782
5.109152917157782
5.109152917157782
5.109152917157782
5.109152917157782
5.109152917157782
5.109152917157782
5.109152917157782
5.109152917157782
5.109152917157782
5.109152917157782
5.109152917157782
5.109152917157782
5.109152917157782
5.109152917157782
5.109152917157782
5.109152917157782
5.109152917157782
5.109152917157782
5.109152917157782
5.109152917157782
5.109152917157782
5.109152917157782
5.109152917157782
5.109152917157782
5.109152917157782
5.109152917157782
5.109152917157782
5.109152917157782
5.109152917157782
5.109152917157782
5.109152917157782
5.109152917157782
5.109152917157782
5.109152917157782
5.109152917157782
5.109152917157782
5.109152917157782
5.109152917157782
5.109152917157782
5.109152917157782
5.109152917157782
5.109152917157782
5.109152917157782
5.109152917157782
5.109152917157782
5.109152917157782
5.109152917157782
5.109152917157782
5.109156509639972
5.109156509639972
5.109156509639972
5.109156509639972
5.109156509639972
5.109156509639972
5.109156509639972
5.1091741392739065
5.1091741392739065
5.1091741392739065
5.1091741392739065
5.1091741392739065
5.109176576562368
5.109176576562368
5.109176576562368
5.1091806448586
5.10918191844824
5.109183980959137
5.109186311298849
5.109187709502682
5.109189358174338
5.109191733174208
5.109193347858065
5.109198434594185
5.109198491188239
5.109199015932192
5.109201255690327
5.109202090944439
5.10920369522944
5.109204088010115
5.1092048264758665
5.109205552907095
5.1092058482229366
5.109206161373425
5.109206447630984
5.10920688272427
5.109207143780241
5.109207300413825
5.109207433509096
5.10920774392223
5.109207897361582
5.109208026478669
5.109208095415992
5.109208222648828
5.109208308527514
5.10920836309522
5.109208403204104
5.109208442629914
5.109208474456303
5.109208493552136
5.10920850854339
5.109208513977754
5.109208522032007
5.10920852819721
5.1092085318494815
5.109208534652688
5.109208537203819
5.109208538762853
5.10920854091982
5.109208542233425
5.109208543021588
5.1092085439862025
5.109208544863635
5.1092085454347
5.109208545831377
5.109208546083688
5.109208546313195
5.109208546450899
5.109208546574342
5.109208546637279
5.109208546766527
5.10920854683168
5.109208546870773
5.109208546923534
5.109208546949089
5.109208546981246
5.109208547001452
5.109208547010733
5.109208547022467
5.109208547032425
5.109208547037431
5.10920854704755
5.109208547054298
5.109208547058501
5.10920854706259
5.109208547065981
5.109208547068126
5.109208547069412
5.109208547070184
5.109208547071572
5.109208547072894
5.109208547073685
5.109208547074161
5.109208547074683
5.109208547075313
5.109208547075746
5.109208547076021
5.1092085470762205
5.109208547076307
5.109208547076505
5.109208547076535
5.109208547076634
5.109208547076694
5.109208547076737
5.109208547076774
5.10920854707683
5.109208547076868
5.10920854707689
5.109208547076914
5.109208547076914
5.109208547076918
5.109208547076924
5.109208547076934
5.109208547076942
5.109208547076944
5.109208547076948
5.109208547076954
5.109208547076957
5.1092085470769595
5.109208547076964
5.109208547076964
5.109208547076966
5.109208547076967
5.109208547076968
5.109208547076969
5.10920854707697
5.10920854707697
5.109208547076972
5.109208547076972
5.109208547076972
5.109208547076972
5.109208547076972
5.109208547076972
5.109208547076972
5.109208547076972
5.109208547076972
5.109208547076972
5.109208547076972
5.109208547076972
5.109208547076972
5.109208547076972
5.109208547076972
5.109208547076972
5.109208547076972
5.109208547076972
5.109208547076972
5.109208547076972
5.109208547076972
5.109208547076972
5.109208547076972
