1.3956520158720354
1.3956520158720354
1.3956520158720354
1.3956520158720354
1.3956520158720354
1.3956520158720354
1.3956520158720354
1.3956520158720354
1.3956520158720354
1.3956520158720354
1.3956520158720354
1.3956520158720354
1.3956520158720354
1.3956520158720354
1.3956520158720354
1.3956520158720354
1.3956520158720354
1.3956520158720354
1.3956520158720354
1.3956520158720354
1.3956520158720354
1.3956520158720354
1.3956520158720354
1.3956520158720354
1.3956520158720354
1.3956520158720354
1.3956520158720354
1.3956520158720354
1.3956520158720354
1.3956520158720354
1.3956520158720354
1.3956520158720354
1.3956520158720354
1.3956520158720354
1.3956520158720354
1.3956520158720354
1.3956520158720354
1.3956520158720354
1.3956520158720354
1.3956520158720354
1.3956520158720354
1.3956520158720354
1.3956520158720354
1.3956520158720354
1.3956520158720354
1.3956520158720354
1.3956520158720354
1.3956520158720354
1.3957462879744689
1.3957462879744689
1.3957462879744689
1.3957462879744689
1.3957462879744689
1.3957462879744689
1.3957462879744689
1.3957462879744689
1.3957462879744689
1.3957462879744689
1.3957462879744689
1.3957462879744689
1.3957462879744689
1.3957462879744689
1.3957462879744689
1.3957462879744689
1.3957462879744689
1.3957462879744689
1.395749448229235
1.395749448229235
1.395749448229235
1.395749448229235
1.395749448229235
1.3957505564132884
1.3957505564132884
1.3957505564132884
1.3957505564132884
1.3957505564132884
1.3957505564132884
1.3957505564132884
1.3957505564132884
1.3957507188857883
1.3957507188857883
1.3957507188857883
1.3957507188857883
1.3957507188857883
1.3957507188857883
1.3957507188857883
1.3957507188857883
1.3957507188857883
1.3957507188857883
1.3957507188857883
1.395750725387822
1.395750725387822
1.395750725387822
1.395750725387822
1.395750725387822
1.3957507477812556
1.3957507477812556
1.3957507477812556
1.3957507477812556
1.3957507477812556
1.3957507477812556
1.3957507477812556
1.3957507477812556
1.395750754162449
1.3957507545030183
1.3957507545212544
1.3957507552386608
1.3957507552386608
1.3957507552386608
1.3957507552504906
1.3957507552504906
1.3957507554038275
1.3957507554038275
1.3957507554038275
1.3957507554038275
1.3957507554038275
1.3957507554825552
1.3957507554825552
1.3957507554825552
1.3957507554893
1.3957507554893
1.3957507554893
1.3957507554893
1.3957507554893
1.3957507554893
1.3957507554893
1.3957507554965518
1.3957507554965518
1.3957507554965518
1.3957507554987152
1.3957507554987152
1.3957507554997772
1.3957507554997772
1.3957507554997772
1.3957507554997772
1.3957507554997772
1.3957507554997772
1.395750755499908
1.395750755499908
1.395750755499908
1.395750755499908
1.395750755499908
1.395750755499908
1.395750755499908
1.395750755499908
1.395750755499908
1.395750755499932
1.395750755499932
1.395750755499932
1.395750755499932
1.39575075550007
1.39575075550007
1.39575075550007
1.39575075550007
1.39575075550007
1.39575075550007
1.39575075550007
1.39575075550007
1.39575075550007
1.39575075550007
1.3957507555001025
1.3957507555001025
1.3957507555001025
1.395750755500111
1.3957507555001232
1.3957507555001334
1.395750755500144
1.3957507555001467
1.3957507555001478
1.3957507555001478
1.3957507555001478
1.395750755500148
1.395750755500148
1.395750755500148
1.395750755500148
1.395750755500148
1.395750755500148
1.395750755500148
1.3957507555001483
1.3957507555001483
1.3957507555001483
1.3957507555001483
1.3957507555001483
1.3957507555001483
1.3957507555001483
1.3957507555001483
1.3957507555001483
1.3957507555001483
1.3957507555001483
1.3957507555001483
1.3957507555001483
1.3957507555001483
1.3957507555001483
1.3957507555001483
1.3957507555001483
