1.5243161571191863
1.5243161571191863
1.5243161571191863
1.5243161571191863
1.5243161571191863
1.5243161571191863
1.5243161571191863
1.5243161571191863
1.5243161571191863
1.5243161571191863
1.5243161571191863
1.5243161571191863
1.5243161571191863
1.5243161571191863
1.5243161571191863
1.5243161571191863
1.5243161571191863
1.5243161571191863
1.5243161571191863
1.5243161571191863
1.5243161571191863
1.5243161571191863
1.5243161571191863
1.5243161571191863
1.5243161571191863
1.5243161571191863
1.5243161571191863
1.5243161571191863
1.5243161571191863
1.5243161571191863
1.5243161571191863
1.5243161571191863
1.5243161571191863
1.5243161571191863
1.5243161571191863
1.5243161571191863
1.5243161571191863
1.5243161571191863
1.5243161571191863
1.5243161571191863
1.5243161571191863
1.5243161571191863
1.5243161571191863
1.5243161571191863
1.5243161571191863
1.5243161571191863
1.5243161571191863
1.5243161571191863
1.5243161571191863
1.5243161571191863
1.5243161571191863
1.5243161571191863
1.5243161571191863
1.5243161571191863
1.5243161571191863
1.5243161571191863
1.5243161571191863
1.5243161571191863
1.5243161571191863
1.5243162387393152
1.5243162387393152
1.5243162387393152
1.5243162387393152
1.5243162999824897
1.5243163984710633
1.5243165356661448
1.5243166179831482
1.5243167044560193
1.5243167044560193
1.5243167205521915
1.5243168555320712
1.5243168979391672
1.5243170027409179
1.5243172272027234
1.5243172272027234
1.5243174754752624
1.524317589697453
1.524317629219747
1.524317629219747
1.5243177130188823
1.524317714673817
1.524317757526325
1.5243177641096106
1.5243177742236589
1.5243177754789143
1.5243177921962083
1.5243177921962083
1.5243177967650994
1.5243178009008103
1.5243178041661662
1.5243178061253795
1.5243178085754814
1.5243178099620254
1.524317813756486
1.5243178147247172
1.524317816017192
1.5243178171974672
1.5243178179056318
1.5243178186032218
1.52431781916525
1.5243178194419036
1.5243178198312424
1.5243178203215195
1.5243178203215195
1.5243178204778116
1.5243178207625738
1.524317820846285
1.5243178208991555
1.5243178210072126
1.5243178210601207
1.5243178211751076
1.5243178212722066
1.5243178213334811
1.524317821394428
1.5243178214564916
1.5243178214828408
1.5243178215195394
1.5243178215246698
1.5243178215363768
1.5243178215473967
1.524317821552249
1.5243178215602713
1.5243178215716922
1.5243178215721533
1.5243178215828463
1.5243178215843105
1.5243178215852804
1.5243178215874325
1.5243178215874325
1.5243178215874325
1.5243178215876925
1.5243178215876925
1.5243178215876925
1.5243178215876925
1.5243178215876925
1.5243178215881632
1.5243178215881632
1.5243178215881632
1.5243178215884148
1.5243178215884148
1.5243178215884148
1.5243178215885413
1.524317821588578
1.5243178215886564
1.5243178215886564
1.5243178215887183
1.5243178215887183
1.5243178215887268
1.5243178215888207
1.5243178215888207
1.5243178215888222
1.5243178215888518
1.5243178215888737
1.5243178215888948
1.5243178215889073
1.5243178215889073
1.524317821588915
1.5243178215889164
1.5243178215889233
1.5243178215889246
1.5243178215889306
1.524317821588933
1.524317821588933
1.524317821588933
1.5243178215889346
1.5243178215889346
1.5243178215889346
1.5243178215889346
1.5243178215889348
1.524317821588935
1.5243178215889353
1.5243178215889355
1.5243178215889357
1.5243178215889357
1.524317821588936
1.524317821588936
1.524317821588936
1.524317821588936
1.524317821588936
1.524317821588936
1.524317821588936
1.524317821588936
1.524317821588936
1.524317821588936
1.524317821588936
