2.3443252789523337
2.3443252789523337
2.3443252789523337
2.3443252789523337
2.3443252789523337
2.3443252789523337
2.3443252789523337
2.3443252789523337
2.3443252789523337
2.3443252789523337
2.3443252789523337
2.3443252789523337
2.3443252789523337
2.3443252789523337
2.3443252789523337
2.3443252789523337
2.3443252789523337
2.3443252789523337
2.3443252789523337
2.3443252789523337
2.3443252789523337
2.3443252789523337
2.3443252789523337
2.3443252789523337
2.3443252789523337
2.3443252789523337
2.3443252789523337
2.3443252789523337
2.3443252789523337
2.3443252789523337
2.3443252789523337
2.3443252789523337
2.3443252789523337
2.3443252789523337
2.3443252789523337
2.3443252789523337
2.3443252789523337
2.3443252789523337
2.3443252789523337
2.3443252789523337
2.3443252789523337
2.3443252789523337
2.3443252789523337
2.3443252789523337
2.3443252789523337
2.3443252789523337
2.3443252789523337
2.3443252789523337
2.3443252789523337
2.3443252789523337
2.3443252789523337
2.3443252789523337
2.3443252789523337
2.3443252789523337
2.3443252789523337
2.3443252789523337
2.3443252789523337
2.3443252789523337
2.3443252789523337
2.3443252789523337
2.3443252789523337
2.3443252789523337
2.3443253350589344
2.3443253350589344
2.3443253350589344
2.3443253350589344
2.3443254853927127
2.344325881378794
2.344325881378794
2.344325881378794
2.344326065216276
2.3443261986357413
2.344326338090399
2.344326520489862
2.3443267801146717
2.3443270577626087
2.3443273679378893
2.3443274752437886
2.344327861567184
2.3443282728910435
2.344328626718853
2.344328777186417
2.344329086135762
2.344329271505393
2.3443293827271794
2.3443294494602536
2.344329550527051
2.3443296636820707
2.3443297339453038
2.3443297761032444
2.3443298387720697
2.344329880644467
2.3443299003939737
2.3443299183025252
2.344329923419511
2.3443299311996357
2.344329936533038
2.3443299422109667
2.344329944196928
2.344329948917575
2.344329951749962
2.34432995349691
2.344329956197972
2.3443299570681555
2.3443299580741632
2.344329958650789
2.344329959107113
2.3443299593803073
2.3443299596646705
2.344329959892812
2.344329960032952
2.3443299601754672
2.344329960275653
2.3443299603710237
2.344329960456226
2.344329960520327
2.3443299605587877
2.3443299605818635
2.3443299605818635
2.34432996060614
2.344329960610433
2.3443299606137042
2.3443299606177335
2.3443299606219354
2.344329960629436
2.3443299606344508
2.3443299606357284
2.344329960639699
2.3443299606419767
2.3443299606430332
2.3443299606436616
2.344329960644358
2.344329960646009
2.344329960646291
2.3443299606468178
2.3443299606473804
2.3443299606473804
2.344329960647523
2.344329960647694
2.3443299606477255
2.3443299606478636
2.3443299606480474
2.344329960648089
2.344329960648089
2.3443299606481514
2.344329960648165
2.344329960648178
2.3443299606481856
2.3443299606482118
2.3443299606482193
2.3443299606482193
2.3443299606482313
2.3443299606482495
2.3443299606482495
2.3443299606482517
2.344329960648264
2.3443299606482673
2.3443299606482717
2.344329960648274
2.344329960648281
2.344329960648281
2.3443299606482815
2.344329960648285
2.3443299606482855
2.3443299606482872
2.3443299606482872
2.3443299606482872
2.344329960648288
2.344329960648288
2.3443299606482886
2.3443299606482886
2.3443299606482895
2.3443299606482895
2.34432996064829
2.3443299606482904
2.3443299606482904
2.3443299606482904
2.3443299606482904
2.3443299606482904
2.3443299606482904
2.3443299606482904
2.3443299606482904
2.3443299606482904
2.3443299606482904
2.3443299606482904
2.3443299606482904
2.3443299606482904
2.3443299606482904
2.3443299606482904
2.3443299606482904
2.3443299606482904
2.3443299606482904
2.3443299606482904
