1.5069942617786993
1.5069942617786993
1.5069942617786993
1.5069942617786993
1.5069942617786993
1.5069942617786993
1.5069942617786993
1.5069942617786993
1.5069942617786993
1.5069942617786993
1.5069942617786993
1.5069942617786993
1.5069942617786993
1.5069942617786993
1.5069942617786993
1.5069942617786993
1.5069942617786993
1.5069942617786993
1.5069942617786993
1.5069942617786993
1.5069942617786993
1.5069942617786993
1.5069942617786993
1.5069942617786993
1.5069942617786993
1.5069942617786993
1.5069942617786993
1.5069942617786993
1.5069942617786993
1.5069942617786993
1.5069942617786993
1.5069942617786993
1.5069942617786993
1.5069942617786993
1.5069942617786993
1.5069942617786993
1.5070363785373044
1.5070363785373044
1.5070363785373044
1.5070363785373044
1.5070363785373044
1.5070363785373044
1.5070363785373044
1.5070363785373044
1.5070363785373044
1.5070363785373044
1.5070363785373044
1.5070363785373044
1.5070363785373044
1.5070363785373044
1.5070363785373044
1.5070363785373044
1.5070363785373044
1.5070363785373044
1.5070363785373044
1.5070363785373044
1.5070363785373044
1.5070363785373044
1.507036920357183
1.507036920357183
1.507036920357183
1.507036920357183
1.5070377908081811
1.5070378828740851
1.5070385474768437
1.507038946238844
1.5070396117010025
1.507040199009556
1.5070406107181156
1.5070407804669812
1.5070409619575365
1.507041070851889
1.5070411430690998
1.5070412556894612
1.5070412909766888
1.5070413385712964
1.5070413968699938
1.5070414318492145
1.5070414684247833
1.5070414980340034
1.507041525104306
1.507041525104306
1.507041527572702
1.507041537625039
1.5070415492534779
1.5070415615275212
1.507041568891947
1.5070415803518635
1.5070415805479276
1.5070415937303285
1.5070416030914484
1.5070416030914484
1.5070416054345515
1.5070416077344262
1.5070416091143504
1.5070416096650538
1.5070416142324026
1.507041616972812
1.5070416186170574
1.5070416194956449
1.5070416212362976
1.507041623699877
1.5070416251780243
1.5070416260649129
1.5070416265970459
1.5070416270250568
1.507041627196514
1.5070416276649432
1.5070416282075563
1.5070416282353112
1.507041628539347
1.507041628564556
1.5070416286249049
1.5070416286526027
1.507041628674255
1.507041628732982
1.5070416287918764
1.5070416288443245
1.5070416288621906
1.507041628912444
1.50704162894591
1.5070416289608624
1.5070416289707904
1.5070416289944832
1.507041629017044
1.507041629030581
1.5070416290387028
1.5070416290464197
1.5070416290491613
1.5070416290576725
1.5070416290590587
1.50704162906197
1.5070416290639768
1.5070416290647177
1.5070416290647177
1.5070416290647177
1.5070416290655708
1.5070416290655708
1.5070416290656357
1.5070416290656357
1.5070416290657762
1.5070416290658963
1.5070416290660509
1.5070416290661124
1.5070416290661124
1.5070416290661846
1.5070416290661968
1.5070416290662194
1.507041629066236
1.5070416290662485
1.5070416290662565
1.507041629066287
1.507041629066326
1.5070416290663335
1.5070416290663498
1.5070416290663642
1.50704162906638
1.50704162906639
1.5070416290663955
1.5070416290663986
1.507041629066401
1.5070416290664086
1.5070416290664161
1.5070416290664206
1.507041629066423
1.5070416290664248
1.5070416290664277
1.5070416290664304
1.5070416290664321
1.5070416290664337
1.5070416290664355
1.5070416290664366
1.5070416290664375
1.5070416290664386
1.5070416290664397
1.5070416290664403
1.5070416290664408
1.507041629066441
1.5070416290664412
1.5070416290664412
1.5070416290664417
1.5070416290664417
1.5070416290664417
1.5070416290664417
1.5070416290664417
1.5070416290664417
1.5070416290664417
1.5070416290664417
1.5070416290664417
