8.278272370517978
8.278272370517978
8.278272370517978
8.278272370517978
8.278272370517978
8.278272370517978
8.278272370517978
8.278272370517978
8.278272370517978
8.278272370517978
8.278272370517978
8.278272370517978
8.278272370517978
8.278272370517978
8.278272370517978
8.278272370517978
8.278272370517978
8.278272370517978
8.278272370517978
8.278272370517978
8.278272370517978
8.278272370517978
8.278272370517978
8.278272370517978
8.278272370517978
8.278272370517978
8.278272370517978
8.278272370517978
8.278272370517978
8.278272370517978
8.278272370517978
8.278272370517978
8.278272370517978
8.278272370517978
8.278272370517978
8.278272370517978
8.278272370517978
8.278272370517978
8.278272370517978
8.278272370517978
8.278272370517978
8.278272370517978
8.278380905109385
8.278380905109385
8.278380905109385
8.278380905109385
8.278380905109385
8.278380905109385
8.2784051719161
8.2784051719161
8.2784051719161
8.27843905388134
8.27843905388134
8.27843905388134
8.278439374247327
8.278444925636986
8.278446247787736
8.27845088178078
8.278455456493187
8.27845586146283
8.278458656740263
8.278467926340117
8.278467926340117
8.278467926340117
8.278467926340117
8.27846835832658
8.278469178059805
8.27847118963571
8.278473971973138
8.278474039741788
8.278475286258903
8.278475998704174
8.27847604913516
8.278476733094298
8.278477089631137
8.278477478655034
8.27847774794584
8.278478104327514
8.278478370954517
8.278478575592775
8.27847870413269
8.278478841718378
8.278478960256356
8.278479041133837
8.27847908966033
8.278479118776222
8.27847915381917
8.27847920201589
8.278479235259885
8.278479255206278
8.27847927149617
8.278479287922103
8.278479300418898
8.278479308046157
8.278479312622512
8.278479318936652
8.278479324569105
8.278479328236465
8.278479330487482
8.278479332290113
8.278479334899446
8.278479336594907
8.27847933761218
8.278479338690762
8.27847934024283
8.278479341174075
8.278479341732819
8.278479342514132
8.278479343387783
8.27847934391197
8.27847934422648
8.278479344625278
8.278479344908037
8.278479345077693
8.278479345181232
8.278479345290155
8.278479345375045
8.278479345426083
8.27847934545671
8.278479345498893
8.278479345535594
8.278479345557615
8.278479345574569
8.27847934559624
8.27847934560935
8.278479345617216
8.278479345621937
8.27847934563047
8.278479345637049
8.278479345640996
8.278479345643364
8.278479345644786
8.278479345645637
8.27847934564713
8.278479345649435
8.27847934565082
8.278479345651863
8.27847934565355
8.278479345654562
8.278479345655168
8.278479345655825
8.278479345656407
8.278479345656757
8.278479345657056
8.278479345657427
8.278479345657646
8.278479345657777
8.278479345657857
8.278479345658027
8.27847934565814
8.278479345658205
8.278479345658246
8.27847934565827
8.278479345658303
8.278479345658335
8.278479345658353
8.278479345658361
8.278479345658369
8.278479345658383
8.278479345658393
8.2784793456584
8.278479345658406
8.278479345658411
8.278479345658416
8.278479345658418
8.278479345658422
8.278479345658425
8.278479345658429
8.278479345658429
8.278479345658429
8.278479345658429
8.278479345658429
8.278479345658429
8.278479345658429
8.278479345658429
8.278479345658429
8.278479345658429
8.278479345658429
8.278479345658429
8.278479345658429
8.278479345658429
8.278479345658429
8.278479345658429
8.278479345658429
8.278479345658429
8.278479345658429
8.278479345658429
8.278479345658429
8.278479345658429
8.278479345658429
8.278479345658429
8.278479345658429
