11.265821474592158
11.265821474592158
11.265821474592158
11.265821474592158
11.265821474592158
11.265821474592158
11.265821474592158
11.265821474592158
11.265821474592158
11.265821474592158
11.265821474592158
11.265821474592158
11.265821474592158
11.265821474592158
11.265821474592158
11.265821474592158
11.265821474592158
11.265821474592158
11.265821474592158
11.265821474592158
11.265821474592158
11.265821474592158
11.265821474592158
11.265821474592158
11.265821474592158
11.265821474592158
11.265821474592158
11.265821474592158
11.265821474592158
11.265821474592158
11.265821474592158
11.265821474592158
11.265821474592158
11.265821474592158
11.265821474592158
11.265821474592158
11.265821474592158
11.265821474592158
11.265821474592158
11.265821474592158
11.265821474592158
11.265821474592158
11.265821474592158
11.265821474592158
11.265821474592158
11.265821474592158
11.265821474592158
11.265821474592158
11.265821474592158
11.265821474592158
11.265821474592158
11.265821474592158
11.265821474592158
11.265821474592158
11.265821474592158
11.265821474592158
11.265821474592158
11.265822487260623
11.265842167717473
11.265842167717473
11.265842167717473
11.265850741401788
11.265852470558473
11.265852470558473
11.265853275297172
11.265855751547203
11.26586035500181
11.26586315016424
11.265864827261723
11.265866030950662
11.265868082315992
11.26586948884893
11.26587026350791
11.265870927043752
11.265871478347961
11.265871739192674
11.265872255005041
11.265872564492458
11.265872750184911
11.265873048684508
11.26587329570427
11.265873463073847
11.265873565747398
11.265873654141165
11.265873752258067
11.26587381337617
11.265873850047027
11.265873890256406
11.265873933377438
11.265873961644965
11.26587397860548
11.26587398878179
11.265873994965004
11.265874000454035
11.265874008058859
11.265874012754054
11.265874015571173
11.265874017261439
11.265874018987438
11.265874021532985
11.265874023198084
11.265874024197146
11.265874025128904
11.265874026197247
11.265874026838253
11.265874027222855
11.265874027453618
11.26587402767913
11.26587402785994
11.265874027996503
11.26587402807844
11.265874028147342
11.265874028237313
11.265874028293567
11.26587402832732
11.265874028347568
11.265874028359724
11.265874028377548
11.265874028397226
11.265874028409263
11.265874028416485
11.26587402842082
11.265874028432934
11.265874028444415
11.265874028451302
11.26587402845543
11.265874028457906
11.2658740284594
11.265874028461862
11.265874028465278
11.265874028467328
11.265874028468552
11.265874028469293
11.265874028469737
11.26587402847
11.265874028470696
11.265874028471588
11.265874028472115
11.265874028472442
11.26587402847263
11.265874028472748
11.265874028472817
11.265874028472854
11.265874028472911
11.265874028472973
11.265874028473014
11.26587402847304
11.265874028473057
11.265874028473077
11.26587402847309
11.2658740284731
11.265874028473107
11.265874028473116
11.265874028473124
11.265874028473128
11.26587402847313
11.265874028473132
11.265874028473133
11.265874028473137
11.265874028473137
11.265874028473139
11.265874028473139
11.265874028473139
11.265874028473142
11.265874028473142
11.265874028473142
11.265874028473142
11.265874028473142
11.265874028473142
11.265874028473142
11.265874028473142
11.265874028473142
11.265874028473142
11.265874028473142
11.265874028473142
11.265874028473142
11.265874028473142
11.265874028473142
11.265874028473142
11.265874028473142
11.265874028473142
11.265874028473142
11.265874028473142
11.265874028473142
11.265874028473142
11.265874028473142
11.265874028473142
11.265874028473142
11.265874028473142
11.265874028473142
11.265874028473142
