1.5234717387083663
1.5234717387083663
1.5234717387083663
1.5234717387083663
1.5234717387083663
1.5234717387083663
1.5234717387083663
1.5234717387083663
1.5234717387083663
1.5234717387083663
1.5234717387083663
1.5234717387083663
1.5234717387083663
1.5234717387083663
1.5234717387083663
1.5234717387083663
1.5234717387083663
1.5234717387083663
1.5234717387083663
1.5234717387083663
1.5234717387083663
1.5234717387083663
1.5234717387083663
1.5234717387083663
1.5234717387083663
1.5234717387083663
1.5234717387083663
1.5234717387083663
1.5234717387083663
1.5234717387083663
1.5234717387083663
1.5234717387083663
1.5234717387083663
1.5234717387083663
1.5234717387083663
1.5234717387083663
1.5234717387083663
1.5234717387083663
1.5234717387083663
1.5234717387083663
1.5234717387083663
1.5234717387083663
1.5234717387083663
1.5234717387083663
1.5235587271382118
1.5235587271382118
1.5235587271382118
1.5235587271382118
1.5235587271382118
1.5235587271382118
1.5235587271382118
1.5235587271382118
1.523568865002691
1.523568865002691
1.523568865002691
1.523568865002691
1.523568865002691
1.5235787178186757
1.5235872278049496
1.5235923338157824
1.5235953974291465
1.5235981061873614
1.5236004103457992
1.5236006310679728
1.523603484273604
1.5236042457680556
1.5236043719052965
1.523604944988637
1.523605396875087
1.523605769906883
1.523606037999667
1.5236062226512066
1.523606378998736
1.5236066365625047
1.5236066460480482
1.52360673312527
1.523606861833128
1.5236069591598762
1.5236070215868418
1.523607054154555
1.5236070747705266
1.523607087140112
1.5236071098165438
1.5236071098165438
1.5236071098165438
1.5236071098165438
1.5236071118897534
1.5236071138693712
1.5236071187933387
1.5236071196541503
1.5236071196541503
1.5236071199228094
1.5236071199228094
1.5236071199228094
1.5236071201036885
1.5236071201036885
1.5236071204408344
1.5236071204408344
1.5236071204408344
1.5236071204408344
1.5236071205273327
1.5236071205273327
1.5236071205273327
1.5236071205273327
1.5236071206405049
1.5236071206530903
1.5236071206530903
1.5236071206530903
1.523607120679675
1.5236071206879136
1.5236071206986606
1.5236071206986606
1.523607120713652
1.5236071207194752
1.5236071207265267
1.5236071207283066
1.5236071207344652
1.5236071207368613
1.5236071207373256
1.5236071207380004
1.5236071207385276
1.523607120742199
1.5236071207445543
1.5236071207463673
1.5236071207469932
1.523607120747062
1.523607120747577
1.5236071207480006
1.5236071207483368
1.5236071207485777
1.5236071207488786
1.5236071207492998
1.5236071207497677
1.523607120750074
1.5236071207502555
1.523607120750366
1.5236071207504307
1.523607120750587
1.5236071207508004
1.5236071207509287
1.523607120751005
1.5236071207510515
1.5236071207510955
1.5236071207511674
1.5236071207512119
1.5236071207512358
1.523607120751254
1.5236071207512676
1.5236071207512807
1.5236071207512898
1.5236071207512956
1.523607120751301
1.5236071207513042
1.5236071207513064
1.5236071207513089
1.523607120751311
1.5236071207513122
1.5236071207513122
1.5236071207513135
1.5236071207513135
1.5236071207513147
1.5236071207513147
1.5236071207513147
1.5236071207513147
1.5236071207513147
1.5236071207513147
1.5236071207513147
1.5236071207513147
1.5236071207513147
1.5236071207513147
1.5236071207513147
1.5236071207513147
1.5236071207513147
1.5236071207513147
1.5236071207513147
1.5236071207513147
1.5236071207513147
1.5236071207513147
1.5236071207513147
1.5236071207513147
1.5236071207513147
1.5236071207513147
