7.916826414405875
7.916826414405875
7.916826414405875
7.916826414405875
7.916826414405875
7.916826414405875
7.916826414405875
7.916826414405875
7.916826414405875
7.916826414405875
7.916826414405875
7.916826414405875
7.916826414405875
7.916826414405875
7.916826414405875
7.916826414405875
7.916826414405875
7.916826414405875
7.916826414405875
7.916826414405875
7.916826414405875
7.916826414405875
7.916826414405875
7.916826414405875
7.916826414405875
7.916826414405875
7.916826414405875
7.916826414405875
7.916826414405875
7.916826414405875
7.916826414405875
7.916826414405875
7.916826414405875
7.916826414405875
7.916826414405875
7.916826414405875
7.916826414405875
7.916826414405875
7.916826414405875
7.916826414405875
7.916826414405875
7.916826414405875
7.916826414405875
7.916826414405875
7.916826414405875
7.916826414405875
7.916826414405875
7.916826414405875
7.916958277386881
7.916958277386881
7.916958277386881
7.916958277386881
7.917039949970435
7.917039949970435
7.917039949970435
7.917042476345726
7.917076156348198
7.917076156348198
7.9170900295895885
7.917102749346025
7.917110898069935
7.917115880775808
7.917121088732931
7.9171349962331545
7.9171428980259275
7.91714763910292
7.917152446479706
7.917159333992681
7.9171637097219
7.917166536838841
7.917168699740295
7.9171715055995175
7.917173285154339
7.917174352887286
7.917175029991332
7.917175963715908
7.9171770102821455
7.917177632185739
7.91717799713459
7.917178233271329
7.917178601348678
7.917178972507617
7.917179195202985
7.917179328820205
7.917179409262631
7.917179534054636
7.917179689139931
7.917179783462828
7.917179840056566
7.917179874012807
7.917179895211338
7.91717993486726
7.917179964168646
7.917179981749478
7.917179992297978
7.917179998627075
7.917180002424536
7.917180004703014
7.917180006070097
7.91718001232389
7.917180025342855
7.917180033154232
7.91718003784106
7.917180040653157
7.917180042340411
7.917180043356312
7.917180046692599
7.91718004886727
7.917180050172071
7.917180050954952
7.917180052097721
7.917180052932858
7.917180053433939
7.917180053734934
7.9171800541802515
7.917180054492835
7.917180054680385
7.917180054792917
7.917180055000249
7.917180055189546
7.917180055303129
7.917180055391271
7.9171800555161465
7.917180055591078
7.917180055636032
7.917180055675815
7.91718005572113
7.91718005574832
7.917180055764633
7.91718005577442
7.917180055782337
7.917180055800905
7.917180055812045
7.917180055818731
7.91718005582274
7.917180055828926
7.91718005583441
7.9171800558377
7.917180055839674
7.917180055843132
7.91718005584616
7.917180055847977
7.917180055849067
7.91718005585024
7.917180055851886
7.917180055852874
7.917180055853466
7.917180055853821
7.917180055854904
7.91718005585564
7.917180055856084
7.917180055856351
7.917180055856614
7.917180055856908
7.917180055857085
7.917180055857192
7.917180055857258
7.917180055857295
7.917180055857334
7.917180055857377
7.917180055857402
7.917180055857417
7.917180055857434
7.917180055857448
7.917180055857457
7.917180055857461
7.9171800558574645
7.9171800558574725
7.917180055857477
7.917180055857479
7.917180055857479
7.917180055857482
7.917180055857484
7.917180055857484
7.917180055857484
7.917180055857484
7.917180055857485
7.917180055857485
7.917180055857485
7.917180055857485
7.9171800558574885
7.9171800558574885
7.9171800558574885
7.9171800558574885
7.9171800558574885
7.9171800558574885
7.9171800558574885
7.9171800558574885
7.9171800558574885
7.9171800558574885
7.9171800558574885
7.9171800558574885
7.9171800558574885
7.9171800558574885
7.9171800558574885
7.9171800558574885
7.9171800558574885
7.9171800558574885
7.9171800558574885
7.9171800558574885
