3.027065661679459
3.027065661679459
3.027065661679459
3.027065661679459
3.027065661679459
3.027065661679459
3.027065661679459
3.027065661679459
3.027065661679459
3.027065661679459
3.027065661679459
3.027065661679459
3.027065661679459
3.027065661679459
3.027065661679459
3.027065661679459
3.027065661679459
3.027065661679459
3.027065661679459
3.027065661679459
3.027065661679459
3.027065661679459
3.027065661679459
3.027065661679459
3.027065661679459
3.027065661679459
3.027065661679459
3.027065661679459
3.027065661679459
3.027065661679459
3.027065661679459
3.027065661679459
3.027065661679459
3.027065661679459
3.027065661679459
3.027065661679459
3.027065661679459
3.027065661679459
3.027065661679459
3.027065661679459
3.027065661679459
3.027065661679459
3.027065661679459
3.027065661679459
3.027065661679459
3.027065661679459
3.027065661679459
3.027065661679459
3.027065661679459
3.027065661679459
3.027065661679459
3.027065661679459
3.0270673484163453
3.0270673484163453
3.0270673484163453
3.0270673484163453
3.0270693835551694
3.0270755737183497
3.0270790327204935
3.027082601300365
3.027082601300365
3.027086747603702
3.0270886872670495
3.027089263889206
3.027090145488931
3.0270905522086258
3.027090876781559
3.027091120940202
3.0270914167160177
3.0270914810982714
3.0270915123061806
3.02709182636034
3.027092024951037
3.0270921441054615
3.0270925020486277
3.0270926336556325
3.0270926803390816
3.0270927869880917
3.0270928414837015
3.027092913122746
3.0270929308385854
3.027092970148477
3.0270930094865607
3.0270930346328946
3.027093045208158
3.027093057961613
3.0270930622415806
3.027093067470391
3.0270930706076777
3.0270930724900484
3.027093074348562
3.0270930756593555
3.02709307637966
3.0270930770442055
3.0270930796104163
3.0270930804806424
3.027093082126801
3.027093082863351
3.027093083400828
3.027093083832571
3.0270930841006174
3.0270930844030124
3.027093084454086
3.027093084577695
3.027093084689072
3.027093084755899
3.027093084795998
3.02709308482693
3.027093084870198
3.027093084894325
3.0270930849165256
3.027093084932576
3.0270930849478948
3.0270930849608684
3.0270930849652835
3.027093084969888
3.027093084972853
3.0270930849756548
3.027093084976508
3.0270930849780058
3.0270930849800153
3.0270930849842217
3.027093084988829
3.02709308498939
3.0270930849899647
3.0270930849899647
3.027093084991044
3.027093084991044
3.027093084991044
3.027093084991044
3.0270930849911344
3.0270930849911344
3.0270930849911344
3.0270930849911344
3.0270930849911344
3.0270930849911344
3.0270930849911344
3.0270930849911344
3.0270930849911344
3.0270930849911344
3.027093084991165
3.027093084991165
3.027093084991165
3.027093084991165
3.0270930849911677
3.0270930849911677
3.0270930849911677
3.0270930849911677
3.0270930849911677
3.027093084991184
3.027093084991184
3.027093084991189
3.027093084991189
3.0270930849911917
3.0270930849911935
3.027093084991194
3.027093084991194
3.027093084991199
3.0270930849911997
3.0270930849911997
3.0270930849912023
3.0270930849912023
3.0270930849912028
3.027093084991203
3.027093084991203
3.0270930849912037
3.027093084991204
3.0270930849912046
3.0270930849912046
3.0270930849912054
3.0270930849912054
3.0270930849912054
3.0270930849912063
3.0270930849912063
3.0270930849912063
3.0270930849912063
3.0270930849912063
3.0270930849912063
3.0270930849912063
3.0270930849912063
3.0270930849912063
3.0270930849912063
3.0270930849912063
3.0270930849912063
3.0270930849912063
