5.255059845205074
5.255059845205074
5.255059845205074
5.255059845205074
5.255059845205074
5.255059845205074
5.255059845205074
5.255059845205074
5.255059845205074
5.255059845205074
5.255059845205074
5.255059845205074
5.255059845205074
5.255059845205074
5.255059845205074
5.255059845205074
5.255059845205074
5.255059845205074
5.255059845205074
5.255059845205074
5.255059845205074
5.255059845205074
5.255059845205074
5.255059845205074
5.255059845205074
5.255059845205074
5.255059845205074
5.255059845205074
5.255059845205074
5.255059845205074
5.255059845205074
5.255059845205074
5.255059845205074
5.255059845205074
5.255059845205074
5.255059845205074
5.255059845205074
5.255059845205074
5.255059845205074
5.255059845205074
5.255059845205074
5.255059845205074
5.255059845205074
5.255059845205074
5.255059845205074
5.255059845205074
5.255059845205074
5.255059845205074
5.255059845205074
5.255059845205074
5.255059845205074
5.255059845205074
5.255072622916944
5.255072622916944
5.255072622916944
5.2550861593890525
5.2550861593890525
5.255096149453714
5.255104186027154
5.255109007973037
5.25511262664902
5.255113670218638
5.25511473166518
5.255117442416571
5.25512231514591
5.255127076794225
5.255128425298341
5.255129795068536
5.255130850329675
5.255132887202848
5.2551346366912135
5.255135723838331
5.255136376126634
5.255136767499629
5.2551370882719235
5.255137688401866
5.255138021108636
5.255138247037136
5.255138381791949
5.255138470153729
5.255138572426923
5.255138648950682
5.255138710177695
5.255138746913903
5.255138777647131
5.255138824933644
5.255138861372899
5.2551388820408915
5.2551388983105305
5.2551389042917585
5.255138930779377
5.255138935467201
5.25513893913142
5.255138944200749
5.255138949546211
5.255138953261542
5.255138956341165
5.2551389572386915
5.255138958352472
5.255138961824614
5.255138963907899
5.255138965157871
5.255138965907853
5.255138966357842
5.2551389667602475
5.255138967314208
5.255138967687755
5.255138967884316
5.25513896810977
5.2551389682961505
5.255138968407979
5.255138968499872
5.2551389685933545
5.255138968649192
5.25513896868659
5.255138968723446
5.255138968744229
5.255138968744229
5.255138968760986
5.255138968765233
5.255138968771123
5.255138968778397
5.255138968783699
5.2551389687868815
5.25513896878879
5.255138968793253
5.255138968793253
5.255138968793253
5.255138968793744
5.255138968794495
5.255138968794495
5.255138968794495
5.255138968794495
5.255138968794737
5.255138968794737
5.255138968794737
5.255138968794954
5.255138968794954
5.255138968795064
5.255138968795153
5.255138968795205
5.25513896879532
5.255138968795417
5.255138968795479
5.255138968795538
5.255138968795612
5.255138968795663
5.255138968795695
5.2551389687957535
5.255138968795792
5.255138968795816
5.255138968795832
5.255138968795839
5.255138968795845
5.2551389687958485
5.255138968795861
5.255138968795873
5.255138968795881
5.255138968795885
5.255138968795894
5.255138968795904
5.255138968795911
5.255138968795914
5.255138968795919
5.255138968795923
5.255138968795925
5.255138968795928
5.25513896879593
5.255138968795932
5.255138968795933
5.255138968795933
5.255138968795934
5.255138968795935
5.255138968795935
5.255138968795935
5.255138968795935
5.255138968795935
5.255138968795935
5.255138968795935
5.255138968795935
5.255138968795935
5.255138968795935
5.255138968795935
5.255138968795935
5.255138968795935
5.255138968795935
5.255138968795935
5.255138968795935
5.255138968795935
5.255138968795935
