3.2425416950376307
3.2425416950376307
3.2425416950376307
3.2425416950376307
3.2425416950376307
3.2425416950376307
3.2425416950376307
3.2425416950376307
3.2425416950376307
3.2425416950376307
3.2425416950376307
3.2425416950376307
3.2425416950376307
3.2425416950376307
3.2425416950376307
3.2425416950376307
3.2425416950376307
3.2425416950376307
3.2425416950376307
3.2425416950376307
3.2425416950376307
3.2425416950376307
3.2425416950376307
3.2425416950376307
3.2425416950376307
3.2425416950376307
3.2425416950376307
3.2425416950376307
3.2425416950376307
3.2425416950376307
3.2425416950376307
3.2425416950376307
3.2425416950376307
3.2425416950376307
3.2425416950376307
3.2425416950376307
3.2425416950376307
3.2425416950376307
3.2425416950376307
3.2425416950376307
3.2425416950376307
3.2425416950376307
3.2425416950376307
3.2425416950376307
3.2425416950376307
3.2425416950376307
3.2425416950376307
3.2425416950376307
3.2425416950376307
3.2425416950376307
3.2425416950376307
3.242542453953321
3.242542453953321
3.242542453953321
3.242542453953321
3.242542453953321
3.242542453953321
3.242542453953321
3.242542453953321
3.242542453953321
3.242545240993974
3.242545240993974
3.242546090599403
3.2425491949447807
3.2425491949447807
3.242551367179156
3.2425540803329644
3.2425557642796563
3.242557752194291
3.242560088884067
3.2425619331454456
3.2425627516007016
3.2425635151474523
3.2425641078475738
3.242564303497694
3.2425646610632435
3.2425651744396036
3.242565393663118
3.242565525197231
3.2425656741685023
3.242565879434524
3.2425660202444813
3.2425661047304577
3.2425661554220446
3.242566189616898
3.2425662279619063
3.242566274583873
3.2425662921514617
3.2425663026920155
3.24256631405009
3.2425663305046717
3.242566343749736
3.2425663538019096
3.242566360940979
3.2425663687606465
3.242566374306774
3.242566377634451
3.2425663801817834
3.2425663817525585
3.2425663829330515
3.242566385061691
3.242566386553392
3.242566387448413
3.2425663885492426
3.2425663896242902
3.242566390269659
3.2425663906568802
3.242566390889213
3.242566391099821
3.242566391467588
3.2425663916882486
3.2425663918206453
3.242566391900083
3.24256639198081
3.242566392048858
3.2425663920923427
3.242566392118434
3.242566392134089
3.2425663921519092
3.2425663921703105
3.2425663921813515
3.2425663921880115
3.2425663921947656
3.2425663921999086
3.242566392203565
3.242566392205758
3.2425663922070744
3.2425663922081327
3.2425663922093566
3.2425663922103585
3.24256639221096
3.2425663922113217
3.242566392211538
3.2425663922119803
3.2425663922124905
3.242566392212796
3.2425663922130408
3.2425663922133583
3.242566392213548
3.242566392213663
3.242566392213734
3.2425663922138313
3.2425663922139
3.2425663922139405
3.2425663922139654
3.24256639221398
3.242566392214
3.2425663922140293
3.2425663922140466
3.242566392214059
3.2425663922140773
3.2425663922140884
3.2425663922140955
3.2425663922141026
3.2425663922141106
3.2425663922141146
3.242566392214118
3.2425663922141212
3.242566392214125
3.242566392214126
3.2425663922141275
3.2425663922141283
3.2425663922141292
3.2425663922141297
3.24256639221413
3.242566392214131
3.2425663922141315
3.2425663922141315
3.2425663922141315
3.242566392214132
3.242566392214132
3.242566392214132
3.242566392214132
3.242566392214132
3.242566392214132
3.242566392214132
3.242566392214132
3.242566392214132
3.242566392214132
3.242566392214132
3.242566392214132
3.242566392214132
3.242566392214132
3.242566392214132
3.242566392214132
3.242566392214132
3.242566392214132
3.242566392214132
3.242566392214132
3.242566392214132
3.242566392214132
3.242566392214132
