6.726088417907115
6.726088417907115
6.726088417907115
6.726088417907115
6.726088417907115
6.726088417907115
6.726088417907115
6.726088417907115
6.726088417907115
6.726088417907115
6.726088417907115
6.726088417907115
6.726088417907115
6.726088417907115
6.726088417907115
6.726088417907115
6.726088417907115
6.726088417907115
6.726088417907115
6.726088417907115
6.726088417907115
6.726088417907115
6.726088417907115
6.726088417907115
6.726088417907115
6.726088417907115
6.726088417907115
6.726088417907115
6.726088417907115
6.726088417907115
6.726088417907115
6.726088417907115
6.726088417907115
6.726088417907115
6.726088417907115
6.726088417907115
6.726088417907115
6.726088417907115
6.726088417907115
6.726088417907115
6.726088417907115
6.726088417907115
6.726088417907115
6.726088417907115
6.726088417907115
6.726088417907115
6.726088417907115
6.726088417907115
6.726088417907115
6.726108821179613
6.726108821179613
6.726108821179613
6.726108821179613
6.72611904633269
6.726147187381812
6.726160921335837
6.726176216074179
6.726186545957307
6.72619930006531
6.72621302835429
6.726221501541408
6.726226585455703
6.7262288592497
6.7262350227215
6.726239122812794
6.726242078382131
6.726244785442921
6.726246409679564
6.72624836734527
6.726250237869719
6.726251360184495
6.726252033573395
6.72625271230511
6.726253724391452
6.726254430854671
6.726254854732618
6.726255109059394
6.726255275881625
6.72625601787929
6.726256496786533
6.7262567841308885
6.726256991479055
6.72625727838488
6.726257450528379
6.726257553814478
6.726257615786142
6.726257654122525
6.726257706427573
6.726257749784882
6.726257775799264
6.726257791407897
6.726257804530148
6.726257826574428
6.726257839800998
6.726257847736936
6.726257852499916
6.726257857890627
6.726257862859875
6.726257865841423
6.726257868456457
6.726257871603736
6.726257873492103
6.7262578746251265
6.726257875338585
6.726257876502731
6.726257877210728
6.726257877635528
6.726257877890408
6.726257878043337
6.726257878550889
6.726257878870316
6.7262578790619685
6.726257879176962
6.72625787924783
6.726257879452881
6.726257879575912
6.7262578796497285
6.7262578796971875
6.726257879813066
6.726257879882595
6.726257879924311
6.7262578799493395
6.7262578799643595
6.726257879981507
6.726257880017748
6.726257880039492
6.726257880052537
6.726257880067566
6.726257880080863
6.726257880088841
6.726257880093626
6.7262578800978545
6.726257880101359
6.726257880103464
6.726257880104725
6.726257880105881
6.726257880106928
6.726257880107556
6.726257880107934
6.726257880108158
6.726257880108293
6.726257880108605
6.726257880108869
6.7262578801090305
6.7262578801091255
6.726257880109258
6.726257880109346
6.726257880109399
6.726257880109432
6.726257880109486
6.72625788010952
6.726257880109541
6.726257880109559
6.726257880109584
6.7262578801096025
6.726257880109611
6.72625788010962
6.726257880109628
6.726257880109635
6.7262578801096415
6.726257880109644
6.726257880109645
6.726257880109649
6.7262578801096495
6.726257880109651
6.726257880109653
6.726257880109653
6.726257880109654
6.726257880109654
6.726257880109654
6.726257880109656
6.726257880109658
6.726257880109658
6.726257880109658
6.726257880109658
6.726257880109658
6.726257880109658
6.726257880109658
6.726257880109658
6.726257880109658
6.726257880109658
6.726257880109658
6.726257880109658
6.726257880109658
6.726257880109658
6.726257880109658
6.726257880109658
6.726257880109658
6.726257880109658
6.726257880109658
6.726257880109658
6.726257880109658
6.726257880109658
