3.1699390696093963
3.1699390696093963
3.1699390696093963
3.1699390696093963
3.1699390696093963
3.1699390696093963
3.1699390696093963
3.1699390696093963
3.1699390696093963
3.1699390696093963
3.1699390696093963
3.1699390696093963
3.1699390696093963
3.1699390696093963
3.1699390696093963
3.1699390696093963
3.1699390696093963
3.1699390696093963
3.1699390696093963
3.1699390696093963
3.1699390696093963
3.1699390696093963
3.1699390696093963
3.1699390696093963
3.1699390696093963
3.1699390696093963
3.1699390696093963
3.1699390696093963
3.1699390696093963
3.1699390696093963
3.1699390696093963
3.1699390696093963
3.1699390696093963
3.1699390696093963
3.1699390696093963
3.1699390696093963
3.1699390696093963
3.1699390696093963
3.1699390696093963
3.1699390696093963
3.1699390696093963
3.1699390696093963
3.1699390696093963
3.1699390696093963
3.1699390696093963
3.1699390696093963
3.1699390696093963
3.1699390696093963
3.1699390696093963
3.1699390696093963
3.1699390696093963
3.1699390696093963
3.1699390696093963
3.1699390696093963
3.1699417614791416
3.1699417614791416
3.1699417614791416
3.1699417614791416
3.1699417614791416
3.1699423423063986
3.169943925799512
3.169943925799512
3.1699445190948925
3.169945171435576
3.169945855924673
3.169946255922099
3.1699474865509547
3.1699481947404755
3.1699483944394884
3.169949102768583
3.1699494776574384
3.1699499485401366
3.169949999304277
3.1699501304377646
3.169950323209732
3.1699504982833147
3.169950582093783
3.1699505930984384
3.1699506929527796
3.169950743622362
3.169950762860552
3.169950762860552
3.1699507832227094
3.1699507936182116
3.1699507936182116
3.1699508081628243
3.169950812335661
3.169950818088267
3.1699508186111056
3.169950820189413
3.1699508236648453
3.169950828514804
3.169950831607165
3.1699508348322816
3.169950838559011
3.16995084205941
3.1699508441596485
3.1699508458151193
3.1699508481883965
3.169950849635387
3.16995085050358
3.169950851395666
3.16995085244443
3.169950853076698
3.1699508534560588
3.1699508534560588
3.1699508536439125
3.169950853704913
3.169950853704913
3.169950853743373
3.169950853743373
3.169950853743373
3.1699508537536163
3.1699508537628733
3.169950853786104
3.169950853805185
3.1699508538192074
3.169950853830795
3.169950853837749
3.1699508538432464
3.1699508538496013
3.1699508538543215
3.1699508538600694
3.1699508538609673
3.1699508538672134
3.1699508538710632
3.169950853873373
3.169950853875707
3.1699508538776877
3.1699508538794308
3.169950853879743
3.1699508538805636
3.169950853881352
3.1699508538818177
3.169950853882098
3.1699508538824768
3.1699508538828245
3.1699508538829164
3.1699508538830714
3.1699508538830714
3.1699508538831336
3.169950853883146
3.169950853883146
3.169950853883149
3.169950853883158
3.1699508538831633
3.169950853883176
3.1699508538831864
3.169950853883188
3.169950853883188
3.1699508538831975
3.1699508538831984
3.1699508538832
3.169950853883204
3.169950853883207
3.1699508538832095
3.169950853883212
3.1699508538832144
3.169950853883217
3.1699508538832175
3.1699508538832197
3.169950853883221
3.1699508538832215
3.169950853883222
3.1699508538832233
3.169950853883224
3.1699508538832246
3.1699508538832246
3.169950853883226
3.169950853883226
3.169950853883226
3.169950853883226
3.169950853883226
3.169950853883226
3.169950853883226
3.169950853883226
3.169950853883226
3.169950853883226
3.169950853883226
3.169950853883226
3.169950853883226
3.169950853883226
3.169950853883226
3.169950853883226
3.169950853883226
