3.76169154653626
3.76169154653626
3.76169154653626
3.76169154653626
3.76169154653626
3.76169154653626
3.76169154653626
3.76169154653626
3.76169154653626
3.76169154653626
3.76169154653626
3.76169154653626
3.76169154653626
3.76169154653626
3.76169154653626
3.76169154653626
3.76169154653626
3.76169154653626
3.76169154653626
3.76169154653626
3.76169154653626
3.76169154653626
3.76169154653626
3.76169154653626
3.76169154653626
3.76169154653626
3.76169154653626
3.76169154653626
3.76169154653626
3.76169154653626
3.76169154653626
3.76169154653626
3.76169154653626
3.76169154653626
3.76169154653626
3.76169154653626
3.76169154653626
3.76169154653626
3.76169154653626
3.76169154653626
3.76169154653626
3.76169154653626
3.76169154653626
3.76169154653626
3.76169154653626
3.76169154653626
3.76169154653626
3.76169154653626
3.76169154653626
3.76169154653626
3.76169154653626
3.76169154653626
3.7616929409107214
3.7616929409107214
3.7616929409107214
3.7616929409107214
3.7616946532192834
3.761696018819042
3.761696018819042
3.761696018819042
3.761696737916662
3.761699176802468
3.761699176802468
3.7617027545132413
3.761707982584401
3.7617095708018304
3.7617123167281363
3.7617147669806594
3.761716237133154
3.7617171192250045
3.761718636553023
3.761719526128766
3.7617203543840936
3.7617206081378
3.761721208819346
3.7617216908804916
3.761721980117222
3.7617224160771836
3.761722416480586
3.7617225453807825
3.761722838647709
3.7617229812328468
3.7617231132508184
3.7617231924616044
3.761723241609767
3.761723380931879
3.76172346452515
3.761723514681114
3.761723569567111
3.761723712096395
3.761723805149373
3.7617238888257725
3.7617238888257725
3.7617239540347214
3.7617239812327807
3.761723990350737
3.761723990350737
3.761723990350737
3.7617239935814037
3.7617239995508456
3.7617240051564176
3.761724014406194
3.7617240203623017
3.7617240256748317
3.7617240288623512
3.7617240307748627
3.761724032124418
3.7617240332573405
3.7617240341133806
3.761724034627004
3.7617240349351784
3.7617240357111985
3.761724036564363
3.761724037076263
3.7617240373834013
3.7617240375676837
3.761724037678255
3.761724037911995
3.761724038232605
3.7617240384249713
3.7617240385403914
3.7617240386096436
3.761724038774222
3.761724038891316
3.761724038961571
3.761724039037114
3.7617240391246027
3.7617240391770954
3.761724039209407
3.761724039258895
3.761724039288702
3.761724039306588
3.7617240393229947
3.7617240393416256
3.7617240393528046
3.76172403935951
3.7617240393635347
3.761724039365949
3.7617240393673983
3.761724039368679
3.7617240393722553
3.7617240393744003
3.7617240393756877
3.761724039376754
3.761724039377932
3.7617240393786378
3.7617240393790614
3.761724039379315
3.7617240393796973
3.7617240393799505
3.7617240393801
3.7617240393801903
3.7617240393803097
3.7617240393804185
3.7617240393804834
3.7617240393805234
3.7617240393805904
3.7617240393806566
3.7617240393806965
3.7617240393807205
3.7617240393807343
3.7617240393807507
3.7617240393807676
3.7617240393807774
3.761724039380783
3.761724039380786
3.761724039380788
3.7617240393807907
3.761724039380795
3.761724039380797
3.761724039380799
3.761724039380799
3.761724039380801
3.761724039380802
3.761724039380802
3.7617240393808022
3.7617240393808022
3.7617240393808022
3.7617240393808036
3.7617240393808036
3.7617240393808036
3.7617240393808036
3.7617240393808036
3.7617240393808036
3.7617240393808036
3.7617240393808036
3.7617240393808036
3.7617240393808036
3.7617240393808036
3.7617240393808036
3.7617240393808036
3.7617240393808036
3.7617240393808036
3.7617240393808036
