4.799051562811591
4.799051562811591
4.799051562811591
4.799051562811591
4.799051562811591
4.799051562811591
4.799051562811591
4.799051562811591
4.799051562811591
4.799051562811591
4.799051562811591
4.799051562811591
4.799051562811591
4.799051562811591
4.799051562811591
4.799051562811591
4.799051562811591
4.799051562811591
4.799051562811591
4.799051562811591
4.799051562811591
4.799051562811591
4.799051562811591
4.799051562811591
4.799051562811591
4.799051562811591
4.799051562811591
4.799051562811591
4.799051562811591
4.799051562811591
4.799051562811591
4.799051562811591
4.799051562811591
4.799051562811591
4.799051562811591
4.799051562811591
4.799051562811591
4.799051562811591
4.799051562811591
4.799051562811591
4.799051562811591
4.799051562811591
4.799051562811591
4.799051562811591
4.799051562811591
4.799051562811591
4.799051562811591
4.799051562811591
4.799051562811591
4.799051562811591
4.799051562811591
4.799051562811591
4.799051562811591
4.799051562811591
4.799051562811591
4.799051562811591
4.799051562811591
4.799051562811591
4.799051562811591
4.799051562811591
4.799051562811591
4.799051562811591
4.799052797853669
4.799052797853669
4.799052797853669
4.799052797853669
4.799052797853669
4.799052797853669
4.799052797853669
4.799052797853669
4.799052951578802
4.799053349766789
4.799053349766789
4.799053349766789
4.799053349766789
4.799053349766789
4.799053714081493
4.799053800765051
4.799054348921886
4.799056094085933
4.799056094085933
4.799056867093689
4.799057763925398
4.799058330680204
4.799058688793502
4.799059009278693
4.799059555222385
4.799059831177375
4.799059996750373
4.799060119331178
4.799060329772353
4.799060481505722
4.799060576664036
4.799060610790378
4.799060650291982
4.799060720976284
4.799060838703672
4.799060909340105
4.799060951721967
4.799061021959124
4.799061066884912
4.799061093840384
4.799061110013667
4.799061119717637
4.799061129650842
4.799061145208425
4.799061155049094
4.799061160953495
4.799061165487653
4.799061173549291
4.799061178443559
4.799061181070525
4.7990611830744925
4.799061184605391
4.7990611862445895
4.799061186868798
4.799061187243324
4.799061187468039
4.79906118786308
4.799061188259622
4.799061188585286
4.79906118879781
4.799061188925854
4.799061189009022
4.799061189186096
4.799061189221242
4.799061189304291
4.799061189373891
4.799061189404416
4.799061189431416
4.799061189456523
4.7990611895014945
4.799061189528478
4.799061189528478
4.799061189530865
4.7990611895519555
4.7990611895519555
4.799061189553511
4.799061189558272
4.799061189562933
4.799061189565731
4.799061189567188
4.799061189569247
4.7990611895716455
4.799061189571886
4.799061189572726
4.799061189573614
4.799061189574197
4.799061189574547
4.799061189574758
4.799061189574914
4.799061189575212
4.799061189575472
4.799061189575628
4.799061189575721
4.79906118957586
4.799061189576021
4.799061189576118
4.799061189576176
4.799061189576211
4.799061189576243
4.79906118957634
4.7990611895764
4.7990611895764355
4.799061189576456
4.799061189576469
4.799061189576477
4.799061189576487
4.799061189576514
4.799061189576529
4.7990611895765385
4.799061189576546
4.799061189576554
4.799061189576558
4.799061189576562
4.7990611895765625
4.799061189576565
4.799061189576566
4.799061189576568
4.799061189576568
4.799061189576569
4.7990611895765705
4.7990611895765705
4.7990611895765705
4.7990611895765705
4.7990611895765705
4.7990611895765705
4.7990611895765705
4.7990611895765705
4.7990611895765705
4.7990611895765705
4.7990611895765705
4.7990611895765705
4.7990611895765705
4.7990611895765705
4.7990611895765705
4.7990611895765705
4.7990611895765705
4.7990611895765705
4.7990611895765705
4.7990611895765705
4.7990611895765705
4.7990611895765705
4.7990611895765705
4.7990611895765705
