3.9348654712978335
3.9348654712978335
3.9348654712978335
3.9348654712978335
3.9348654712978335
3.9348654712978335
3.9348654712978335
3.9348654712978335
3.9348654712978335
3.9348654712978335
3.9348654712978335
3.9348654712978335
3.9348654712978335
3.9348654712978335
3.9348654712978335
3.9348654712978335
3.9348654712978335
3.9348654712978335
3.9348654712978335
3.9348654712978335
3.9348654712978335
3.9348654712978335
3.9348654712978335
3.9348654712978335
3.9348654712978335
3.9348654712978335
3.9348654712978335
3.9348654712978335
3.9348654712978335
3.9348654712978335
3.9348654712978335
3.9348654712978335
3.9348654712978335
3.9348654712978335
3.9348654712978335
3.9348654712978335
3.9348654712978335
3.9348654712978335
3.9348654712978335
3.9348654712978335
3.9348654712978335
3.9348654712978335
3.9348654712978335
3.9348654712978335
3.9348654712978335
3.9348654712978335
3.9348654712978335
3.9348654712978335
3.9348654712978335
3.9348654712978335
3.9348654712978335
3.9348654712978335
3.9348654712978335
3.934876644440807
3.9348843206873414
3.9348917824694216
3.934892996920892
3.9348954392071636
3.9348969045788302
3.9349109678966294
3.9349123754185853
3.9349147260963204
3.9349187076710157
3.9349221604334894
3.934924244944495
3.934931961068162
3.934931961068162
3.9349329199424936
3.9349333588170503
3.934933622141788
3.9349347776820687
3.934937106424001
3.9349388037467126
3.9349398221406733
3.934940725731454
3.934942855474227
3.934944154898481
3.934944934553268
3.934946059093899
3.9349469504983476
3.934947485341129
3.934947806246836
3.9349482723195512
3.934948692330442
3.934948944337
3.9349490955409436
3.9349493081028704
3.93494955323852
3.9349497003199185
3.9349497885687597
3.9349498415180655
3.934949922741776
3.9349499864325743
3.934950024647054
3.9349500475757413
3.9349500970012707
3.934950139143451
3.934950164428759
3.9349501825739512
3.9349502089017867
3.9349502246984875
3.9349502341765086
3.9349502398633205
3.9349502486531627
3.9349502543113086
3.934950257706198
3.9349502597431294
3.934950260965289
3.9349502617946803
3.934950263270098
3.9349502641553484
3.934950264686499
3.934950265005189
3.934950265196403
3.9349502653174473
3.93495026580553
3.9349502660984985
3.9349502662742792
3.9349502663797473
3.934950266443029
3.934950266600466
3.9349502667910903
3.934950266905465
3.934950266999083
3.934950267121761
3.934950267195368
3.934950267239533
3.934950267266031
3.9349502672819288
3.9349502673169505
3.934950267353622
3.9349502673756236
3.934950267388827
3.9349502673967476
3.934950267410621
3.934950267419654
3.934950267425075
3.934950267428328
3.934950267430278
3.9349502674319896
3.934950267435349
3.9349502674373653
3.9349502674385732
3.9349502674393
3.934950267440219
3.9349502674411325
3.9349502674416796
3.9349502674420087
3.9349502674424577
3.934950267442882
3.9349502674431363
3.934950267443289
3.9349502674433823
3.934950267443588
3.934950267443801
3.9349502674439276
3.934950267444005
3.9349502674441306
3.934950267444235
3.934950267444296
3.934950267444332
3.934950267444386
3.9349502674444454
3.934950267444479
3.9349502674445
3.9349502674445134
3.9349502674445467
3.934950267444574
3.9349502674445915
3.934950267444602
3.9349502674446075
3.93495026744462
3.934950267444633
3.93495026744464
3.9349502674446453
3.934950267444648
3.934950267444652
3.934950267444657
3.9349502674446604
3.934950267444663
3.9349502674446653
3.934950267444666
3.934950267444668
3.9349502674446715
3.934950267444673
3.9349502674446737
3.9349502674446755
3.9349502674446772
3.9349502674446772
3.9349502674446772
3.9349502674446772
3.9349502674446772
3.9349502674446772
3.9349502674446772
3.9349502674446772
3.9349502674446772
3.9349502674446772
3.9349502674446772
3.9349502674446772
3.9349502674446772
