2.6872155220710736
2.6872155220710736
2.6872155220710736
2.6872155220710736
2.6872155220710736
2.6872155220710736
2.6872155220710736
2.6872155220710736
2.6872155220710736
2.6872155220710736
2.6872155220710736
2.6872155220710736
2.6872155220710736
2.6872155220710736
2.6872155220710736
2.6872155220710736
2.6872155220710736
2.6872155220710736
2.6872155220710736
2.6872155220710736
2.6872155220710736
2.6872155220710736
2.6872155220710736
2.6872155220710736
2.6872155220710736
2.6872155220710736
2.6872155220710736
2.6872155220710736
2.6872155220710736
2.6872155220710736
2.6872155220710736
2.6872155220710736
2.6872155220710736
2.6872155220710736
2.6872155220710736
2.6872155220710736
2.6872155220710736
2.6872155220710736
2.6872155220710736
2.6872155220710736
2.6872155220710736
2.6872155220710736
2.6872155220710736
2.6872387658887957
2.6872387658887957
2.6872387658887957
2.6872387658887957
2.6872389850576712
2.6872389850576712
2.6872389850576712
2.6872389850576712
2.6872389850576712
2.687240488418851
2.687240488418851
2.6872411051770912
2.687244965093509
2.687244965093509
2.687245160358396
2.687247267023823
2.687247508350414
2.687247713092998
2.6872481416274647
2.687248761040139
2.6872488457932384
2.6872488874107074
2.6872490374796882
2.6872492314354317
2.687249818810153
2.687249818810153
2.687249818810153
2.687249946775425
2.687250052187546
2.687250092081536
2.6872501058174008
2.687250204436605
2.68725027957619
2.687250381846685
2.6872503835421706
2.687250458238285
2.687250458238285
2.6872504632765177
2.687250491998208
2.687250503641638
2.687250503641638
2.687250503641638
2.687250519080799
2.687250519080799
2.6872505236081765
2.6872505236081765
2.6872505245831224
2.687250527800611
2.68725052831541
2.68725052831541
2.687250529425514
2.687250529425514
2.687250529425514
2.687250529425514
2.687250529425514
2.687250529425514
2.687250529425514
2.6872505295368128
2.6872505296517084
2.6872505297206444
2.687250529762007
2.6872505297868248
2.687250529792867
2.68725052983096
2.687250529884642
2.6872505300115486
2.6872505300471587
2.6872505300613865
2.687250530127986
2.687250530144454
2.687250530161599
2.6872505301663456
2.6872505301805503
2.6872505301985057
2.687250530217145
2.6872505302214247
2.6872505302214247
2.6872505302216907
2.687250530226636
2.687250530226737
2.687250530226737
2.687250530226737
2.687250530226737
2.687250530226737
2.687250530226737
2.687250530226737
2.687250530226737
2.687250530226737
2.687250530226737
2.687250530226737
2.687250530226737
2.687250530226737
2.687250530226746
2.6872505302267484
2.6872505302267484
2.6872505302267604
2.6872505302267604
2.687250530226769
2.687250530226769
2.687250530226769
2.687250530226771
2.687250530226771
2.687250530226771
2.687250530226771
2.687250530226776
2.687250530226776
2.6872505302267777
2.6872505302267777
2.6872505302267777
2.6872505302267777
2.6872505302267777
2.6872505302267777
2.6872505302267795
2.6872505302267795
2.6872505302267795
2.6872505302267795
2.6872505302267795
2.6872505302267795
2.6872505302267795
2.6872505302267795
2.6872505302267795
2.6872505302267795
2.6872505302267795
2.6872505302267795
2.6872505302267795
2.6872505302267795
2.6872505302267795
2.6872505302267795
2.6872505302267795
2.6872505302267795
2.6872505302267795
2.6872505302267795
2.6872505302267795
2.6872505302267795
2.6872505302267795
2.6872505302267795
2.6872505302267795
2.6872505302267795
2.6872505302267795
2.6872505302267795
2.6872505302267795
2.6872505302267795
