2.9909366297969266
2.9909366297969266
2.9909366297969266
2.9909366297969266
2.9909366297969266
2.9909366297969266
2.9909366297969266
2.9909366297969266
2.9909366297969266
2.9909366297969266
2.9909366297969266
2.9909366297969266
2.9909366297969266
2.9909366297969266
2.9909366297969266
2.9909366297969266
2.9909366297969266
2.9909366297969266
2.9909366297969266
2.9909366297969266
2.9909366297969266
2.9909366297969266
2.9909366297969266
2.9909366297969266
2.9909366297969266
2.9909366297969266
2.9909366297969266
2.9909366297969266
2.9909366297969266
2.9909366297969266
2.9909366297969266
2.9909366297969266
2.9909366297969266
2.9909366297969266
2.9909366297969266
2.9909366297969266
2.9909366297969266
2.9909366297969266
2.9909366297969266
2.9909366297969266
2.9909366297969266
2.9909366297969266
2.9909366297969266
2.9909366297969266
2.9909366297969266
2.9909366297969266
2.9909366297969266
2.9909366297969266
2.9909366297969266
2.9909395445296676
2.9909395445296676
2.9909395445296676
2.9909395445296676
2.9909395445296676
2.9909395445296676
2.9909395445296676
2.9909398652021966
2.990941937446136
2.990941937446136
2.990942113459316
2.99094267350015
2.9909433298070827
2.9909433298070827
2.990943484639088
2.990943810848373
2.9909442393334986
2.990944615994588
2.9909450118796053
2.9909451637084326
2.9909454595667304
2.9909456170476187
2.9909457971267415
2.990945876410139
2.9909459014362954
2.9909459415683757
2.9909459753731
2.990946005086542
2.9909460272022166
2.9909460404716213
2.9909460525017586
2.9909460678067417
2.990946081996578
2.9909460919965722
2.990946099351584
2.9909461071758576
2.9909461116843095
2.990946116862108
2.9909461184287203
2.9909461213007154
2.9909461233621704
2.990946125399312
2.99094612588522
2.990946127334361
2.9909461283017524
2.990946129082846
2.990946129418826
2.990946129571103
2.9909461298108604
2.990946130029676
2.9909461302155225
2.9909461302651867
2.9909461303975755
2.990946130507355
2.9909461306114995
2.9909461306579805
2.9909461306820035
2.990946130704073
2.9909461307505776
2.9909461307505776
2.9909461307610465
2.990946130770032
2.9909461307782577
2.990946130789751
2.9909461307975977
2.990946130798868
2.9909461307993963
2.9909461308022554
2.990946130804378
2.990946130804801
2.9909461308059417
2.99094613080664
2.990946130807075
2.9909461308075014
2.9909461308075014
2.9909461308079908
2.9909461308081795
2.990946130808182
2.9909461308083096
2.990946130808443
2.9909461308085548
2.990946130808587
2.990946130808714
2.990946130808754
2.990946130808818
2.990946130808818
2.990946130808836
2.990946130808852
2.9909461308088656
2.990946130808872
2.9909461308088785
2.990946130808886
2.9909461308088967
2.9909461308089025
2.9909461308089114
2.9909461308089154
2.990946130808917
2.9909461308089185
2.9909461308089202
2.9909461308089242
2.9909461308089242
2.9909461308089242
2.990946130808925
2.990946130808926
2.990946130808926
2.990946130808926
2.990946130808926
2.990946130808926
2.990946130808926
2.990946130808926
2.990946130808926
2.990946130808926
2.990946130808926
2.990946130808926
2.990946130808926
2.990946130808926
2.990946130808926
2.990946130808926
2.990946130808926
2.990946130808926
2.990946130808926
2.990946130808926
2.990946130808926
2.990946130808926
2.990946130808926
2.990946130808926
2.990946130808926
2.990946130808926
2.990946130808926
2.990946130808926
2.990946130808926
2.990946130808926
