4.021210447678039
4.021210447678039
4.021210447678039
4.021210447678039
4.021210447678039
4.021210447678039
4.021210447678039
4.021210447678039
4.021210447678039
4.021210447678039
4.021210447678039
4.021210447678039
4.021210447678039
4.021210447678039
4.021210447678039
4.021210447678039
4.021210447678039
4.021210447678039
4.021210447678039
4.021210447678039
4.021210447678039
4.021210447678039
4.021210447678039
4.021210447678039
4.021210447678039
4.021210447678039
4.021210447678039
4.021210447678039
4.021210447678039
4.021210447678039
4.021210447678039
4.021210447678039
4.021210447678039
4.021210447678039
4.021210447678039
4.021210447678039
4.021210447678039
4.021210447678039
4.021210447678039
4.021210447678039
4.021210447678039
4.021210447678039
4.021210447678039
4.021210447678039
4.021210447678039
4.021210447678039
4.021210447678039
4.021210447678039
4.021210447678039
4.021217516737069
4.021217516737069
4.021217516737069
4.021222690791769
4.021222690791769
4.021222690791769
4.021226147436396
4.021226315207041
4.021226315207041
4.021228716598459
4.021228716598459
4.021229052759993
4.021230362744092
4.021230980191212
4.021231442603079
4.021232237546026
4.021232598612703
4.021232598612703
4.02123284138171
4.021232927676127
4.021233055070013
4.02123317734406
4.021233253357805
4.0212334030701395
4.021233569260667
4.021233670776255
4.021233732300247
4.02123377323424
4.021233812625011
4.021233850552363
4.021233870637676
4.021233871968247
4.021233881943657
4.021233891223231
4.021233899290434
4.021233905301238
4.021233913390909
4.021233920291908
4.021233925341713
4.021233928411836
4.02123393025391
4.02123393226403
4.021233933665672
4.021233935632295
4.021233935978945
4.021233936186935
4.021233936969219
4.021233937574716
4.021233937938017
4.021233938155995
4.021233938286782
4.021233938365256
4.021233938778516
4.021233939134168
4.02123393934756
4.021233939475594
4.021233939559189
4.021233939724046
4.02123393987321
4.021233939962708
4.021233940016407
4.02123394009866
4.021233940151076
4.021233940182524
4.021233940202649
4.021233940214962
4.021233940224355
4.021233940235383
4.021233940242612
4.021233940246949
4.021233940249552
4.021233940251113
4.021233940252051
4.021233940252986
4.021233940253664
4.021233940254371
4.02123394025487
4.021233940255246
4.0212339402554935
4.021233940255798
4.02123394025602
4.021233940256191
4.021233940256295
4.0212339402563915
4.021233940256509
4.021233940256585
4.02123394025663
4.021233940256658
4.0212339402566855
4.021233940256716
4.021233940256734
4.021233940256744
4.021233940256751
4.021233940256758
4.0212339402567645
4.021233940256769
4.0212339402567725
4.021233940256775
4.021233940256776
4.021233940256777
4.021233940256778
4.021233940256779
4.02123394025678
4.02123394025678
4.0212339402567805
4.0212339402567805
4.0212339402567805
4.0212339402567805
4.0212339402567805
4.0212339402567805
4.0212339402567805
4.0212339402567805
4.0212339402567805
4.0212339402567805
4.0212339402567805
4.0212339402567805
4.0212339402567805
4.0212339402567805
4.0212339402567805
4.0212339402567805
4.0212339402567805
4.0212339402567805
4.0212339402567805
4.0212339402567805
4.0212339402567805
4.0212339402567805
4.0212339402567805
4.0212339402567805
4.0212339402567805
4.0212339402567805
