3.6902060605344165
3.6902060605344165
3.6902060605344165
3.6902060605344165
3.6902060605344165
3.6902060605344165
3.6902060605344165
3.6902060605344165
3.6902060605344165
3.6902060605344165
3.6902060605344165
3.6902060605344165
3.6902060605344165
3.6902060605344165
3.6902060605344165
3.6902060605344165
3.6902060605344165
3.6902060605344165
3.6902060605344165
3.6902060605344165
3.6902060605344165
3.6902060605344165
3.6902060605344165
3.6902060605344165
3.6902060605344165
3.6902060605344165
3.6902060605344165
3.6902060605344165
3.6902060605344165
3.6902060605344165
3.6902060605344165
3.6902060605344165
3.6902060605344165
3.6902060605344165
3.6902060605344165
3.6902060605344165
3.6902060605344165
3.6902060605344165
3.6902060605344165
3.6902060605344165
3.6902060605344165
3.6902060605344165
3.6902060605344165
3.6902060605344165
3.6902060605344165
3.6902060605344165
3.690228994835068
3.690228994835068
3.690228994835068
3.690228994835068
3.690228994835068
3.690228994835068
3.690228994835068
3.690228994835068
3.690303856753494
3.690303856753494
3.690303856753494
3.690303856753494
3.6903212629328714
3.6903339675374496
3.6903491242806994
3.6903607243757217
3.6903627465879607
3.690368122407698
3.6903718121051483
3.6903753470018366
3.6903808104993994
3.690384726662457
3.6903870721519096
3.6903888087567394
3.690389850720164
3.690390475898408
3.6903916919322888
3.6903916919322888
3.6903934109005796
3.690393768019993
3.690394268871738
3.690394389051176
3.6903947589142705
3.690395143969338
3.6903953761084978
3.6903955153920016
3.6903956422345674
3.690395884024258
3.6903960339478385
3.6903961525046953
3.690396281814828
3.6903963825470134
3.6903964429863274
3.690396497843275
3.6903965431245616
3.690396570293333
3.6903965941438117
3.690396614611034
3.6903966281008618
3.6903966378893145
3.690396643762387
3.690396653258163
3.690396659803083
3.6903966637300374
3.6903966668439643
3.6903966713583007
3.69039667426224
3.690396676004602
3.690396677050019
3.6903966777629624
3.690396678830136
3.69039667948681
3.690396679880815
3.6903966802401587
3.6903966806761774
3.6903966809547044
3.6903966811218196
3.6903966812220896
3.690396681282252
3.690396681318348
3.6903966813665123
3.690396681431065
3.6903966814697973
3.690396681493037
3.690396681511293
3.6903966815371123
3.6903966815539313
3.690396681564022
3.690396681570076
3.6903966815737097
3.690396681579139
3.6903966815834393
3.6903966815860203
3.6903966815875693
3.6903966815891778
3.690396681591097
3.6903966815922833
3.690396681592997
3.6903966815934246
3.6903966815936804
3.690396681594252
3.6903966815947555
3.6903966815950597
3.690396681595241
3.6903966815953484
3.6903966815954146
3.690396681595607
3.6903966815957405
3.69039668159582
3.6903966815958684
3.6903966815959595
3.690396681596018
3.6903966815960505
3.690396681596074
3.690396681596113
3.6903966815961384
3.6903966815961526
3.6903966815961624
3.690396681596172
3.6903966815961864
3.6903966815961935
3.6903966815961984
3.6903966815962024
3.690396681596206
3.690396681596209
3.690396681596211
3.6903966815962113
3.6903966815962113
3.6903966815962117
3.6903966815962117
3.6903966815962126
3.6903966815962126
3.690396681596213
3.690396681596213
3.690396681596213
3.690396681596213
3.690396681596214
3.690396681596214
3.6903966815962144
3.6903966815962144
3.6903966815962153
3.6903966815962153
3.6903966815962153
3.6903966815962153
3.6903966815962153
3.6903966815962153
3.6903966815962153
3.6903966815962153
3.6903966815962153
3.6903966815962153
3.6903966815962153
3.6903966815962153
3.6903966815962153
3.6903966815962153
3.6903966815962153
3.6903966815962153
3.6903966815962153
3.6903966815962153
