6.180483235614511
6.180483235614511
6.180483235614511
6.180483235614511
6.180483235614511
6.180483235614511
6.180483235614511
6.180483235614511
6.180483235614511
6.180483235614511
6.180483235614511
6.180483235614511
6.180483235614511
6.180483235614511
6.180483235614511
6.180483235614511
6.180483235614511
6.180483235614511
6.180483235614511
6.180483235614511
6.180483235614511
6.180483235614511
6.180483235614511
6.180483235614511
6.180483235614511
6.180483235614511
6.180483235614511
6.180483235614511
6.180483235614511
6.180483235614511
6.180483235614511
6.180483235614511
6.180483235614511
6.180483235614511
6.180483235614511
6.180483235614511
6.180483235614511
6.180483235614511
6.180483235614511
6.180483235614511
6.180483235614511
6.180483235614511
6.180483235614511
6.180483235614511
6.180483235614511
6.180483235614511
6.180483235614511
6.180483235614511
6.180483235614511
6.180483235614511
6.180483235614511
6.180483235614511
6.180483235614511
6.180485317587591
6.180485317587591
6.180485317587591
6.180486772041384
6.180486772041384
6.180486772041384
6.180486772041384
6.180486772041384
6.18048784864299
6.180490418938736
6.180493750539278
6.180497222270604
6.1804982288989585
6.180500813458142
6.180502782389695
6.180505968807023
6.180506995148823
6.180506995148823
6.180508261392597
6.180509675817432
6.180510524472459
6.180511932104248
6.180513310886781
6.180514333011313
6.180514952812304
6.180515408636073
6.180515734188948
6.180516044966099
6.180516191081917
6.180516375975199
6.180516486911173
6.1805165891148715
6.180516728859875
6.180516827484121
6.180516878690726
6.180516920397817
6.1805169526136705
6.180516969845353
6.180516999485984
6.180517007738542
6.180517019476793
6.180517026983362
6.180517031133205
6.180517032960823
6.180517040980522
6.180517044816056
6.180517047117377
6.180517048498169
6.180517049326644
6.180517049923949
6.18051705210866
6.180517054989486
6.180517056717983
6.180517058022327
6.180517059376388
6.180517060593252
6.180517061758056
6.180517062462842
6.180517062885715
6.180517063411051
6.180517063793282
6.18051706402262
6.180517064160224
6.180517064242785
6.18051706433801
6.180517064407503
6.18051706446837
6.180517064521897
6.180517064554557
6.180517064574155
6.180517064595295
6.180517064616832
6.180517064636883
6.180517064648915
6.180517064662029
6.180517064677056
6.180517064686069
6.18051706469201
6.180517064700772
6.180517064706679
6.180517064710224
6.180517064712351
6.180517064717396
6.180517064721435
6.180517064723857
6.180517064726053
6.180517064728734
6.180517064730343
6.180517064731308
6.180517064732057
6.180517064733169
6.180517064733835
6.180517064734238
6.1805170647344765
6.180517064734868
6.180517064735335
6.180517064735616
6.180517064735785
6.180517064735884
6.180517064735946
6.180517064736034
6.180517064736121
6.180517064736175
6.180517064736206
6.1805170647362475
6.180517064736302
6.180517064736334
6.180517064736353
6.180517064736378
6.180517064736396
6.1805170647364065
6.180517064736417
6.180517064736427
6.180517064736434
6.1805170647364385
6.18051706473644
6.180517064736442
6.180517064736446
6.180517064736448
6.180517064736449
6.180517064736451
6.180517064736452
6.180517064736454
6.180517064736454
6.1805170647364545
6.1805170647364545
6.180517064736455
6.180517064736455
6.180517064736455
6.180517064736455
6.180517064736456
6.180517064736456
6.180517064736457
6.180517064736457
6.180517064736457
6.180517064736457
6.180517064736457
6.180517064736457
6.180517064736457
6.180517064736457
