2.0270090648967605
2.0270090648967605
2.0270090648967605
2.0270090648967605
2.0270090648967605
2.0270090648967605
2.0270090648967605
2.0270090648967605
2.0270090648967605
2.0270090648967605
2.0270090648967605
2.0270090648967605
2.0270090648967605
2.0270090648967605
2.0270090648967605
2.0270090648967605
2.0270090648967605
2.0270090648967605
2.0270090648967605
2.0270090648967605
2.0270090648967605
2.0270090648967605
2.0270090648967605
2.0270090648967605
2.0270090648967605
2.0270090648967605
2.0270090648967605
2.0270090648967605
2.0270090648967605
2.0270090648967605
2.0270090648967605
2.0270090648967605
2.0270090648967605
2.0270090648967605
2.0270090648967605
2.0270090648967605
2.0270090648967605
2.0270090648967605
2.0270090648967605
2.0270090648967605
2.0270090648967605
2.0270090648967605
2.0270090648967605
2.0270090648967605
2.0270090648967605
2.0270090648967605
2.0270090648967605
2.0270090648967605
2.0270090648967605
2.0270090648967605
2.0270090648967605
2.0270090648967605
2.0270090648967605
2.0270090648967605
2.0270090648967605
2.0270090648967605
2.0270090648967605
2.0270116243624874
2.0270116243624874
2.0270116243624874
2.0270165978019614
2.0270165978019614
2.0270165978019614
2.0270174211544534
2.027018619701067
2.027020642899255
2.027021856818274
2.027022585817222
2.0270234838170063
2.027024644314867
2.0270253406136134
2.027025814612007
2.0270262432053396
2.0270267059441194
2.0270270567421886
2.027027160826622
2.0270272706373986
2.0270274405337774
2.0270275458390064
2.0270276090221437
2.027027664884034
2.027027730246482
2.027027815305321
2.0270278461352076
2.027027873366891
2.0270278991621162
2.0270279183188027
2.027027934566364
2.027027950429693
2.027027960201705
2.027027969766907
2.0270279755060274
2.0270279789495
2.0270279885567333
2.027027991288346
2.0270279947395387
2.0270279947395387
2.0270279966577607
2.0270279966577607
2.027027997763728
2.027027997763728
2.0270279978138883
2.0270279987893285
2.027027999039694
2.0270279992861466
2.0270279995760863
2.027027999633529
2.0270279997045777
2.027027999814592
2.0270279999273555
2.0270279999273555
2.0270279999273555
2.0270279999273555
2.027027999954236
2.027027999976619
2.027027999976619
2.027027999976619
2.027027999977083
2.027027999977083
2.027027999977083
2.027027999977083
2.027027999977083
2.027027999977083
2.0270279999771876
2.0270279999771876
2.0270279999771876
2.0270279999771876
2.027027999978151
2.0270279999798886
2.0270279999811733
2.027027999981718
2.0270279999828253
2.0270279999837464
2.0270279999846528
2.0270279999850205
2.0270279999853935
2.027027999985442
2.027027999985765
2.027027999985765
2.02702799998588
2.0270279999860152
2.0270279999860805
2.0270279999861764
2.0270279999862355
2.0270279999862852
2.027027999986293
2.027027999986332
2.027027999986367
2.0270279999864025
2.027027999986424
2.0270279999864584
2.027027999986484
2.0270279999865
2.0270279999865015
2.0270279999865193
2.0270279999865224
2.027027999986526
2.0270279999865286
2.0270279999865335
2.0270279999865375
2.0270279999865393
2.027027999986541
2.027027999986543
2.0270279999865437
2.0270279999865446
2.0270279999865455
2.0270279999865455
2.0270279999865455
2.027027999986546
2.027027999986547
2.0270279999865477
2.027027999986548
2.027027999986548
2.027027999986549
2.027027999986549
2.0270279999865495
2.0270279999865495
2.0270279999865495
2.0270279999865495
2.0270279999865495
2.0270279999865495
2.0270279999865495
2.0270279999865495
2.0270279999865495
2.0270279999865495
2.0270279999865495
2.0270279999865495
2.0270279999865495
