1.8798750371468014
1.8798750371468014
1.8798750371468014
1.8798750371468014
1.8798750371468014
1.8798750371468014
1.8798750371468014
1.8798750371468014
1.8798750371468014
1.8798750371468014
1.8798750371468014
1.8798750371468014
1.8798750371468014
1.8798750371468014
1.8798750371468014
1.8798750371468014
1.8798750371468014
1.8798750371468014
1.8798750371468014
1.8798750371468014
1.8798750371468014
1.8798750371468014
1.8798750371468014
1.8798750371468014
1.8798750371468014
1.8798750371468014
1.8798750371468014
1.8798750371468014
1.8798750371468014
1.8798750371468014
1.8798750371468014
1.8798750371468014
1.8798750371468014
1.8798750371468014
1.8798750371468014
1.8798750371468014
1.8798750371468014
1.8798750371468014
1.8798750371468014
1.8798750371468014
1.8798750371468014
1.8798750371468014
1.8798750371468014
1.8798750371468014
1.8798750371468014
1.8798750371468014
1.8798750371468014
1.8798750371468014
1.8798750371468014
1.8798750371468014
1.8798750371468014
1.8798750371468014
1.8798750371468014
1.8798750371468014
1.8798750371468014
1.8798750371468014
1.8798750371468014
1.8798750371468014
1.8798750371468014
1.8798750371468014
1.8798750371468014
1.8798750371468014
1.8798770633524307
1.8798770633524307
1.8798770633524307
1.8798770633524307
1.8798776448984873
1.8798789406355554
1.8798798154249061
1.879880340297873
1.879882611015299
1.879884821939023
1.8798861484932479
1.8798869444257793
1.8798885256049238
1.8798898763742615
1.879890780886438
1.8798912327656498
1.8798918524147625
1.879892538274271
1.8798926622087213
1.8798929600416976
1.87989317720811
1.8798933742544883
1.8798934954304185
1.8798935681359779
1.8798936328874252
1.8798936505008566
1.8798936634744883
1.8798936755017563
1.8798937724796765
1.879893847173236
1.8798939216589587
1.8798939790848015
1.8798940135403066
1.879894034213611
1.8798940562416724
1.8798940768096681
1.8798940901315837
1.8798941002055376
1.8798941088443364
1.8798941141432342
1.8798941173225743
1.8798941209747437
1.8798941226815624
1.8798941243769918
1.8798941248071248
1.8798941268543068
1.879894127442824
1.8798941279676569
1.8798941284207455
1.8798941291114315
1.879894129525844
1.8798941297744907
1.8798941297744907
1.8798941297744907
1.8798941298272362
1.8798941298272362
1.8798941298272362
1.8798941298272362
1.87989412984593
1.87989412984593
1.87989412984593
1.87989412984593
1.8798941298662368
1.8798941298662368
1.8798941298662368
1.8798941298662368
1.8798941298662368
1.8798941298662368
1.8798941298662368
1.8798941298662368
1.8798941298662368
1.8798941298662368
1.8798941298662368
1.8798941298662368
1.8798941298667293
1.8798941298667293
1.8798941298667293
1.879894129867028
1.879894129867028
1.879894129867028
1.879894129867028
1.879894129867094
1.879894129867094
1.879894129867094
1.879894129867129
1.879894129867129
1.879894129867129
1.879894129867129
1.8798941298671343
1.8798941298671596
1.8798941298671596
1.8798941298671596
1.8798941298671676
1.8798941298671727
1.8798941298671727
1.8798941298671739
1.8798941298671745
1.8798941298671759
1.8798941298671763
1.879894129867177
1.8798941298671774
1.8798941298671779
1.8798941298671779
1.8798941298671779
1.8798941298671779
1.8798941298671779
1.8798941298671779
1.8798941298671779
1.8798941298671779
1.8798941298671779
1.8798941298671779
1.8798941298671779
1.8798941298671779
1.8798941298671779
1.8798941298671779
1.8798941298671779
1.8798941298671779
1.8798941298671779
1.8798941298671779
1.8798941298671779
1.8798941298671779
1.8798941298671779
1.8798941298671779
1.8798941298671779
1.8798941298671779
1.8798941298671779
1.8798941298671779
1.8798941298671779
1.8798941298671779
1.8798941298671779
1.8798941298671779
1.8798941298671779
1.8798941298671779
1.8798941298671779
1.8798941298671779
1.8798941298671779
1.8798941298671779
