1.7359283768414444
1.7359283768414444
1.7359283768414444
1.7359283768414444
1.7359283768414444
1.7359283768414444
1.7359283768414444
1.7359283768414444
1.7359283768414444
1.7359283768414444
1.7359283768414444
1.7359283768414444
1.7359283768414444
1.7359283768414444
1.7359283768414444
1.7359283768414444
1.7359283768414444
1.7359283768414444
1.7359283768414444
1.7359283768414444
1.7359283768414444
1.7359283768414444
1.7359283768414444
1.7359283768414444
1.7359283768414444
1.7359283768414444
1.7359283768414444
1.7359283768414444
1.7359283768414444
1.7359283768414444
1.7359283768414444
1.7359283768414444
1.7359283768414444
1.7359283768414444
1.7359283768414444
1.7359283768414444
1.7359283768414444
1.7359283768414444
1.7359283768414444
1.7359283768414444
1.7359283768414444
1.7359283768414444
1.7359283768414444
1.7359283768414444
1.7359283768414444
1.7359283768414444
1.735936496645239
1.735936496645239
1.735936496645239
1.735936496645239
1.7359401454039012
1.7359401454039012
1.7359401454039012
1.7359401454039012
1.735941289800283
1.735946897852912
1.735948468307803
1.7359525137257517
1.7359549409836037
1.735956397340865
1.7359572711561404
1.7359572711561404
1.7359582829819609
1.7359586779552503
1.7359591305168305
1.7359599486821902
1.7359600230747398
1.7359608587503617
1.735961396384943
1.7359617189658165
1.7359619078112465
1.735962041149984
1.7359623692275035
1.735962550323232
1.7359626589806785
1.7359627420161858
1.7359627743401589
1.7359629398324172
1.735963058357427
1.7359631309082058
1.7359631887191873
1.735963292014513
1.7359633642474974
1.7359634075872878
1.7359634643501993
1.7359635086637522
1.7359635352527205
1.735963551327396
1.7359635609722013
1.7359635830788502
1.7359636054122083
1.735963618764206
1.735963618764206
1.735963637674525
1.7359636440644008
1.7359636493210138
1.7359636518656998
1.7359636566048116
1.73596365968568
1.7359636615634686
1.7359636637340465
1.7359636654862178
1.735963666190245
1.735963666896852
1.7359636675464813
1.7359636679016202
1.7359636681407278
1.7359636682841917
1.7359636683702702
1.7359636684219173
1.73596366852367
1.735963668596026
1.7359636686394402
1.7359636687430493
1.7359636688527984
1.7359636689306481
1.7359636689862563
1.7359636690199878
1.735963669065195
1.7359636691064706
1.735963669131236
1.7359636691460953
1.7359636691662443
1.7359636691662443
1.7359636691662443
1.7359636691662443
1.7359636691662443
1.7359636691662443
1.7359636691662443
1.7359636691662443
1.7359636691662443
1.7359636691674079
1.7359636691674079
1.7359636691674079
1.7359636691674079
1.735963669167587
1.735963669167587
1.735963669167587
1.735963669167587
1.735963669167587
1.7359636691678775
1.7359636691678775
1.7359636691678775
1.7359636691679372
1.7359636691679372
1.7359636691679372
1.7359636691679372
1.7359636691679756
1.7359636691679756
1.7359636691679756
1.7359636691679756
1.7359636691679787
1.7359636691679787
1.7359636691679787
1.7359636691679787
1.7359636691679787
1.7359636691679787
1.7359636691679787
1.7359636691679787
1.7359636691679787
1.7359636691679787
1.7359636691679787
1.7359636691679787
1.7359636691679792
1.7359636691679796
1.7359636691679796
1.7359636691679796
1.7359636691679803
1.7359636691679803
1.7359636691679803
1.7359636691679803
1.7359636691679803
1.7359636691679803
1.7359636691679803
1.7359636691679803
1.7359636691679803
1.7359636691679803
1.7359636691679803
1.7359636691679803
1.7359636691679803
1.7359636691679803
1.7359636691679803
1.7359636691679803
1.7359636691679803
1.7359636691679803
1.7359636691679803
1.7359636691679803
1.7359636691679803
1.7359636691679803
1.7359636691679803
1.7359636691679803
1.7359636691679803
1.7359636691679803
