2.18657361877911
2.18657361877911
2.18657361877911
2.18657361877911
2.18657361877911
2.18657361877911
2.18657361877911
2.18657361877911
2.18657361877911
2.18657361877911
2.18657361877911
2.18657361877911
2.18657361877911
2.18657361877911
2.18657361877911
2.18657361877911
2.18657361877911
2.18657361877911
2.18657361877911
2.18657361877911
2.18657361877911
2.18657361877911
2.18657361877911
2.18657361877911
2.18657361877911
2.18657361877911
2.18657361877911
2.18657361877911
2.18657361877911
2.18657361877911
2.18657361877911
2.18657361877911
2.18657361877911
2.18657361877911
2.18657361877911
2.18657361877911
2.18657361877911
2.18657361877911
2.18657361877911
2.18657361877911
2.18657361877911
2.18657361877911
2.18657361877911
2.18657361877911
2.18657361877911
2.18657361877911
2.18657361877911
2.18657361877911
2.18657361877911
2.18657361877911
2.18657361877911
2.18657361877911
2.18657361877911
2.18657361877911
2.18657361877911
2.18657361877911
2.18657361877911
2.186574371497374
2.186577165565949
2.1865795292881334
2.186580819285187
2.186582620443399
2.1865850853917483
2.1865865643607743
2.1865875351114346
2.186588795908726
2.1865892911698963
2.186590028327616
2.186590549992254
2.1865909648966375
2.1865911039096617
2.1865915102290034
2.1865917789210023
2.186591940136205
2.18659208820576
2.1865921107664534
2.1865921551071312
2.186592308537522
2.1865924460484134
2.1865924918108606
2.1865925277266047
2.1865925649927163
2.1865925716659746
2.1865926045124398
2.1865926307190056
2.1865926464429446
2.18659265821656
2.1865926747178537
2.186592688049136
2.1865926986947195
2.186592706178777
2.186592708332636
2.1865927118542308
2.1865927118542308
2.186592713926571
2.1865927140720145
2.1865927141879875
2.186592714303163
2.186592714400643
2.1865927145819612
2.186592715132402
2.186592715462665
2.186592715660824
2.186592715933066
2.1865927161297227
2.1865927161297227
2.1865927161297227
2.1865927162244727
2.1865927162288323
2.186592716255611
2.186592716255611
2.1865927162724113
2.186592716280922
2.1865927162951078
2.186592716297294
2.1865927163018837
2.186592716310272
2.186592716315006
2.186592716316864
2.1865927163195957
2.186592716323526
2.186592716326021
2.1865927163286094
2.186592716328983
2.186592716329517
2.186592716329937
2.186592716329937
2.1865927163307117
2.1865927163309156
2.1865927163309524
2.1865927163310044
2.1865927163312633
2.1865927163315217
2.186592716331742
2.186592716331775
2.1865927163318606
2.186592716331932
2.186592716331991
2.186592716332056
2.186592716332099
2.1865927163321093
2.18659271633213
2.1865927163321452
2.18659271633215
2.1865927163321603
2.1865927163321714
2.1865927163321732
2.1865927163321777
2.186592716332182
2.1865927163321857
2.1865927163321865
2.1865927163321883
2.186592716332189
2.186592716332191
2.186592716332191
2.1865927163321914
2.1865927163321914
2.1865927163321914
2.186592716332192
2.1865927163321923
2.1865927163321923
2.1865927163321923
2.1865927163321923
2.1865927163321923
2.1865927163321923
2.1865927163321923
2.1865927163321923
2.1865927163321923
2.1865927163321923
2.1865927163321923
2.1865927163321923
2.1865927163321923
2.1865927163321923
2.1865927163321923
2.1865927163321923
2.1865927163321923
2.1865927163321923
2.1865927163321923
2.1865927163321923
2.1865927163321923
2.1865927163321923
2.1865927163321923
2.1865927163321923
2.1865927163321923
2.1865927163321923
2.1865927163321923
2.1865927163321923
2.1865927163321923
2.1865927163321923
