1.875169500690938
1.875169500690938
1.875169500690938
1.875169500690938
1.875169500690938
1.875169500690938
1.875169500690938
1.875169500690938
1.875169500690938
1.875169500690938
1.875169500690938
1.875169500690938
1.875169500690938
1.875169500690938
1.875169500690938
1.875169500690938
1.875169500690938
1.875169500690938
1.875169500690938
1.875169500690938
1.875169500690938
1.875169500690938
1.875169500690938
1.875169500690938
1.875169500690938
1.875169500690938
1.875169500690938
1.875169500690938
1.875169500690938
1.875169500690938
1.875169500690938
1.875169500690938
1.875169500690938
1.875169500690938
1.875169500690938
1.875169500690938
1.875169500690938
1.875169500690938
1.875169500690938
1.8752378843642676
1.8752378843642676
1.8752378843642676
1.8752378843642676
1.8752378843642676
1.8752378843642676
1.8752378843642676
1.8752378843642676
1.8752378843642676
1.8752378843642676
1.8752378843642676
1.8752378843642676
1.8752378843642676
1.8752389617752807
1.8752389617752807
1.8752389617752807
1.8752414678410518
1.8752414678410518
1.8752414678410518
1.8752414678410518
1.875245823265788
1.875245823265788
1.8752468431533196
1.8752489983393648
1.875249778624106
1.8752502534465776
1.8752505301053626
1.8752511306098296
1.8752517379882767
1.8752521783838745
1.875252439354293
1.875252700067867
1.8752530875850322
1.875253320095297
1.875253483790758
1.8752535890935682
1.8752537196848675
1.8752538169099489
1.8752538678802038
1.8752539030440456
1.8752539525373988
1.8752539915458482
1.8752540100253636
1.8752540260894286
1.875254040071763
1.8752540570364786
1.8752540660478563
1.8752540720430169
1.8752540758701992
1.8752540853295592
1.8752540918281553
1.8752540939287257
1.8752540968155782
1.8752540978546237
1.8752541003471108
1.8752541035549097
1.875254105479589
1.8752541066343968
1.875254108791663
1.875254110879141
1.8752541115980095
1.875254112530769
1.8752541130265907
1.8752541142887216
1.875254115046
1.875254115500367
1.875254115918974
1.8752541163381207
1.8752541165515062
1.875254116717152
1.8752541168760963
1.8752541170255503
1.8752541171199322
1.875254117197149
1.8752541172766093
1.8752541173435793
1.8752541173816868
1.875254117407475
1.8752541174322992
1.8752541174521675
1.8752541174652688
1.8752541174759099
1.8752541174886161
1.8752541174988833
1.8752541175038964
1.8752541175078663
1.8752541175122246
1.8752541175153308
1.8752541175172528
1.8752541175195576
1.875254117521568
1.8752541175224637
1.8752541175232729
1.8752541175241872
1.875254117525137
1.8752541175257067
1.8752541175260489
1.8752541175265263
1.8752541175268813
1.8752541175271942
1.8752541175273258
1.8752541175274127
1.875254117527531
1.8752541175276058
1.875254117527651
1.8752541175276798
1.8752541175277229
1.875254117527739
1.8752541175277546
1.8752541175277546
1.8752541175277637
1.8752541175277748
1.8752541175277768
1.8752541175277784
1.8752541175277808
1.8752541175277821
1.8752541175277873
1.8752541175277877
1.8752541175277895
1.8752541175277901
1.8752541175277908
1.8752541175277915
1.8752541175277921
1.8752541175277928
1.8752541175277933
1.8752541175277937
1.8752541175277944
1.8752541175277944
1.8752541175277944
1.8752541175277944
1.8752541175277944
1.8752541175277944
1.8752541175277944
1.8752541175277944
1.8752541175277944
1.8752541175277944
1.8752541175277944
1.8752541175277944
1.8752541175277944
1.8752541175277944
1.8752541175277944
1.8752541175277944
1.8752541175277944
1.8752541175277944
1.8752541175277944
