4.404694721073047
4.404694721073047
4.404694721073047
4.404694721073047
4.404694721073047
4.404694721073047
4.404694721073047
4.404694721073047
4.404694721073047
4.404694721073047
4.404694721073047
4.404694721073047
4.404694721073047
4.404694721073047
4.404694721073047
4.404694721073047
4.404694721073047
4.404694721073047
4.404694721073047
4.404694721073047
4.404694721073047
4.404694721073047
4.404694721073047
4.404694721073047
4.404694721073047
4.404694721073047
4.404694721073047
4.404694721073047
4.404694721073047
4.404694721073047
4.404694721073047
4.404694721073047
4.404694721073047
4.404694721073047
4.404694721073047
4.404694721073047
4.404694721073047
4.404694721073047
4.404694721073047
4.404694721073047
4.404694721073047
4.404694721073047
4.404694721073047
4.404694721073047
4.404704259302851
4.404704259302851
4.404704259302851
4.404704259302851
4.4047126634720755
4.4047126634720755
4.4047126634720755
4.4047126634720755
4.4047126634720755
4.4047126634720755
4.4047126634720755
4.4047126634720755
4.4047126634720755
4.4047126634720755
4.4047126634720755
4.404734016976052
4.404734016976052
4.404734016976052
4.404747623417159
4.404752968195806
4.4047630973867165
4.40476492378982
4.404771547353906
4.4047778032465885
4.404779485981348
4.404782797917835
4.404784433807861
4.4047846191074855
4.404785238961211
4.4047864561391465
4.404787198194973
4.404787643428568
4.404788177951167
4.404788407352304
4.404788649974542
4.404789164037355
4.404789310555882
4.404789503467675
4.404789679736017
4.404789813308128
4.404789922442611
4.404789981320623
4.404790011293183
4.404790050349479
4.404790096779929
4.404790165029149
4.4047901816607595
4.4047901987226465
4.404790225686568
4.40479024186492
4.4047902509567685
4.404790257454295
4.404790270357572
4.404790279972662
4.404790285741712
4.4047902891103305
4.404790295317398
4.40479029919709
4.40479030167526
4.404790304587769
4.404790305655176
4.404790307212682
4.404790308147186
4.404790308734224
4.404790310073446
4.404790311124836
4.404790311579347
4.404790312038428
4.404790312153899
4.40479031254111
4.404790312676111
4.404790312740428
4.404790312784794
4.404790312916061
4.4047903130193005
4.404790313088876
4.4047903131497455
4.4047903131497455
4.404790313183837
4.404790313203949
4.4047903132144635
4.4047903132207
4.404790313226945
4.404790313232618
4.404790313235375
4.4047903132440815
4.404790313247215
4.404790313250813
4.404790313254441
4.404790313259515
4.404790313261438
4.40479031326276
4.404790313263685
4.404790313264005
4.404790313264235
4.404790313265217
4.404790313265458
4.404790313265458
4.404790313265458
4.404790313265822
4.4047903132661705
4.404790313266377
4.404790313266514
4.404790313266613
4.40479031326682
4.404790313266937
4.404790313267018
4.404790313267089
4.404790313267166
4.404790313267213
4.404790313267252
4.4047903132673145
4.404790313267357
4.404790313267386
4.404790313267399
4.404790313267415
4.404790313267436
4.404790313267451
4.40479031326746
4.404790313267464
4.404790313267472
4.404790313267478
4.404790313267485
4.404790313267486
4.404790313267489
4.40479031326749
4.404790313267493
4.404790313267496
4.4047903132674975
4.4047903132674975
4.4047903132675
4.4047903132675
4.4047903132675
4.4047903132675
4.404790313267501
4.404790313267501
4.404790313267501
4.404790313267501
4.404790313267501
4.404790313267502
4.404790313267502
4.404790313267502
4.404790313267502
4.404790313267502
4.404790313267502
4.404790313267502
4.404790313267502
4.404790313267502
4.404790313267502
4.404790313267502
4.404790313267502
4.404790313267502
