2.594450080783919
2.594450080783919
2.594450080783919
2.594450080783919
2.594450080783919
2.594450080783919
2.594450080783919
2.594450080783919
2.594450080783919
2.594450080783919
2.594450080783919
2.594450080783919
2.594450080783919
2.594450080783919
2.594450080783919
2.594450080783919
2.594450080783919
2.594450080783919
2.594450080783919
2.594450080783919
2.594450080783919
2.594450080783919
2.594450080783919
2.594450080783919
2.594450080783919
2.594450080783919
2.594450080783919
2.594450080783919
2.594450080783919
2.594450080783919
2.594450080783919
2.594450080783919
2.594450080783919
2.594450080783919
2.594450080783919
2.594450080783919
2.594450080783919
2.594450080783919
2.594450080783919
2.594450080783919
2.594450080783919
2.594450080783919
2.594450080783919
2.594450080783919
2.594450080783919
2.594450080783919
2.594450080783919
2.594450080783919
2.594450080783919
2.594450080783919
2.594485384741807
2.594485384741807
2.594485384741807
2.594485384741807
2.594485384741807
2.5944854131037367
2.594485436848035
2.5944854510946183
2.594491149089948
2.594497515864799
2.5945013359372195
2.594504326290553
2.594507434282286
2.594507434282286
2.5945083035307883
2.5945104744105105
2.594510675209187
2.5945119009848954
2.5945138825138625
2.5945138825138625
2.5945151283121444
2.5945151283121444
2.594515620204897
2.594515952356162
2.594516634363537
2.594516634363537
2.5945170055936804
2.594517329973921
2.5945175443479185
2.5945178225453693
2.5945178225453693
2.594517924567747
2.5945180494322786
2.594518127215551
2.5945181477688934
2.5945181876805385
2.5945182092493138
2.5945182454104887
2.5945182468084553
2.5945182561445126
2.5945182653934364
2.5945182801421924
2.5945182969638068
2.5945183074000666
2.5945183136618226
2.594518325873002
2.594518334983849
2.5945183411880404
2.5945183469506117
2.5945183522079533
2.594518356060694
2.594518358372336
2.5945183610412705
2.5945183633807942
2.5945183647845043
2.5945183658411772
2.5945183670347145
2.594518367793625
2.594518368283175
2.594518368581259
2.594518368763079
2.594518369052828
2.594518369248994
2.594518369366693
2.594518369437313
2.5945183694796845
2.5945183695676626
2.5945183696775
2.594518369743497
2.594518369783096
2.5945183698068544
2.5945183698701273
2.5945183699130347
2.5945183699387786
2.594518369954226
2.5945183699829695
2.5945183700197463
2.594518370041812
2.5945183700550505
2.5945183700712273
2.594518370083564
2.594518370090966
2.5945183700956163
2.594518370101926
2.5945183701057255
2.594518370108008
2.5945183701093764
2.5945183701101966
2.5945183701106957
2.5945183701124153
2.5945183701134464
2.5945183701140655
2.5945183701144376
2.5945183701149213
2.5945183701154426
2.594518370115759
2.594518370115946
2.5945183701160603
2.5945183701161265
2.594518370116209
2.594518370116281
2.5945183701163264
2.5945183701163548
2.594518370116371
2.5945183701163903
2.594518370116408
2.5945183701164196
2.594518370116426
2.5945183701164294
2.5945183701164365
2.5945183701164387
2.59451837011644
2.594518370116441
2.5945183701164423
2.594518370116444
2.594518370116444
2.594518370116444
2.594518370116444
2.594518370116444
2.594518370116444
2.594518370116444
2.594518370116444
2.594518370116444
2.594518370116444
2.594518370116444
2.594518370116444
2.594518370116444
2.594518370116444
2.594518370116444
2.594518370116444
2.594518370116444
2.594518370116444
2.594518370116444
2.594518370116444
2.594518370116444
2.594518370116444
2.594518370116444
2.594518370116444
2.594518370116444
2.594518370116444
2.594518370116444
2.594518370116444
2.594518370116444
2.594518370116444
2.594518370116444
