1.4055073336463553
1.4055073336463553
1.4055073336463553
1.4055073336463553
1.4055073336463553
1.4055073336463553
1.4055073336463553
1.4055073336463553
1.4055073336463553
1.4055073336463553
1.4055073336463553
1.4055073336463553
1.4055073336463553
1.4055073336463553
1.4055073336463553
1.4055073336463553
1.4055073336463553
1.4055073336463553
1.4055073336463553
1.4055073336463553
1.4055073336463553
1.4055073336463553
1.4055073336463553
1.4055073336463553
1.4055073336463553
1.4055073336463553
1.4055073336463553
1.4055073336463553
1.4055073336463553
1.4055073336463553
1.4055073336463553
1.4055073336463553
1.4055073336463553
1.4055073336463553
1.4055073336463553
1.4055073336463553
1.4055073336463553
1.4055073336463553
1.4055073336463553
1.4055073336463553
1.4055073336463553
1.4055073336463553
1.4055073336463553
1.4055073336463553
1.4055073336463553
1.4055073336463553
1.4055073336463553
1.4055073336463553
1.4055073336463553
1.4055073336463553
1.4055073336463553
1.4055073336463553
1.4055073336463553
1.4055073336463553
1.4055073336463553
1.4055073336463553
1.4055073336463553
1.4055073336463553
1.4055073336463553
1.4055073336463553
1.4055076125487513
1.4055076125487513
1.4055076125487513
1.4055078020951846
1.4055078020951846
1.4055078784147588
1.4055089584045792
1.405509035081243
1.4055090810872426
1.4055093583732003
1.4055097344250151
1.4055099600562575
1.4055101997063901
1.4055102324505115
1.4055104885247522
1.4055105036710636
1.4055106233370256
1.405510699953308
1.4055107050556952
1.4055107876532482
1.4055108252091992
1.4055108792350741
1.4055108856345753
1.405510949149302
1.405510977104974
1.4055110055705975
1.4055110251034875
1.4055110446944061
1.4055110512286162
1.4055110665996295
1.4055110720087938
1.4055110737980445
1.4055110823658996
1.4055110891973328
1.4055110932961925
1.405511095755508
1.4055110977241962
1.4055110990024642
1.4055111005251675
1.4055111014387893
1.4055111019869624
1.4055111028889626
1.4055111034036778
1.4055111039450265
1.4055111043102155
1.4055111047452664
1.4055111051156173
1.4055111053662395
1.4055111055095222
1.4055111056285956
1.4055111056616316
1.4055111057489114
1.4055111058632306
1.4055111059318224
1.4055111059755516
1.4055111060212502
1.4055111061094485
1.405511106162368
1.4055111061941192
1.4055111062420345
1.4055111063025185
1.4055111063388093
1.4055111063605834
1.405511106376203
1.4055111063940529
1.405511106405571
1.4055111064124817
1.405511106416867
1.4055111064247459
1.4055111064299286
1.4055111064330383
1.4055111064349042
1.4055111064360237
1.4055111064387007
1.4055111064407821
1.4055111064420311
1.4055111064427799
1.4055111064441235
1.405511106445019
1.405511106445556
1.4055111064458783
1.405511106446072
1.4055111064462138
1.4055111064464312
1.4055111064465617
1.4055111064466401
1.4055111064466872
1.4055111064467654
1.4055111064468198
1.4055111064468528
1.4055111064468733
1.4055111064469017
1.40551110644692
1.405511106446931
1.4055111064469414
1.4055111064469532
1.4055111064469603
1.4055111064469645
1.405511106446971
1.405511106446976
1.4055111064469792
1.405511106446981
1.405511106446984
1.4055111064469867
1.4055111064469883
1.4055111064469892
1.4055111064469905
1.4055111064469918
1.4055111064469925
1.405511106446993
1.4055111064469932
1.4055111064469934
1.4055111064469936
1.4055111064469938
1.405511106446994
1.405511106446994
1.405511106446994
1.405511106446994
1.405511106446994
1.405511106446994
1.405511106446994
1.405511106446994
1.405511106446994
1.405511106446994
1.405511106446994
1.405511106446994
1.405511106446994
1.405511106446994
1.405511106446994
