12.74547232216958
12.74547232216958
12.74547232216958
12.74547232216958
12.74547232216958
12.74547232216958
12.74547232216958
12.74547232216958
12.74547232216958
12.74547232216958
12.74547232216958
12.74547232216958
12.74547232216958
12.74547232216958
12.74547232216958
12.74547232216958
12.74547232216958
12.74547232216958
12.74547232216958
12.74547232216958
12.74547232216958
12.74547232216958
12.74547232216958
12.74547232216958
12.74547232216958
12.74547232216958
12.74547232216958
12.74547232216958
12.74547232216958
12.74547232216958
12.74547232216958
12.74547232216958
12.74547232216958
12.74547232216958
12.74547232216958
12.74547232216958
12.74547232216958
12.74547232216958
12.74547232216958
12.74547232216958
12.74547232216958
12.74547232216958
12.74547232216958
12.74547232216958
12.74547232216958
12.74547232216958
12.745662569300706
12.745662569300706
12.745662569300706
12.745662569300706
12.745662569300706
12.745662569300706
12.745700172062334
12.745700172062334
12.745700172062334
12.745700172062334
12.745700172062334
12.745712534599281
12.745720602157672
12.74574517254476
12.745761178493277
12.745770782064437
12.74577654420787
12.745780001494182
12.74579443590693
12.745819954312292
12.74583754833446
12.745837552382648
12.745848928752554
12.745856854637765
12.745867337471939
12.745873627173273
12.745877400994376
12.745879665287143
12.74588167212362
12.74588300870258
12.74588707222549
12.745890033348966
12.745891810023132
12.745892876027648
12.74589351563037
12.745894523633988
12.745895642072364
12.745896320360599
12.745896762866348
12.745897028369793
12.745897659671952
12.745898061727592
12.745898302960967
12.74589858322444
12.745898810413806
12.745898946727433
12.745899028833028
12.745899125287014
12.745899239149496
12.745899307466985
12.745899348457481
12.745899375554
12.745899447341062
12.745899490413299
12.74589951625664
12.745899548228211
12.745899574576885
12.745899590386088
12.745899601667343
12.745899617066081
12.74589962630532
12.745899631848863
12.74589963517499
12.745899637170668
12.745899638406415
12.745899640082166
12.745899641188037
12.745899641851564
12.745899642249672
12.745899642488544
12.74589964263186
12.745899642823932
12.745899642956088
12.745899643037278
12.745899643089116
12.74589964315331
12.74589964320705
12.745899643239287
12.745899643262472
12.745899643292868
12.745899643311184
12.745899643322574
12.74589964333591
12.745899643348093
12.745899643355404
12.745899643359786
12.74589964336502
12.745899643369674
12.745899643372475
12.745899643374216
12.745899643376633
12.745899643378367
12.74589964337941
12.745899643380035
12.745899643381183
12.745899643381945
12.745899643382405
12.74589964338269
12.745899643383108
12.745899643383378
12.745899643383543
12.74589964338364
12.745899643383709
12.74589964338382
12.745899643383888
12.745899643383932
12.745899643383957
12.745899643383984
12.745899643384014
12.74589964338403
12.745899643384039
12.745899643384044
12.745899643384051
12.745899643384057
12.74589964338406
12.745899643384062
12.745899643384062
12.745899643384066
12.745899643384066
12.745899643384066
12.745899643384066
12.745899643384066
12.745899643384066
12.745899643384066
12.745899643384066
12.745899643384066
12.745899643384066
12.745899643384066
12.745899643384066
12.745899643384066
12.745899643384066
12.745899643384066
12.745899643384066
12.745899643384066
12.745899643384066
12.745899643384066
12.745899643384066
12.745899643384066
12.745899643384066
12.745899643384066
12.745899643384066
12.745899643384066
12.745899643384066
12.745899643384066
12.745899643384066
12.745899643384066
12.745899643384066
12.745899643384066
12.745899643384066
12.745899643384066
12.745899643384066
12.745899643384066
12.745899643384066
12.745899643384066
12.745899643384066
12.745899643384066
12.745899643384066
12.745899643384066
12.745899643384066
