2.0960426255692277
2.0960426255692277
2.0960426255692277
2.0960426255692277
2.0960426255692277
2.0960426255692277
2.0960426255692277
2.0960426255692277
2.0960426255692277
2.0960426255692277
2.0960426255692277
2.0960426255692277
2.0960426255692277
2.0960426255692277
2.0960426255692277
2.0960426255692277
2.0960426255692277
2.0960426255692277
2.0960426255692277
2.0960426255692277
2.0960426255692277
2.0960426255692277
2.0960426255692277
2.0960426255692277
2.0960426255692277
2.0960426255692277
2.0960426255692277
2.0960426255692277
2.0960426255692277
2.0960426255692277
2.0960426255692277
2.0960426255692277
2.0960426255692277
2.0960426255692277
2.0960426255692277
2.096091812008709
2.096091812008709
2.096091812008709
2.096091812008709
2.096091812008709
2.096091812008709
2.096091812008709
2.096091812008709
2.096091812008709
2.096091812008709
2.096091812008709
2.096091812008709
2.096091812008709
2.096091812008709
2.096091812008709
2.096091812008709
2.096092637738476
2.096092637738476
2.096092637738476
2.096092637738476
2.09609453756429
2.09609453756429
2.09609575594731
2.09609575594731
2.0960970584365897
2.0960970584365897
2.0960971236737103
2.0960974479733743
2.0960976088451746
2.0960977180692244
2.0960977970445733
2.0960978326710307
2.0960980984388136
2.0960983525305585
2.0960985922807764
2.0960986601976033
2.09609883136693
2.096099040706271
2.0960991136001974
2.096099216297272
2.0960992783346506
2.0960993697186385
2.0960994613689468
2.096099516359135
2.09609955587967
2.096099605544737
2.0960996434594183
2.096099666208228
2.0960996832843586
2.096099702146729
2.096099715451206
2.096099723433892
2.0960997296119896
2.0960997376749173
2.09609974306605
2.0960997463007303
2.0960997482415378
2.096099749908864
2.0960997539699893
2.0960997564066637
2.0960997578686684
2.0960997595563593
2.0960997616762866
2.096099762948244
2.096099763711418
2.096099764169322
2.0960997644440655
2.0960997651081543
2.0960997655702767
2.0960997658475495
2.0960997660139133
2.0960997661137317
2.0960997663597913
2.096099766518715
2.096099766614069
2.096099766729457
2.0960997668724564
2.0960997669582553
2.0960997670097354
2.096099767040623
2.096099767101758
2.0960997671648034
2.096099767202631
2.0960997672253274
2.0960997672389454
2.0960997672625443
2.0960997672916615
2.0960997673091315
2.096099767319614
2.0960997673361534
2.096099767348108
2.09609976735528
2.0960997673595836
2.0960997673632042
2.0960997673682087
2.096099767371211
2.096099767373013
2.096099767374094
2.0960997673747426
2.0960997673751316
2.096099767375864
2.0960997673763155
2.0960997673765864
2.0960997673768635
2.0960997673772312
2.096099767377452
2.096099767377585
2.096099767377664
2.0960997673777113
2.09609976737774
2.0960997673777566
2.0960997673778
2.096099767377848
2.096099767377877
2.096099767377895
2.096099767377923
2.096099767377958
2.096099767377979
2.0960997673779915
2.0960997673779995
2.0960997673780195
2.096099767378034
2.096099767378043
2.096099767378049
2.096099767378058
2.096099767378063
2.096099767378067
2.0960997673780697
2.0960997673780724
2.096099767378074
2.096099767378075
2.0960997673780755
2.0960997673780764
2.096099767378077
2.0960997673780772
2.0960997673780772
2.0960997673780777
2.096099767378078
2.096099767378078
2.096099767378078
2.0960997673780786
2.0960997673780786
2.0960997673780786
2.0960997673780786
2.0960997673780786
2.0960997673780786
2.0960997673780786
2.0960997673780786
2.0960997673780786
2.0960997673780786
