8.22203783192487
8.22203783192487
8.22203783192487
8.22203783192487
8.22203783192487
8.22203783192487
8.22203783192487
8.22203783192487
8.22203783192487
8.22203783192487
8.22203783192487
8.22203783192487
8.22203783192487
8.22203783192487
8.22203783192487
8.22203783192487
8.22203783192487
8.22203783192487
8.22203783192487
8.22203783192487
8.22203783192487
8.22203783192487
8.22203783192487
8.22203783192487
8.22203783192487
8.22203783192487
8.22203783192487
8.22203783192487
8.22203783192487
8.22203783192487
8.22203783192487
8.22203783192487
8.22203783192487
8.22203783192487
8.22203783192487
8.22203783192487
8.22203783192487
8.22203783192487
8.22203783192487
8.22203783192487
8.22203783192487
8.22203783192487
8.22203783192487
8.22203783192487
8.22203783192487
8.22203783192487
8.22203783192487
8.22203783192487
8.22203783192487
8.22203783192487
8.22203783192487
8.22203783192487
8.222083198427333
8.222083198427333
8.222083198427333
8.222083198427333
8.222083198427333
8.222083198427333
8.222083198427333
8.222083198427333
8.222083198427333
8.222099672800809
8.222099672800809
8.222099672800809
8.222099672800809
8.222101374470155
8.222101374470155
8.222101374470155
8.222101374470155
8.222109893251808
8.222109893251808
8.22211255756179
8.222114823183524
8.2221262089269
8.2221262089269
8.222128549105328
8.222139023387937
8.222143087288472
8.222146746922471
8.2221497777555
8.222152796093457
8.222154764739587
8.222156207188547
8.222156827557704
8.222157802689512
8.222158602660173
8.22215878044044
8.222158919000048
8.222159573881603
8.22216023356146
8.22216060349291
8.222160859606003
8.22216124077734
8.222161469480156
8.222161606701846
8.222161743078019
8.222161815318165
8.222161860979563
8.22216194040113
8.222161962070047
8.222161967548258
8.22216198159028
8.22216200620101
8.222162012481645
8.22216201964372
8.222162025810798
8.222162034086573
8.222162034086573
8.222162037166356
8.222162040277912
8.222162041851757
8.222162042123715
8.222162042573427
8.222162044073377
8.222162046085904
8.2221620473503
8.22216204844771
8.222162049961433
8.222162050957342
8.222162051554891
8.222162051942085
8.22216205262854
8.222162052982796
8.222162053238156
8.222162053410445
8.22216205349378
8.222162053626285
8.222162053789669
8.222162053887699
8.222162053994097
8.222162054123917
8.222162054201808
8.222162054256085
8.222162054294536
8.222162054332257
8.222162054364802
8.222162054385583
8.222162054399403
8.222162054412518
8.222162054420387
8.222162054425992
8.222162054433833
8.22216205443884
8.222162054441844
8.222162054443643
8.222162054444727
8.222162054445368
8.222162054446356
8.222162054447793
8.222162054448653
8.222162054449168
8.222162054449932
8.222162054450406
8.22216205445066
8.22216205445066
8.22216205445066
8.222162054450811
8.222162054450846
8.222162054450854
8.222162054450862
8.222162054450916
8.222162054450989
8.222162054451037
8.222162054451063
8.222162054451088
8.222162054451116
8.222162054451132
8.222162054451143
8.222162054451152
8.222162054451166
8.22216205445117
8.222162054451177
8.222162054451179
8.22216205445118
8.222162054451186
8.222162054451186
8.222162054451186
8.222162054451191
8.222162054451193
8.222162054451193
8.222162054451193
8.222162054451193
8.222162054451195
8.222162054451195
8.222162054451198
8.222162054451198
8.222162054451198
8.222162054451198
8.222162054451198
8.222162054451198
8.222162054451198
8.222162054451198
8.222162054451198
8.222162054451198
8.222162054451198
8.222162054451198
8.222162054451198
8.222162054451198
8.222162054451198
8.222162054451198
8.222162054451198
8.222162054451198
