2.038261294144026
2.038261294144026
2.038261294144026
2.038261294144026
2.038261294144026
2.038261294144026
2.038261294144026
2.038261294144026
2.038261294144026
2.038261294144026
2.038261294144026
2.038261294144026
2.038261294144026
2.038261294144026
2.038261294144026
2.038261294144026
2.038261294144026
2.038261294144026
2.038261294144026
2.038261294144026
2.038261294144026
2.038261294144026
2.038261294144026
2.038261294144026
2.038261294144026
2.038261294144026
2.038261294144026
2.038261294144026
2.038261294144026
2.038261294144026
2.038261294144026
2.038261294144026
2.038261294144026
2.038261294144026
2.038261294144026
2.0386994598242443
2.0390228782291575
2.039216948747609
2.0393333980709203
2.039403270189543
2.0394451943696335
2.03969970306417
2.03969970306417
2.03969970306417
2.0397319684124477
2.0397766558999293
2.039803468865768
2.039819556815682
2.039829209646981
2.03983565609105
2.0398534363439516
2.039864104556883
2.0398705055066717
2.0398743460844755
2.0398795963965584
2.0398841330281012
2.0398877329858034
2.0398921610358447
2.039893322326799
2.039895441091404
2.039896922144135
2.039898134402845
2.0398994243941164
2.0399014768378763
2.0399027083045844
2.039903697973678
2.0399045050891305
2.039905196310253
2.0399062009943494
2.039906341491546
2.039906961950819
2.039907403101404
2.039907567886177
2.0399076606773745
2.0399078518929556
2.0399080385493606
2.039908164780165
2.0399082049682065
2.039908275756158
2.03990836895093
2.0399084364493896
2.0399084364493896
2.0399084681826074
2.0399084845584716
2.0399084943839907
2.03990850180581
2.039908507905038
2.039908511564573
2.039908513870678
2.0399085175305522
2.0399085217808333
2.039908526187726
2.0399085291036263
2.0399085308531655
2.0399085334703067
2.0399085337910696
2.0399085337910696
2.0399085337910696
2.039908534170104
2.039908534170104
2.039908534262342
2.039908534262342
2.039908534262342
2.039908534262342
2.0399085343088004
2.0399085343088004
2.0399085343088004
2.0399085343088004
2.039908534324033
2.039908534324033
2.039908534324033
2.039908534324033
2.039908534324033
2.039908534333756
2.039908534333756
2.039908534333756
2.0399085343428127
2.0399085343428127
2.0399085343428127
2.0399085343428127
2.039908534344461
2.039908534344461
2.039908534344461
2.039908534344461
2.039908534344461
2.039908534344461
2.039908534344461
2.039908534344461
2.0399085343444754
2.0399085343444754
2.0399085343444754
2.0399085343444754
2.0399085343446965
2.0399085343446965
2.0399085343446965
2.0399085343446965
2.039908534344733
2.0399085343447636
2.0399085343448378
2.039908534344887
2.0399085343449164
2.0399085343449337
2.0399085343449648
2.0399085343449848
2.0399085343449967
2.039908534345009
2.0399085343450225
2.039908534345032
2.0399085343450367
2.039908534345041
2.0399085343450434
2.0399085343450505
2.039908534345054
2.0399085343450563
2.0399085343450594
2.039908534345062
2.039908534345064
2.0399085343450656
2.0399085343450656
2.039908534345067
2.0399085343450674
2.039908534345068
2.0399085343450682
2.0399085343450687
2.0399085343450687
2.0399085343450687
2.0399085343450687
2.0399085343450687
2.0399085343450687
2.0399085343450687
2.0399085343450687
2.0399085343450687
2.0399085343450687
2.0399085343450687
2.0399085343450687
2.0399085343450687
2.0399085343450687
2.0399085343450687
2.0399085343450687
2.0399085343450687
2.0399085343450687
2.0399085343450687
2.0399085343450687
