1.6500933840369176
1.6500933840369176
1.6500933840369176
1.6500933840369176
1.6500933840369176
1.6500933840369176
1.6500933840369176
1.6500933840369176
1.6500933840369176
1.6500933840369176
1.6500933840369176
1.6500933840369176
1.6500933840369176
1.6500933840369176
1.6500933840369176
1.6500933840369176
1.6500933840369176
1.6500933840369176
1.6500933840369176
1.6500933840369176
1.6500933840369176
1.6500933840369176
1.6500933840369176
1.6500933840369176
1.6500933840369176
1.6500933840369176
1.6500933840369176
1.6500933840369176
1.6500933840369176
1.6500933840369176
1.6500933840369176
1.6500933840369176
1.6500933840369176
1.6500933840369176
1.6500933840369176
1.6500933840369176
1.6500933840369176
1.6500933840369176
1.6500933840369176
1.6500933840369176
1.6500933840369176
1.6500933840369176
1.6500933840369176
1.6500933840369176
1.6500933840369176
1.6500933840369176
1.6500933840369176
1.6500933840369176
1.6500933840369176
1.6500951952735274
1.6500951952735274
1.6500951952735274
1.6500980257730233
1.6500980257730233
1.6501001115253993
1.6501001115253993
1.6501001115253993
1.6501017458720635
1.6501030039858569
1.6501037588472436
1.6501042117615963
1.6501044835093148
1.650104915023986
1.6501056416429913
1.650106077612501
1.650106077612501
1.65010639213336
1.6501065634159606
1.6501068444848037
1.6501072497013267
1.6501073028717246
1.6501077127622874
1.6501077127622874
1.6501077127622874
1.6501078911178417
1.650107920602435
1.6501080338928535
1.6501081261709831
1.6501082228118256
1.6501082635800333
1.650108301035806
1.6501083321457126
1.6501083701498562
1.6501084484652369
1.6501084957138576
1.6501085223704346
1.6501085334076278
1.650108536742736
1.6501085380417408
1.6501085439339818
1.6501085465662528
1.6501085489411809
1.650108549960948
1.6501085505728084
1.6501085525949295
1.6501085531583866
1.6501085552488117
1.650108556417609
1.650108557576972
1.6501085581730033
1.65010855885279
1.6501085594487468
1.6501085596845355
1.6501085601087204
1.6501085605847152
1.650108560798784
1.65010856098759
1.6501085611625688
1.650108561279258
1.6501085614179027
1.650108561483815
1.650108561496861
1.650108561557782
1.6501085615907332
1.650108561610528
1.6501085616289084
1.6501085616353794
1.6501085616453433
1.6501085616469493
1.6501085616507685
1.650108561672586
1.650108561672586
1.6501085616777214
1.650108561681861
1.650108561683997
1.650108561683997
1.6501085616870792
1.6501085616870792
1.6501085616870792
1.6501085616870792
1.6501085616900206
1.6501085616900206
1.6501085616900206
1.6501085616900206
1.650108561690557
1.6501085616911346
1.650108561691556
1.6501085616917366
1.6501085616920659
1.6501085616923559
1.6501085616924283
1.6501085616925981
1.6501085616927031
1.6501085616928044
1.6501085616928628
1.650108561692884
1.6501085616929274
1.6501085616929665
1.6501085616929902
1.6501085616930125
1.6501085616930327
1.6501085616930424
1.6501085616930424
1.6501085616930484
1.650108561693056
1.6501085616930586
1.6501085616930595
1.6501085616930606
1.6501085616930624
1.650108561693067
1.6501085616930689
1.6501085616930709
1.6501085616930709
1.650108561693071
1.6501085616930717
1.650108561693072
1.6501085616930722
1.6501085616930722
1.6501085616930722
1.6501085616930724
1.6501085616930724
1.6501085616930726
1.6501085616930726
1.6501085616930726
1.6501085616930726
1.6501085616930729
1.6501085616930729
1.6501085616930729
1.6501085616930729
1.6501085616930729
1.6501085616930729
1.6501085616930729
1.6501085616930729
1.6501085616930729
1.6501085616930729
1.6501085616930729
