1.6267327491353554
1.6267327491353554
1.6267327491353554
1.6267327491353554
1.6267327491353554
1.6267327491353554
1.6267327491353554
1.6267327491353554
1.6267327491353554
1.6267327491353554
1.6267327491353554
1.6267327491353554
1.6267327491353554
1.6267327491353554
1.6267327491353554
1.6267327491353554
1.6267327491353554
1.6267327491353554
1.6267327491353554
1.6267327491353554
1.6267327491353554
1.6267327491353554
1.6267327491353554
1.6267327491353554
1.6267327491353554
1.6267327491353554
1.6267327491353554
1.6267327491353554
1.6267327491353554
1.6267327491353554
1.6267327491353554
1.6267327491353554
1.6267327491353554
1.6267327491353554
1.6267327491353554
1.6267327491353554
1.6267327491353554
1.6267327491353554
1.6267327491353554
1.6267327491353554
1.6267327491353554
1.6267327491353554
1.6267507852435963
1.6267507852435963
1.6267507852435963
1.626763953870332
1.626763953870332
1.626763953870332
1.6267642799654711
1.6267748492479952
1.6267748492479952
1.6267782584584518
1.6267844834162368
1.6267857517510833
1.6267879410476263
1.6267879410476263
1.6267894783699073
1.6267909978615798
1.6267925081852654
1.6267934143809777
1.6267939580989443
1.6267944757969912
1.6267959770987162
1.6267968778812425
1.626797461761108
1.6267980216977707
1.626799318949484
1.6268003327527685
1.6268004140174273
1.6268009098399792
1.6268011133675604
1.626801960022822
1.6268023685531672
1.626802748466437
1.626802748466437
1.6268029770643537
1.6268031532012162
1.6268032731183364
1.626803329876743
1.626803366981206
1.6268034852288622
1.6268036059392652
1.626803678365516
1.6268037218212696
1.6268037534590505
1.6268037950168652
1.6268038293528924
1.6268038499545099
1.6268038623154804
1.6268038853644429
1.626803913383801
1.6268039301954174
1.626803940333844
1.6268039476261669
1.6268039609493543
1.6268039691709832
1.6268039741189304
1.626803978142866
1.6268039851266545
1.6268039893169282
1.6268039918310921
1.6268039933395906
1.6268039942695267
1.626803995833993
1.626803997070757
1.6268039978142033
1.626803998260273
1.6268039990596568
1.6268039996883306
1.6268040000655355
1.6268040002918578
1.626804000738879
1.6268040011255946
1.6268040013576246
1.626804001572894
1.626804001836572
1.626804001994779
1.6268040020897032
1.626804002212286
1.6268040023224275
1.6268040023885122
1.6268040024281638
1.6268040024885253
1.626804002537119
1.6268040025662753
1.6268040025837693
1.6268040026157722
1.6268040026411121
1.6268040026563155
1.6268040026654378
1.6268040026742405
1.6268040026910502
1.626804002701135
1.6268040027071862
1.6268040027108175
1.6268040027205235
1.6268040027287354
1.6268040027336637
1.62680400273662
1.6268040027393826
1.6268040027427597
1.6268040027447868
1.626804002746003
1.6268040027477042
1.6268040027488984
1.6268040027496136
1.6268040027500443
1.6268040027503021
1.626804002750457
1.62680400275077
1.6268040027511708
1.626804002751412
1.6268040027515562
1.6268040027517137
1.6268040027518587
1.626804002751946
1.626804002751998
1.6268040027520523
1.6268040027520971
1.6268040027521236
1.626804002752139
1.6268040027521489
1.6268040027521566
1.6268040027521637
1.626804002752168
1.6268040027521702
1.626804002752172
1.6268040027521748
1.6268040027521766
1.6268040027521775
1.626804002752178
1.6268040027521782
1.6268040027521782
1.6268040027521782
1.6268040027521784
1.6268040027521784
1.6268040027521786
1.6268040027521788
1.6268040027521788
1.6268040027521788
1.6268040027521788
1.6268040027521788
1.6268040027521788
1.6268040027521788
1.6268040027521788
1.6268040027521788
1.6268040027521788
1.6268040027521788
1.6268040027521788
1.6268040027521788
1.6268040027521788
1.6268040027521788
1.6268040027521788
1.6268040027521788
