1.8680473913617632
1.8680473913617632
1.8680473913617632
1.8680473913617632
1.8680473913617632
1.8680473913617632
1.8680473913617632
1.8680473913617632
1.8680473913617632
1.8680473913617632
1.8680473913617632
1.8680473913617632
1.8680473913617632
1.8680473913617632
1.8680473913617632
1.8680473913617632
1.8680473913617632
1.8680473913617632
1.8680473913617632
1.8680473913617632
1.8680473913617632
1.8680473913617632
1.8680473913617632
1.8680473913617632
1.8680473913617632
1.8680473913617632
1.8680473913617632
1.8680473913617632
1.8680473913617632
1.8680473913617632
1.8680473913617632
1.8680473913617632
1.8680473913617632
1.8680473913617632
1.8680473913617632
1.8680473913617632
1.8680473913617632
1.8680473913617632
1.8680473913617632
1.8680473913617632
1.8680473913617632
1.8680473913617632
1.8680473913617632
1.8680473913617632
1.8680473913617632
1.8680473913617632
1.8680473913617632
1.8680473913617632
1.8680473913617632
1.8680473913617632
1.8680473913617632
1.8680473913617632
1.8680473913617632
1.8680473913617632
1.8680473913617632
1.8680473913617632
1.8680473913617632
1.8680473913617632
1.8680473913617632
1.8680473913617632
1.8680473913617632
1.8680473913617632
1.8680483777286476
1.8680483777286476
1.8680483777286476
1.8680483777286476
1.868049183867223
1.8680493773015319
1.8680497530828015
1.8680503277378424
1.8680510295398722
1.8680515340647297
1.868052098490071
1.868052437145169
1.8680527929972772
1.868053225731892
1.8680534995912221
1.8680537004281226
1.8680538977061796
1.8680541303080835
1.8680542382903549
1.86805438214725
1.868054438580312
1.8680545083561113
1.8680545899429535
1.8680546532473634
1.868054687465891
1.8680547096358402
1.8680547417085156
1.8680547701831807
1.8680547897453592
1.8680548068073801
1.8680548214993675
1.8680548325806454
1.8680548417352494
1.8680548472280112
1.8680548538115842
1.8680548592137796
1.8680548624550959
1.8680548643998862
1.8680548673729864
1.8680548699594421
1.868054871511315
1.868054872442439
1.8680548735117637
1.8680548745015009
1.8680548751082144
1.8680548754722428
1.868054875731502
1.8680548761611595
1.8680548764735176
1.8680548766609328
1.8680548767733833
1.8680548769153045
1.8680548770482575
1.8680548771280292
1.8680548771915793
1.868054877233485
1.8680548772741645
1.8680548773049757
1.8680548773240335
1.8680548773407255
1.8680548773520724
1.8680548773588799
1.8680548773644499
1.8680548773669288
1.8680548773733214
1.8680548773772223
1.868054877380792
1.8680548773822447
1.8680548773849184
1.86805487738682
1.8680548773876355
1.8680548773889154
1.868054877389487
1.8680548773908838
1.8680548773917223
1.8680548773922256
1.8680548773929602
1.868054877393705
1.868054877394151
1.8680548773944197
1.8680548773947878
1.868054877395313
1.868054877395553
1.8680548773957428
1.8680548773957428
1.8680548773958259
1.8680548773959815
1.8680548773961212
1.8680548773962566
1.8680548773962922
1.868054877396337
1.8680548773964376
1.8680548773965095
1.8680548773965437
1.8680548773965702
1.8680548773965702
1.8680548773965842
1.8680548773965868
1.8680548773965955
1.868054877396604
1.8680548773966095
1.868054877396614
1.868054877396622
1.86805487739663
1.868054877396636
1.86805487739664
1.8680548773966423
1.8680548773966492
1.8680548773966548
1.8680548773966574
1.8680548773966592
1.8680548773966625
1.8680548773966643
1.8680548773966656
1.868054877396667
1.8680548773966676
1.8680548773966685
1.8680548773966685
1.8680548773966688
1.8680548773966694
1.8680548773966694
1.8680548773966694
1.8680548773966696
1.8680548773966696
1.8680548773966696
1.8680548773966699
1.8680548773966699
1.8680548773966699
1.8680548773966699
1.8680548773966699
1.8680548773966699
