2.069232991840484
2.069232991840484
2.069232991840484
2.069232991840484
2.069232991840484
2.069232991840484
2.069232991840484
2.069232991840484
2.069232991840484
2.069232991840484
2.069232991840484
2.069232991840484
2.069232991840484
2.069232991840484
2.069232991840484
2.069232991840484
2.069232991840484
2.069232991840484
2.069232991840484
2.069232991840484
2.069232991840484
2.069232991840484
2.069232991840484
2.069232991840484
2.069232991840484
2.069232991840484
2.069232991840484
2.069232991840484
2.069232991840484
2.069232991840484
2.069232991840484
2.069232991840484
2.069232991840484
2.069232991840484
2.069232991840484
2.069232991840484
2.069232991840484
2.069232991840484
2.069232991840484
2.069232991840484
2.069232991840484
2.069232991840484
2.069232991840484
2.069232991840484
2.069232991840484
2.069232991840484
2.069232991840484
2.069232991840484
2.069232991840484
2.069232991840484
2.069232991840484
2.0692445421712806
2.0692445421712806
2.0692445421712806
2.0692445421712806
2.0692445421712806
2.0692445421712806
2.069244898312776
2.0692456558834853
2.0692456558834853
2.069247167625061
2.0692487790181073
2.069249745854865
2.0692503633627752
2.0692519853660767
2.069253757862977
2.069254821362049
2.069256051237376
2.069256125290579
2.0692572887899914
2.0692583579775747
2.069258999490484
2.0692600460893655
2.069260269974211
2.069260832937709
2.0692612114301623
2.069261450349373
2.069261833439587
2.0692619163664605
2.06926217984387
2.069262291594735
2.0692623925502067
2.069262436334856
2.069262463145316
2.0692625060257828
2.069262527848571
2.0692625354497483
2.0692625477601454
2.0692625595139145
2.069262567975048
2.0692625734809376
2.069262588263412
2.069262593946347
2.069262601408342
2.0692626030582346
2.0692626030582346
2.0692626058104313
2.0692626058104313
2.0692626062660104
2.0692626062660104
2.0692626062660104
2.0692626070876305
2.0692626078398857
2.0692626078398857
2.0692626078398857
2.0692626080805256
2.0692626080805256
2.0692626080805256
2.0692626080805256
2.069262608138754
2.069262608138754
2.069262608138754
2.069262608138754
2.0692626081509884
2.0692626081509884
2.0692626081509884
2.0692626081509884
2.069262608156966
2.0692626081668184
2.0692626081668184
2.0692626081668184
2.0692626081748093
2.0692626081748093
2.0692626081761967
2.06926260817819
2.0692626081803245
2.0692626081831014
2.0692626081847676
2.0692626081863046
2.069262608186857
2.069262608187837
2.0692626081881493
2.0692626081885774
2.0692626081888337
2.0692626081888816
2.069262608188984
2.069262608189073
2.069262608189139
2.06926260818922
2.0692626081892747
2.0692626081893075
2.069262608189327
2.0692626081893772
2.0692626081894625
2.0692626081895154
2.0692626081895473
2.0692626081895664
2.069262608189577
2.06926260818959
2.0692626081896113
2.0692626081896264
2.069262608189636
2.069262608189641
2.0692626081896446
2.069262608189652
2.069262608189657
2.0692626081896597
2.0692626081896615
2.0692626081896623
2.069262608189664
2.0692626081896663
2.069262608189668
2.069262608189669
2.0692626081896703
2.0692626081896712
2.069262608189672
2.0692626081896726
2.0692626081896726
2.069262608189673
2.0692626081896734
2.069262608189674
2.069262608189674
2.069262608189674
2.069262608189674
2.069262608189674
2.069262608189674
2.069262608189674
2.069262608189674
2.069262608189674
2.069262608189674
2.069262608189674
2.069262608189674
2.069262608189674
2.069262608189674
2.069262608189674
2.069262608189674
2.069262608189674
2.069262608189674
2.069262608189674
2.069262608189674
2.069262608189674
