2.160600720372396
2.160600720372396
2.160600720372396
2.160600720372396
2.160600720372396
2.160600720372396
2.160600720372396
2.160600720372396
2.160600720372396
2.160600720372396
2.160600720372396
2.160600720372396
2.160600720372396
2.160600720372396
2.160600720372396
2.160600720372396
2.160600720372396
2.160600720372396
2.160600720372396
2.160600720372396
2.160600720372396
2.160600720372396
2.160600720372396
2.160600720372396
2.160600720372396
2.160600720372396
2.160600720372396
2.160600720372396
2.160600720372396
2.160600720372396
2.160600720372396
2.160600720372396
2.160600720372396
2.160600720372396
2.160600720372396
2.160600720372396
2.160600720372396
2.160600720372396
2.160600720372396
2.160600720372396
2.160600720372396
2.160600720372396
2.160600720372396
2.160600720372396
2.160600720372396
2.160600720372396
2.160600720372396
2.160600720372396
2.160600720372396
2.160600720372396
2.160600720372396
2.160600720372396
2.160600720372396
2.160605668297809
2.160605668297809
2.160605668297809
2.160612415775626
2.160612415775626
2.160612415775626
2.1606161236879795
2.1606175121289746
2.1606181627044045
2.160619812619141
2.160621077147093
2.1606218358635134
2.1606222910932393
2.1606227096355273
2.160623305656594
2.1606236260591056
2.160623938432774
2.160624142937885
2.1606242831888958
2.1606244372709345
2.1606245243768085
2.1606246667489653
2.160624706494105
2.160624759189681
2.1606248004682556
2.1606248292582944
2.160624854221624
2.160624855507686
2.160624864800898
2.160624882881634
2.160624889230906
2.160624893791803
2.1606248956776617
2.1606249028503055
2.160624911206077
2.160624916450621
2.1606249195973457
2.1606249214853817
2.1606249226182026
2.160624923297896
2.16062492420898
2.1606249271205415
2.1606249288674793
2.1606249299366818
2.1606249308855294
2.160624931756306
2.160624932599966
2.160624932986858
2.1606249333517455
2.1606249336462886
2.1606249338563615
2.1606249340384975
2.1606249341328216
2.1606249342645465
2.1606249343159027
2.1606249343743213
2.160624934410733
2.1606249344401767
2.160624934467988
2.160624934485444
2.160624934496371
2.160624934515463
2.160624934527999
2.1606249345355204
2.1606249345355204
2.160624934538523
2.1606249345459885
2.16062493455075
2.160624934554328
2.160624934555748
2.1606249345585478
2.160624934560884
2.160624934562286
2.160624934563482
2.1606249345649045
2.160624934565853
2.160624934566423
2.160624934566772
2.160624934566986
2.1606249345671666
2.160624934567415
2.160624934567572
2.160624934567666
2.1606249345677235
2.1606249345677564
2.1606249345677773
2.1606249345678097
2.1606249345678643
2.1606249345678976
2.1606249345679176
2.1606249345679314
2.1606249345679527
2.160624934567967
2.1606249345679758
2.160624934567982
2.160624934567988
2.160624934567993
2.1606249345679958
2.1606249345679966
2.160624934567998
2.1606249345679998
2.160624934568
2.160624934568001
2.160624934568002
2.160624934568002
2.160624934568003
2.1606249345680033
2.1606249345680033
2.1606249345680033
2.1606249345680038
2.160624934568004
2.160624934568004
2.160624934568004
2.160624934568004
2.160624934568004
2.1606249345680046
2.1606249345680046
2.1606249345680046
2.1606249345680046
2.1606249345680046
2.1606249345680046
2.1606249345680046
2.1606249345680046
2.1606249345680046
2.1606249345680046
2.1606249345680046
2.1606249345680046
2.1606249345680046
2.1606249345680046
