1.6585483936857937
1.6585483936857937
1.6585483936857937
1.6585483936857937
1.6585483936857937
1.6585483936857937
1.6585483936857937
1.6585483936857937
1.6585483936857937
1.6585483936857937
1.6585483936857937
1.6585483936857937
1.6585483936857937
1.6585483936857937
1.6585483936857937
1.6585483936857937
1.6585483936857937
1.6585483936857937
1.6585483936857937
1.6585483936857937
1.6585483936857937
1.6585483936857937
1.6585483936857937
1.6585483936857937
1.6585483936857937
1.6585483936857937
1.6585483936857937
1.6585483936857937
1.6585483936857937
1.6585483936857937
1.6585483936857937
1.6585483936857937
1.6585483936857937
1.6585483936857937
1.6585483936857937
1.6585483936857937
1.6585483936857937
1.6585483936857937
1.6585483936857937
1.6585483936857937
1.6585483936857937
1.6585483936857937
1.6585483936857937
1.6585483936857937
1.6585483936857937
1.6585483936857937
1.6585538903433819
1.6585538903433819
1.6585538903433819
1.6585538903433819
1.6585561661412678
1.6585561661412678
1.6585561661412678
1.6585562483170389
1.6585566851138518
1.6585567300507333
1.6585567300507333
1.6585568499292225
1.6585568499292225
1.6585568499292225
1.6585568499292225
1.6585569577833483
1.6585569686228168
1.6585569686228168
1.6585570074940608
1.6585570335467625
1.6585571237017498
1.658557416636234
1.6585576466237781
1.6585577846163264
1.6585580489280194
1.6585580728215934
1.6585584313975745
1.6585586731399395
1.6585588181853654
1.6585590380353838
1.6585590547213602
1.658559119781825
1.6585591705640443
1.6585592064403611
1.658559221087454
1.6585592689459958
1.6585592794548907
1.6585593040893323
1.6585593153740759
1.6585593410028665
1.6585593482339667
1.6585593606631188
1.6585593682383468
1.6585593738396815
1.6585593789778879
1.6585593832286227
1.6585593865893205
1.6585593896186197
1.6585593914361991
1.6585593925267466
1.6585593935749647
1.658559394434442
1.6585593949501283
1.658559395282845
1.6585593955804916
1.6585593958069456
1.6585593963590917
1.6585593963868146
1.6585593965909466
1.6585593966608152
1.6585593967869399
1.6585593968373205
1.6585593968799492
1.6585593969461256
1.6585593969461256
1.6585593969531398
1.6585593969696442
1.6585593969949495
1.6585593969949495
1.6585593970061374
1.6585593970092143
1.6585593970162409
1.6585593970165224
1.6585593970199253
1.658559397021967
1.6585593970252097
1.6585593970283754
1.6585593970348433
1.6585593970364703
1.6585593970389014
1.658559397040456
1.658559397040905
1.6585593970413683
1.6585593970420223
1.6585593970421706
1.6585593970424402
1.658559397042484
1.658559397042484
1.658559397042607
1.658559397042698
1.6585593970429147
1.658559397042953
1.6585593970430597
1.6585593970430637
1.6585593970431056
1.65855939704313
1.6585593970431618
1.6585593970432146
1.65855939704323
1.6585593970432728
1.6585593970433061
1.658559397043321
1.658559397043345
1.6585593970433694
1.6585593970433794
1.6585593970433858
1.658559397043406
1.658559397043419
1.6585593970434294
1.6585593970434367
1.6585593970434416
1.6585593970434416
1.6585593970434478
1.6585593970434491
1.6585593970434491
1.6585593970434498
1.6585593970434507
1.6585593970434511
1.6585593970434513
1.6585593970434522
1.6585593970434527
1.6585593970434531
1.6585593970434533
1.6585593970434538
1.658559397043454
1.6585593970434542
1.6585593970434542
1.6585593970434545
1.6585593970434545
1.6585593970434545
1.6585593970434547
1.6585593970434547
1.6585593970434547
1.6585593970434547
1.6585593970434547
1.6585593970434547
1.6585593970434547
1.6585593970434547
1.6585593970434547
1.6585593970434547
1.6585593970434547
