1.722049764122662
1.722049764122662
1.722049764122662
1.722049764122662
1.722049764122662
1.722049764122662
1.722049764122662
1.722049764122662
1.722049764122662
1.722049764122662
1.722049764122662
1.722049764122662
1.722049764122662
1.722049764122662
1.722049764122662
1.722049764122662
1.722049764122662
1.722049764122662
1.722049764122662
1.722049764122662
1.722049764122662
1.722049764122662
1.722049764122662
1.722049764122662
1.722049764122662
1.722049764122662
1.722049764122662
1.722049764122662
1.722049764122662
1.722049764122662
1.722049764122662
1.722049764122662
1.722049764122662
1.722049764122662
1.722049764122662
1.722049764122662
1.722049764122662
1.722049764122662
1.722049764122662
1.722049764122662
1.722049764122662
1.722049764122662
1.722049764122662
1.722049764122662
1.722049764122662
1.722049764122662
1.722049764122662
1.722049764122662
1.722049764122662
1.722049764122662
1.7220516696126025
1.7220516696126025
1.7220516696126025
1.7220534886628314
1.7220534886628314
1.7220534886628314
1.7220534886628314
1.7220548152607051
1.722054883121837
1.7220555365526167
1.7220557789773352
1.7220563353974967
1.7220566174316725
1.72205686686193
1.7220572477321066
1.7220576015763398
1.7220579155194273
1.7220580949286335
1.7220583195992831
1.7220584350792107
1.7220585788025884
1.7220587211122713
1.7220588064980826
1.7220588577295706
1.722058932011906
1.722059004431736
1.7220590200174875
1.722059050394522
1.7220590662608024
1.7220590827395534
1.7220590926268036
1.7220590985591542
1.7220591094484696
1.7220591094484696
1.722059114044745
1.7220591210288296
1.7220591252192798
1.7220591279591677
1.7220591296406327
1.722059132336911
1.7220591332384574
1.7220591344626943
1.7220591355182497
1.7220591362763342
1.722059136731185
1.7220591370040959
1.722059137607063
1.7220591378579804
1.7220591382304737
1.7220591384425918
1.722059138584144
1.7220591387165012
1.7220591388504582
1.722059138858403
1.722059138904481
1.7220591390042008
1.7220591390640323
1.7220591390873843
1.7220591391333087
1.7220591391657045
1.7220591391866753
1.7220591392012796
1.7220591392148972
1.72205913922747
1.7220591392350137
1.7220591392421423
1.7220591392469884
1.7220591392506024
1.7220591392535993
1.722059139255293
1.7220591392571964
1.7220591392580737
1.7220591392587075
1.7220591392596296
1.7220591392602458
1.7220591392608142
1.722059139260862
1.7220591392611035
1.7220591392612874
1.722059139261464
1.7220591392614952
1.722059139261515
1.7220591392615263
1.7220591392615676
1.7220591392616877
1.72205913926173
1.7220591392617908
1.7220591392617908
1.7220591392617908
1.7220591392618032
1.7220591392618128
1.7220591392618165
1.7220591392618203
1.7220591392618263
1.7220591392618332
1.7220591392618458
1.7220591392618507
1.7220591392618545
1.7220591392618572
1.7220591392618585
1.7220591392618596
1.7220591392618605
1.7220591392618612
1.7220591392618618
1.7220591392618625
1.7220591392618634
1.7220591392618634
1.7220591392618636
1.7220591392618636
1.7220591392618636
1.7220591392618636
1.7220591392618636
1.7220591392618636
1.7220591392618636
1.7220591392618636
1.7220591392618636
1.7220591392618636
1.7220591392618636
1.7220591392618636
1.7220591392618636
1.7220591392618636
1.7220591392618636
1.7220591392618636
1.7220591392618636
1.7220591392618636
1.7220591392618636
1.7220591392618636
1.7220591392618636
1.7220591392618636
1.7220591392618636
1.7220591392618636
1.7220591392618636
