1.907684505688323
1.907684505688323
1.907684505688323
1.907684505688323
1.907684505688323
1.907684505688323
1.907684505688323
1.907684505688323
1.907684505688323
1.907684505688323
1.907684505688323
1.907684505688323
1.907684505688323
1.907684505688323
1.907684505688323
1.907684505688323
1.907684505688323
1.907684505688323
1.907684505688323
1.907684505688323
1.907684505688323
1.907684505688323
1.907684505688323
1.907684505688323
1.907684505688323
1.907684505688323
1.907684505688323
1.907684505688323
1.907684505688323
1.907684505688323
1.907684505688323
1.907684505688323
1.907684505688323
1.907684505688323
1.907684505688323
1.907684505688323
1.907684505688323
1.907684505688323
1.907684505688323
1.907684505688323
1.907684505688323
1.907684505688323
1.907684505688323
1.907684505688323
1.907684505688323
1.907684505688323
1.907684505688323
1.907684505688323
1.907684505688323
1.907684505688323
1.907684505688323
1.907684505688323
1.907684505688323
1.907684505688323
1.907684505688323
1.907684505688323
1.907684505688323
1.907684505688323
1.907684505688323
1.907684736589455
1.9076856179833985
1.9076865592752554
1.9076871240506459
1.9076874629159808
1.9076876662352173
1.9076877882267715
1.90768786142171
1.9076882842795657
1.9076887268723168
1.9076890818719026
1.9076894131132338
1.90768946245325
1.9076897549396465
1.9076898167067284
1.9076898537669793
1.9076899718340485
1.9076900385837499
1.9076900856941357
1.9076900981045848
1.9076901270049185
1.907690139192767
1.907690155285618
1.907690163528967
1.907690170853945
1.9076901757536435
1.9076901824780697
1.9076901865127258
1.9076901897858805
1.9076901908012904
1.9076901915046043
1.9076901919792775
1.9076901947009848
1.9076901961243073
1.9076901969801259
1.9076901980896912
1.9076901994317048
1.9076902003381078
1.9076902009085208
1.907690201336638
1.9076902018891513
1.9076902021435995
1.907690202369719
1.9076902025521227
1.907690202615878
1.9076902029316902
1.9076902030971865
1.907690203199254
1.907690203199254
1.907690203199254
1.9076902032467613
1.907690203252573
1.9076902032600656
1.9076902032672003
1.9076902032736474
1.9076902032852552
1.9076902032989858
1.907690203309142
1.9076902033201661
1.9076902033301653
1.9076902033365188
1.9076902033405887
1.907690203343628
1.9076902033502088
1.9076902033541572
1.9076902033565397
1.9076902033580259
1.90769020335892
1.9076902033600132
1.9076902033616296
1.9076902033625998
1.9076902033631908
1.9076902033635477
1.907690203363941
1.9076902033646608
1.9076902033650964
1.9076902033653589
1.9076902033655176
1.9076902033656529
1.9076902033658074
1.9076902033659016
1.9076902033659584
1.9076902033659924
1.907690203366042
1.9076902033661036
1.907690203366141
1.9076902033661631
1.9076902033662033
1.9076902033662277
1.9076902033662426
1.9076902033662517
1.907690203366257
1.907690203366264
1.9076902033662693
1.9076902033662728
1.9076902033662753
1.9076902033662788
1.907690203366281
1.907690203366282
1.9076902033662833
1.9076902033662844
1.9076902033662857
1.9076902033662864
1.9076902033662864
1.9076902033662877
1.9076902033662877
1.907690203366288
1.907690203366288
1.907690203366288
1.907690203366288
1.907690203366288
1.907690203366288
1.907690203366288
1.907690203366288
1.907690203366288
1.907690203366288
1.907690203366288
1.907690203366288
1.907690203366288
1.907690203366288
1.907690203366288
1.907690203366288
