2.143255625122085
2.143255625122085
2.143255625122085
2.143255625122085
2.143255625122085
2.143255625122085
2.143255625122085
2.143255625122085
2.143255625122085
2.143255625122085
2.143255625122085
2.143255625122085
2.143255625122085
2.143255625122085
2.143255625122085
2.143255625122085
2.143255625122085
2.143255625122085
2.143255625122085
2.143255625122085
2.143255625122085
2.143255625122085
2.143255625122085
2.143255625122085
2.143255625122085
2.143255625122085
2.143255625122085
2.143255625122085
2.143255625122085
2.143255625122085
2.143255625122085
2.143255625122085
2.143255625122085
2.143255625122085
2.143255625122085
2.143255625122085
2.143255625122085
2.143255625122085
2.143255625122085
2.143255625122085
2.143255625122085
2.143255625122085
2.143255625122085
2.143255625122085
2.143255625122085
2.143255625122085
2.143255625122085
2.143255625122085
2.143255625122085
2.143255625122085
2.143255625122085
2.143255625122085
2.143255625122085
2.1432577463066864
2.1432577463066864
2.1432577463066864
2.1432593217652833
2.143259921628077
2.1432613708259303
2.1432622403451402
2.1432627620568456
2.143263402166693
2.1432640474465967
2.1432646419464363
2.143265336077029
2.143265570877223
2.143265618177669
2.1432657468880487
2.143266029270015
2.1432661562471838
2.1432661648815032
2.1432662690398074
2.143266343521888
2.143266406942217
2.1432664551314975
2.1432664788036124
2.1432664862550315
2.1432665202338415
2.143266553980806
2.143266553980806
2.143266563074526
2.143266575374482
2.1432665807500846
2.143266586945184
2.1432665919512397
2.1432665962543656
2.143266599349269
2.1432666018668214
2.143266604462872
2.1432666065625194
2.143266607656052
2.1432666086764995
2.143266609111119
2.1432666092300705
2.1432666097596
2.1432666097936215
2.143266610131263
2.1432666103125864
2.1432666103125864
2.1432666103125864
2.143266610421957
2.1432666104807088
2.1432666105127334
2.143266610515315
2.143266610526915
2.1432666105359455
2.1432666105383666
2.1432666105537654
2.143266610563722
2.1432666105990212
2.1432666105990212
2.1432666106169833
2.143266610629791
2.143266610644746
2.143266610652129
2.143266610670679
2.14326661068181
2.1432666106884883
2.1432666106884883
2.1432666106884883
2.1432666106908154
2.1432666106934404
2.1432666106947242
2.1432666106947242
2.1432666106947242
2.1432666106952656
2.143266610696563
2.143266610697371
2.1432666106978555
2.143266610698779
2.143266610699335
2.1432666106999476
2.1432666107004295
2.1432666107006764
2.1432666107008225
2.1432666107011498
2.143266610701152
2.1432666107013256
2.1432666107013882
2.143266610701494
2.143266610701494
2.143266610701549
2.143266610701579
2.1432666107015965
2.14326661070161
2.143266610701623
2.1432666107016383
2.143266610701645
2.143266610701649
2.143266610701657
2.14326661070166
2.1432666107016676
2.1432666107016725
2.1432666107016747
2.143266610701676
2.143266610701676
2.1432666107016765
2.1432666107016773
2.1432666107016773
2.1432666107016773
2.143266610701678
2.143266610701678
2.143266610701678
2.143266610701678
2.143266610701678
2.143266610701678
2.143266610701678
2.143266610701678
2.143266610701678
2.143266610701678
2.143266610701678
2.143266610701678
2.143266610701678
2.143266610701678
2.143266610701678
2.143266610701678
2.143266610701678
2.143266610701678
2.143266610701678
2.143266610701678
2.143266610701678
