1.8213695889068116
1.8213695889068116
1.8213695889068116
1.8213695889068116
1.8213695889068116
1.8213695889068116
1.8213695889068116
1.8213695889068116
1.8213695889068116
1.8213695889068116
1.8213695889068116
1.8213695889068116
1.8213695889068116
1.8213695889068116
1.8213695889068116
1.8213695889068116
1.8213695889068116
1.8213695889068116
1.8213695889068116
1.8213695889068116
1.8213695889068116
1.8213695889068116
1.8213695889068116
1.8213695889068116
1.8213695889068116
1.8213695889068116
1.8213695889068116
1.8213695889068116
1.8213695889068116
1.8213695889068116
1.8213695889068116
1.8213695889068116
1.8213695889068116
1.8213695889068116
1.8213695889068116
1.8213695889068116
1.8213695889068116
1.8213695889068116
1.8213695889068116
1.8213695889068116
1.8213695889068116
1.8213695889068116
1.8213695889068116
1.8213695889068116
1.8213695889068116
1.8213695889068116
1.8213695889068116
1.8213695889068116
1.8213695889068116
1.8213695889068116
1.8213695889068116
1.8213695889068116
1.8213695889068116
1.8213695889068116
1.8213714502958593
1.8213714502958593
1.8213714502958593
1.8213714502958593
1.8213732839026349
1.8213749389794178
1.8213759320251874
1.8213772591076816
1.8213774345599456
1.8213776174938476
1.8213778987418412
1.8213780674906395
1.8213789998617596
1.8213789998617596
1.8213795103000665
1.8213798903871408
1.8213801707302826
1.8213802965218666
1.8213804520753212
1.821380689038059
1.821380848404662
1.8213809461583035
1.8213810048104893
1.821381198972597
1.8213813131140606
1.8213813875799845
1.8213814245623265
1.8213814245623265
1.8213814245623265
1.8213814428827209
1.8213814428827209
1.8213814428827209
1.8213814428827209
1.8213814428827209
1.8213814429041104
1.8213814479553196
1.8213814479553196
1.8213814479553196
1.8213814514330333
1.8213814520649607
1.821381452813786
1.8213814532630817
1.8213814547609757
1.821381457112217
1.8213814586417185
1.8213814595594193
1.82138146011004
1.8213814604404124
1.8213814606386356
1.8213814610587744
1.8213814614034631
1.821381461707256
1.8213814618895319
1.8213814620875282
1.8213814622432702
1.8213814623489744
1.8213814624351168
1.821381462524586
1.8213814625787401
1.8213814626253226
1.8213814626622462
1.8213814626880596
1.8213814627073752
1.8213814627238663
1.8213814627401288
1.82138146275026
1.8213814627563387
1.8213814627599856
1.8213814627632512
1.8213814627690594
1.8213814627729423
1.8213814627752842
1.821381462776689
1.8213814627793743
1.821381462781619
1.821381462782966
1.821381462783924
1.8213814627852323
1.8213814627860563
1.8213814627865506
1.8213814627868468
1.8213814627873357
1.821381462787861
1.8213814627881761
1.8213814627883653
1.8213814627886056
1.821381462788869
1.8213814627890268
1.821381462789122
1.821381462789179
1.8213814627892126
1.8213814627892582
1.8213814627892877
1.8213814627893055
1.8213814627893166
1.8213814627893252
1.8213814627893345
1.821381462789341
1.8213814627893445
1.8213814627893468
1.8213814627893485
1.8213814627893499
1.8213814627893505
1.8213814627893514
1.8213814627893514
1.821381462789352
1.8213814627893528
1.8213814627893528
1.8213814627893528
1.8213814627893528
1.8213814627893528
1.8213814627893528
1.8213814627893528
1.8213814627893528
1.8213814627893528
1.8213814627893528
1.8213814627893528
1.8213814627893528
1.8213814627893528
1.8213814627893528
1.8213814627893528
1.8213814627893528
1.8213814627893528
1.8213814627893528
1.8213814627893528
1.8213814627893528
1.8213814627893528
1.8213814627893528
1.8213814627893528
