2.701914563637115
2.701914563637115
2.701914563637115
2.701914563637115
2.701914563637115
2.701914563637115
2.701914563637115
2.701914563637115
2.701914563637115
2.701914563637115
2.701914563637115
2.701914563637115
2.701914563637115
2.701914563637115
2.701914563637115
2.701914563637115
2.701914563637115
2.701914563637115
2.701914563637115
2.701914563637115
2.701914563637115
2.701914563637115
2.701914563637115
2.701914563637115
2.701914563637115
2.701914563637115
2.701914563637115
2.701914563637115
2.701914563637115
2.701914563637115
2.701914563637115
2.701914563637115
2.701914563637115
2.701914563637115
2.701914563637115
2.701914563637115
2.701914563637115
2.701914563637115
2.701914563637115
2.701914563637115
2.701914563637115
2.701914563637115
2.701914563637115
2.701914563637115
2.701914563637115
2.701914563637115
2.701914563637115
2.701914563637115
2.701914563637115
2.701914563637115
2.701914563637115
2.701914563637115
2.701914563637115
2.701914563637115
2.701914563637115
2.701914563637115
2.701914563637115
2.701914563637115
2.701914563637115
2.701914563637115
2.701914563637115
2.701914563637115
2.701914563637115
2.701914563637115
2.701914563637115
2.7019205674139015
2.701929038783875
2.701929038783875
2.701929038783875
2.701930705865876
2.70193082789786
2.70193082789786
2.7019316862340093
2.701932665439895
2.701935027730866
2.7019372272892115
2.7019381422451274
2.7019400885484304
2.701941108022206
2.7019419995405873
2.701942874709295
2.701943095905739
2.7019434311052075
2.701943808624262
2.701943994877134
2.7019443150726272
2.70194448513096
2.701944718455914
2.7019449088970937
2.701945063081927
2.7019451473616045
2.701945251282135
2.701945296037494
2.701945348238477
2.701945364971494
2.7019453927282298
2.701945420432741
2.7019454424149143
2.7019454508347396
2.7019454629953077
2.7019454766952653
2.701945482246874
2.701945482246874
2.701945488760189
2.7019454918351022
2.701945493283816
2.7019454941530423
2.70194549467458
2.7019454952411537
2.7019454968246897
2.70194549821225
2.7019454993831697
2.7019455002306434
2.7019455008689306
2.7019455014234643
2.7019455015929634
2.7019455018994116
2.701945502077596
2.7019455023130217
2.701945502521632
2.7019455026467973
2.701945502721896
2.7019455028151556
2.7019455028151556
2.7019455028151556
2.7019455028151556
2.7019455028518418
2.7019455028518418
2.7019455028518418
2.7019455028518418
2.7019455028518418
2.701945502855308
2.701945502855308
2.701945502855308
2.701945502856202
2.701945502856204
2.701945502856207
2.701945502856208
2.7019455028562085
2.7019455028580417
2.701945502858794
2.701945502858794
2.701945502858794
2.701945502859177
2.7019455028595014
2.7019455028595334
2.7019455028595534
2.701945502859565
2.7019455028601076
2.7019455028603305
2.7019455028603305
2.7019455028603305
2.7019455028604353
2.7019455028604655
2.7019455028604655
2.7019455028604655
2.7019455028605566
2.70194550286062
2.70194550286062
2.70194550286062
2.701945502860663
2.701945502860674
2.7019455028606973
2.701945502860701
2.701945502860707
2.7019455028607196
2.7019455028607275
2.7019455028607275
2.7019455028607275
2.7019455028607315
2.701945502860733
2.7019455028607338
2.7019455028607338
2.7019455028607338
2.701945502860734
2.701945502860734
2.701945502860734
2.701945502860734
2.701945502860734
2.701945502860734
2.701945502860734
2.701945502860734
2.701945502860734
2.701945502860734
2.701945502860734
2.701945502860734
2.701945502860734
2.701945502860734
2.701945502860734
2.701945502860734
2.701945502860734
2.701945502860734
2.701945502860734
2.701945502860734
2.701945502860734
2.701945502860734
2.701945502860734
2.701945502860734
2.701945502860734
2.701945502860734
