3.267543032714494
3.267543032714494
3.267543032714494
3.267543032714494
3.267543032714494
3.267543032714494
3.267543032714494
3.267543032714494
3.267543032714494
3.267543032714494
3.267543032714494
3.267543032714494
3.267543032714494
3.267543032714494
3.267543032714494
3.267543032714494
3.267543032714494
3.267543032714494
3.267543032714494
3.267543032714494
3.267543032714494
3.267543032714494
3.267543032714494
3.267543032714494
3.267543032714494
3.267543032714494
3.267543032714494
3.267543032714494
3.267543032714494
3.267543032714494
3.267543032714494
3.267543032714494
3.267543032714494
3.267543032714494
3.267543032714494
3.267543032714494
3.267543032714494
3.267543032714494
3.267543032714494
3.267543032714494
3.267543032714494
3.267543032714494
3.267543032714494
3.267543032714494
3.267543032714494
3.267543032714494
3.267543032714494
3.267543032714494
3.267543032714494
3.267543032714494
3.267543032714494
3.267543032714494
3.267543032714494
3.267543032714494
3.267543032714494
3.267543032714494
3.267543032714494
3.267543032714494
3.267543032714494
3.267543032714494
3.267543032714494
3.2675462199475294
3.267560503065132
3.267560503065132
3.267560503065132
3.2675687760616996
3.2675687760616996
3.2675687760616996
3.2675687760616996
3.267572493792404
3.2675742550658877
3.267577815295349
3.26758001111357
3.267581328605109
3.267585485827878
3.267588780940099
3.2675907580068286
3.267592031335498
3.267594487619773
3.2675961820607973
3.2675976381024623
3.2675986228703047
3.267599028814017
3.2675997209657
3.267600113147831
3.267600650012556
3.2676007229567814
3.2676011081104224
3.26760136432352
3.2676014749228317
3.2676016612395307
3.2676016940150863
3.267601762432956
3.267601814646257
3.267601871486937
3.2676018777819618
3.2676019123985762
3.2676019281305937
3.2676019643571856
3.2676019740135698
3.267601989081892
3.267602006255139
3.2676020258333125
3.2676020375802137
3.2676020440319204
3.2676020497842337
3.267602059000516
3.2676020638968204
3.2676020668346015
3.267602068597273
3.267602070672476
3.2676020710682847
3.267602077627867
3.2676020819907543
3.2676020846084888
3.267602086684977
3.2676020902729643
3.2676020925075604
3.267602093909405
3.2676020946622333
3.2676020951505844
3.267602095676042
3.2676020961142016
3.267602096135172
3.267602096253075
3.267602096343438
3.2676020964855454
3.2676020966597594
3.2676020967384196
3.2676020967748305
3.267602096821002
3.2676020968504775
3.2676020968672166
3.267602096895195
3.267602096896525
3.2676020969137407
3.267602096924285
3.267602096931544
3.267602096936568
3.2676020969387842
3.2676020969485053
3.2676020969538606
3.267602096957821
3.2676020969602626
3.2676020969645654
3.267602096967136
3.2676020969686803
3.2676020969696054
3.2676020969701605
3.2676020969705055
3.2676020969711774
3.267602096971663
3.2676020969719684
3.26760209697232
3.2676020969725417
3.2676020969727695
3.2676020969729596
3.267602096973007
3.2676020969730555
3.2676020969730897
3.2676020969731314
3.2676020969731847
3.267602096973219
3.267602096973244
3.2676020969733086
3.26760209697337
3.267602096973406
3.2676020969734405
3.2676020969734703
3.267602096973491
3.2676020969735036
3.267602096973516
3.2676020969735324
3.267602096973542
3.2676020969735498
3.2676020969735586
3.2676020969735653
3.2676020969735684
3.267602096973571
3.267602096973573
3.267602096973576
3.2676020969735764
3.2676020969735764
3.2676020969735764
3.2676020969735764
3.2676020969735764
3.2676020969735764
3.2676020969735764
3.2676020969735764
3.2676020969735764
3.2676020969735764
3.2676020969735764
3.2676020969735764
3.2676020969735764
3.2676020969735764
3.2676020969735764
3.2676020969735764
3.2676020969735764
3.2676020969735764
3.2676020969735764
3.2676020969735764
3.2676020969735764
3.2676020969735764
