1.9667881856261291
1.9667881856261291
1.9667881856261291
1.9667881856261291
1.9667881856261291
1.9667881856261291
1.9667881856261291
1.9667881856261291
1.9667881856261291
1.9667881856261291
1.9667881856261291
1.9667881856261291
1.9667881856261291
1.9667881856261291
1.9667881856261291
1.9667881856261291
1.9667881856261291
1.9667881856261291
1.9667881856261291
1.9667881856261291
1.9667881856261291
1.9667881856261291
1.9667881856261291
1.9667881856261291
1.9667881856261291
1.9667881856261291
1.9667881856261291
1.9667881856261291
1.9667881856261291
1.9667881856261291
1.9667881856261291
1.9667881856261291
1.9667881856261291
1.9667881856261291
1.9667881856261291
1.9667881856261291
1.9667881856261291
1.9667881856261291
1.9667881856261291
1.9667881856261291
1.9667881856261291
1.9667881856261291
1.9667881856261291
1.9667881856261291
1.9667881856261291
1.9667881856261291
1.9667881856261291
1.9667881856261291
1.9667881856261291
1.9667881856261291
1.9667881856261291
1.9667881856261291
1.9667881856261291
1.9667881856261291
1.9667881856261291
1.9667881856261291
1.9667881856261291
1.9667881856261291
1.9667910378924158
1.9667910378924158
1.9667948361693217
1.9667974371119996
1.966800539000685
1.96680258555538
1.9668039310503838
1.9668056559037597
1.966806434838692
1.9668069546243847
1.9668079943595096
1.9668086240638218
1.9668090018866113
1.9668093367932034
1.966809752240804
1.966810087183275
1.9668101354893903
1.9668102133760001
1.9668103075166266
1.9668103898013762
1.9668104699815834
1.9668105180897093
1.9668105523874018
1.966810610557009
1.966810661224404
1.966810690034299
1.9668107003993842
1.9668107180675267
1.9668107313894814
1.9668107374670658
1.9668107413055813
1.966810745981764
1.9668107498209522
1.966810752530941
1.9668107531133407
1.9668107545521194
1.9668107556306942
1.9668107569823683
1.9668107577738114
1.9668107595337943
1.9668107606746983
1.9668107606746983
1.9668107606746983
1.9668107615361399
1.9668107615361399
1.9668107615895127
1.9668107617327952
1.9668107618818895
1.9668107620837862
1.9668107623366209
1.9668107624584275
1.9668107625342737
1.9668107625579483
1.9668107626050972
1.9668107626260902
1.9668107626487243
1.9668107626487243
1.9668107626626772
1.9668107626672924
1.966810762674056
1.966810762674056
1.966810762675702
1.9668107626814946
1.9668107626814946
1.9668107626814946
1.9668107626823743
1.9668107626835523
1.966810762685046
1.966810762685046
1.966810762685274
1.9668107626854945
1.9668107626857716
1.9668107626857716
1.9668107626857716
1.9668107626857936
1.9668107626859448
1.9668107626860336
1.9668107626862186
1.9668107626862734
1.9668107626863538
1.9668107626864029
1.9668107626864304
1.9668107626864482
1.9668107626864673
1.9668107626865154
1.966810762686525
1.9668107626865605
1.966810762686591
1.9668107626866085
1.9668107626866187
1.9668107626866271
1.9668107626866391
1.9668107626866473
1.9668107626866527
1.9668107626866627
1.966810762686664
1.966810762686664
1.9668107626866664
1.9668107626866713
1.9668107626866744
1.9668107626866744
1.9668107626866764
1.9668107626866769
1.9668107626866769
1.9668107626866773
1.9668107626866773
1.9668107626866773
1.9668107626866775
1.966810762686678
1.966810762686678
1.966810762686678
1.9668107626866782
1.9668107626866782
1.9668107626866782
1.9668107626866782
1.9668107626866782
1.9668107626866782
1.9668107626866782
1.9668107626866782
1.9668107626866782
1.9668107626866782
1.9668107626866782
1.9668107626866782
1.9668107626866782
1.9668107626866782
1.9668107626866782
1.9668107626866782
1.9668107626866782
