1.9219974489317795
1.9219974489317795
1.9219974489317795
1.9219974489317795
1.9219974489317795
1.9219974489317795
1.9219974489317795
1.9219974489317795
1.9219974489317795
1.9219974489317795
1.9219974489317795
1.9219974489317795
1.9219974489317795
1.9219974489317795
1.9219974489317795
1.9219974489317795
1.9219974489317795
1.9219974489317795
1.9219974489317795
1.9219974489317795
1.9219974489317795
1.9219974489317795
1.9219974489317795
1.9219974489317795
1.9219974489317795
1.9219974489317795
1.9219974489317795
1.9219974489317795
1.9219974489317795
1.9219974489317795
1.9219974489317795
1.9219974489317795
1.9219974489317795
1.9219974489317795
1.9219974489317795
1.9219974489317795
1.9219974489317795
1.9219974489317795
1.9219974489317795
1.9219974489317795
1.9219974489317795
1.9219985117664315
1.9219985117664315
1.9219985117664315
1.9219985117664315
1.9219985117664315
1.9219985117664315
1.9219985117664315
1.9219985117664315
1.9219985117664315
1.9219985117664315
1.9219985117664315
1.9219985117664315
1.9219985117664315
1.9219985117664315
1.9219985117664315
1.9219985117664315
1.9219985117664315
1.9219985117664315
1.9219985117664315
1.9219985117664315
1.9219985117664315
1.9219985117664315
1.9220008715996306
1.9220008715996306
1.9220008715996306
1.9220015325724868
1.922001731694763
1.922002149873342
1.9220026145089757
1.9220033957040623
1.9220033957040623
1.922003522112195
1.9220040925663575
1.9220042493981637
1.9220044877506821
1.9220045366366167
1.9220046377208162
1.9220047310842827
1.9220047738846713
1.9220047995649039
1.9220048793381301
1.9220049385128002
1.9220049785030318
1.922004989673884
1.9220050181161659
1.922005027713533
1.922005052627612
1.9220050668853326
1.922005077470869
1.9220050835695517
1.9220050964442832
1.9220051061495793
1.922005111972757
1.9220051156355844
1.922005120012342
1.9220051251659551
1.922005127438408
1.9220051292652014
1.9220051308128232
1.9220051328812517
1.9220051341223092
1.9220051348669434
1.922005135313724
1.922005136543285
1.922005137646179
1.9220051382988357
1.9220051388673223
1.9220051392299626
1.9220051398623033
1.9220051402417082
1.9220051404693506
1.9220051406059362
1.9220051406878875
1.9220051409352086
1.922005141063827
1.9220051411583183
1.9220051412509855
1.922005141340398
1.9220051414104298
1.9220051414448425
1.9220051415030515
1.922005141541993
1.9220051415619384
1.922005141578721
1.9220051415877073
1.9220051415982236
1.922005141608513
1.922005141612242
1.922005141615713
1.9220051416169204
1.922005141618385
1.9220051416198785
1.9220051416212796
1.9220051416223374
1.9220051416227324
1.9220051416231534
1.922005141623406
1.9220051416234842
1.9220051416237254
1.9220051416238702
1.9220051416239772
1.9220051416241553
1.922005141624177
1.922005141624223
1.922005141624284
1.9220051416243302
1.9220051416243777
1.9220051416244104
1.9220051416244233
1.9220051416244364
1.922005141624445
1.9220051416244528
1.9220051416244543
1.9220051416244577
1.9220051416244621
1.9220051416244661
1.92200514162447
1.9220051416244714
1.9220051416244737
1.9220051416244752
1.9220051416244763
1.9220051416244779
1.9220051416244788
1.9220051416244788
1.9220051416244788
1.9220051416244788
1.9220051416244788
1.9220051416244788
1.9220051416244788
1.9220051416244788
1.9220051416244788
1.9220051416244788
1.9220051416244788
1.9220051416244788
1.9220051416244788
1.9220051416244788
1.9220051416244788
1.9220051416244788
1.9220051416244788
1.9220051416244788
1.9220051416244788
1.9220051416244788
1.9220051416244788
1.9220051416244788
1.9220051416244788
1.9220051416244788
1.9220051416244788
1.9220051416244788
1.9220051416244788
1.9220051416244788
