1.038261836480325
1.038261836480325
1.038261836480325
1.038261836480325
1.038261836480325
1.038261836480325
1.038261836480325
1.038261836480325
1.038261836480325
1.038261836480325
1.038261836480325
1.038261836480325
1.038261836480325
1.038261836480325
1.038261836480325
1.038261836480325
1.038261836480325
1.038261836480325
1.038261836480325
1.038261836480325
1.038261836480325
1.038261836480325
1.038261836480325
1.038261836480325
1.038261836480325
1.038261836480325
1.038261836480325
1.038261836480325
1.038261836480325
1.038261836480325
1.038261836480325
1.038261836480325
1.038261836480325
1.038261836480325
1.038261836480325
1.038261836480325
1.038261836480325
1.038261836480325
1.038261836480325
1.038261836480325
1.038261836480325
1.038261836480325
1.038261836480325
1.038261836480325
1.038261836480325
1.038261836480325
1.038261836480325
1.038261836480325
1.0382637828203634
1.0382637828203634
1.0382637828203634
1.0382637828203634
1.0382637828203634
1.0382637828203634
1.0382637828203634
1.0382637828203634
1.0382649696292008
1.0382649696292008
1.0382649696292008
1.0382649696292008
1.0382665560956887
1.0382665560956887
1.0382665560956887
1.0382665560956887
1.0382667989907588
1.0382677302931613
1.038268553622963
1.0382690476217193
1.0382693440212882
1.0382695218611426
1.0382704799313043
1.0382707255102535
1.0382713174819211
1.038271871085626
1.03827229917798
1.0382725811971734
1.0382728315920553
1.0382731194826536
1.0382733041829495
1.038273479122618
1.038273654956225
1.0382737847339427
1.038273865978582
1.038273942956578
1.0382739900349915
1.0382740589017134
1.0382740794906398
1.0382741056616809
1.038274117694278
1.0382741409099787
1.0382741469308996
1.0382741505434523
1.0382741559434
1.0382741597966039
1.0382741675809704
1.0382741686554844
1.0382741726545144
1.038274173001751
1.038274174482403
1.0382741753707945
1.038274176577522
1.0382741770917971
1.0382741772809352
1.0382741777037947
1.0382741785244949
1.0382741791504135
1.0382741797441037
1.038274180016173
1.038274180288483
1.0382741804826914
1.0382741806065297
1.038274180767472
1.0382741807715514
1.0382741808598568
1.0382741808972367
1.038274181043802
1.0382741810934264
1.0382741811136238
1.038274181170116
1.038274181193781
1.038274181193781
1.0382741812013228
1.0382741812253096
1.0382741812253096
1.0382741812270524
1.0382741812380893
1.0382741812455434
1.0382741812495688
1.0382741812527014
1.038274181255641
1.0382741812595029
1.038274181262917
1.0382741812651402
1.038274181269003
1.0382741812714549
1.0382741812729581
1.0382741812740588
1.0382741812756127
1.0382741812768936
1.0382741812776624
1.0382741812781233
1.0382741812784
1.0382741812789147
1.0382741812792664
1.0382741812794372
1.0382741812796217
1.0382741812798197
1.0382741812799474
1.038274181280024
1.0382741812800702
1.0382741812800975
1.0382741812801761
1.038274181280245
1.0382741812802616
1.0382741812802891
1.0382741812803087
1.038274181280321
1.0382741812803393
1.0382741812803515
1.0382741812803598
1.0382741812803655
1.0382741812803735
1.0382741812803773
1.0382741812803782
1.0382741812803806
1.0382741812803822
1.038274181280384
1.0382741812803846
1.0382741812803846
1.038274181280385
1.0382741812803853
1.0382741812803857
1.0382741812803857
1.0382741812803857
1.0382741812803857
1.0382741812803857
1.0382741812803857
1.0382741812803862
1.0382741812803862
1.0382741812803862
1.0382741812803862
1.0382741812803862
1.0382741812803862
1.0382741812803862
1.0382741812803862
1.0382741812803862
1.0382741812803862
1.0382741812803862
1.0382741812803862
