2.7102403222453426
2.7102403222453426
2.7102403222453426
2.7102403222453426
2.7102403222453426
2.7102403222453426
2.7102403222453426
2.7102403222453426
2.7102403222453426
2.7102403222453426
2.7102403222453426
2.7102403222453426
2.7102403222453426
2.7102403222453426
2.7102403222453426
2.7102403222453426
2.7102403222453426
2.7102403222453426
2.7102403222453426
2.7102403222453426
2.7102403222453426
2.7102403222453426
2.7102403222453426
2.7102403222453426
2.7102403222453426
2.7102403222453426
2.7102403222453426
2.7102403222453426
2.7102403222453426
2.7102403222453426
2.7102403222453426
2.7102403222453426
2.7102403222453426
2.7102403222453426
2.7102403222453426
2.7102403222453426
2.7102403222453426
2.7102403222453426
2.7102403222453426
2.7102403222453426
2.7102403222453426
2.7102403222453426
2.7102403222453426
2.7102403222453426
2.7102403222453426
2.7102403222453426
2.7102403222453426
2.7102403222453426
2.7102403222453426
2.7102403222453426
2.7102403222453426
2.7102403222453426
2.7102403222453426
2.710242284023356
2.710242284023356
2.710242284023356
2.710242332858727
2.7102441986439607
2.7102441986439607
2.7102482525963882
2.7102482525963882
2.7102482525963882
2.7102482525963882
2.7102487351156515
2.7102494293157835
2.710249808374805
2.710250653573524
2.710251153717722
2.710251526723659
2.7102520937034753
2.7102525001299833
2.7102525393681995
2.710252643708774
2.71025273055468
2.7102528647110717
2.710252984255168
2.7102530183199347
2.7102531330835946
2.710253148684767
2.71025318473329
2.710253225148746
2.7102532271572852
2.710253233043435
2.7102532503554273
2.710253258044412
2.710253268826271
2.710253275295385
2.7102532791768543
2.7102532815057354
2.710253283147557
2.710253283805635
2.7102532855974317
2.710253287779568
2.7102532897230893
2.7102532915985846
2.7102532927238814
2.7102532933990595
2.710253293804166
2.710253294142667
2.710253294600307
2.710253294858089
2.71025329511807
2.710253295286631
2.710253295411949
2.710253295450218
2.7102532954787604
2.7102532955276395
2.710253295580807
2.710253295612707
2.7102532956381515
2.7102532956599656
2.7102532956944367
2.710253295713467
2.710253295726729
2.7102532957473318
2.71025329576133
2.7102532957706402
2.7102532957827568
2.710253295788701
2.7102532957938323
2.71025329579733
2.710253295800182
2.710253295802606
2.710253295804061
2.710253295804935
2.710253295805535
2.71025329580632
2.710253295806791
2.7102532958070737
2.710253295807243
2.7102532958089385
2.710253295809045
2.7102532958097116
2.7102532958097116
2.710253295809894
2.7102532958100203
2.710253295810069
2.7102532958103764
2.7102532958103764
2.7102532958106775
2.71025329581098
2.71025329581106
2.710253295811179
2.710253295811179
2.710253295811179
2.710253295811197
2.710253295811207
2.7102532958112673
2.710253295811285
2.7102532958112953
2.7102532958113015
2.7102532958113152
2.7102532958113437
2.7102532958113583
2.710253295811368
2.7102532958113787
2.7102532958113814
2.7102532958113907
2.710253295811399
2.7102532958114036
2.710253295811407
2.7102532958114116
2.7102532958114156
2.710253295811416
2.710253295811418
2.71025329581142
2.7102532958114214
2.7102532958114227
2.7102532958114227
2.7102532958114236
2.7102532958114236
2.7102532958114236
2.7102532958114236
2.7102532958114236
2.7102532958114236
2.7102532958114236
2.7102532958114236
2.7102532958114236
2.7102532958114236
2.7102532958114236
2.7102532958114236
2.7102532958114236
2.7102532958114236
2.7102532958114236
2.7102532958114236
