1.6645127796711972
1.6645127796711972
1.6645127796711972
1.6645127796711972
1.6645127796711972
1.6645127796711972
1.6645127796711972
1.6645127796711972
1.6645127796711972
1.6645127796711972
1.6645127796711972
1.6645127796711972
1.6645127796711972
1.6645127796711972
1.6645127796711972
1.6645127796711972
1.6645127796711972
1.6645127796711972
1.6645127796711972
1.6645127796711972
1.6645127796711972
1.6645127796711972
1.6645127796711972
1.6645127796711972
1.6645127796711972
1.6645127796711972
1.6645127796711972
1.6645127796711972
1.6645127796711972
1.6645127796711972
1.6645127796711972
1.6645127796711972
1.6645127796711972
1.6645127796711972
1.6645127796711972
1.6645127796711972
1.6645127796711972
1.6645127796711972
1.6645127796711972
1.6645127796711972
1.6645127796711972
1.6645127796711972
1.6645127796711972
1.6645127796711972
1.6645127796711972
1.6645127796711972
1.6645127796711972
1.6645127796711972
1.6645127796711972
1.6645127796711972
1.6645127796711972
1.6645127796711972
1.6645127796711972
1.6645127796711972
1.6645127796711972
1.6645127796711972
1.6645127796711972
1.6645127796711972
1.6645131281319114
1.6645131281319114
1.6645131281319114
1.6645131281319114
1.6645133755574455
1.6645133755574455
1.6645133755574455
1.6645140357823047
1.6645140357823047
1.6645140357823047
1.6645148358510513
1.66451494255445
1.6645156178303488
1.6645163992206446
1.664516868054993
1.664517243902135
1.6645176698207673
1.6645179673032013
1.664518169374594
1.664518296939558
1.6645184082609707
1.6645184974034406
1.6645185580613286
1.6645185883078188
1.664518618041955
1.6645186370632754
1.664518654344319
1.6645186638113316
1.6645186730143533
1.6645186821221498
1.6645186875868279
1.6645186908656349
1.6645186965311152
1.6645186965311152
1.6645186988142056
1.6645187004247872
1.6645187019133862
1.6645187031304893
1.6645187053626098
1.6645187070296428
1.6645187077197017
1.6645187084811484
1.664518709015507
1.6645187094654585
1.6645187099034668
1.6645187099673844
1.664518710132898
1.6645187103437549
1.6645187105097397
1.6645187106093309
1.664518710733229
1.6645187107485255
1.6645187107830108
1.6645187108109616
1.664518710832281
1.6645187108346082
1.6645187108430164
1.6645187108430164
1.6645187108466653
1.6645187108472135
1.664518710853878
1.664518710853878
1.664518710853878
1.664518710854669
1.664518710854669
1.6645187108558528
1.6645187108567971
1.6645187108567971
1.6645187108567971
1.6645187108571207
1.664518710857152
1.6645187108573316
1.6645187108575659
1.6645187108575878
1.6645187108577169
1.6645187108577937
1.6645187108579702
1.6645187108580402
1.6645187108581678
1.6645187108583206
1.6645187108583206
1.6645187108583572
1.6645187108584052
1.6645187108584458
1.6645187108584703
1.664518710858485
1.6645187108584918
1.6645187108584982
1.6645187108585096
1.6645187108585218
1.6645187108585282
1.664518710858538
1.6645187108585442
1.6645187108585482
1.6645187108585509
1.6645187108585533
1.6645187108585555
1.664518710858558
1.66451871085856
1.6645187108585613
1.6645187108585628
1.6645187108585628
1.6645187108585628
1.664518710858563
1.664518710858563
1.6645187108585633
1.6645187108585633
1.6645187108585633
1.6645187108585635
1.6645187108585635
1.6645187108585635
1.6645187108585635
1.6645187108585635
1.6645187108585635
1.6645187108585635
1.6645187108585635
1.6645187108585635
1.6645187108585635
1.6645187108585635
1.6645187108585635
1.6645187108585635
1.6645187108585635
1.6645187108585635
1.6645187108585635
1.6645187108585635
1.6645187108585635
