1.2349952333486982
1.2349952333486982
1.2349952333486982
1.2349952333486982
1.2349952333486982
1.2349952333486982
1.2349952333486982
1.2349952333486982
1.2349952333486982
1.2349952333486982
1.2349952333486982
1.2349952333486982
1.2349952333486982
1.2349952333486982
1.2349952333486982
1.2349952333486982
1.2349952333486982
1.2349952333486982
1.2349952333486982
1.2349952333486982
1.2349952333486982
1.2349952333486982
1.2349952333486982
1.2349952333486982
1.2349952333486982
1.2349952333486982
1.2349952333486982
1.2349952333486982
1.2349952333486982
1.2349952333486982
1.2349952333486982
1.2349952333486982
1.2349952333486982
1.2349952333486982
1.2349952333486982
1.2349952333486982
1.2349952333486982
1.2349952333486982
1.2349952333486982
1.2349952333486982
1.2349952333486982
1.2349952333486982
1.2349952333486982
1.2349952333486982
1.2349952333486982
1.2349952333486982
1.2349952333486982
1.2349952333486982
1.2349991250878851
1.2350022386757187
1.2350022386757187
1.2350045849614344
1.2350045849614344
1.2350045849614344
1.2350045849614344
1.2350045849614344
1.2350046275910114
1.2350046743757679
1.2350047024465272
1.2350049020364589
1.2350049020364589
1.2350049020364589
1.235005695669472
1.235005695669472
1.235005695669472
1.2350060326415007
1.23500629152182
1.2350064468499584
1.2350065400468226
1.2350066138773688
1.2350067268634806
1.2350069039379736
1.235007017692477
1.2350070859451718
1.2350071268967862
1.2350071268967862
1.2350071381218202
1.2350072016285643
1.235007268667159
1.2350072999757937
1.2350073301689597
1.2350073444353404
1.2350073525191734
1.2350073727509987
1.2350073869970453
1.2350074024384021
1.2350074137953233
1.2350074250573353
1.235007433851241
1.2350074391275843
1.2350074428302857
1.2350074467977115
1.2350074508060407
1.2350074526958188
1.235007454229192
1.2350074555985855
1.2350074564696563
1.235007457222641
1.235007457824095
1.2350074584021398
1.2350074588476363
1.2350074591255182
1.235007459309498
1.235007459534963
1.235007459721548
1.235007459833582
1.2350074599188254
1.2350074600313634
1.2350074601029823
1.2350074601490633
1.2350074601820304
1.2350074602422485
1.2350074602805483
1.2350074603035281
1.2350074603220471
1.2350074603450183
1.2350074603588008
1.235007460367262
1.235007460373852
1.2350074603835544
1.2350074603894385
1.235007460392969
1.2350074603951633
1.235007460397862
1.2350074603998369
1.2350074604010224
1.2350074604017887
1.235007460402498
1.2350074604034438
1.2350074604040115
1.235007460404352
1.2350074604046766
1.2350074604050538
1.2350074604052803
1.2350074604054173
1.2350074604055157
1.2350074604056624
1.235007460405752
1.2350074604058054
1.2350074604058376
1.235007460405857
1.235007460405892
1.235007460405929
1.235007460405951
1.2350074604059644
1.2350074604059755
1.2350074604059915
1.235007460406001
1.235007460406007
1.2350074604060106
1.2350074604060128
1.2350074604060142
1.2350074604060177
1.2350074604060197
1.235007460406021
1.2350074604060222
1.2350074604060222
1.2350074604060228
1.2350074604060233
1.2350074604060233
1.2350074604060235
1.2350074604060237
1.2350074604060237
1.2350074604060237
1.235007460406024
1.235007460406024
1.235007460406024
1.235007460406024
1.235007460406024
1.235007460406024
1.235007460406024
1.235007460406024
1.235007460406024
1.235007460406024
1.235007460406024
1.235007460406024
1.235007460406024
1.235007460406024
1.235007460406024
1.235007460406024
1.235007460406024
1.235007460406024
1.235007460406024
1.235007460406024
1.235007460406024
1.235007460406024
1.235007460406024
