1.187564435633011
1.187564435633011
1.187564435633011
1.187564435633011
1.187564435633011
1.187564435633011
1.187564435633011
1.187564435633011
1.187564435633011
1.187564435633011
1.187564435633011
1.187564435633011
1.187564435633011
1.187564435633011
1.187564435633011
1.187564435633011
1.187564435633011
1.187564435633011
1.187564435633011
1.187564435633011
1.187564435633011
1.187564435633011
1.187564435633011
1.187564435633011
1.187564435633011
1.187564435633011
1.187564435633011
1.187564435633011
1.187564435633011
1.187564435633011
1.187564435633011
1.187564435633011
1.187564435633011
1.187564435633011
1.187564435633011
1.187564435633011
1.187564435633011
1.187564435633011
1.187564435633011
1.187564435633011
1.187564435633011
1.187564435633011
1.187564435633011
1.187564435633011
1.187564435633011
1.187564435633011
1.187564435633011
1.187564435633011
1.187564435633011
1.187564435633011
1.187564435633011
1.1875657791022256
1.1875657791022256
1.1875657791022256
1.1875657791022256
1.1875657791022256
1.1875657791022256
1.1875657791022256
1.1875657791022256
1.1875657791022256
1.1875657791022256
1.187566228671152
1.187566228671152
1.187566228671152
1.1875666699803398
1.1875679793239273
1.1875689855019969
1.1875695892093026
1.1875699514338525
1.1875701687686429
1.1875702991695385
1.1875703774100836
1.1875710003101863
1.1875710003101863
1.1875712784672507
1.1875715301981966
1.1875716993885954
1.187572120008433
1.1875724663049383
1.1875727077992169
1.1875728965840315
1.1875730899848227
1.1875732793870446
1.187573299499555
1.1875733817565501
1.187573431110747
1.1875734607232649
1.1875734830701885
1.187573526911139
1.1875735594860557
1.187573573284436
1.1875735985000815
1.187573608875605
1.1875736207673324
1.1875736304173783
1.1875736362074056
1.1875736407902358
1.1875736445826655
1.187573647683754
1.1875736512769512
1.1875736535556778
1.1875736550598466
1.187573657631049
1.1875736593777486
1.1875736604257683
1.187573661122135
1.1875736617131558
1.1875736623249549
1.187573662732776
1.1875736629793388
1.1875736632997778
1.1875736635072667
1.18757366363176
1.187573663693734
1.1875736637816194
1.1875736638939198
1.1875736639613002
1.1875736640017285
1.1875736640292185
1.1875736640692582
1.1875736640956303
1.1875736641114534
1.187573664120947
1.1875736641266437
1.1875736641372872
1.1875736641508745
1.1875736641590273
1.187573664163919
1.1875736641711394
1.1875736641768906
1.1875736641803414
1.1875736641824113
1.1875736641836538
1.1875736641853016
1.1875736641871268
1.1875736641882542
1.1875736641887826
1.1875736641892476
1.1875736641898789
1.187573664190141
1.1875736641904364
1.1875736641906616
1.1875736641908032
1.1875736641908736
1.1875736641909642
1.187573664190968
1.1875736641909842
1.1875736641910013
1.1875736641910337
1.1875736641910428
1.1875736641910706
1.1875736641910755
1.1875736641910843
1.1875736641910903
1.1875736641910957
1.1875736641911012
1.1875736641911043
1.1875736641911063
1.1875736641911074
1.1875736641911083
1.1875736641911105
1.1875736641911117
1.1875736641911137
1.1875736641911159
1.1875736641911174
1.187573664191119
1.1875736641911192
1.1875736641911196
1.18757366419112
1.1875736641911203
1.1875736641911203
1.1875736641911205
1.1875736641911205
1.1875736641911208
1.1875736641911208
1.1875736641911208
1.1875736641911208
1.1875736641911208
1.1875736641911208
1.1875736641911208
1.1875736641911208
1.1875736641911208
1.1875736641911208
1.1875736641911208
1.1875736641911208
1.1875736641911208
1.1875736641911208
1.1875736641911208
1.1875736641911208
1.1875736641911208
1.1875736641911208
1.1875736641911208
1.1875736641911208
