1.9492761835487478
1.9492761835487478
1.9492761835487478
1.9492761835487478
1.9492761835487478
1.9492761835487478
1.9492761835487478
1.9492761835487478
1.9492761835487478
1.9492761835487478
1.9492761835487478
1.9492761835487478
1.9492761835487478
1.9492761835487478
1.9492761835487478
1.9492761835487478
1.9492761835487478
1.9492761835487478
1.9492761835487478
1.9492761835487478
1.9492761835487478
1.9492761835487478
1.9492761835487478
1.9492761835487478
1.9492761835487478
1.9492761835487478
1.9492761835487478
1.9492761835487478
1.9492761835487478
1.9492761835487478
1.9492761835487478
1.9492761835487478
1.9492761835487478
1.9492761835487478
1.9492761835487478
1.9492761835487478
1.9492761835487478
1.9492761835487478
1.9492761835487478
1.9492761835487478
1.9492761835487478
1.9492761835487478
1.9492761835487478
1.9492761835487478
1.9492761835487478
1.9492761835487478
1.9492761835487478
1.9492761835487478
1.9492761835487478
1.9492761835487478
1.9492761835487478
1.9492761835487478
1.9492761835487478
1.9492761835487478
1.9492761835487478
1.9492761835487478
1.9492761835487478
1.9492761835487478
1.9492761835487478
1.9492761835487478
1.9492761835487478
1.949276676740389
1.9492817904989082
1.9492877029118534
1.949291800920781
1.9492979043815806
1.9493049474521191
1.9493091732858723
1.9493116728368816
1.9493153284605422
1.949317302372921
1.9493195514149266
1.9493209008397279
1.949321724764555
1.9493230571648792
1.9493240584640108
1.9493246592434768
1.9493250197111502
1.949325733939751
1.949326518176127
1.9493272392775733
1.9493275351477635
1.9493277955257338
1.9493280574983303
1.9493282942185919
1.9493284172027188
1.9493285005515628
1.9493285825957491
1.9493286607233817
1.9493286932929406
1.9493287336779381
1.9493287635817884
1.9493287882945995
1.9493288003965752
1.949328806064768
1.9493288120445866
1.9493288173389598
1.9493288280052914
1.9493288360151053
1.9493288412562013
1.9493288451354722
1.949328848638621
1.9493288505819764
1.9493288517479885
1.9493288531134538
1.9493288552903978
1.9493288565965632
1.949328857380262
1.9493288582732795
1.9493288590733493
1.9493288595663438
1.9493288599530234
1.9493288604041925
1.949328860650962
1.9493288608143344
1.9493288609987114
1.94932886116471
1.9493288612923456
1.9493288613402342
1.9493288614183286
1.9493288614715953
1.9493288615035558
1.9493288615227322
1.9493288615500894
1.9493288615512672
1.9493288615640285
1.9493288615716857
1.9493288615771547
1.9493288615828828
1.9493288615937243
1.949328861594311
1.9493288616047637
1.9493288616100857
1.949328861616062
1.949328861616062
1.9493288616179698
1.9493288616197095
1.94932886162149
1.9493288616225595
1.9493288616238376
1.949328861625228
1.9493288616261377
1.9493288616270716
1.9493288616274906
1.9493288616281221
1.9493288616284568
1.9493288616287046
1.9493288616288384
1.9493288616289983
1.9493288616291558
1.9493288616292217
1.9493288616293
1.9493288616293558
1.9493288616293778
1.9493288616294073
1.9493288616294178
1.949328861629435
1.949328861629463
1.9493288616294806
1.9493288616294913
1.949328861629506
1.94932886162953
1.949328861629544
1.949328861629544
1.9493288616295514
1.9493288616295514
1.9493288616295514
1.9493288616295514
1.9493288616295543
1.9493288616295543
1.9493288616295543
1.9493288616295543
1.9493288616295543
1.949328861629555
1.9493288616295552
1.9493288616295557
1.9493288616295557
1.9493288616295563
1.9493288616295563
1.9493288616295563
1.9493288616295563
1.9493288616295563
1.9493288616295563
1.9493288616295563
1.9493288616295563
1.9493288616295563
1.9493288616295563
1.9493288616295563
1.9493288616295563
1.9493288616295563
1.9493288616295563
1.9493288616295563
1.9493288616295563
1.9493288616295563
1.9493288616295563
1.9493288616295563
1.9493288616295563
