1.334844370307823
1.334844370307823
1.334844370307823
1.334844370307823
1.334844370307823
1.334844370307823
1.334844370307823
1.334844370307823
1.334844370307823
1.334844370307823
1.334844370307823
1.334844370307823
1.334844370307823
1.334844370307823
1.334844370307823
1.334844370307823
1.334844370307823
1.334844370307823
1.334844370307823
1.334844370307823
1.334844370307823
1.334844370307823
1.334844370307823
1.334844370307823
1.334844370307823
1.334844370307823
1.334844370307823
1.334844370307823
1.334844370307823
1.334844370307823
1.334844370307823
1.334844370307823
1.334844370307823
1.334844370307823
1.334844370307823
1.334844370307823
1.334844370307823
1.334844370307823
1.334844370307823
1.334844370307823
1.334844370307823
1.334844370307823
1.334844370307823
1.334844370307823
1.334844370307823
1.334844370307823
1.334844370307823
1.3348451915047816
1.3348451915047816
1.3348451915047816
1.3348451915047816
1.334846102210059
1.3348490961554567
1.3348511645325636
1.3348524055590105
1.334853357385251
1.3348539904238066
1.3348546600396485
1.334855061807982
1.3348560668752778
1.3348560668752778
1.3348564993264238
1.334856778803964
1.3348569464905133
1.334857239781948
1.334857700641445
1.334857973257698
1.3348581786728346
1.3348583232939506
1.3348585186820974
1.3348587191628074
1.3348588394512497
1.3348589251248775
1.3348590889808383
1.3348591949270725
1.3348592609409222
1.3348592609409222
1.334859303000772
1.334859330353197
1.3348593370875066
1.3348593370875066
1.3348593380573839
1.3348593435548395
1.3348593470339551
1.3348593491868368
1.334859350715905
1.3348593546167342
1.334859358897751
1.334859361202681
1.3348593622079499
1.3348593622079499
1.33485936266878
1.3348593634431947
1.3348593637731423
1.3348593637766601
1.3348593637766601
1.3348593640230886
1.33485936423965
1.3348593643688071
1.3348593643688071
1.3348593643688071
1.3348593643889655
1.334859364398269
1.334859364398269
1.334859364398269
1.334859364398269
1.334859364398269
1.3348593644133482
1.3348593644387534
1.3348593644475955
1.3348593644475955
1.3348593644475955
1.3348593644475955
1.334859364450734
1.334859364450734
1.334859364450734
1.334859364450734
1.3348593644508602
1.3348593644517746
1.3348593644533417
1.334859364453986
1.334859364453986
1.334859364453986
1.334859364453986
1.3348593644545035
1.334859364454518
1.334859364454518
1.334859364454519
1.3348593644545808
1.3348593644546554
1.3348593644546554
1.3348593644546993
1.3348593644547189
1.3348593644547353
1.3348593644547424
1.3348593644547495
1.3348593644547666
1.3348593644547828
1.3348593644547828
1.334859364454785
1.3348593644547928
1.334859364454798
1.334859364454801
1.3348593644548026
1.3348593644548037
1.3348593644548044
1.334859364454805
1.3348593644548061
1.334859364454807
1.3348593644548077
1.3348593644548084
1.3348593644548086
1.3348593644548092
1.3348593644548097
1.33485936445481
1.3348593644548101
1.3348593644548101
1.3348593644548101
1.3348593644548101
1.3348593644548101
1.3348593644548101
1.3348593644548101
1.3348593644548101
1.3348593644548101
1.3348593644548101
1.3348593644548101
1.3348593644548101
1.3348593644548101
1.3348593644548101
1.3348593644548101
1.3348593644548101
1.3348593644548101
1.3348593644548101
1.3348593644548101
1.3348593644548101
1.3348593644548101
1.3348593644548101
1.3348593644548101
