1.9656764592942986
1.9656764592942986
1.9656764592942986
1.9656764592942986
1.9656764592942986
1.9656764592942986
1.9656764592942986
1.9656764592942986
1.9656764592942986
1.9656764592942986
1.9656764592942986
1.9656764592942986
1.9656764592942986
1.9656764592942986
1.9656764592942986
1.9656764592942986
1.9656764592942986
1.9656764592942986
1.9656764592942986
1.9656764592942986
1.9656764592942986
1.9656764592942986
1.9656764592942986
1.9656764592942986
1.9656764592942986
1.9656764592942986
1.9656764592942986
1.9656764592942986
1.9656764592942986
1.9656764592942986
1.9656764592942986
1.9656764592942986
1.9656764592942986
1.9656764592942986
1.9656764592942986
1.9656764592942986
1.9656764592942986
1.9656764592942986
1.9656764592942986
1.9656764592942986
1.9656764592942986
1.9656764592942986
1.9656764592942986
1.9656764592942986
1.9656764592942986
1.9656764592942986
1.9656764592942986
1.9656764592942986
1.9656764592942986
1.9656764592942986
1.9656764592942986
1.9656764592942986
1.9656764592942986
1.9656764592942986
1.9656764592942986
1.9656764592942986
1.9656770720947965
1.9656770720947965
1.9656770720947965
1.9656770720947965
1.9656770720947965
1.9656787370637436
1.9656787370637436
1.9656792090441182
1.9656804805607306
1.9656815531191203
1.965681803456901
1.9656824033508709
1.965682821997127
1.965683117835122
1.9656832953379422
1.9656834018396425
1.9656834261484926
1.9656837326547665
1.9656837853241105
1.9656838169257174
1.965683863578078
1.9656839494714644
1.9656839985652839
1.9656840222480692
1.965684051903132
1.9656840823344215
1.9656840951193448
1.965684112592477
1.9656841211124458
1.9656841258005335
1.9656841345972025
1.965684136659668
1.9656841379472618
1.9656841436137618
1.9656841469424096
1.9656841474142472
1.9656841512176866
1.9656841520273574
1.965684152928953
1.965684152928953
1.9656841540406431
1.9656841545515116
1.9656841545515116
1.9656841546868984
1.9656841550356887
1.9656841552637287
1.9656841555089817
1.965684155576334
1.9656841556232936
1.9656841556232936
1.9656841556232936
1.9656841556581852
1.9656841556581852
1.9656841556581852
1.9656841556728306
1.9656841556823756
1.965684155697694
1.965684155697694
1.965684155697694
1.965684155704558
1.965684155711562
1.9656841557157643
1.9656841557182854
1.9656841557197986
1.9656841557226625
1.9656841557281968
1.965684155730344
1.9656841557323215
1.96568415573365
1.96568415573365
1.9656841557342244
1.9656841557349334
1.9656841557351683
1.9656841557351683
1.9656841557353135
1.9656841557356002
1.9656841557357747
1.9656841557359808
1.9656841557361355
1.965684155736276
1.9656841557363598
1.9656841557364149
1.9656841557364775
1.9656841557365403
1.9656841557365776
1.9656841557366007
1.9656841557366587
1.9656841557366744
1.965684155736693
1.9656841557367075
1.9656841557367248
1.9656841557367337
1.96568415573674
1.9656841557367433
1.965684155736749
1.9656841557367537
1.9656841557367561
1.965684155736758
1.9656841557367597
1.9656841557367613
1.9656841557367628
1.9656841557367637
1.9656841557367641
1.9656841557367646
1.9656841557367655
1.9656841557367657
1.9656841557367657
1.9656841557367657
1.9656841557367657
1.9656841557367661
1.9656841557367661
1.9656841557367661
1.9656841557367661
1.9656841557367661
1.9656841557367661
1.9656841557367661
1.9656841557367661
1.9656841557367661
1.9656841557367661
1.9656841557367661
1.9656841557367661
1.9656841557367661
1.9656841557367661
1.9656841557367661
1.9656841557367661
1.9656841557367661
1.9656841557367661
