1.201504812212122
1.201504812212122
1.201504812212122
1.201504812212122
1.201504812212122
1.201504812212122
1.201504812212122
1.201504812212122
1.201504812212122
1.201504812212122
1.201504812212122
1.201504812212122
1.201504812212122
1.201504812212122
1.201504812212122
1.201504812212122
1.201504812212122
1.201504812212122
1.201504812212122
1.201504812212122
1.201504812212122
1.201504812212122
1.201504812212122
1.201504812212122
1.201504812212122
1.201504812212122
1.201504812212122
1.201504812212122
1.201504812212122
1.201504812212122
1.201504812212122
1.201504812212122
1.201504812212122
1.201504812212122
1.201504812212122
1.201504812212122
1.201504812212122
1.201504812212122
1.201504812212122
1.201504812212122
1.201504812212122
1.201504812212122
1.201504812212122
1.201504812212122
1.201504812212122
1.201504812212122
1.201504812212122
1.201504812212122
1.201504812212122
1.201504812212122
1.201504812212122
1.201504812212122
1.201504812212122
1.201504812212122
1.2015050791538597
1.2015050791538597
1.2015050791538597
1.2015050791538597
1.2015050791538597
1.2015051751393675
1.2015051751393675
1.2015051751393675
1.2015058217431358
1.2015058217431358
1.2015061020243407
1.201506376175743
1.2015066825720555
1.2015072993886693
1.2015073242697247
1.2015077522128814
1.201507810588477
1.2015079641019322
1.201508141917223
1.201508248606407
1.2015083126199206
1.2015084261582523
1.2015085266203844
1.2015086065081784
1.2015086606251557
1.2015086606251557
1.2015086784635316
1.2015086882445758
1.2015087155932889
1.201508731216823
1.201508740836528
1.201508749750187
1.2015087587236595
1.201508767615228
1.2015087714639818
1.2015087725420006
1.201508775123522
1.2015087763988475
1.2015087777265292
1.20150877877278
1.2015087796021904
1.201508780444458
1.201508781270743
1.2015087813814032
1.2015087817331067
1.2015087819441292
1.2015087820910166
1.2015087821720367
1.2015087823079371
1.2015087823894774
1.2015087824562352
1.2015087824740704
1.2015087824954718
1.2015087825083126
1.201508782516017
1.2015087825206396
1.2015087825234134
1.2015087825250776
1.2015087825260764
1.2015087825435717
1.2015087825566155
1.2015087825631512
1.2015087825631512
1.2015087825699473
1.2015087825718545
1.201508782574184
1.2015087825760729
1.20150878257708
1.2015087825799604
1.2015087825801745
1.2015087825812474
1.2015087825823818
1.2015087825829507
1.201508782583405
1.2015087825838193
1.2015087825838804
1.2015087825840032
1.201508782584114
1.2015087825842883
1.2015087825843962
1.2015087825844613
1.2015087825845003
1.2015087825846653
1.201508782584821
1.201508782584903
1.2015087825849147
1.2015087825849737
1.2015087825850017
1.2015087825850184
1.2015087825850288
1.2015087825850883
1.2015087825850883
1.201508782585128
1.2015087825851614
1.2015087825851747
1.2015087825851747
1.2015087825851951
1.2015087825852038
1.2015087825852038
1.201508782585205
1.2015087825852095
1.2015087825852127
1.2015087825852147
1.2015087825852175
1.2015087825852206
1.2015087825852206
1.2015087825852213
1.2015087825852218
1.201508782585222
1.201508782585222
1.201508782585222
1.201508782585222
1.2015087825852222
1.2015087825852224
1.2015087825852224
1.2015087825852224
1.201508782585223
1.201508782585223
1.201508782585223
1.201508782585223
1.201508782585223
1.201508782585223
1.201508782585223
1.201508782585223
1.201508782585223
1.201508782585223
1.201508782585223
1.201508782585223
1.201508782585223
