1.6508807958397531
1.6508807958397531
1.6508807958397531
1.6508807958397531
1.6508807958397531
1.6508807958397531
1.6508807958397531
1.6508807958397531
1.6508807958397531
1.6508807958397531
1.6508807958397531
1.6508807958397531
1.6508807958397531
1.6508807958397531
1.6508807958397531
1.6508807958397531
1.6508807958397531
1.6508807958397531
1.6508807958397531
1.6508807958397531
1.6508807958397531
1.6508807958397531
1.6508807958397531
1.6508807958397531
1.6508807958397531
1.6508807958397531
1.6508807958397531
1.6508807958397531
1.6508807958397531
1.6508807958397531
1.6508807958397531
1.6508807958397531
1.6508807958397531
1.6508807958397531
1.6508807958397531
1.6508807958397531
1.6508807958397531
1.6508807958397531
1.6508807958397531
1.6508807958397531
1.6508807958397531
1.6508807958397531
1.6508807958397531
1.6508807958397531
1.6508807958397531
1.6508807958397531
1.6508807958397531
1.6508807958397531
1.6508807958397531
1.6508807958397531
1.6508807958397531
1.6508807958397531
1.6508807958397531
1.6508807958397531
1.6508807958397531
1.6508807958397531
1.6508807958397531
1.6508807958397531
1.6508807958397531
1.6508807958397531
1.6508807958397531
1.6508810442700894
1.6508810442700894
1.6508810442700894
1.6508813805132794
1.65088281808786
1.6508837891843422
1.6508843718424329
1.6508845091201092
1.6508849637298397
1.6508851594062928
1.6508856942902828
1.6508859195747425
1.65088619602994
1.650886364050741
1.6508865221010054
1.6508866397026218
1.650886776112226
1.6508868372858811
1.6508868879151601
1.6508869120673835
1.65088698894691
1.6508870431653244
1.6508870674244633
1.6508870807115452
1.6508870958157293
1.6508871065104231
1.650887124461762
1.6508871402708913
1.6508871502580444
1.6508871570158794
1.6508871683648807
1.6508871825447744
1.6508871883974225
1.6508871925043158
1.650887196495373
1.6508871978940833
1.6508872010422802
1.6508872012338578
1.6508872025283317
1.6508872033909183
1.6508872039273468
1.6508872042492035
1.650887204442317
1.6508872055251664
1.650887206311409
1.650887206311409
1.6508872067338236
1.6508872070225549
1.6508872071676437
1.650887207178455
1.6508872073773744
1.6508872074487186
1.650887207533132
1.6508872075863574
1.6508872076550554
1.6508872076929484
1.6508872077214225
1.6508872077391998
1.6508872077552026
1.6508872077716303
1.6508872077746806
1.6508872077852623
1.6508872077949712
1.6508872078015329
1.6508872078044432
1.6508872078078014
1.6508872078101677
1.650887207812062
1.6508872078125953
1.6508872078138483
1.6508872078148524
1.650887207815379
1.6508872078156205
1.6508872078157724
1.6508872078160914
1.6508872078160914
1.6508872078160914
1.6508872078161856
1.6508872078162533
1.6508872078163
1.6508872078163
1.6508872078163
1.6508872078163102
1.6508872078163184
1.6508872078163184
1.6508872078163184
1.6508872078163235
1.6508872078163266
1.6508872078163455
1.6508872078163535
1.650887207816356
1.650887207816356
1.6508872078163601
1.6508872078163601
1.650887207816361
1.650887207816361
1.650887207816362
1.6508872078163639
1.6508872078163643
1.6508872078163652
1.6508872078163659
1.6508872078163668
1.6508872078163668
1.650887207816367
1.6508872078163672
1.6508872078163672
1.6508872078163674
1.6508872078163679
1.6508872078163679
1.6508872078163679
1.6508872078163679
1.6508872078163679
1.6508872078163679
1.6508872078163679
1.6508872078163679
1.6508872078163679
1.6508872078163679
1.6508872078163679
1.6508872078163679
1.6508872078163679
1.6508872078163679
1.6508872078163679
1.6508872078163679
1.6508872078163679
1.6508872078163679
1.6508872078163679
1.6508872078163679
1.6508872078163679
1.6508872078163679
1.6508872078163679
1.6508872078163679
