1.9323216916456083
1.9323216916456083
1.9323216916456083
1.9323216916456083
1.9323216916456083
1.9323216916456083
1.9323216916456083
1.9323216916456083
1.9323216916456083
1.9323216916456083
1.9323216916456083
1.9323216916456083
1.9323216916456083
1.9323216916456083
1.9323216916456083
1.9323216916456083
1.9323216916456083
1.9323216916456083
1.9323216916456083
1.9323216916456083
1.9323216916456083
1.9323216916456083
1.9323216916456083
1.9323216916456083
1.9323216916456083
1.9323216916456083
1.9323216916456083
1.9323216916456083
1.9323216916456083
1.9323216916456083
1.9323216916456083
1.9323216916456083
1.9323216916456083
1.9323216916456083
1.9323216916456083
1.9323216916456083
1.932428229300955
1.932428229300955
1.932428229300955
1.932428229300955
1.932428229300955
1.932428229300955
1.932428229300955
1.9324289094486369
1.9324289094486369
1.9324289094486369
1.9324289094486369
1.9324764786890496
1.9324764786890496
1.9324764786890496
1.9324764786890496
1.9324984500390132
1.9324984500390132
1.9324984500390132
1.9324984500390132
1.9324985595806774
1.9325011120956093
1.9325020584748416
1.9325029443577533
1.9325045499614042
1.9325045641825154
1.932504941492104
1.932505271157818
1.9325056503897688
1.9325059446602597
1.9325062938314226
1.9325066818782897
1.9325069109370245
1.9325071382139207
1.9325072204798264
1.9325073741922854
1.9325074711282269
1.9325075346576004
1.9325075919375836
1.9325076367447678
1.9325076696133363
1.9325076893344777
1.9325077134324415
1.932507737271162
1.932507753896507
1.932507766386946
1.9325077800747013
1.9325077879652421
1.9325077925197298
1.932507796858371
1.9325077989189936
1.932507802615432
1.9325078033523444
1.9325078053398812
1.9325078065008177
1.9325078073434623
1.9325078078683207
1.9325078081660747
1.9325078088226249
1.932507808978507
1.932507809088573
1.9325078095333132
1.932507809671848
1.9325078098567374
1.9325078099676707
1.9325078100515407
1.932507810126623
1.9325078102237152
1.9325078102998259
1.932507810313916
1.9325078103444837
1.9325078103628244
1.9325078103919446
1.9325078103919446
1.9325078104005489
1.9325078104141753
1.932507810415651
1.9325078104159956
1.932507810419862
1.9325078104224258
1.9325078104241789
1.932507810426103
1.932507810427832
1.932507810430064
1.932507810430064
1.932507810430064
1.9325078104309252
1.9325078104309916
1.9325078104309916
1.9325078104311
1.9325078104312166
1.932507810431459
1.9325078104314801
1.9325078104315867
1.932507810431719
1.9325078104318052
1.9325078104318052
1.9325078104318552
1.9325078104319107
1.9325078104319333
1.9325078104319724
1.9325078104319917
1.9325078104320141
1.932507810432024
1.9325078104320303
1.9325078104320403
1.9325078104320437
1.9325078104320506
1.9325078104320532
1.9325078104320585
1.9325078104320594
1.9325078104320605
1.932507810432064
1.9325078104320652
1.9325078104320677
1.932507810432068
1.9325078104320692
1.9325078104320708
1.932507810432071
1.9325078104320719
1.9325078104320719
1.9325078104320719
1.932507810432072
1.932507810432072
1.932507810432072
1.9325078104320723
1.9325078104320723
1.9325078104320723
1.9325078104320723
1.9325078104320723
1.9325078104320723
1.9325078104320723
1.9325078104320723
1.9325078104320723
1.9325078104320723
1.9325078104320723
1.9325078104320723
1.9325078104320723
1.9325078104320723
1.9325078104320723
1.9325078104320723
1.9325078104320723
1.9325078104320723
1.9325078104320723
1.9325078104320723
1.9325078104320723
