1.3423764046389128
1.3423764046389128
1.3423764046389128
1.3423764046389128
1.3423764046389128
1.3423764046389128
1.3423764046389128
1.3423764046389128
1.3423764046389128
1.3423764046389128
1.3423764046389128
1.3423764046389128
1.3423764046389128
1.3423764046389128
1.3423764046389128
1.3423764046389128
1.3423764046389128
1.3423764046389128
1.3423764046389128
1.3423764046389128
1.3423764046389128
1.3423764046389128
1.3423764046389128
1.3423764046389128
1.3423764046389128
1.3423764046389128
1.3423764046389128
1.344102611797376
1.345244146319847
1.345929753061487
1.3463413642154167
1.3465884198969866
1.3467366853485243
1.346825656156181
1.3468790427943018
1.346911076272509
1.346930296897768
1.346941829466727
1.3469487490778724
1.3469529008696768
1.346955391953802
1.346956886607532
1.3469577834009423
1.3469629732588166
1.3469629732588166
1.3469634159668056
1.346978278846757
1.346978278846757
1.346978278846757
1.346978278846757
1.3469877158253805
1.3469880972660735
1.3469880972660735
1.3469915066644371
1.3469921250459649
1.346994961827063
1.3469971348224916
1.3469984386236677
1.3469994595806136
1.3470008939227214
1.3470040901821578
1.3470061744519697
1.3470074185260772
1.3470082259355582
1.347008697025314
1.347009172707269
1.3470102577068666
1.3470109504492225
1.3470113795221306
1.3470116510284398
1.3470123353277619
1.3470127095765831
1.3470129586192254
1.3470132173201401
1.3470135309252544
1.3470137158747295
1.347013834011488
1.3470139001990524
1.347013976945394
1.3470140604965442
1.3470141106272402
1.3470141412127097
1.3470141680503265
1.347014197696969
1.3470142144085442
1.3470142253342408
1.3470142253342408
1.3470142322341965
1.347014239572686
1.3470142441268844
1.3470142465410904
1.3470142479896139
1.3470142522812243
1.3470142566587164
1.347014259285924
1.3470142610762017
1.3470142632322155
1.3470142633154942
1.3470142643971288
1.3470142647562364
1.3470142651605324
1.34701426540311
1.3470142655595339
1.3470142659699393
1.3470142662298263
1.3470142663737699
1.3470142664708742
1.3470142665291365
1.3470142665794453
1.3470142666418687
1.3470142666836322
1.3470142667088876
1.3470142667244953
1.3470142667338603
1.347014266742053
1.347014266760059
1.3470142667716312
1.3470142667786085
1.3470142667829534
1.347014266788697
1.3470142667945797
1.3470142667981257
1.3470142668002534
1.34701426680153
1.3470142668035574
1.347014266805593
1.347014266806815
1.3470142668075482
1.3470142668079879
1.3470142668082552
1.3470142668097684
1.3470142668107135
1.3470142668112806
1.3470142668116205
1.347014266812011
1.3470142668123717
1.3470142668125875
1.3470142668127176
1.3470142668129006
1.3470142668130864
1.347014266813198
1.3470142668132652
1.347014266813314
1.3470142668133804
1.34701426681342
1.347014266813444
1.3470142668134581
1.347014266813478
1.3470142668135017
1.3470142668135157
1.3470142668135245
1.3470142668135352
1.3470142668135454
1.3470142668135514
1.347014266813555
1.3470142668135574
1.347014266813561
1.3470142668135652
1.3470142668135676
1.3470142668135692
1.3470142668135712
1.3470142668135732
1.3470142668135745
1.3470142668135752
1.3470142668135758
1.347014266813577
1.3470142668135783
1.3470142668135787
1.3470142668135792
1.3470142668135794
1.3470142668135798
1.34701426681358
1.3470142668135803
1.3470142668135803
1.3470142668135805
1.3470142668135805
1.3470142668135805
1.3470142668135805
1.3470142668135805
1.3470142668135805
1.3470142668135805
1.3470142668135805
1.3470142668135805
1.3470142668135805
1.3470142668135805
