1.861461042090864
1.861461042090864
1.861461042090864
1.861461042090864
1.861461042090864
1.861461042090864
1.861461042090864
1.861461042090864
1.861461042090864
1.861461042090864
1.861461042090864
1.861461042090864
1.861461042090864
1.861461042090864
1.861461042090864
1.861461042090864
1.861461042090864
1.861461042090864
1.861461042090864
1.861461042090864
1.861461042090864
1.861461042090864
1.861461042090864
1.861461042090864
1.861461042090864
1.861461042090864
1.861461042090864
1.861461042090864
1.861461042090864
1.861461042090864
1.861461042090864
1.861461042090864
1.861461042090864
1.861461042090864
1.861461042090864
1.861461042090864
1.861461042090864
1.861461042090864
1.861461042090864
1.861461042090864
1.861461042090864
1.861461042090864
1.861461042090864
1.861461042090864
1.861461042090864
1.861461042090864
1.8614623372431063
1.8614623372431063
1.8614623372431063
1.861462345973843
1.8614658017313959
1.8614678751830764
1.8614691192530586
1.8614698656946775
1.8614733275533066
1.8614769016363568
1.8614790460883182
1.8614790460883182
1.861481377870457
1.861481377870457
1.8614820830267513
1.8614831140608996
1.8614842244119925
1.8614846780920953
1.8614855558548116
1.8614857745128404
1.8614862103344085
1.8614862227096958
1.8614863694084463
1.8614864936377553
1.8614866230597296
1.861486746974985
1.8614868245053997
1.8614869220569545
1.8614870547041167
1.8614871361151348
1.8614872101021747
1.861487264311678
1.8614873155477611
1.8614873525387083
1.8614873753804446
1.8614873970463977
1.8614874121614233
1.8614874226425948
1.8614874294154966
1.8614874349956592
1.861487442642166
1.8614874526529797
1.8614874586594683
1.8614874639673453
1.86148747074022
1.8614874745830468
1.861487477171212
1.8614874798906598
1.8614874822622838
1.8614874836852582
1.8614874850594099
1.8614874861876816
1.8614874868772469
1.8614874873104663
1.8614874875741736
1.8614874877598768
1.8614874879567194
1.8614874882302381
1.8614874883946406
1.8614874884932824
1.8614874885524675
1.8614874885879784
1.8614874886482295
1.8614874887332948
1.8614874887845987
1.8614874888153812
1.861487488835789
1.8614874888777677
1.861487488905531
1.8614874889221888
1.8614874889321833
1.8614874889472293
1.8614874889599158
1.8614874889675272
1.8614874889720947
1.8614874889769446
1.8614874889828879
1.8614874889864537
1.8614874889885928
1.861487488989877
1.8614874889917175
1.8614874889928925
1.861487488993598
1.8614874889940383
1.8614874889946273
1.86148748899511
1.8614874889954003
1.8614874889955744
1.8614874889957602
1.8614874889958783
1.8614874889959492
1.8614874889959914
1.8614874889960176
1.8614874889960502
1.8614874889960886
1.8614874889961117
1.8614874889961255
1.861487488996134
1.8614874889961406
1.861487488996155
1.8614874889961641
1.8614874889961697
1.8614874889961728
1.861487488996176
1.8614874889961797
1.8614874889961823
1.8614874889961837
1.8614874889961843
1.861487488996185
1.8614874889961865
1.861487488996188
1.8614874889961885
1.861487488996189
1.8614874889961894
1.86148748899619
1.8614874889961903
1.8614874889961908
1.8614874889961908
1.861487488996191
1.861487488996191
1.861487488996191
1.861487488996191
1.861487488996191
1.861487488996191
1.861487488996191
1.861487488996191
1.861487488996191
1.861487488996191
1.861487488996191
1.861487488996191
1.861487488996191
1.861487488996191
1.861487488996191
1.861487488996191
1.861487488996191
1.861487488996191
1.861487488996191
1.861487488996191
1.861487488996191
1.861487488996191
1.861487488996191
