2.4179527876712914
2.4179527876712914
2.4179527876712914
2.4179527876712914
2.4179527876712914
2.4179527876712914
2.4179527876712914
2.4179527876712914
2.4179527876712914
2.4179527876712914
2.4179527876712914
2.4179527876712914
2.4179527876712914
2.4179527876712914
2.4179527876712914
2.4179527876712914
2.4179527876712914
2.4179527876712914
2.4179527876712914
2.4179527876712914
2.4179527876712914
2.4179527876712914
2.4179527876712914
2.4179527876712914
2.4179527876712914
2.4179527876712914
2.4179527876712914
2.4179527876712914
2.4179527876712914
2.4179527876712914
2.4179527876712914
2.4179527876712914
2.4179527876712914
2.4179527876712914
2.4179527876712914
2.4179527876712914
2.4179527876712914
2.4179527876712914
2.4179527876712914
2.4179527876712914
2.4179527876712914
2.4179527876712914
2.4179527876712914
2.4179527876712914
2.4179527876712914
2.4179527876712914
2.4179527876712914
2.4179527876712914
2.4179527876712914
2.417954844695272
2.4179584541743067
2.4179622726207124
2.417965767016148
2.4179685704334144
2.4179720782952066
2.4179741830184716
2.417975445854659
2.417977684955127
2.417982528658996
2.4179828320397956
2.4179848972755877
2.4179861364190676
2.417986879905878
2.417987325998225
2.417987899641236
2.4179885474937644
2.4179889568813593
2.4179893319602335
2.417989583467202
2.41798980006773
2.4179899667287734
2.417990123515015
2.417990206196142
2.4179903018958524
2.4179903673054595
2.4179903967680576
2.4179904482855155
2.4179904880280256
2.417990515195108
2.417990542836345
2.417990554199914
2.417990567501596
2.4179905738384773
2.417990583143736
2.4179905845535385
2.41799059115231
2.4179905951115734
2.41799059748713
2.4179906027143123
2.417990603576375
2.4179906059173284
2.417990607321898
2.4179906084896365
2.4179906101641153
2.417990610757943
2.4179906131012245
2.4179906135545375
2.417990614687688
2.4179906158297095
2.4179906165291656
2.4179906165291656
2.4179906167214886
2.417990616988672
2.417990617194868
2.417990617389746
2.4179906175806485
2.4179906176441017
2.417990617752774
2.417990617844635
2.417990617938051
2.4179906179782584
2.4179906180356827
2.417990618078625
2.4179906181030995
2.417990618127428
2.417990618142027
2.417990618150786
2.4179906181626247
2.417990618169985
2.4179906181749824
2.417990618180756
2.4179906181853
2.4179906181877375
2.4179906181896795
2.4179906181920217
2.417990618194175
2.4179906181955113
2.4179906181963133
2.4179906181968374
2.417990618197641
2.417990618198109
2.4179906181984783
2.4179906181988287
2.417990618199174
2.41799061819938
2.417990618199505
2.417990618199579
2.417990618199624
2.4179906181996484
2.417990618199667
2.417990618199895
2.4179906182000375
2.4179906182001236
2.4179906182002067
2.4179906182003505
2.4179906182004363
2.4179906182004878
2.4179906182005237
2.417990618200575
2.417990618200605
2.417990618200624
2.417990618200636
2.417990618200652
2.4179906182006645
2.41799061820067
2.417990618200675
2.417990618200684
2.4179906182006894
2.4179906182006934
2.417990618200697
2.4179906182006983
2.4179906182006987
2.4179906182007005
2.417990618200701
2.4179906182007014
2.4179906182007014
2.4179906182007027
2.4179906182007027
2.417990618200703
2.417990618200703
2.417990618200703
2.417990618200703
2.417990618200703
2.417990618200703
2.417990618200703
2.417990618200703
2.417990618200703
2.417990618200703
2.417990618200703
2.417990618200703
2.417990618200703
