1.4414468915339715
1.4414468915339715
1.4414468915339715
1.4414468915339715
1.4414468915339715
1.4414468915339715
1.4414468915339715
1.4414468915339715
1.4414468915339715
1.4414468915339715
1.4414468915339715
1.4414468915339715
1.4414468915339715
1.4414468915339715
1.4414468915339715
1.4414468915339715
1.4414468915339715
1.4414468915339715
1.4414468915339715
1.4414468915339715
1.4414468915339715
1.4414468915339715
1.4414468915339715
1.4414468915339715
1.4414468915339715
1.4414468915339715
1.4414468915339715
1.4414468915339715
1.4414468915339715
1.4414468915339715
1.4414468915339715
1.4414468915339715
1.4414468915339715
1.4414468915339715
1.4414468915339715
1.4414468915339715
1.4414468915339715
1.4414468915339715
1.4414468915339715
1.4414468915339715
1.4414468915339715
1.4414468915339715
1.4414468915339715
1.4414468915339715
1.4414468915339715
1.4414468915339715
1.4414468915339715
1.4414468915339715
1.4414468915339715
1.4414468915339715
1.4414468915339715
1.4414468915339715
1.4414472206506617
1.4414473466002962
1.4414474221627682
1.4414474221627682
1.4414474221627682
1.4414474221627682
1.4414474221627682
1.4414474221627682
1.4414477420868763
1.4414484484720258
1.4414492118590418
1.4414494868347365
1.4414498053769718
1.4414503565997947
1.4414504615123274
1.441450700061141
1.4414508062966505
1.441450930063602
1.441451034546695
1.4414510886063054
1.441451121691341
1.4414511423771137
1.4414511720067575
1.4414512323636703
1.44145125344469
1.4414512745961263
1.4414512901861314
1.4414513080142117
1.4414513232916923
1.441451331809794
1.4414513376186893
1.441451346084512
1.4414513515486436
1.4414513558937307
1.441451358002261
1.441451359267379
1.44145136002645
1.4414513604818926
1.4414513611166877
1.4414513611747346
1.44145136185893
1.4414513623802765
1.4414513627367085
1.4414513628923924
1.4414513631517059
1.441451363525934
1.4414513637509456
1.4414513640450484
1.4414513640450484
1.441451364088745
1.4414513641639017
1.4414513642515228
1.441451364308028
1.4414513643465308
1.441451364363955
1.44145136439556
1.4414513644163294
1.4414513644342002
1.441451364442687
1.4414513644560858
1.4414513644667815
1.441451364473647
1.441451364478394
1.4414513644880147
1.441451364489812
1.4414513644939684
1.441451364495837
1.4414513644990778
1.441451364500605
1.441451364501606
1.4414513645023856
1.441451364503886
1.4414513645043179
1.4414513645051639
1.4414513645055094
1.4414513645059148
1.441451364506363
1.441451364506493
1.4414513645066356
1.4414513645068943
1.4414513645070692
1.441451364507149
1.4414513645071818
1.4414513645072187
1.4414513645072446
1.4414513645072728
1.4414513645072897
1.441451364507294
1.4414513645073077
1.4414513645073141
1.441451364507325
1.441451364507331
1.4414513645073337
1.4414513645073377
1.4414513645073406
1.441451364507342
1.4414513645073426
1.4414513645073435
1.4414513645073452
1.4414513645073452
1.4414513645073461
1.4414513645073461
1.4414513645073466
1.4414513645073468
1.441451364507347
1.4414513645073472
1.4414513645073472
1.4414513645073472
1.4414513645073472
1.4414513645073472
1.4414513645073472
1.4414513645073472
1.4414513645073472
1.4414513645073472
1.4414513645073472
1.4414513645073475
1.4414513645073475
1.4414513645073475
1.4414513645073475
1.4414513645073475
1.4414513645073475
1.4414513645073475
1.4414513645073475
1.4414513645073475
1.4414513645073475
1.4414513645073475
1.4414513645073475
1.4414513645073475
