1.9548260161444002
1.9548260161444002
1.9548260161444002
1.9548260161444002
1.9548260161444002
1.9548260161444002
1.9548260161444002
1.9548260161444002
1.9548260161444002
1.9548260161444002
1.9548260161444002
1.9548260161444002
1.9548260161444002
1.9548260161444002
1.9548260161444002
1.9548260161444002
1.9548260161444002
1.9548260161444002
1.9548260161444002
1.9548260161444002
1.9548260161444002
1.9548260161444002
1.9548260161444002
1.9548260161444002
1.9548260161444002
1.9548260161444002
1.9548260161444002
1.9548260161444002
1.9548260161444002
1.9548260161444002
1.9548260161444002
1.9548260161444002
1.9548260161444002
1.9548260161444002
1.9548260161444002
1.9548260161444002
1.9548260161444002
1.9548260161444002
1.9548260161444002
1.9548260161444002
1.9548260161444002
1.9548260161444002
1.9548260161444002
1.9548260161444002
1.9548354183176375
1.9548354183176375
1.9548354183176375
1.954841917136678
1.954841917136678
1.954841917136678
1.954841917136678
1.9548486262628715
1.9548553375191449
1.9548586263576802
1.95486270632147
1.95486270632147
1.9548630868022483
1.9548634527096072
1.9548666633123977
1.9548666633123977
1.9548666633123977
1.9548681297565718
1.9548691469234385
1.9548698088928955
1.9548702972943017
1.9548710645623157
1.9548714009537773
1.9548717101109774
1.9548723145744147
1.9548724351114317
1.9548727288721783
1.954872831574083
1.9548729633454647
1.954873156878864
1.9548733094934543
1.9548734072745906
1.954873560971428
1.9548736755721825
1.9548737443326378
1.9548737904271503
1.9548738371041092
1.9548738738194487
1.9548738964043488
1.9548739116229603
1.9548739294193598
1.954873933558569
1.9548739411354918
1.9548739468883594
1.9548739549560918
1.954873955774518
1.9548739603933756
1.9548739615639856
1.954873963611514
1.9548739655530742
1.954873966413806
1.954873966413806
1.954873966413806
1.9548739669077102
1.9548739669077102
1.9548739669077102
1.9548739669077102
1.9548739669077102
1.9548739670242665
1.9548739670242665
1.9548739670242665
1.954873967047
1.954873967047
1.954873967047
1.954873967047
1.954873967047
1.9548739670996291
1.9548739671168998
1.9548739671168998
1.9548739671433488
1.9548739671491568
1.954873967159994
1.954873967160003
1.954873967160003
1.954873967160003
1.9548739671607727
1.9548739671636324
1.954873967164433
1.954873967165872
1.954873967165872
1.954873967166823
1.9548739671677695
1.9548739671680357
1.9548739671688062
1.9548739671693198
1.9548739671695607
1.954873967170103
1.95487396717038
1.9548739671703987
1.9548739671704891
1.9548739671706823
1.9548739671707682
1.9548739671708437
1.9548739671709021
1.9548739671709336
1.9548739671709938
1.954873967171003
1.9548739671710273
1.9548739671710371
1.9548739671710609
1.9548739671710718
1.9548739671710809
1.9548739671710904
1.9548739671710953
1.9548739671710984
1.9548739671711055
1.954873967171111
1.9548739671711146
1.9548739671711146
1.954873967171118
1.954873967171118
1.954873967171119
1.954873967171119
1.954873967171119
1.9548739671711195
1.9548739671711195
1.9548739671711195
1.9548739671711197
1.9548739671711197
1.95487396717112
1.95487396717112
1.95487396717112
1.9548739671711202
1.9548739671711202
1.9548739671711202
1.9548739671711202
1.9548739671711202
1.9548739671711202
1.9548739671711202
1.9548739671711202
1.9548739671711202
1.9548739671711202
1.9548739671711202
1.9548739671711202
1.9548739671711202
1.9548739671711202
1.9548739671711202
1.9548739671711202
1.9548739671711202
1.9548739671711202
