1.2990709998433
1.2990709998433
1.2990709998433
1.2990709998433
1.2990709998433
1.2990709998433
1.2990709998433
1.2990709998433
1.2990709998433
1.2990709998433
1.2990709998433
1.2990709998433
1.2990709998433
1.2990709998433
1.2990709998433
1.2990709998433
1.2990709998433
1.2990709998433
1.2990709998433
1.2990709998433
1.2990709998433
1.2990709998433
1.2990709998433
1.2990709998433
1.2990709998433
1.2990709998433
1.2990709998433
1.2990709998433
1.2990709998433
1.2990709998433
1.2990709998433
1.2990709998433
1.2990709998433
1.2990709998433
1.2990709998433
1.2990709998433
1.2990709998433
1.2990709998433
1.2990709998433
1.2990709998433
1.2990709998433
1.2990709998433
1.2990709998433
1.2990709998433
1.2990951409023956
1.2990951409023956
1.2990951409023956
1.2991081050416728
1.2991081050416728
1.2991081050416728
1.2991081050416728
1.2991081050416728
1.2991099096117613
1.2991138308003085
1.2991161834828784
1.2991175950814196
1.299118442036583
1.299118950208256
1.2991192551107464
1.2991194380520559
1.2991214933940962
1.299121708514938
1.2991231351127237
1.2991239910717283
1.299124504647252
1.299124812792609
1.2991251935212518
1.2991260362989208
1.2991261487952497
1.2991263734161227
1.2991267992542408
1.2991269965721854
1.2991272921476111
1.2991274711049365
1.2991279035565475
1.2991279640707758
1.29912823563171
1.299128346526051
1.2991285018153695
1.2991287447144102
1.29912875932105
1.2991289318272408
1.2991290029986857
1.2991290647509592
1.2991291018023237
1.2991291240331426
1.299129218611522
1.2991292603635585
1.2991292784644244
1.2991292784644244
1.299129292505683
1.2991292928006646
1.2991292928006646
1.2991292942143673
1.2991292945394057
1.2991292972268385
1.2991293011261884
1.2991293019430596
1.2991293030492328
1.2991293046951309
1.2991293065219223
1.2991293065219223
1.2991293070921566
1.2991293076868096
1.2991293083992368
1.2991293088545177
1.2991293088844214
1.299129309079287
1.2991293093082585
1.299129309355526
1.2991293094375997
1.299129309531395
1.2991293095928058
1.2991293096677523
1.2991293096764835
1.2991293096815173
1.299129309695544
1.2991293097150725
1.2991293097212162
1.2991293097223326
1.2991293097268946
1.299129309734041
1.2991293097397332
1.299129309743148
1.299129309749423
1.2991293097505083
1.2991293097532766
1.2991293097549368
1.2991293097559338
1.2991293097565315
1.2991293097571823
1.2991293097575822
1.2991293097587044
1.299129309759377
1.2991293097597811
1.299129309760374
1.2991293097604886
1.299129309760601
1.2991293097609344
1.299129309761037
1.2991293097611067
1.2991293097611578
1.2991293097612047
1.2991293097612688
1.299129309761326
1.299129309761326
1.29912930976135
1.2991293097613774
1.2991293097613892
1.2991293097613985
1.2991293097614058
1.2991293097614167
1.2991293097614243
1.2991293097614314
1.299129309761437
1.299129309761441
1.2991293097614454
1.299129309761448
1.2991293097614505
1.2991293097614536
1.299129309761455
1.299129309761456
1.2991293097614567
1.2991293097614576
1.2991293097614576
1.2991293097614576
1.2991293097614576
1.2991293097614576
1.2991293097614576
1.299129309761458
1.299129309761458
1.299129309761458
1.299129309761458
1.299129309761458
1.299129309761458
1.299129309761458
1.299129309761458
1.299129309761458
1.299129309761458
1.299129309761458
1.299129309761458
1.299129309761458
1.299129309761458
1.299129309761458
1.299129309761458
1.299129309761458
1.299129309761458
1.299129309761458
1.299129309761458
1.299129309761458
