4.001045216416497
4.001045216416497
4.001045216416497
4.001045216416497
4.001045216416497
4.001045216416497
4.001045216416497
4.001045216416497
4.001045216416497
4.001045216416497
4.001045216416497
4.001045216416497
4.001045216416497
4.001045216416497
4.001045216416497
4.001045216416497
4.001045216416497
4.001045216416497
4.001045216416497
4.001045216416497
4.001045216416497
4.001045216416497
4.001045216416497
4.001045216416497
4.001045216416497
4.001045216416497
4.001045216416497
4.001045216416497
4.001045216416497
4.001045216416497
4.001045216416497
4.001045216416497
4.001045216416497
4.001045216416497
4.001045216416497
4.001045216416497
4.001045216416497
4.001045216416497
4.001045216416497
4.001045216416497
4.001045216416497
4.001045216416497
4.001045216416497
4.001045216416497
4.001045216416497
4.001045216416497
4.001045216416497
4.001045216416497
4.001045216416497
4.001045216416497
4.001045216416497
4.001045216416497
4.001045216416497
4.001045216416497
4.001045216416497
4.001045216416497
4.001045216416497
4.001045766043149
4.001048145436842
4.001051215764569
4.001053057961646
4.001054579441013
4.001059850376879
4.001064961962368
4.001068028912403
4.00107119843211
4.001072034405164
4.001074615424973
4.0010770457845055
4.001078656019591
4.001080832509336
4.001082062705083
4.0010835435397825
4.001084432254925
4.00108540099994
4.001086282976496
4.001086912263144
4.00108733482678
4.001087777521498
4.001088214035538
4.001088404085965
4.001088567908035
4.001088639110691
4.001088722015675
4.001088818444092
4.0010888694703475
4.001088912318806
4.001088952762566
4.001088977028823
4.0010889872127295
4.001089000163463
4.0010890079339045
4.001089015671153
4.001089031414443
4.0010890466252835
4.001089055751787
4.00108906372913
4.001089075939835
4.001089081974552
4.001089086474799
4.001089086830223
4.001089089560876
4.001089091809902
4.001089093483393
4.001089094487487
4.00108909549048
4.001089096617139
4.001089097495171
4.001089097866998
4.001089098249446
4.001089098531203
4.001089098804179
4.0010890989035826
4.001089099136059
4.0010890992800965
4.001089099370964
4.001089099459825
4.001089099521552
4.001089099558632
4.001089099558632
4.001089099558632
4.0010890995796755
4.0010890995796755
4.0010890995796755
4.0010890995796755
4.001089099584943
4.001089099588163
4.001089099592401
4.001089099595204
4.001089099597445
4.001089099598789
4.0010890995997075
4.001089099600484
4.001089099601035
4.001089099601663
4.00108909960218
4.001089099602625
4.001089099603107
4.001089099603491
4.001089099603739
4.001089099604034
4.0010890996042585
4.0010890996043935
4.001089099604499
4.001089099604499
4.001089099604499
4.00108909960453
4.00108909960453
4.00108909960453
4.00108909960453
4.00108909960453
4.001089099604534
4.001089099604537
4.001089099604542
4.001089099604551
4.001089099604555
4.001089099604559
4.001089099604559
4.001089099604559
4.001089099604559
4.001089099604561
4.001089099604561
4.001089099604561
4.001089099604561
4.001089099604561
4.001089099604562
4.001089099604562
4.001089099604562
4.001089099604562
4.001089099604562
4.001089099604562
4.001089099604562
4.001089099604562
4.001089099604562
4.001089099604562
4.001089099604562
4.001089099604562
4.001089099604562
4.001089099604562
4.001089099604562
4.001089099604562
4.001089099604562
4.001089099604562
4.001089099604562
4.001089099604562
4.001089099604562
4.001089099604562
4.001089099604562
4.001089099604562
4.001089099604562
4.001089099604562
4.001089099604562
4.001089099604562
4.001089099604562
4.001089099604562
4.001089099604562
4.001089099604562
