1.310985288639982
1.310985288639982
1.310985288639982
1.310985288639982
1.310985288639982
1.310985288639982
1.310985288639982
1.310985288639982
1.310985288639982
1.310985288639982
1.310985288639982
1.310985288639982
1.310985288639982
1.310985288639982
1.310985288639982
1.310985288639982
1.310985288639982
1.310985288639982
1.310985288639982
1.310985288639982
1.310985288639982
1.310985288639982
1.310985288639982
1.310985288639982
1.310985288639982
1.310985288639982
1.310985288639982
1.310985288639982
1.310985288639982
1.310985288639982
1.310985288639982
1.310985288639982
1.310985288639982
1.310985288639982
1.310985288639982
1.310985288639982
1.310985288639982
1.310985288639982
1.310985288639982
1.310985288639982
1.310985288639982
1.3109858369100658
1.3109858369100658
1.3109858369100658
1.3109858369100658
1.3109858369100658
1.3109858369100658
1.3109858369100658
1.3109858369100658
1.3109873656653057
1.3109873656653057
1.3109873656653057
1.3109873656653057
1.3109873656653057
1.3109877320815981
1.3109877320815981
1.3109877320815981
1.3109877320815981
1.3109877320815981
1.3109877320815981
1.3109879744983628
1.310988951075402
1.3109896256756979
1.3109899657514388
1.3109908905285026
1.310991445395544
1.310991778316058
1.3109921329622898
1.3109922446424283
1.310992554482115
1.3109929506483127
1.3109933592818992
1.3109936524311596
1.3109938307047333
1.3109942295218078
1.3109945683636197
1.3109947734053384
1.3109948964304026
1.310995039161526
1.3109951625197533
1.3109952561637523
1.3109953124026255
1.3109953461459518
1.3109953695274381
1.3109954024694943
1.3109954423995238
1.3109954663575427
1.3109954807323547
1.310995489357242
1.3109954945321745
1.310995510963682
1.3109955228467807
1.3109955299766398
1.3109955345323692
1.3109955434073586
1.3109955491588785
1.3109955526097903
1.3109955546803373
1.31099555894185
1.3109955616913955
1.3109955633411228
1.3109955643309592
1.3109955654273768
1.310995567089283
1.3109955680864267
1.310995568684713
1.3109955697022946
1.3109955703615537
1.3109955707571088
1.3109955709944425
1.3109955711376386
1.3109955714828696
1.3109955716949873
1.3109955718222575
1.310995571952571
1.3109955721365616
1.310995572246956
1.3109955723131925
1.3109955723529347
1.3109955724235243
1.3109955725030202
1.3109955725507174
1.3109955725793356
1.310995572621382
1.3109955726660558
1.3109955726928602
1.3109955727089428
1.3109955727185925
1.3109955727271707
1.3109955727387363
1.3109955727456755
1.3109955727498392
1.3109955727523372
1.3109955727553335
1.3109955727601508
1.3109955727630411
1.3109955727647753
1.3109955727658158
1.3109955727676874
1.310995572769412
1.3109955727704465
1.3109955727710674
1.3109955727715359
1.3109955727720353
1.3109955727723352
1.310995572772515
1.3109955727726226
1.3109955727726874
1.3109955727727536
1.3109955727728795
1.3109955727729552
1.3109955727730005
1.3109955727730278
1.3109955727730638
1.3109955727730884
1.3109955727731037
1.3109955727731124
1.3109955727731326
1.3109955727731455
1.310995572773153
1.3109955727731577
1.310995572773164
1.3109955727731695
1.3109955727731726
1.3109955727731746
1.310995572773177
1.310995572773179
1.3109955727731801
1.310995572773181
1.310995572773182
1.3109955727731828
1.3109955727731835
1.310995572773184
1.3109955727731841
1.3109955727731843
1.3109955727731843
1.3109955727731843
1.3109955727731843
1.3109955727731843
1.3109955727731843
1.3109955727731843
1.3109955727731843
1.3109955727731843
1.3109955727731843
1.3109955727731843
1.3109955727731843
1.3109955727731843
1.3109955727731843
1.3109955727731843
1.3109955727731843
1.3109955727731843
