1.2437392866876822
1.2437392866876822
1.2437392866876822
1.2437392866876822
1.2437392866876822
1.2437392866876822
1.2437392866876822
1.2437392866876822
1.2437392866876822
1.2437392866876822
1.2437392866876822
1.2437392866876822
1.2437392866876822
1.2437392866876822
1.2437392866876822
1.2437392866876822
1.2437392866876822
1.2437392866876822
1.2437392866876822
1.2437392866876822
1.2437392866876822
1.2437392866876822
1.2437392866876822
1.2437392866876822
1.2437392866876822
1.2437392866876822
1.2437392866876822
1.2437392866876822
1.2437392866876822
1.2437392866876822
1.2437392866876822
1.2437392866876822
1.2437392866876822
1.2437392866876822
1.2437392866876822
1.2437392866876822
1.2437392866876822
1.2437392866876822
1.2437392866876822
1.2437392866876822
1.2437392866876822
1.2437392866876822
1.2437392866876822
1.2437392866876822
1.2437392866876822
1.2437392866876822
1.2437392866876822
1.2437392866876822
1.2437392866876822
1.2437392866876822
1.2437392866876822
1.2437392866876822
1.2437428913843855
1.2437428913843855
1.2437428913843855
1.2437428913843855
1.2437443047068937
1.243746664660013
1.243746664660013
1.2437485464840483
1.2437487976853985
1.2437506242794056
1.2437519127840326
1.2437526858874832
1.2437531605846794
1.2437534309928604
1.243753859764062
1.243754105417019
1.2437545398089116
1.2437548004441528
1.2437550096720509
1.2437552646184813
1.243755495829983
1.2437556345569083
1.243755717793072
1.2437558143777911
1.2437559360664192
1.2437560229276603
1.2437560881046374
1.2437561402856616
1.243756165760232
1.2437561945667726
1.2437562118506973
1.2437562316192774
1.2437562482650102
1.2437562631254198
1.2437562683138428
1.2437562737587402
1.2437562785874787
1.2437562810564433
1.2437562836132852
1.2437562854172703
1.2437562866750291
1.2437562879093522
1.2437562886499458
1.2437562890808047
1.243756289387738
1.2437562895718979
1.2437562897221586
1.2437562899104477
1.2437562901449246
1.2437562902717534
1.2437562903680381
1.2437562904258086
1.2437562904604715
1.2437562905729187
1.2437562906484678
1.2437562907396122
1.2437562907420467
1.2437562907835464
1.2437562908345041
1.243756290854404
1.2437562908712876
1.2437562908897528
1.2437562909030284
1.2437562909069726
1.2437562909139108
1.2437562909197868
1.2437562909233124
1.2437562909255186
1.2437562909269917
1.2437562909298838
1.243756290931667
1.2437562909327693
1.2437562909330309
1.2437562909335436
1.2437562909335436
1.2437562909340456
1.2437562909340456
1.2437562909341955
1.2437562909342679
1.2437562909343802
1.2437562909344453
1.2437562909345679
1.2437562909345883
1.24375629093461
1.243756290934647
1.2437562909346587
1.2437562909346693
1.243756290934681
1.2437562909346938
1.2437562909347095
1.2437562909347146
1.243756290934725
1.2437562909347297
1.2437562909347344
1.2437562909347348
1.2437562909347364
1.2437562909347393
1.2437562909347402
1.2437562909347402
1.2437562909347402
1.2437562909347402
1.2437562909347408
1.243756290934741
1.2437562909347415
1.2437562909347415
1.2437562909347415
1.2437562909347417
1.2437562909347422
1.2437562909347424
1.2437562909347424
1.2437562909347424
1.2437562909347424
1.2437562909347424
1.2437562909347424
1.2437562909347424
1.2437562909347424
1.2437562909347424
1.2437562909347424
1.2437562909347424
1.2437562909347424
1.2437562909347424
1.2437562909347424
1.2437562909347424
1.2437562909347424
1.2437562909347424
1.2437562909347424
1.2437562909347424
1.2437562909347424
1.2437562909347424
1.2437562909347424
1.2437562909347424
1.2437562909347424
1.2437562909347424
