1.9457114163962728
1.9457114163962728
1.9457114163962728
1.9457114163962728
1.9457114163962728
1.9457114163962728
1.9457114163962728
1.9457114163962728
1.9457114163962728
1.9457114163962728
1.9457114163962728
1.9457114163962728
1.9457114163962728
1.9457114163962728
1.9457114163962728
1.9457114163962728
1.9457114163962728
1.9457114163962728
1.9457114163962728
1.9457114163962728
1.9457114163962728
1.9457114163962728
1.9457114163962728
1.9457114163962728
1.9457114163962728
1.9457114163962728
1.9457114163962728
1.9457114163962728
1.9457114163962728
1.9457114163962728
1.9457114163962728
1.9457114163962728
1.9457114163962728
1.9457114163962728
1.9457114163962728
1.9457114163962728
1.9457114163962728
1.9457114163962728
1.9457114163962728
1.9457114163962728
1.9457114163962728
1.9457114163962728
1.9457114163962728
1.9457114163962728
1.9457114163962728
1.9457114163962728
1.9457114163962728
1.9457114163962728
1.9457114163962728
1.9457114163962728
1.9457114163962728
1.9457114163962728
1.9457114163962728
1.9457114163962728
1.9457284252777067
1.9457284252777067
1.9457284252777067
1.9457284252777067
1.9457356595693567
1.9457395039514105
1.9457453125870867
1.9457466536006722
1.9457511464834778
1.9457531934683372
1.9457548139540672
1.9457569412481777
1.94575726952113
1.9457582863612088
1.9457588964653019
1.9457599304530813
1.9457620018543824
1.9457632446953832
1.9457639550453953
1.9457652073033769
1.9457665876330508
1.9457674158307683
1.9457678979106496
1.9457683809296251
1.9457687750542163
1.9457690380402148
1.9457692200495273
1.9457694016773306
1.9457695801565742
1.9457696872441101
1.9457697514966277
1.9457698513968842
1.9457699541505686
1.9457700021743227
1.9457700229107635
1.9457700289070388
1.9457700289070388
1.9457700461834027
1.9457700597826646
1.9457700597826646
1.9457700794447093
1.9457700895516952
1.9457700945444025
1.9457700945444025
1.945770096806874
1.945770100967161
1.9457701028827248
1.945770104032063
1.9457701047216656
1.9457701057597248
1.945770107095829
1.94577010798795
1.9457701085232222
1.9457701091105741
1.9457701099743503
1.9457701102604807
1.9457701102604807
1.9457701102604807
1.9457701104447704
1.9457701104447704
1.9457701104447704
1.9457701104447704
1.9457701104447704
1.9457701104823493
1.9457701104823493
1.9457701104823493
1.9457701104823493
1.9457701104823493
1.9457701104823493
1.9457701104823493
1.9457701104823493
1.9457701104823493
1.9457701104935852
1.9457701105041376
1.9457701105041376
1.9457701105041376
1.9457701105041376
1.9457701105042198
1.9457701105042198
1.9457701105042198
1.9457701105042198
1.9457701105042975
1.945770110505475
1.9457701105062502
1.9457701105067668
1.9457701105067668
1.9457701105067668
1.9457701105067668
1.9457701105068934
1.9457701105068934
1.9457701105068934
1.9457701105068934
1.945770110506911
1.9457701105069434
1.9457701105069434
1.9457701105069434
1.9457701105069434
1.945770110506947
1.945770110506947
1.945770110506947
1.945770110506947
1.945770110506947
1.945770110506949
1.9457701105069527
1.9457701105069527
1.9457701105069538
1.945770110506955
1.9457701105069565
1.9457701105069565
1.9457701105069567
1.945770110506957
1.945770110506957
1.9457701105069576
1.9457701105069576
1.9457701105069576
1.945770110506958
1.945770110506958
1.9457701105069583
1.9457701105069583
1.9457701105069583
1.9457701105069585
1.9457701105069585
1.9457701105069585
1.9457701105069585
1.9457701105069585
1.9457701105069585
1.9457701105069585
1.9457701105069585
1.9457701105069585
1.9457701105069585
1.9457701105069585
1.9457701105069585
1.9457701105069585
1.9457701105069585
1.9457701105069585
1.9457701105069585
1.9457701105069585
1.9457701105069585
1.9457701105069585
1.9457701105069585
1.9457701105069585
