1.7121605990015407
1.7121605990015407
1.7121605990015407
1.7121605990015407
1.7121605990015407
1.7121605990015407
1.7121605990015407
1.7121605990015407
1.7121605990015407
1.7121605990015407
1.7121605990015407
1.7121605990015407
1.7121605990015407
1.7121605990015407
1.7121605990015407
1.7121605990015407
1.7121605990015407
1.7121605990015407
1.7121605990015407
1.7121605990015407
1.7121605990015407
1.7121605990015407
1.7121605990015407
1.7121605990015407
1.7121605990015407
1.7121605990015407
1.7121605990015407
1.7121605990015407
1.7121605990015407
1.7121605990015407
1.7121605990015407
1.7121605990015407
1.7121605990015407
1.7121605990015407
1.7121605990015407
1.7121605990015407
1.7121605990015407
1.7121605990015407
1.7121605990015407
1.7121605990015407
1.7121605990015407
1.7121605990015407
1.7121605990015407
1.7121605990015407
1.7121605990015407
1.7121605990015407
1.7121605990015407
1.7121605990015407
1.7121605990015407
1.7121605990015407
1.7121605990015407
1.7121669945108364
1.7121669945108364
1.7121669945108364
1.7121669945108364
1.7121719419967716
1.7121719419967716
1.7121719419967716
1.7121854584933578
1.7121854584933578
1.7121854584933578
1.712191919698698
1.7121936830728874
1.7122002483957457
1.7122053965567838
1.7122084854656545
1.7122105307562117
1.7122147544047126
1.7122187022998288
1.7122217889270048
1.712223391249397
1.7122284842928128
1.7122302966007719
1.7122324143404326
1.7122346591703819
1.7122368679330349
1.7122375837649737
1.7122381269516673
1.7122386384642154
1.712239147470103
1.7122395193866402
1.7122397309245196
1.7122399712315157
1.7122401313735223
1.7122403244225977
1.7122405196197035
1.7122405475312321
1.7122406210956533
1.7122406739197205
1.7122407490087517
1.7122407807395883
1.712240801945174
1.712240844151842
1.712240860025162
1.712240877361988
1.7122408891215912
1.7122408961063242
1.7122409052893612
1.7122409052893612
1.712240908674556
1.7122409112178631
1.7122409123090176
1.7122409129617266
1.712240913634937
1.7122409152967843
1.7122409168366093
1.7122409177581963
1.7122409186367176
1.712240919281277
1.712240920017591
1.712240920292678
1.7122409204106936
1.7122409205647469
1.7122409209341323
1.712240921222721
1.7122409213958736
1.7122409214997663
1.7122409217004853
1.7122409218540995
1.712240921946268
1.7122409220263566
1.7122409221343347
1.7122409221991208
1.7122409222379924
1.7122409222613162
1.7122409222753099
1.7122409223030313
1.7122409223212876
1.712240922332299
1.712240922339573
1.7122409223461807
1.7122409223520227
1.7122409223555284
1.7122409223576311
1.7122409223588932
1.712240922361142
1.7122409223634296
1.7122409223648014
1.7122409223656248
1.7122409223669002
1.7122409223679105
1.7122409223685173
1.7122409223688813
1.7122409223692008
1.7122409223698782
1.712240922370285
1.7122409223705288
1.7122409223708317
1.7122409223710902
1.7122409223712454
1.7122409223713413
1.7122409223714636
1.7122409223715371
1.7122409223715822
1.7122409223716084
1.7122409223716246
1.7122409223716628
1.712240922371696
1.7122409223717163
1.7122409223717285
1.7122409223717354
1.712240922371746
1.712240922371759
1.7122409223717672
1.712240922371772
1.7122409223717758
1.71224092237178
1.7122409223717838
1.7122409223717856
1.712240922371787
1.7122409223717885
1.7122409223717903
1.7122409223717914
1.7122409223717918
1.7122409223717923
1.7122409223717927
1.7122409223717927
1.7122409223717927
1.7122409223717927
1.7122409223717927
1.7122409223717927
1.7122409223717927
1.7122409223717927
1.7122409223717927
1.7122409223717927
1.7122409223717927
1.7122409223717927
1.7122409223717927
1.7122409223717927
1.7122409223717927
1.7122409223717927
1.7122409223717927
1.7122409223717927
1.7122409223717927
1.7122409223717927
