2.069440678665415
2.069440678665415
2.069440678665415
2.069440678665415
2.069440678665415
2.069440678665415
2.069440678665415
2.069440678665415
2.069440678665415
2.069440678665415
2.069440678665415
2.069440678665415
2.069440678665415
2.069440678665415
2.069440678665415
2.069440678665415
2.069440678665415
2.069440678665415
2.069440678665415
2.069440678665415
2.069440678665415
2.069440678665415
2.069440678665415
2.069440678665415
2.069440678665415
2.069440678665415
2.069440678665415
2.069440678665415
2.069440678665415
2.069440678665415
2.069440678665415
2.069440678665415
2.069440678665415
2.069440678665415
2.069440678665415
2.069440678665415
2.069440678665415
2.069440678665415
2.069440678665415
2.069440678665415
2.069440678665415
2.069440678665415
2.069440678665415
2.069440678665415
2.069440678665415
2.069440678665415
2.069440678665415
2.069440678665415
2.069440795497549
2.069452678314247
2.069452678314247
2.069452678314247
2.069459769589863
2.069459769589863
2.069463435134176
2.069463435134176
2.0694659645037357
2.0694664729256895
2.0694683352458854
2.069468821636341
2.069469113470608
2.0694698789902213
2.06947030952659
2.0694707622200803
2.069471389992819
2.069471577344468
2.0694719758102345
2.069472214889699
2.069472553815238
2.069472816805437
2.0694730733619937
2.0694730733619937
2.0694731413101257
2.0694731736680545
2.0694732953772292
2.069473335217454
2.069473380840861
2.0694734313395324
2.069473441954122
2.0694734678147175
2.069473500248311
2.069473504708816
2.0694735276265463
2.069473533179227
2.069473546830063
2.0694735564244895
2.0694735606756205
2.0694735635360613
2.0694735682470315
2.069473572427503
2.069473575052269
2.069473576627129
2.0694735780356623
2.0694735803920854
2.069473581486704
2.069473582497488
2.069473583489073
2.0694735846145607
2.06947358539038
2.0694735858558704
2.0694735861473563
2.069473586787277
2.0694735871766836
2.069473587410327
2.0694735875505126
2.069473587645934
2.069473587818421
2.0694735879592074
2.0694735880436794
2.069473588094362
2.0694735881396222
2.0694735882450352
2.0694735883146373
2.0694735883563995
2.0694735883814555
2.0694735883998527
2.069473588448913
2.06947358848097
2.0694735885002054
2.0694735885117455
2.0694735885186692
2.0694735885260283
2.069473588533116
2.0694735885373676
2.069473588539918
2.069473588541557
2.0694735885441924
2.0694735885466837
2.0694735885481808
2.069473588549346
2.069473588550383
2.069473588551429
2.0694735885520905
2.0694735885524884
2.069473588552729
2.069473588552986
2.0694735885532483
2.0694735885534152
2.069473588553553
2.0694735885536457
2.0694735885537257
2.069473588553786
2.0694735885538225
2.069473588553866
2.069473588553904
2.0694735885539255
2.06947358855394
2.0694735885539512
2.0694735885539655
2.0694735885539752
2.069473588553982
2.069473588553986
2.06947358855399
2.0694735885539934
2.0694735885539957
2.0694735885539974
2.0694735885539988
2.0694735885539997
2.069473588554001
2.0694735885540023
2.0694735885540023
2.069473588554003
2.0694735885540037
2.069473588554004
2.0694735885540045
2.069473588554005
2.069473588554005
2.0694735885540063
2.0694735885540063
2.0694735885540063
2.0694735885540063
2.0694735885540063
2.0694735885540063
2.0694735885540063
2.0694735885540063
2.0694735885540063
2.0694735885540063
2.0694735885540063
2.0694735885540063
2.0694735885540063
2.0694735885540063
2.0694735885540063
2.0694735885540063
2.0694735885540063
