2.6679918631492026
2.6679918631492026
2.6679918631492026
2.6679918631492026
2.6679918631492026
2.6679918631492026
2.6679918631492026
2.6679918631492026
2.6679918631492026
2.6679918631492026
2.6679918631492026
2.6679918631492026
2.6679918631492026
2.6679918631492026
2.6679918631492026
2.6679918631492026
2.6679918631492026
2.6679918631492026
2.6679918631492026
2.6679918631492026
2.6679918631492026
2.6679918631492026
2.6679918631492026
2.6679918631492026
2.6679918631492026
2.6679918631492026
2.6679918631492026
2.6679918631492026
2.6679918631492026
2.6679918631492026
2.6679918631492026
2.6679918631492026
2.6679918631492026
2.6679918631492026
2.6679918631492026
2.6679918631492026
2.6679918631492026
2.6679918631492026
2.6679918631492026
2.6679918631492026
2.6679918631492026
2.6679918631492026
2.6679918631492026
2.6679918631492026
2.6679918631492026
2.6679918631492026
2.6679918631492026
2.6679918631492026
2.6679918631492026
2.6679918631492026
2.6679918631492026
2.6679918631492026
2.6679918631492026
2.6679918631492026
2.6679918631492026
2.6679918631492026
2.6679918631492026
2.6679918631492026
2.6679918631492026
2.6679918631492026
2.6679960059578263
2.6679960059578263
2.6679960059578263
2.6679960059578263
2.6680016437431253
2.6680016437431253
2.6680016437431253
2.6680016437431253
2.6680016437431253
2.6680023599216827
2.6680029038588438
2.668003842988322
2.668004475240541
2.668004775646135
2.6680049558894976
2.668005472141005
2.6680058424585034
2.6680062945130265
2.668006565745779
2.6680067161817895
2.668006798296346
2.6680068358575237
2.668007013061362
2.6680071479687912
2.668007228913252
2.6680073129627218
2.6680073729829434
2.668007439482608
2.668007493269262
2.6680075308355837
2.668007553375377
2.6680075668992522
2.6680075750135783
2.66800758954344
2.6680076058514874
2.668007615636316
2.6680076215072126
2.6680076250354703
2.668007629165877
2.668007635765008
2.668007640038409
2.6680076426392842
2.6680076460927644
2.6680076484227904
2.668007649820807
2.668007650785701
2.668007651778519
2.6680076525710854
2.6680076530663404
2.668007653363493
2.6680076537492474
2.668007654089079
2.6680076542929783
2.6680076544541174
2.66800765461911
2.6680076547224867
2.6680076547906117
2.6680076548431417
2.668007654900338
2.668007654934656
2.6680076549552467
2.668007654967601
2.6680076549778207
2.6680076549888954
2.668007654995989
2.668007655000245
2.6680076550032314
2.6680076550052743
2.668007655008641
2.6680076550112095
2.668007655012751
2.6680076550136755
2.66800765501423
2.6680076550152587
2.668007655016419
2.6680076550171408
2.6680076550175875
2.6680076550178553
2.668007655018016
2.6680076550182212
2.668007655018522
2.668007655018702
2.6680076550188145
2.6680076550190126
2.668007655019138
2.6680076550192133
2.6680076550192675
2.668007655019362
2.6680076550194203
2.668007655019455
2.668007655019476
2.6680076550195078
2.668007655019543
2.6680076550195646
2.6680076550195766
2.668007655019584
2.6680076550195886
2.668007655019593
2.668007655019598
2.6680076550196
2.668007655019602
2.668007655019603
2.668007655019605
2.6680076550196064
2.668007655019607
2.6680076550196072
2.6680076550196077
2.668007655019608
2.668007655019608
2.668007655019609
2.668007655019609
2.668007655019609
2.668007655019609
2.668007655019609
2.668007655019609
2.668007655019609
2.668007655019609
2.668007655019609
2.668007655019609
2.668007655019609
2.668007655019609
2.668007655019609
2.668007655019609
2.668007655019609
2.668007655019609
2.668007655019609
2.668007655019609
2.668007655019609
2.668007655019609
2.668007655019609
2.668007655019609
2.668007655019609
2.668007655019609
2.668007655019609
