2.2366553883547695
2.2366553883547695
2.2366553883547695
2.2366553883547695
2.2366553883547695
2.2366553883547695
2.2366553883547695
2.2366553883547695
2.2366553883547695
2.2366553883547695
2.2366553883547695
2.2366553883547695
2.2366553883547695
2.2366553883547695
2.2366553883547695
2.2366553883547695
2.2366553883547695
2.2366553883547695
2.2366553883547695
2.2366553883547695
2.2366553883547695
2.2366553883547695
2.2366553883547695
2.2366553883547695
2.2366553883547695
2.2366553883547695
2.2366553883547695
2.2366553883547695
2.2366553883547695
2.2366553883547695
2.2366553883547695
2.2366553883547695
2.2366553883547695
2.2366553883547695
2.2366553883547695
2.2366553883547695
2.2366553883547695
2.2366553883547695
2.2366553883547695
2.2366553883547695
2.2366553883547695
2.2366553883547695
2.2366553883547695
2.2366553883547695
2.2366553883547695
2.2366553883547695
2.2366553883547695
2.2366553883547695
2.2366553883547695
2.2366553883547695
2.2366553883547695
2.2366553883547695
2.2366553883547695
2.2366553883547695
2.2366553883547695
2.2366553883547695
2.2366553883547695
2.23665566314173
2.236655758324643
2.236655914013022
2.2366562691888525
2.2366565188819365
2.2366567981926417
2.236657261426045
2.236657261426045
2.236657269747826
2.236657417163761
2.2366575523609993
2.2366576965900955
2.236657794387611
2.2366579387804553
2.236658107779315
2.236658236088412
2.2366583130738658
2.2366584138217607
2.2366585008023283
2.2366585529906664
2.236658585249127
2.236658623863485
2.236658651268571
2.2366586677116223
2.236658693280435
2.236658713496479
2.2366587179130084
2.2366587262374367
2.236658729662414
2.236658732433906
2.2366587340968005
2.23665873535651
2.236658735719876
2.236658736032525
2.236658736635185
2.2366587366788098
2.2366587368982938
2.236658737029984
2.2366587371748077
2.236658737329898
2.236658737353501
2.2366587374213696
2.2366587374854308
2.2366587375196985
2.2366587375320326
2.236658737555267
2.2366587375709543
2.2366587375803673
2.236658737586015
2.2366587375894036
2.236658737596863
2.2366587376056284
2.2366587376196962
2.2366587376196962
2.2366587376327067
2.236658737634003
2.2366587376445657
2.236658737645086
2.236658737646202
2.236658737648577
2.236658737649862
2.236658737653227
2.236658737654259
2.2366587376559246
2.2366587376570637
2.2366587376579767
2.2366587376585247
2.236658737658888
2.2366587376593663
2.2366587376596345
2.236658737660193
2.236658737660193
2.2366587376603735
2.236658737660658
2.23665873766077
2.2366587376608082
2.2366587376609446
2.2366587376609997
2.236658737661073
2.236658737661117
2.2366587376611595
2.2366587376612026
2.236658737661239
2.236658737661264
2.236658737661286
2.236658737661302
2.2366587376613123
2.236658737661318
2.2366587376613225
2.236658737661327
2.2366587376613287
2.236658737661331
2.2366587376613323
2.2366587376613336
2.236658737661334
2.236658737661336
2.236658737661336
2.236658737661336
2.236658737661337
2.2366587376613376
2.2366587376613376
2.2366587376613376
2.2366587376613376
2.236658737661338
2.236658737661338
2.236658737661338
2.236658737661338
2.2366587376613385
2.2366587376613385
2.2366587376613385
2.2366587376613385
2.2366587376613385
2.2366587376613385
2.2366587376613385
2.2366587376613385
2.2366587376613385
2.2366587376613385
2.2366587376613385
2.2366587376613385
2.2366587376613385
2.2366587376613385
2.2366587376613385
2.2366587376613385
2.2366587376613385
2.2366587376613385
