1.5359841574657547
1.5359841574657547
1.5359841574657547
1.5359841574657547
1.5359841574657547
1.5359841574657547
1.5359841574657547
1.5359841574657547
1.5359841574657547
1.5359841574657547
1.5359841574657547
1.5359841574657547
1.5359841574657547
1.5359841574657547
1.5359841574657547
1.5359841574657547
1.5359841574657547
1.5359841574657547
1.5359841574657547
1.5359841574657547
1.5359841574657547
1.5359841574657547
1.5359841574657547
1.5359841574657547
1.5359841574657547
1.5359841574657547
1.5359841574657547
1.5359841574657547
1.5359841574657547
1.5359841574657547
1.5359841574657547
1.5359841574657547
1.5359841574657547
1.5359841574657547
1.5359841574657547
1.5359841574657547
1.5359841574657547
1.5359841574657547
1.5359841574657547
1.5359841574657547
1.5359841574657547
1.5359841574657547
1.5359841574657547
1.5359841574657547
1.5359841574657547
1.5359841574657547
1.5359841574657547
1.5359841574657547
1.5359841574657547
1.5359841574657547
1.5359841574657547
1.5359841574657547
1.5359841574657547
1.5359841574657547
1.5359841574657547
1.5359841574657547
1.5359841574657547
1.5359841574657547
1.5359841574657547
1.5359841574657547
1.5359841574657547
1.5359841574657547
1.5359841574657547
1.5359845369865912
1.5359845369865912
1.5359845369865912
1.5359845369865912
1.5359845369865912
1.5359845369865912
1.5359845369865912
1.5359847540971352
1.5359852785139039
1.5359852785139039
1.5359856705334771
1.5359856757854657
1.5359856757854657
1.5359856757854657
1.5359856757854657
1.535986116593696
1.535986116593696
1.535986140198941
1.5359862928575245
1.535986384452701
1.535986439409816
1.5359866555326316
1.5359868347457255
1.5359872085952049
1.5359872537364971
1.5359874598590466
1.5359877229562364
1.5359878808145624
1.535988086281184
1.535988086281184
1.5359881030059763
1.5359882797687527
1.5359883249982802
1.5359883249982802
1.5359883249982802
1.5359883249982802
1.535988339515779
1.535988339515779
1.535988339515779
1.535988339515779
1.535988339515779
1.535988349314663
1.5359883714636458
1.5359883714636458
1.535988378712629
1.535988384395591
1.5359883856368586
1.5359883864347637
1.5359883873915225
1.5359883879655778
1.53598838915979
1.5359883920760369
1.5359883938257852
1.5359883948756343
1.5359883956031593
1.5359883967406418
1.535988397554607
1.5359883980717786
1.5359883983970817
1.5359883987016127
1.535988398984798
1.5359883991547094
1.5359883992566556
1.5359883993178236
1.5359883993729413
1.5359883995084809
1.5359883995898045
1.5359883996385988
1.5359883996678756
1.5359883997183927
1.5359883997740882
1.5359883998075052
1.5359883998275556
1.5359883998549477
1.5359883998734458
1.5359883998845445
1.5359883998912036
1.535988399900114
1.5359883999079664
1.5359883999126775
1.5359883999155042
1.5359883999172004
1.5359883999212565
1.5359883999262285
1.5359883999292117
1.535988399931002
1.5359883999342665
1.5359883999367918
1.535988399938307
1.535988399939216
1.5359883999398132
1.535988399941088
1.535988399941853
1.535988399942312
1.5359883999425876
1.5359883999433697
1.5359883999439117
1.5359883999442374
1.535988399944433
1.5359883999445498
1.5359883999448989
1.5359883999451212
1.5359883999452546
1.5359883999453348
1.5359883999454498
1.5359883999455424
1.5359883999455974
1.5359883999456305
1.5359883999456507
1.5359883999456625
1.53598839994568
1.535988399945697
1.5359883999457071
1.5359883999457133
1.5359883999457173
1.5359883999457196
1.5359883999457231
1.5359883999457278
1.535988399945731
1.5359883999457327
1.5359883999457336
1.5359883999457344
1.5359883999457355
1.5359883999457375
1.5359883999457387
1.5359883999457395
1.5359883999457407
1.5359883999457415
1.5359883999457424
1.5359883999457427
1.5359883999457429
1.5359883999457435
1.535988399945744
1.535988399945744
1.535988399945744
1.535988399945744
1.535988399945744
1.535988399945744
1.535988399945744
1.535988399945744
1.535988399945744
1.535988399945744
