1.449225821904374
1.449225821904374
1.449225821904374
1.449225821904374
1.449225821904374
1.449225821904374
1.449225821904374
1.449225821904374
1.449225821904374
1.449225821904374
1.449225821904374
1.449225821904374
1.449225821904374
1.449225821904374
1.449225821904374
1.449225821904374
1.449225821904374
1.449225821904374
1.449225821904374
1.449225821904374
1.449225821904374
1.449225821904374
1.449225821904374
1.449225821904374
1.449225821904374
1.449225821904374
1.449225821904374
1.449225821904374
1.449225821904374
1.449225821904374
1.449225821904374
1.449225821904374
1.449225821904374
1.449225821904374
1.449225821904374
1.449225821904374
1.449225821904374
1.449225821904374
1.449225821904374
1.449225821904374
1.449225821904374
1.449225821904374
1.4492380539614382
1.4492380539614382
1.4492380539614382
1.4492380539614382
1.4492380539614382
1.4492380539614382
1.4492380539614382
1.4492380539614382
1.4492380539614382
1.4492380539614382
1.4492380539614382
1.4492380539614382
1.4492380539614382
1.449239121967839
1.449239766018857
1.449240554751502
1.4492410279883634
1.4492413119294985
1.449241684563634
1.449242036974649
1.449242776763382
1.4492431192009663
1.4492431192009663
1.4492433179388913
1.4492436042240007
1.4492436663306156
1.4492439077103463
1.4492444240658306
1.4492446998992337
1.449244996453603
1.449245220772947
1.4492453428740653
1.44924548240508
1.449245521170297
1.449245654307128
1.4492457341892218
1.4492457821184763
1.4492458108760289
1.4492458741722967
1.4492459035394014
1.4492459357886365
1.4492459624850855
1.449245975273644
1.4492459949852579
1.449246011490593
1.4492460213937934
1.449246027335714
1.4492460317173141
1.4492460447997784
1.4492460501039786
1.4492460501039786
1.449246056638649
1.4492460593866963
1.449246060526213
1.4492460611051368
1.4492460630802129
1.4492460644621454
1.449246065358779
1.4492460659363882
1.4492460664356197
1.449246066919434
1.4492460672097223
1.4492460674575265
1.4492460677168963
1.449246067938266
1.4492460681308266
1.449246068206861
1.449246068242547
1.449246068269196
1.449246068346814
1.4492460683634907
1.4492460683668196
1.4492460683766588
1.4492460683920318
1.4492460684012551
1.4492460684086572
1.4492460684194954
1.4492460684213693
1.4492460684213693
1.4492460684240969
1.4492460684240969
1.4492460684242041
1.4492460684251063
1.449246068426175
1.4492460684268451
1.4492460684278086
1.4492460684283697
1.4492460684286772
1.449246068428898
1.4492460684291704
1.4492460684292656
1.4492460684295092
1.4492460684295092
1.4492460684295507
1.449246068429583
1.4492460684295945
1.4492460684296091
1.4492460684296091
1.449246068429629
1.4492460684296438
1.4492460684296573
1.4492460684296573
1.4492460684296629
1.4492460684296644
1.4492460684296675
1.4492460684296706
1.449246068429673
1.449246068429673
1.4492460684296755
1.4492460684296757
1.4492460684296817
1.4492460684296817
1.4492460684296837
1.4492460684296855
1.4492460684296857
1.449246068429686
1.4492460684296868
1.449246068429687
1.4492460684296875
1.449246068429688
1.449246068429688
1.4492460684296886
1.4492460684296886
1.4492460684296893
1.4492460684296893
1.4492460684296893
1.4492460684296893
1.4492460684296893
1.4492460684296893
1.4492460684296893
1.4492460684296893
1.4492460684296893
1.4492460684296893
1.4492460684296893
1.4492460684296893
1.4492460684296893
1.4492460684296893
1.4492460684296893
1.4492460684296893
1.4492460684296893
1.4492460684296893
1.4492460684296893
1.4492460684296893
1.4492460684296893
1.4492460684296893
1.4492460684296893
1.4492460684296893
1.4492460684296893
