2.19506093992967
2.19506093992967
2.19506093992967
2.19506093992967
2.19506093992967
2.19506093992967
2.19506093992967
2.19506093992967
2.19506093992967
2.19506093992967
2.19506093992967
2.19506093992967
2.19506093992967
2.19506093992967
2.19506093992967
2.19506093992967
2.19506093992967
2.19506093992967
2.19506093992967
2.19506093992967
2.19506093992967
2.19506093992967
2.19506093992967
2.19506093992967
2.19506093992967
2.19506093992967
2.19506093992967
2.19506093992967
2.19506093992967
2.19506093992967
2.19506093992967
2.19506093992967
2.19506093992967
2.19506093992967
2.19506093992967
2.19506093992967
2.19506093992967
2.19506093992967
2.19506093992967
2.19506093992967
2.19506093992967
2.19506093992967
2.19506093992967
2.19506093992967
2.19506093992967
2.19506093992967
2.19506093992967
2.19506093992967
2.19506093992967
2.19506093992967
2.1950673176568833
2.1950673176568833
2.1950673176568833
2.1950673176568833
2.1950673176568833
2.1950673176568833
2.1950673176568833
2.1950673176568833
2.1950673176568833
2.1950673176568833
2.1950673176568833
2.1950673613978924
2.1950696448274183
2.1950733227745545
2.1950763565878346
2.195079122900853
2.195080331312937
2.1950820724125273
2.1950831170725564
2.1950837438686728
2.1950846536548845
2.1950853385498883
2.1950865226441874
2.1950874405518053
2.195088048145265
2.195088804666748
2.195089538004684
2.195089891188691
2.1950903449121677
2.195090686949706
2.1950908921722316
2.1950910153057492
2.195091130620098
2.1950912742491706
2.1950913640726704
2.1950914344066526
2.1950914748873274
2.1950915187016813
2.1950915187016813
2.195091539078947
2.19509154272564
2.195091548642808
2.1950915530423973
2.1950915556821506
2.195091558061349
2.195091561830654
2.1950915661423682
2.195091568729397
2.1950915702816145
2.1950915732276863
2.195091575814729
2.195091577366955
2.195091578316374
2.195091578999178
2.195091579408861
2.19509157965467
2.1950915798021557
2.1950915798906476
2.1950915802704296
2.1950915805815794
2.1950915807682687
2.195091580881048
2.195091581080885
2.195091581229847
2.1950915813192236
2.1950915813751033
2.195091581449181
2.195091581499709
2.195091581530026
2.1950915815482164
2.1950915815591303
2.1950915815735828
2.1950915816068144
2.195091581626753
2.1950915816387164
2.195091581650073
2.1950915816725645
2.19509158168606
2.195091581694157
2.195091581707861
2.1950915817163983
2.195091581721521
2.1950915817245944
2.195091581728494
2.1950915817316554
2.1950915817335526
2.1950915817346903
2.195091581735373
2.1950915817359826
2.195091581737619
2.1950915817386014
2.1950915817391903
2.195091581739811
2.1950915817403436
2.1950915817406624
2.1950915817408574
2.195091581741079
2.1950915817412127
2.195091581741293
2.1950915817413406
2.1950915817413854
2.195091581741451
2.1950915817414898
2.1950915817415133
2.195091581741527
2.195091581741536
2.1950915817415413
2.1950915817415444
2.195091581741551
2.1950915817415564
2.1950915817415604
2.1950915817415626
2.1950915817415666
2.195091581741569
2.1950915817415706
2.1950915817415715
2.195091581741573
2.1950915817415746
2.195091581741575
2.195091581741576
2.195091581741577
2.1950915817415773
2.1950915817415777
2.1950915817415777
2.195091581741578
2.1950915817415786
2.1950915817415786
2.1950915817415786
2.1950915817415786
2.1950915817415786
2.1950915817415786
2.1950915817415786
2.1950915817415786
2.1950915817415786
2.1950915817415786
2.1950915817415786
2.1950915817415786
2.1950915817415786
2.1950915817415786
