1.6513719481922964
1.6513719481922964
1.6513719481922964
1.6513719481922964
1.6513719481922964
1.6513719481922964
1.6513719481922964
1.6513719481922964
1.6513719481922964
1.6513719481922964
1.6513719481922964
1.6513719481922964
1.6513719481922964
1.6513719481922964
1.6513719481922964
1.6513719481922964
1.6513719481922964
1.6513719481922964
1.6513719481922964
1.6513719481922964
1.6513719481922964
1.6513719481922964
1.6513719481922964
1.6513719481922964
1.6513719481922964
1.6513719481922964
1.6513719481922964
1.6513719481922964
1.6513719481922964
1.6513719481922964
1.6513719481922964
1.6513719481922964
1.6513719481922964
1.6513719481922964
1.6513719481922964
1.6513719481922964
1.6513719481922964
1.6513719481922964
1.6513719481922964
1.6513719481922964
1.6513719481922964
1.6513719481922964
1.6513719481922964
1.6513719481922964
1.6513719481922964
1.6513719481922964
1.6513719481922964
1.6513719481922964
1.6513719481922964
1.6513719481922964
1.6513719481922964
1.6513719481922964
1.6513719481922964
1.6513719481922964
1.6513719481922964
1.6513719481922964
1.6513719481922964
1.6513719481922964
1.6513719481922964
1.6513719481922964
1.6513719481922964
1.6513719481922964
1.6513719481922964
1.6513729814388924
1.6513729814388924
1.6513729814388924
1.6513732181071112
1.6513732181071112
1.6513735385062556
1.6513736643145422
1.6513738013811543
1.651373883621157
1.6513739329651713
1.6513739704966253
1.6513741472439156
1.6513742572985397
1.6513742750369331
1.6513743778541092
1.651374444044947
1.6513744758157016
1.6513745039748644
1.6513745338277732
1.6513745582572503
1.6513745636447639
1.651374578965604
1.6513745794949144
1.6513745935118522
1.6513746019220155
1.6513746069681134
1.651374609995772
1.6513746177696684
1.651374625285476
1.6513746297949605
1.6513746336337618
1.651374638721138
1.65137464285923
1.6513746453420848
1.651374647471979
1.6513746483297462
1.6513746502917064
1.6513746506778686
1.6513746514063983
1.6513746518531942
1.651374651875057
1.6513746520899228
1.651374652333493
1.651374652333493
1.6513746523915491
1.6513746524820367
1.651374652574575
1.6513746526300983
1.6513746526517292
1.6513746526853215
1.65137465271928
1.65137465280089
1.6513746528138131
1.6513746528465523
1.6513746528880926
1.6513746529130164
1.6513746529279711
1.6513746529369437
1.6513746529609716
1.6513746529717335
1.6513746529818192
1.6513746529878703
1.651374652988067
1.6513746529924858
1.6513746529965545
1.6513746529998772
1.6513746530020283
1.6513746530060518
1.6513746530079025
1.6513746530099889
1.6513746530108393
1.6513746530121438
1.651374653012795
1.6513746530134383
1.6513746530136122
1.6513746530139335
1.6513746530140583
1.6513746530142879
1.6513746530144258
1.6513746530145368
1.651374653014571
1.6513746530146654
1.6513746530147522
1.6513746530147522
1.6513746530147893
1.6513746530147893
1.6513746530148286
1.6513746530148328
1.6513746530148394
1.65137465301486
1.6513746530148703
1.6513746530148778
1.6513746530148778
1.6513746530148778
1.6513746530148816
1.6513746530148836
1.6513746530148836
1.651374653014891
1.6513746530148952
1.6513746530148974
1.6513746530148996
1.6513746530149054
1.6513746530149087
1.6513746530149107
1.651374653014912
1.6513746530149143
1.6513746530149165
1.6513746530149178
1.6513746530149178
1.6513746530149187
1.6513746530149194
1.651374653014921
1.6513746530149214
1.6513746530149218
1.651374653014922
1.6513746530149223
1.651374653014923
1.651374653014923
1.651374653014923
1.651374653014923
1.651374653014923
1.6513746530149234
1.6513746530149234
