2.0794664982398476
2.0794664982398476
2.0794664982398476
2.0794664982398476
2.0794664982398476
2.0794664982398476
2.0794664982398476
2.0794664982398476
2.0794664982398476
2.0794664982398476
2.0794664982398476
2.0794664982398476
2.0794664982398476
2.0794664982398476
2.0794664982398476
2.0794664982398476
2.0794664982398476
2.0794664982398476
2.0794664982398476
2.0794664982398476
2.0794664982398476
2.0794664982398476
2.0794664982398476
2.0794664982398476
2.0794664982398476
2.0794664982398476
2.0794664982398476
2.0794664982398476
2.0794664982398476
2.0794664982398476
2.0794664982398476
2.0794664982398476
2.0794664982398476
2.0794664982398476
2.0794927965141197
2.079853203394946
2.080069446420923
2.080199191837781
2.080277038943961
2.080277038943961
2.080277038943961
2.080277038943961
2.080305322547863
2.0803226312249947
2.0803226312249947
2.0803226312249947
2.0803226312249947
2.0803250841128365
2.080340425597495
2.080341670904708
2.080341670904708
2.0803504804738315
2.080352723987355
2.080356803378131
2.080356803378131
2.080358120505574
2.080359401634011
2.080360170310811
2.080361438560125
2.0803628058731958
2.0803637117376477
2.0803642073937576
2.080364651556647
2.080365073997534
2.0803654581552817
2.080366276350881
2.080366767268232
2.0803670618186403
2.0803672539675886
2.080367398252666
2.080367766170184
2.0803680393310695
2.0803682032275974
2.080368301565514
2.0803683605682637
2.0803683959699124
2.080368417210902
2.0803684919748893
2.080368611103702
2.0803686825809886
2.080368728027803
2.0803687642496373
2.080368788321689
2.0803688298319183
2.0803688580353903
2.0803688749574736
2.0803688994572416
2.0803689224313997
2.0803689362158946
2.0803689446036233
2.0803689602315547
2.0803689727503554
2.0803689802616367
2.0803689847847915
2.0803689920657975
2.080368996477582
2.0803689991246532
2.0803690007128957
2.080369001697596
2.080369002932149
2.080369003956462
2.08036900457105
2.080369004939803
2.08036900551751
2.0803690059944064
2.0803690062805447
2.0803690064522273
2.0803690066037883
2.0803690068249283
2.080369006957612
2.080369007037222
2.080369007140412
2.0803690072200447
2.0803690072678247
2.0803690072964933
2.0803690073136942
2.0803690073248107
2.0803690073430183
2.0803690073546033
2.0803690073615537
2.0803690073657246
2.080369007371692
2.080369007378068
2.080369007381893
2.080369007384189
2.0803690073865733
2.0803690073891725
2.0803690073907326
2.0803690073916687
2.08036900739223
2.080369007393151
2.08036900739378
2.0803690073941574
2.0803690073945496
2.080369007394869
2.080369007395061
2.0803690073951766
2.080369007395298
2.0803690073954364
2.080369007395519
2.0803690073955687
2.080369007395638
2.080369007395689
2.0803690073957197
2.08036900739574
2.0803690073957672
2.0803690073957837
2.080369007395793
2.080369007395799
2.080369007395803
2.0803690073958108
2.080369007395816
2.080369007395819
2.0803690073958205
2.0803690073958228
2.0803690073958245
2.080369007395826
2.0803690073958268
2.080369007395827
2.0803690073958276
2.080369007395828
2.0803690073958285
2.0803690073958285
2.0803690073958285
2.080369007395829
2.080369007395829
2.080369007395829
2.080369007395829
2.080369007395829
2.080369007395829
2.080369007395829
2.080369007395829
2.080369007395829
2.080369007395829
2.080369007395829
2.080369007395829
2.080369007395829
2.080369007395829
2.080369007395829
2.080369007395829
2.080369007395829
2.080369007395829
2.080369007395829
2.080369007395829
2.080369007395829
2.080369007395829
2.080369007395829
2.080369007395829
2.080369007395829
2.080369007395829
2.080369007395829
