1.6898908317857877
1.6898908317857877
1.6898908317857877
1.6898908317857877
1.6898908317857877
1.6898908317857877
1.6898908317857877
1.6898908317857877
1.6898908317857877
1.6898908317857877
1.6898908317857877
1.6898908317857877
1.6898908317857877
1.6898908317857877
1.6898908317857877
1.6898908317857877
1.6898908317857877
1.6898908317857877
1.6898908317857877
1.6898908317857877
1.6898908317857877
1.6898908317857877
1.6898908317857877
1.6898908317857877
1.6898908317857877
1.6898908317857877
1.6898908317857877
1.6898908317857877
1.6898908317857877
1.6898908317857877
1.6898908317857877
1.6898908317857877
1.6898908317857877
1.6898908317857877
1.6898908317857877
1.6898908317857877
1.6898908317857877
1.6898908317857877
1.6898908317857877
1.6898908317857877
1.6898908317857877
1.6898908317857877
1.6898908317857877
1.6898908317857877
1.6898908317857877
1.6898908317857877
1.6898908317857877
1.6898908317857877
1.6898908317857877
1.6898908317857877
1.6898908317857877
1.6898908317857877
1.6898908317857877
1.6898916981074394
1.6898916981074394
1.6898916981074394
1.6898916981074394
1.6898921233008621
1.6898928603039098
1.689894316216304
1.6898945238375032
1.6898953840443256
1.6898963418667203
1.6898969165601099
1.6898969165601099
1.689897390612699
1.6898980595770117
1.6898983191028247
1.6898986860985172
1.6898989160878692
1.6898990522513402
1.6898991499024878
1.6898993314973945
1.6898993820830728
1.6898994757621626
1.6898995026190122
1.6898995529488654
1.6898995953819114
1.68989962084174
1.6898996361176375
1.6898996460633005
1.6898996571485252
1.6898996602475265
1.6898996697514148
1.689899683191841
1.6898996912560968
1.68989969609465
1.6898997035447898
1.6898997095306698
1.689899713451309
1.6898997158867766
1.6898997175499226
1.6898997198051096
1.6898997209258362
1.689899721598272
1.6898997223123835
1.6898997233338198
1.6898997239127451
1.6898997239127451
1.6898997242612774
1.6898997243156482
1.689899724652374
1.6898997246999796
1.689899724728543
1.6898997247593972
1.6898997249080978
1.689899725024208
1.6898997250938737
1.6898997251443937
1.6898997251922696
1.689899725273051
1.68989972532152
1.68989972532152
1.6898997253376893
1.6898997253478762
1.689899725352101
1.6898997253781969
1.6898997253947194
1.6898997254046333
1.68989972541587
1.6898997254321833
1.6898997254419712
1.689899725447844
1.689899725456553
1.689899725463024
1.6898997254660857
1.6898997254688486
1.68989972547044
1.6898997254720012
1.689899725474051
1.6898997254746428
1.6898997254762784
1.6898997254769874
1.6898997254777783
1.6898997254782773
1.6898997254787054
1.6898997254790586
1.6898997254793104
1.6898997254794719
1.6898997254796173
1.6898997254797203
1.6898997254798096
1.6898997254798862
1.6898997254799422
1.689899725479976
1.6898997254800023
1.6898997254800272
1.689899725480039
1.6898997254800436
1.689899725480051
1.6898997254800692
1.6898997254800692
1.6898997254800692
1.6898997254800738
1.6898997254800754
1.6898997254800778
1.6898997254800792
1.6898997254800803
1.689899725480082
1.6898997254800825
1.6898997254800838
1.6898997254800838
1.6898997254800838
1.6898997254800843
1.689899725480085
1.6898997254800856
1.6898997254800856
1.6898997254800858
1.6898997254800863
1.6898997254800863
1.6898997254800863
1.6898997254800863
1.6898997254800863
1.6898997254800863
1.6898997254800863
1.6898997254800863
1.6898997254800863
1.6898997254800863
1.6898997254800863
1.6898997254800863
1.6898997254800863
1.6898997254800863
1.6898997254800863
1.6898997254800863
