3.233266864612368
3.233266864612368
3.233266864612368
3.233266864612368
3.233266864612368
3.233266864612368
3.233266864612368
3.233266864612368
3.233266864612368
3.233266864612368
3.233266864612368
3.233266864612368
3.233266864612368
3.233266864612368
3.233266864612368
3.233266864612368
3.233266864612368
3.233266864612368
3.233266864612368
3.233266864612368
3.233266864612368
3.233266864612368
3.233266864612368
3.233266864612368
3.233266864612368
3.233266864612368
3.233266864612368
3.233266864612368
3.233266864612368
3.233266864612368
3.233266864612368
3.233266864612368
3.233266864612368
3.233266864612368
3.233266864612368
3.233266864612368
3.233266864612368
3.233266864612368
3.233266864612368
3.233266864612368
3.233266864612368
3.233266864612368
3.233266864612368
3.233266864612368
3.233266864612368
3.233266864612368
3.233266864612368
3.233266864612368
3.233266864612368
3.233266864612368
3.233266864612368
3.233266864612368
3.233266864612368
3.233266864612368
3.233266864612368
3.233266864612368
3.233266864612368
3.233266864612368
3.233266864612368
3.233266864612368
3.233266864612368
3.233266864612368
3.233266864612368
3.233266864612368
3.233268330445014
3.2332695647033947
3.2332708554481417
3.2332708554481417
3.233272259295174
3.233272740689413
3.233273640152787
3.233274312589879
3.2332749535070393
3.233275337925678
3.2332756651278447
3.233275996821027
3.233276197864384
3.2332763118381145
3.2332764165033216
3.233276620799233
3.2332766632908094
3.233276688785755
3.2332767040827233
3.233276804561184
3.233276872090024
3.23327692508159
3.2332769566687474
3.2332769907344705
3.2332770353318083
3.2332770482462845
3.2332770715769303
3.2332770838078337
3.2332770971071296
3.2332771037410457
3.2332771073771283
3.233277113792202
3.2332771170047083
3.2332771189322114
3.2332771200887147
3.2332771212508513
3.2332771224990715
3.233277123369059
3.233277124215265
3.233277124895074
3.2332771254074903
3.233277125871066
3.233277126600722
3.233277126749667
3.2332771271279115
3.233277127317894
3.233277127574671
3.2332771277586345
3.2332771278856605
3.2332771280706516
3.2332771281390427
3.2332771282056414
3.2332771282605446
3.2332771283009563
3.2332771283466473
3.2332771283740613
3.2332771283905926
3.233277128407983
3.2332771284238406
3.233277128435942
3.233277128445122
3.2332771284513946
3.233277128456491
3.233277128460815
3.233277128465114
3.233277128468145
3.2332771284701174
3.2332771284723494
3.233277128474089
3.2332771284752266
3.2332771284759527
3.233277128476649
3.233277128477264
3.2332771284777055
3.233277128478023
3.233277128478276
3.2332771284784454
3.2332771284785538
3.233277128478665
3.2332771284787887
3.233277128478861
3.233277128478906
3.233277128478939
3.233277128478993
3.2332771284790365
3.233277128479062
3.233277128479078
3.2332771284790893
3.2332771284791098
3.233277128479122
3.2332771284791297
3.233277128479138
3.233277128479146
3.2332771284791506
3.2332771284791533
3.2332771284791555
3.2332771284791577
3.2332771284791595
3.233277128479161
3.233277128479163
3.233277128479164
3.233277128479165
3.233277128479165
3.233277128479165
3.2332771284791653
3.2332771284791653
3.2332771284791653
3.2332771284791653
3.2332771284791653
3.2332771284791653
3.2332771284791653
3.2332771284791653
3.2332771284791653
3.2332771284791653
3.2332771284791653
3.2332771284791653
3.2332771284791653
3.2332771284791653
3.2332771284791653
3.2332771284791653
3.2332771284791653
3.2332771284791653
3.2332771284791653
3.2332771284791653
3.2332771284791653
3.2332771284791653
3.2332771284791653
3.2332771284791653
