1.4751295019375317
1.4751295019375317
1.4751295019375317
1.4751295019375317
1.4751295019375317
1.4751295019375317
1.4751295019375317
1.4751295019375317
1.4751295019375317
1.4751295019375317
1.4751295019375317
1.4751295019375317
1.4751295019375317
1.4751295019375317
1.4751295019375317
1.4751295019375317
1.4751295019375317
1.4751295019375317
1.4751295019375317
1.4751295019375317
1.4751295019375317
1.4751295019375317
1.4751295019375317
1.4751295019375317
1.4751295019375317
1.4751295019375317
1.4751295019375317
1.4751295019375317
1.4751295019375317
1.4751295019375317
1.4751295019375317
1.4751295019375317
1.4751295019375317
1.4751295019375317
1.4751295019375317
1.4751295019375317
1.4751295019375317
1.4751295019375317
1.4751295019375317
1.4751295019375317
1.4751295019375317
1.4751295019375317
1.4751295019375317
1.4751295019375317
1.4751295019375317
1.4751295019375317
1.4751295019375317
1.4751295019375317
1.4751295019375317
1.4751295019375317
1.4751295019375317
1.4751295019375317
1.4751295019375317
1.4751295019375317
1.4751295019375317
1.4751295019375317
1.4751295019375317
1.4751295019375317
1.4751295019375317
1.4751295019375317
1.4751301382893904
1.4751301382893904
1.4751301382893904
1.4751301382893904
1.4751301382893904
1.4751301382893904
1.4751301382893904
1.4751301382893904
1.4751305127763135
1.4751305127763135
1.4751305127763135
1.4751307086500864
1.4751307937754905
1.4751308912526837
1.475131095345936
1.4751313313454906
1.4751313313454906
1.4751315086441048
1.475131576615167
1.4751316892893258
1.475131792501216
1.4751318544283547
1.475131954170386
1.475131954170386
1.4751319613679805
1.4751320398737389
1.475132060233133
1.475132061299052
1.4751320859281292
1.4751320924983617
1.4751320988065038
1.4751321071455643
1.4751321121490002
1.4751321151510621
1.4751321169522993
1.4751321180330415
1.4751321186814867
1.4751321190705537
1.4751321199110066
1.4751321199110066
1.4751321200133751
1.4751321200133751
1.4751321200133751
1.4751321200133751
1.4751321200133751
1.4751321200133751
1.4751321201588825
1.4751321201588825
1.475132120235139
1.4751321203057828
1.475132120348169
1.4751321204279255
1.4751321204279255
1.4751321204358014
1.4751321204811398
1.475132120483969
1.4751321204996508
1.47513212050906
1.4751321205147052
1.4751321205437335
1.4751321205586991
1.4751321205586991
1.4751321205586991
1.4751321205586991
1.4751321205617536
1.4751321205617536
1.4751321205617536
1.4751321205622672
1.4751321205622672
1.4751321205622672
1.4751321205622672
1.475132120563555
1.475132120563555
1.475132120563555
1.475132120563555
1.4751321205642325
1.4751321205642325
1.4751321205642325
1.4751321205642325
1.4751321205642325
1.4751321205642325
1.4751321205642325
1.4751321205642325
1.4751321205642325
1.4751321205642327
1.4751321205642327
1.4751321205642327
1.4751321205642327
1.4751321205642618
1.4751321205642618
1.4751321205642618
1.475132120564266
1.4751321205642733
1.4751321205642807
1.4751321205642813
1.4751321205642836
1.4751321205642849
1.4751321205642876
1.4751321205642902
1.4751321205642953
1.4751321205642958
1.4751321205642978
1.4751321205642993
1.475132120564301
1.475132120564302
1.4751321205643024
1.4751321205643038
1.475132120564304
1.4751321205643044
1.4751321205643046
1.4751321205643049
1.4751321205643049
1.475132120564305
1.475132120564305
1.475132120564305
1.475132120564305
1.475132120564305
1.475132120564305
1.475132120564305
1.475132120564305
1.475132120564305
1.475132120564305
1.475132120564305
1.475132120564305
1.475132120564305
1.475132120564305
1.475132120564305
1.475132120564305
