1.9697054861445238
1.9697054861445238
1.9697054861445238
1.9697054861445238
1.9697054861445238
1.9697054861445238
1.9697054861445238
1.9697054861445238
1.9697054861445238
1.9697054861445238
1.9697054861445238
1.9697054861445238
1.9697054861445238
1.9697054861445238
1.9697054861445238
1.9697054861445238
1.9697054861445238
1.9697054861445238
1.9697054861445238
1.9697054861445238
1.9697054861445238
1.9697054861445238
1.9697054861445238
1.9697054861445238
1.9697054861445238
1.9697054861445238
1.9697054861445238
1.9697054861445238
1.9697054861445238
1.9697054861445238
1.9697054861445238
1.9697054861445238
1.9697054861445238
1.9697054861445238
1.9697054861445238
1.9697054861445238
1.9697054861445238
1.9697054861445238
1.9697054861445238
1.9697054861445238
1.9697054861445238
1.9697054861445238
1.9697054861445238
1.9697054861445238
1.9697054861445238
1.9697054861445238
1.9697070199699303
1.9697070199699303
1.9697070199699303
1.969708004394384
1.969708004394384
1.969708004394384
1.969708004394384
1.969708004394384
1.969708004394384
1.969708004394384
1.969708004394384
1.9697091129244109
1.9697091129244109
1.9697091129244109
1.9697091129244109
1.96970943689955
1.969710775692754
1.9697135824152499
1.9697152664317072
1.9697152664317072
1.9697166677195417
1.9697166677195417
1.969717932900683
1.9697187443113293
1.969719338856137
1.9697198373498994
1.969720164486891
1.9697208851689
1.9697211885522299
1.9697214274810868
1.9697218451638963
1.969722268877973
1.969722523106396
1.969722890229855
1.9697234194707918
1.96972366696272
1.969723680731907
1.9697239099101018
1.9697240078222606
1.969724327637456
1.9697245517262079
1.9697246861794886
1.9697248361015338
1.9697250166015536
1.9697251040544197
1.9697251855999216
1.9697252447976816
1.969725293427648
1.9697253230348695
1.9697253413745666
1.969725378669859
1.9697254212319848
1.9697254483684772
1.9697254483684772
1.9697254681838785
1.9697254862294054
1.9697254868383087
1.9697254944075995
1.9697255002762069
1.9697255037973709
1.9697255114453787
1.9697255156408713
1.969725520530171
1.9697255223859698
1.9697255223859698
1.9697255223859698
1.969725523124895
1.969725523124895
1.969725523124895
1.969725523124895
1.9697255239387124
1.9697255239387124
1.9697255239387124
1.9697255239387124
1.9697255239390759
1.969725524097909
1.969725524097909
1.969725524103366
1.969725524103366
1.969725524103366
1.9697255241162464
1.9697255241162464
1.9697255241162464
1.9697255241162464
1.9697255241228362
1.9697255241228362
1.9697255241228362
1.9697255241297207
1.9697255241321283
1.9697255241321283
1.9697255241321283
1.9697255241345706
1.9697255241346845
1.969725524135943
1.9697255241366982
1.9697255241371512
1.9697255241376999
1.9697255241390539
1.9697255241390539
1.9697255241390539
1.969725524139423
1.969725524139423
1.969725524139423
1.969725524139423
1.9697255241394698
1.9697255241394698
1.9697255241394698
1.9697255241394698
1.9697255241394716
1.9697255241394716
1.9697255241394716
1.9697255241394716
1.9697255241394716
1.9697255241394716
1.969725524139472
1.969725524139472
1.969725524139472
1.969725524139472
1.969725524139472
1.9697255241394749
1.9697255241394749
1.9697255241394749
1.969725524139476
1.969725524139476
1.969725524139476
1.969725524139476
1.9697255241394764
1.9697255241394764
1.9697255241394764
1.9697255241394767
1.9697255241394769
1.9697255241394769
1.9697255241394769
1.9697255241394769
1.9697255241394769
1.9697255241394769
1.9697255241394769
1.9697255241394769
1.9697255241394769
1.9697255241394769
1.9697255241394769
1.9697255241394769
1.9697255241394769
1.9697255241394769
1.9697255241394769
1.9697255241394769
1.9697255241394769
1.9697255241394769
1.9697255241394769
1.9697255241394769
1.9697255241394769
1.9697255241394769
1.9697255241394769
1.9697255241394769
1.9697255241394769
