2.2068813937378846
2.2068813937378846
2.2068813937378846
2.2068813937378846
2.2068813937378846
2.2068813937378846
2.2068813937378846
2.2068813937378846
2.2068813937378846
2.2068813937378846
2.2068813937378846
2.2068813937378846
2.2068813937378846
2.2068813937378846
2.2068813937378846
2.2068813937378846
2.2068813937378846
2.2068813937378846
2.2068813937378846
2.2068813937378846
2.2068813937378846
2.2068813937378846
2.2068813937378846
2.2068813937378846
2.2068813937378846
2.2068813937378846
2.2068813937378846
2.2068813937378846
2.2068813937378846
2.2068813937378846
2.2068813937378846
2.2068813937378846
2.2068813937378846
2.2068813937378846
2.2068813937378846
2.2068813937378846
2.2068813937378846
2.2068813937378846
2.2068813937378846
2.2068813937378846
2.2068813937378846
2.2068813937378846
2.2068813937378846
2.2068813937378846
2.2068813937378846
2.2068813937378846
2.2068813937378846
2.2068813937378846
2.2068813937378846
2.2068813937378846
2.2068813937378846
2.2068813937378846
2.2068813937378846
2.2068813937378846
2.2068813937378846
2.2068813937378846
2.2068813937378846
2.2068813937378846
2.2068813937378846
2.2068813937378846
2.2068813937378846
2.2068824474121183
2.2068824474121183
2.2068824474121183
2.2068824474121183
2.206883231127434
2.206883231127434
2.206883231127434
2.206883231127434
2.206883231127434
2.206883231127434
2.206883416127728
2.2068835589171063
2.2068841308801446
2.20688451176651
2.2068849057933195
2.2068855206194438
2.2068860041485356
2.2068863617540266
2.2068868108653366
2.2068872885133595
2.2068874592901646
2.2068876666228765
2.2068878029019445
2.206888073129273
2.2068882433201935
2.20688834543475
2.206888406703485
2.2068885682949926
2.2068887365638674
2.206888837525196
2.2068889017603355
2.2068889732396793
2.2068890384634248
2.2068890793246974
2.2068890998883393
2.2068891241050657
2.2068891446669325
2.206889161072428
2.2068891693850317
2.2068891805601667
2.2068891879117554
2.206889193508828
2.2068891958874297
2.2068891985435357
2.2068892022437243
2.20688920278158
2.206889204628927
2.2068892058174363
2.2068892065481287
2.206889207845215
2.2068892086765604
2.206889208820261
2.2068892091978642
2.20688920955721
2.206889209710887
2.206889209803093
2.206889210009509
2.206889210009509
2.2068892101953903
2.2068892102805124
2.206889210382595
2.206889210419661
2.206889210454367
2.20688921048589
2.206889210521094
2.206889210533557
2.206889210554983
2.2068892105758584
2.2068892105944506
2.20688921060747
2.2068892106123768
2.206889210623501
2.206889210629395
2.206889210632931
2.206889210635053
2.206889210637577
2.2068892106397433
2.206889210642999
2.206889210645412
2.2068892106468603
2.206889210647953
2.206889210649526
2.2068892106505267
2.206889210651126
2.2068892106515494
2.206889210652266
2.2068892106528475
2.206889210653196
2.206889210653423
2.2068892106537223
2.206889210653917
2.2068892106540394
2.2068892106541393
2.2068892106542557
2.2068892106543263
2.2068892106543685
2.2068892106543947
2.2068892106544142
2.2068892106544467
2.206889210654468
2.2068892106544813
2.206889210654496
2.2068892106545093
2.2068892106545173
2.2068892106545226
2.2068892106545293
2.206889210654534
2.2068892106545372
2.206889210654539
2.206889210654541
2.2068892106545435
2.206889210654545
2.2068892106545452
2.206889210654546
2.206889210654547
2.206889210654547
2.2068892106545475
2.206889210654548
2.206889210654548
2.206889210654548
2.206889210654548
2.206889210654548
2.206889210654548
2.206889210654548
2.206889210654548
2.206889210654548
2.206889210654548
2.206889210654548
2.206889210654548
2.206889210654548
2.206889210654548
2.206889210654548
2.206889210654548
2.206889210654548
2.206889210654548
2.206889210654548
2.206889210654548
2.206889210654548
2.206889210654548
