1.9393264071827476
1.9393264071827476
1.9393264071827476
1.9393264071827476
1.9393264071827476
1.9393264071827476
1.9393264071827476
1.9393264071827476
1.9393264071827476
1.9393264071827476
1.9393264071827476
1.9393264071827476
1.9393264071827476
1.9393264071827476
1.9393264071827476
1.9393264071827476
1.9393264071827476
1.9393264071827476
1.9393264071827476
1.9393264071827476
1.9393264071827476
1.9393264071827476
1.9393264071827476
1.9393264071827476
1.9393264071827476
1.9393264071827476
1.9393264071827476
1.9393264071827476
1.9393264071827476
1.9393264071827476
1.9393264071827476
1.9393264071827476
1.9393264071827476
1.9393264071827476
1.9393264071827476
1.9393264071827476
1.9393264071827476
1.9393264071827476
1.9393264071827476
1.9393264071827476
1.9393264071827476
1.9393264071827476
1.9393264071827476
1.9393264071827476
1.9393264071827476
1.9393264071827476
1.9393264071827476
1.9393264071827476
1.9393264071827476
1.9393264071827476
1.9393264071827476
1.9393264071827476
1.9393264071827476
1.9393264071827476
1.9393264071827476
1.9393264071827476
1.9393264071827476
1.9393392775465321
1.9393392775465321
1.9393392775465321
1.9393446135188352
1.9393446135188352
1.9393446135188352
1.939346047226791
1.9393463686755361
1.9393478670933235
1.9393494281285273
1.939350499726512
1.9393522038688016
1.939353226355825
1.9393541197344322
1.9393551659632393
1.9393562967112938
1.9393573889345497
1.939358136917412
1.939358641095126
1.9393590587038416
1.9393594325252241
1.9393601500819422
1.9393605984443398
1.9393608674618055
1.9393610288722944
1.9393613974371982
1.9393616862886205
1.939361859599483
1.9393619379660336
1.9393619379660336
1.9393619379660336
1.9393619379660336
1.9393619395355568
1.9393619395355568
1.9393619395355568
1.9393619395355568
1.9393619395355568
1.939361951541206
1.9393619594984874
1.9393619594984874
1.9393619642043178
1.9393619648932745
1.939361965306648
1.9393619655546726
1.9393619657034875
1.9393619679462202
1.9393619679462202
1.9393619682858765
1.9393619682858765
1.939361968520895
1.9393619686986212
1.9393619686986212
1.9393619687033463
1.9393619687815005
1.9393619687869068
1.9393619688711217
1.9393619689216504
1.9393619689519672
1.939361968970158
1.9393619690067587
1.9393619690370485
1.9393619690838346
1.9393619690902766
1.9393619691075525
1.9393619691165656
1.9393619691165656
1.9393619691236412
1.9393619691275144
1.9393619691292847
1.9393619691381763
1.9393619691381763
1.9393619691389847
1.9393619691389847
1.9393619691405206
1.9393619691405206
1.9393619691405206
1.9393619691405206
1.9393619691412078
1.9393619691419186
1.9393619691419186
1.9393619691419186
1.9393619691420128
1.9393619691420676
1.9393619691421053
1.9393619691421053
1.9393619691421053
1.9393619691421948
1.9393619691423214
1.9393619691424098
1.939361969142457
1.939361969142457
1.939361969142486
1.9393619691424917
1.9393619691424917
1.9393619691424917
1.9393619691424917
1.9393619691424977
1.9393619691424986
1.9393619691424986
1.9393619691424986
1.9393619691425006
1.9393619691425006
1.9393619691425006
1.9393619691425006
1.939361969142501
1.939361969142501
1.939361969142501
1.939361969142501
1.939361969142501
1.939361969142501
1.939361969142501
1.939361969142501
1.9393619691425015
1.9393619691425015
1.9393619691425015
1.9393619691425015
1.9393619691425015
1.9393619691425015
1.9393619691425015
1.9393619691425015
1.9393619691425015
1.9393619691425015
1.9393619691425015
1.9393619691425015
1.9393619691425015
1.9393619691425015
1.9393619691425015
1.9393619691425015
1.9393619691425015
1.9393619691425015
1.9393619691425015
1.9393619691425015
1.9393619691425015
1.9393619691425015
1.9393619691425015
1.9393619691425015
1.9393619691425015
