1.419350528759842
1.419350528759842
1.419350528759842
1.419350528759842
1.419350528759842
1.419350528759842
1.419350528759842
1.419350528759842
1.419350528759842
1.419350528759842
1.419350528759842
1.419350528759842
1.419350528759842
1.419350528759842
1.419350528759842
1.419350528759842
1.419350528759842
1.419350528759842
1.419350528759842
1.419350528759842
1.419350528759842
1.419350528759842
1.419350528759842
1.419350528759842
1.419350528759842
1.419350528759842
1.419350528759842
1.419350528759842
1.419350528759842
1.419350528759842
1.419350528759842
1.419350528759842
1.419350528759842
1.419350528759842
1.419350528759842
1.419350528759842
1.419350528759842
1.419350528759842
1.419350528759842
1.419350528759842
1.419350528759842
1.419350528759842
1.419350528759842
1.419350528759842
1.419350528759842
1.419350528759842
1.419350528759842
1.419350528759842
1.419350528759842
1.419350528759842
1.419350528759842
1.419350528759842
1.419350528759842
1.419350528759842
1.4193505661873012
1.4193505661873012
1.4193505661873012
1.4193505661873012
1.4193505661873012
1.4193505661873012
1.4193505661873012
1.4193505661873012
1.4193505661873012
1.4193506676842822
1.4193506676842822
1.4193506676842822
1.4193506676842822
1.4193506676842822
1.4193508109250645
1.4193509727655247
1.419351580986106
1.419351659993842
1.419352374806395
1.4193528453351434
1.4193530058971906
1.4193531936140311
1.419353381486106
1.4193535441663603
1.419353665942031
1.4193537129828473
1.4193537892632808
1.4193538725691488
1.4193539265034256
1.4193539613318786
1.41935398222895
1.4193539947671932
1.419354010712548
1.419354036636881
1.4193540566839802
1.4193540566839802
1.4193540642779618
1.419354074539314
1.419354080680873
1.4193540843658086
1.4193540883714095
1.41935409422772
1.4193540977415073
1.4193540998837866
1.4193540998837866
1.4193541022840657
1.4193541027651295
1.4193541034851513
1.419354103672512
1.4193541045787357
1.4193541047319154
1.419354105023354
1.4193541053135381
1.419354105381334
1.4193541057614838
1.4193541060395751
1.4193541062064294
1.4193541063305966
1.419354106495358
1.4193541066275703
1.4193541066359276
1.4193541067115067
1.4193541067219908
1.4193541067458555
1.4193541067617041
1.4193541067768551
1.4193541067916475
1.4193541068034823
1.4193541068094688
1.4193541068221192
1.419354106824327
1.4193541068312685
1.4193541068371307
1.4193541068411373
1.4193541068436475
1.419354106845891
1.4193541068474438
1.4193541068487685
1.4193541068494855
1.4193541068500108
1.4193541068505175
1.419354106850976
1.4193541068516908
1.4193541068522058
1.4193541068522058
1.4193541068525684
1.4193541068525977
1.4193541068527264
1.4193541068527264
1.4193541068527438
1.4193541068528122
1.4193541068528677
1.4193541068529067
1.4193541068529325
1.4193541068529485
1.4193541068529485
1.4193541068529485
1.4193541068529485
1.4193541068529485
1.4193541068529485
1.4193541068529485
1.4193541068529485
1.4193541068529516
1.4193541068529516
1.4193541068529516
1.4193541068529543
1.4193541068529543
1.4193541068529547
1.4193541068529547
1.4193541068529547
1.4193541068529554
1.4193541068529556
1.4193541068529556
1.4193541068529556
1.4193541068529558
1.4193541068529558
1.419354106852956
1.419354106852956
1.419354106852956
1.419354106852956
1.419354106852956
1.419354106852956
1.419354106852956
1.419354106852956
1.419354106852956
1.419354106852956
1.419354106852956
1.419354106852956
1.419354106852956
1.419354106852956
1.419354106852956
1.419354106852956
1.419354106852956
1.419354106852956
1.419354106852956
1.419354106852956
1.419354106852956
