1.9758655839010517
1.9758655839010517
1.9758655839010517
1.9758655839010517
1.9758655839010517
1.9758655839010517
1.9758655839010517
1.9758655839010517
1.9758655839010517
1.9758655839010517
1.9758655839010517
1.9758655839010517
1.9758655839010517
1.9758655839010517
1.9758655839010517
1.9758655839010517
1.9758655839010517
1.9758655839010517
1.9758655839010517
1.9758655839010517
1.9758655839010517
1.9758655839010517
1.9758655839010517
1.9758655839010517
1.9758655839010517
1.9758655839010517
1.9758655839010517
1.9758655839010517
1.9758655839010517
1.9758655839010517
1.9758655839010517
1.9758655839010517
1.9758655839010517
1.9758655839010517
1.9758655839010517
1.9758655839010517
1.9758655839010517
1.9758655839010517
1.9758655839010517
1.9758655839010517
1.9758655839010517
1.9758655839010517
1.9758655839010517
1.9758655839010517
1.9758863736754477
1.9758863736754477
1.9758863736754477
1.9758863736754477
1.9758863736754477
1.9758934120926392
1.9758949703515518
1.9759019082576939
1.975906567108784
1.9759096772784017
1.9759104581058802
1.975914837770869
1.9759177576262397
1.9759196053536885
1.9759207139908515
1.9759213791733992
1.975922351208538
1.9759235667075277
1.975924352664531
1.9759248720924738
1.9759253028079005
1.9759258298763276
1.9759262877649608
1.9759266108061353
1.9759267750457405
1.9759268735895048
1.9759269663855787
1.975927073675344
1.9759271580660158
1.9759272355411208
1.975927317816469
1.9759273671816775
1.97592741671189
1.9759274524277377
1.975927473857246
1.9759274867149514
1.9759274955652182
1.9759275091305966
1.9759275199690791
1.9759275266932763
1.975927533485843
1.9759275406104966
1.9759275455817358
1.975927548564479
1.9759275525812066
1.9759275554661573
1.9759275572417452
1.9759275584224503
1.9759275600876258
1.9759275613600675
1.975927562123533
1.9759275627205501
1.9759275633843183
1.9759275637919356
1.9759275640419824
1.9759275642462093
1.9759275644158776
1.9759275645490477
1.9759275646289503
1.9759275646768912
1.9759275647062198
1.975927564747378
1.9759275647787342
1.9759275647978791
1.9759275648093655
1.9759275648285357
1.9759275648475567
1.9759275648589694
1.975927564865817
1.9759275648730963
1.9759275648861294
1.9759275648939492
1.975927564898641
1.9759275649014565
1.9759275649033439
1.9759275649062407
1.975927564908052
1.9759275649091388
1.9759275649097923
1.9759275649108134
1.9759275649114614
1.97592756491185
1.9759275649120829
1.9759275649123547
1.9759275649126098
1.9759275649127623
1.975927564912854
1.9759275649129304
1.9759275649130135
1.9759275649130636
1.975927564913094
1.9759275649131178
1.9759275649131425
1.975927564913158
1.975927564913167
1.9759275649131753
1.9759275649131824
1.9759275649131867
1.9759275649131895
1.9759275649131918
1.9759275649131949
1.9759275649131962
1.9759275649131973
1.9759275649131987
1.9759275649131995
1.9759275649132002
1.9759275649132004
1.9759275649132007
1.9759275649132013
1.975927564913202
1.975927564913202
1.9759275649132024
1.9759275649132024
1.9759275649132029
1.9759275649132029
1.9759275649132029
1.9759275649132029
1.9759275649132029
1.9759275649132029
1.9759275649132029
1.9759275649132029
1.9759275649132029
1.9759275649132029
1.9759275649132029
1.9759275649132029
1.9759275649132029
1.9759275649132029
1.9759275649132029
1.9759275649132029
1.9759275649132029
1.9759275649132029
1.9759275649132029
1.9759275649132029
1.9759275649132029
1.9759275649132029
1.9759275649132029
1.9759275649132029
1.9759275649132029
