1.5411476704022178
1.5411476704022178
1.5411476704022178
1.5411476704022178
1.5411476704022178
1.5411476704022178
1.5411476704022178
1.5411476704022178
1.5411476704022178
1.5411476704022178
1.5411476704022178
1.5411476704022178
1.5411476704022178
1.5411476704022178
1.5411476704022178
1.5411476704022178
1.5411476704022178
1.5411476704022178
1.5411476704022178
1.5411476704022178
1.5411476704022178
1.5411476704022178
1.5411476704022178
1.5411476704022178
1.5411476704022178
1.5411476704022178
1.5411476704022178
1.5411476704022178
1.5411476704022178
1.5411476704022178
1.5411476704022178
1.5411476704022178
1.5411476704022178
1.5411476704022178
1.5411476704022178
1.5411476704022178
1.5411476704022178
1.5411476704022178
1.5411476704022178
1.5411476704022178
1.5411476704022178
1.5411476704022178
1.5411476704022178
1.5411476704022178
1.5411476704022178
1.5411476704022178
1.5411476704022178
1.5411476704022178
1.5411476704022178
1.5411476704022178
1.5411476704022178
1.5411518350615305
1.5411518350615305
1.5411518350615305
1.5411614174474628
1.5411614174474628
1.5411614174474628
1.5411627693462358
1.5411627693462358
1.5411665325314898
1.5411665325314898
1.5411678131628275
1.5411691012079125
1.5411700583225432
1.5411707272869246
1.5411717242469425
1.541172666272591
1.541173188929233
1.5411736482608946
1.5411741204760907
1.54117444307562
1.5411746744830637
1.5411748857210767
1.5411750124639
1.5411750903388501
1.5411751747603126
1.5411752051295322
1.541175264280461
1.541175309557655
1.5411753367596868
1.541175359268696
1.5411753766042533
1.5411753870055882
1.541175397913634
1.541175408126087
1.5411754180161357
1.5411754218820615
1.5411754218820615
1.5411754279299616
1.541175428975843
1.5411754306032377
1.5411754309529626
1.5411754328081209
1.5411754334940813
1.5411754334940813
1.5411754342837714
1.5411754343769863
1.5411754344575401
1.5411754344851276
1.5411754348243174
1.541175435009047
1.5411754351721527
1.541175435223866
1.5411754352740221
1.5411754353177785
1.541175435392911
1.541175435419728
1.5411754354617282
1.5411754354851126
1.5411754355069285
1.5411754355200182
1.5411754355284348
1.5411754355328304
1.5411754355393417
1.5411754355432488
1.541175435550083
1.5411754355508516
1.5411754355558744
1.5411754355588878
1.5411754355606957
1.541175435564954
1.5411754355651648
1.5411754355654539
1.5411754355654539
1.5411754355654539
1.5411754355659006
1.5411754355659006
1.5411754355659006
1.5411754355659006
1.5411754355659006
1.541175435566005
1.541175435566005
1.541175435566005
1.5411754355661889
1.5411754355661889
1.5411754355661966
1.5411754355662057
1.5411754355662608
1.5411754355662983
1.5411754355663212
1.5411754355663547
1.541175435566379
1.5411754355663951
1.541175435566405
1.5411754355664127
1.541175435566425
1.541175435566428
1.5411754355664335
1.5411754355664353
1.541175435566438
1.5411754355664395
1.5411754355664404
1.541175435566441
1.5411754355664422
1.5411754355664433
1.541175435566444
1.5411754355664449
1.5411754355664455
1.5411754355664462
1.5411754355664464
1.5411754355664466
1.5411754355664466
1.5411754355664466
1.541175435566447
1.541175435566447
1.541175435566447
1.541175435566447
1.541175435566447
1.541175435566447
1.541175435566447
1.541175435566447
1.541175435566447
1.541175435566447
1.541175435566447
1.541175435566447
1.541175435566447
1.541175435566447
1.541175435566447
1.541175435566447
1.541175435566447
1.541175435566447
1.541175435566447
1.541175435566447
1.541175435566447
