2.2484047488501524
2.2484047488501524
2.2484047488501524
2.2484047488501524
2.2484047488501524
2.2484047488501524
2.2484047488501524
2.2484047488501524
2.2484047488501524
2.2484047488501524
2.2484047488501524
2.2484047488501524
2.2484047488501524
2.2484047488501524
2.2484047488501524
2.2484047488501524
2.2484047488501524
2.2484047488501524
2.2484047488501524
2.2484047488501524
2.2484047488501524
2.2484047488501524
2.2484047488501524
2.2484047488501524
2.2484047488501524
2.2484047488501524
2.2484047488501524
2.2484047488501524
2.2484047488501524
2.2484047488501524
2.2484047488501524
2.2484047488501524
2.2484047488501524
2.2484047488501524
2.2484047488501524
2.2484047488501524
2.2484047488501524
2.2484047488501524
2.2484047488501524
2.2484047488501524
2.2484047488501524
2.2484047488501524
2.2484047488501524
2.2484047488501524
2.2484240302594363
2.2484240302594363
2.2484240302594363
2.2484240302594363
2.2484240302594363
2.2484240302594363
2.2484282407028107
2.2484282407028107
2.248433933762744
2.248436666436395
2.248436666436395
2.2484377445199044
2.2484380137973745
2.2484389708973977
2.2484389708973977
2.2484424703373187
2.248443376828038
2.2484438398666566
2.2484438398666566
2.2484454323948877
2.2484469748745504
2.2484475484597866
2.2484483870307272
2.248449259319686
2.2484497826932874
2.2484500967175305
2.2484502851321047
2.24845039818086
2.248450769361709
2.248451117747603
2.2484513560303356
2.2484514989999935
2.2484515847817947
2.248451636250878
2.248451834687938
2.248452009134078
2.248452113801771
2.24845217660239
2.2484522142827625
2.2484522368909867
2.2484522848125734
2.2484523255140374
2.248452349934917
2.248452375321019
2.248452406425712
2.248452425088528
2.2484524362862177
2.248452443004832
2.2484524509883728
2.24845245919788
2.248452464123585
2.248452467079007
2.248452470659552
2.248452474426812
2.2484524766871674
2.2484524780433808
2.2484524795628165
2.2484524811879294
2.2484524821629965
2.2484524827480366
2.248452483099061
2.248452483309676
2.2484524835002455
2.248452483838574
2.2484524840415707
2.2484524841633684
2.248452484325378
2.248452484474512
2.2484524845639924
2.2484524846176805
2.248452484671693
2.248452484743498
2.248452484786581
2.2484524848124314
2.2484524848279412
2.248452484856869
2.2484524848816294
2.2484524848964846
2.2484524849053975
2.248452484911982
2.248452484920663
2.248452484925871
2.2484524849289964
2.2484524849312866
2.2484524849354237
2.248452484937906
2.2484524849393956
2.248452484940289
2.2484524849408256
2.248452484941631
2.2484524849424643
2.2484524849429643
2.2484524849432637
2.248452484943444
2.248452484943555
2.2484524849439587
2.248452484944201
2.248452484944347
2.248452484944434
2.2484524849444862
2.248452484944518
2.2484524849445813
2.2484524849446195
2.2484524849446417
2.248452484944656
2.2484524849446728
2.248452484944691
2.2484524849447016
2.2484524849447083
2.2484524849447127
2.248452484944715
2.2484524849447207
2.248452484944728
2.2484524849447323
2.2484524849447345
2.2484524849447376
2.248452484944742
2.248452484944745
2.248452484944747
2.248452484944748
2.248452484944749
2.248452484944752
2.2484524849447536
2.2484524849447545
2.248452484944756
2.2484524849447562
2.248452484944757
2.248452484944757
2.2484524849447576
2.2484524849447576
2.2484524849447576
2.248452484944758
2.248452484944758
2.248452484944758
2.248452484944758
2.248452484944758
2.248452484944758
2.248452484944758
2.248452484944758
2.248452484944758
2.248452484944758
2.248452484944758
2.248452484944758
2.248452484944758
2.248452484944758
2.248452484944758
