1.8813044981407328
1.8813044981407328
1.8813044981407328
1.8813044981407328
1.8813044981407328
1.8813044981407328
1.8813044981407328
1.8813044981407328
1.8813044981407328
1.8813044981407328
1.8813044981407328
1.8813044981407328
1.8813044981407328
1.8813044981407328
1.8813044981407328
1.8813044981407328
1.8813044981407328
1.8813044981407328
1.8813044981407328
1.8813044981407328
1.8813044981407328
1.8813044981407328
1.8813044981407328
1.8813044981407328
1.8813044981407328
1.8813044981407328
1.8813044981407328
1.8813044981407328
1.8813044981407328
1.8813044981407328
1.8813044981407328
1.8813044981407328
1.8813044981407328
1.8813044981407328
1.8813044981407328
1.8813044981407328
1.8813044981407328
1.8813044981407328
1.8813044981407328
1.8813044981407328
1.8813044981407328
1.8813044981407328
1.8813044981407328
1.8813044981407328
1.8813044981407328
1.8813044981407328
1.8813044981407328
1.8813044981407328
1.8813044981407328
1.8813044981407328
1.8813044981407328
1.8813044981407328
1.8813044981407328
1.8813044981407328
1.8813044981407328
1.8813044981407328
1.8813044981407328
1.8813044981407328
1.8813044981407328
1.8813044981407328
1.8813044981407328
1.8813053092267438
1.8813053092267438
1.8813053092267438
1.8813053092267438
1.8813064740925869
1.881306825624612
1.8813076028640892
1.8813082784135573
1.8813089902001408
1.8813096321112672
1.88131021199422
1.8813112405518022
1.8813118101388409
1.8813123354922279
1.8813126333646855
1.8813131260626568
1.8813133228415029
1.8813135124661824
1.8813136648652786
1.8813137812791958
1.8813138948043173
1.8813139131353758
1.8813140358957916
1.881314170521872
1.8813142594087815
1.881314312740929
1.8813143594392492
1.8813143998236275
1.8813144407749127
1.881314469810741
1.8813144912078754
1.8813144999581521
1.8813145179070583
1.8813145331410854
1.8813145422815034
1.881314547883339
1.881314554858994
1.8813145629600554
1.8813145680087795
1.8813145713824426
1.8813145737563661
1.8813145751807199
1.881314576374469
1.8813145771720363
1.8813145778092513
1.8813145784603047
1.8813145788583663
1.8813145790972028
1.881314579302317
1.8813145797141706
1.8813145799856148
1.881314580148481
1.8813145803130362
1.881314580491899
1.8813145805998106
1.8813145806645575
1.8813145807034066
1.8813145808140994
1.8813145808936886
1.8813145809414429
1.8813145809700942
1.8813145810241207
1.8813145810701317
1.8813145810977387
1.8813145811143035
1.8813145811242422
1.8813145811302059
1.8813145811489969
1.8813145811647363
1.8813145811741818
1.8813145811798488
1.8813145811832492
1.8813145811852885
1.8813145811883052
1.8813145811933907
1.8813145811964422
1.8813145811982737
1.881314581199373
1.881314581200032
1.8813145812014336
1.8813145812025698
1.88131458120325
1.8813145812036582
1.881314581203903
1.881314581204425
1.8813145812048788
1.8813145812051506
1.8813145812053156
1.8813145812054235
1.8813145812056509
1.8813145812057872
1.881314581205869
1.88131458120592
1.8813145812059902
1.881314581206041
1.88131458120607
1.8813145812060985
1.8813145812061256
1.881314581206143
1.881314581206153
1.8813145812061658
1.8813145812061784
1.8813145812061856
1.881314581206189
1.8813145812061967
1.8813145812062038
1.8813145812062082
1.8813145812062109
1.8813145812062149
1.8813145812062169
1.8813145812062178
1.881314581206219
1.8813145812062202
1.8813145812062209
1.881314581206222
1.8813145812062224
1.8813145812062224
1.8813145812062224
1.8813145812062237
1.8813145812062237
1.8813145812062237
1.8813145812062237
1.8813145812062237
1.8813145812062237
1.8813145812062237
1.8813145812062237
1.8813145812062237
1.8813145812062237
1.8813145812062237
1.8813145812062237
1.8813145812062237
1.8813145812062237
1.8813145812062237
