2.1031188211329748
2.1031188211329748
2.1031188211329748
2.1031188211329748
2.1031188211329748
2.1031188211329748
2.1031188211329748
2.1031188211329748
2.1031188211329748
2.1031188211329748
2.1031188211329748
2.1031188211329748
2.1031188211329748
2.1031188211329748
2.1031188211329748
2.1031188211329748
2.1031188211329748
2.1031188211329748
2.1031188211329748
2.1031188211329748
2.1031188211329748
2.1031188211329748
2.1031188211329748
2.1031188211329748
2.1031188211329748
2.1031188211329748
2.1031188211329748
2.1031188211329748
2.1031188211329748
2.1031188211329748
2.1031188211329748
2.1031188211329748
2.1031188211329748
2.1031188211329748
2.1031188211329748
2.1031188211329748
2.1031188211329748
2.1031188211329748
2.1031188211329748
2.1031188211329748
2.1031188211329748
2.1031188211329748
2.1031188211329748
2.1031188211329748
2.1031188211329748
2.1031188211329748
2.1031188211329748
2.1031188211329748
2.1031188211329748
2.1031188211329748
2.1031188211329748
2.103118842209892
2.103118842209892
2.103118842209892
2.1031196342883196
2.1031196342883196
2.1031196342883196
2.1031196342883196
2.1031196342883196
2.103120404321559
2.103120404321559
2.103120404321559
2.1031212348348447
2.1031216430216024
2.1031222790820268
2.1031230052453314
2.103123504410964
2.1031239730960474
2.1031243938116595
2.103124657730575
2.1031247667317676
2.1031249049031477
2.103124953733626
2.103125218027173
2.10312539446465
2.1031255386217937
2.1031256347524354
2.1031257241271524
2.1031258603845817
2.1031259575258177
2.1031260033616017
2.1031260943062584
2.10312613591911
2.1031261940552364
2.1031262128388026
2.1031262241089426
2.1031262472390275
2.1031262691894907
2.1031262850815384
2.103126294616766
2.103126305898101
2.1031263157668554
2.1031263196419743
2.1031263245878797
2.103126329871225
2.103126333671005
2.103126335465431
2.1031263366384705
2.103126338575316
2.103126340389092
2.1031263411254
2.103126341567184
2.1031263418322546
2.103126342398553
2.1031263429643396
2.103126343310334
2.1031263435179315
2.103126343664139
2.103126343867081
2.103126344084169
2.1031263442144223
2.103126344292574
2.1031263443681083
2.103126344509743
2.1031263445916353
2.103126344634019
2.103126344669498
2.1031263447225417
2.1031263447555495
2.1031263447739406
2.1031263447849753
2.103126344792794
2.1031263448056
2.103126344815209
2.1031263448209754
2.1031263448255397
2.1031263448329005
2.103126344837502
2.103126344840743
2.1031263448427358
2.1031263448448896
2.103126344846547
2.103126344847541
2.1031263448483632
2.103126344849241
2.103126344849828
2.1031263448502333
2.1031263448504776
2.103126344850639
2.1031263448507724
2.1031263448509114
2.103126344851015
2.103126344851077
2.103126344851115
2.103126344851137
2.1031263448511504
2.1031263448511677
2.1031263448511943
2.1031263448512107
2.1031263448512223
2.1031263448512325
2.1031263448512414
2.1031263448512485
2.103126344851252
2.1031263448512547
2.1031263448512565
2.1031263448512574
2.1031263448512583
2.1031263448512596
2.103126344851261
2.1031263448512623
2.1031263448512627
2.1031263448512636
2.1031263448512636
2.1031263448512636
2.1031263448512636
2.1031263448512645
2.1031263448512645
2.1031263448512645
2.1031263448512645
2.1031263448512645
2.1031263448512645
2.1031263448512645
2.1031263448512645
2.1031263448512645
2.1031263448512645
2.1031263448512645
2.1031263448512645
2.1031263448512645
2.1031263448512645
2.1031263448512645
2.1031263448512645
2.1031263448512645
2.1031263448512645
2.1031263448512645
2.1031263448512645
2.1031263448512645
2.1031263448512645
2.1031263448512645
2.1031263448512645
