2.009796115572465
2.009796115572465
2.009796115572465
2.009796115572465
2.009796115572465
2.009796115572465
2.009796115572465
2.009796115572465
2.009796115572465
2.009796115572465
2.009796115572465
2.009796115572465
2.009796115572465
2.009796115572465
2.009796115572465
2.009796115572465
2.009796115572465
2.009796115572465
2.009796115572465
2.009796115572465
2.009796115572465
2.009796115572465
2.009796115572465
2.009796115572465
2.009796115572465
2.009796115572465
2.009796115572465
2.009796115572465
2.009796115572465
2.009796115572465
2.009796115572465
2.009796115572465
2.009796115572465
2.009796115572465
2.009796115572465
2.009796115572465
2.009796115572465
2.009796115572465
2.009796115572465
2.009796115572465
2.009796115572465
2.009796115572465
2.009796115572465
2.009796115572465
2.009796115572465
2.009796115572465
2.009796115572465
2.009806379637544
2.009806379637544
2.009806379637544
2.009812253690787
2.0098233655221227
2.0098233655221227
2.009824239741416
2.009828995880547
2.0098328820696496
2.0098338517896814
2.009836701798698
2.0098373610234623
2.0098384992296148
2.009839458284004
2.0098400092997615
2.0098400092997615
2.0098401664464616
2.009840678202523
2.0098410343757642
2.0098413972110816
2.0098416149122853
2.0098418122614716
2.0098420673493984
2.0098422191495624
2.0098423102296676
2.009842395026325
2.009842477845985
2.0098425452116335
2.0098425937154962
2.0098426372207996
2.0098426699699248
2.009842684234426
2.0098427048868976
2.009842714207358
2.0098427208253016
2.00984272805923
2.009842732399587
2.0098427358633306
2.0098427369099428
2.009842739940466
2.0098427436830737
2.009842745120826
2.009842746472979
2.0098427472842704
2.00984274921032
2.0098427509376613
2.009842751974066
2.0098427525959086
2.0098427533356746
2.0098427541071633
2.009842754600794
2.009842754963538
2.0098427554296983
2.0098427557617633
2.0098427559883554
2.0098427561243106
2.0098427562058836
2.0098427562773598
2.0098427564350447
2.0098427565296557
2.009842756590058
2.0098427566643493
2.0098427567321844
2.0098427567747494
2.0098427568002886
2.0098427568156123
2.0098427568456865
2.0098427568693973
2.0098427568841157
2.0098427568936064
2.0098427569002264
2.0098427569072945
2.00984275691529
2.0098427569200874
2.0098427569245367
2.009842756928841
2.0098427569322355
2.0098427569343094
2.009842756936573
2.0098427569380912
2.0098427569390025
2.0098427569395496
2.009842756940415
2.0098427569410084
2.0098427569413824
2.0098427569416346
2.0098427569417865
2.009842756941878
2.0098427569420356
2.009842756942212
2.009842756942318
2.0098427569423825
2.009842756942488
2.009842756942562
2.0098427569426063
2.009842756942632
2.0098427569426605
2.0098427569426884
2.0098427569427053
2.009842756942715
2.0098427569427266
2.0098427569427364
2.009842756942742
2.0098427569427457
2.00984275694275
2.0098427569427537
2.0098427569427564
2.0098427569427577
2.0098427569427595
2.009842756942761
2.0098427569427617
2.0098427569427626
2.009842756942763
2.0098427569427635
2.0098427569427644
2.0098427569427644
2.009842756942765
2.009842756942765
2.009842756942765
2.009842756942765
2.009842756942765
2.009842756942765
2.009842756942765
2.009842756942765
2.009842756942765
2.009842756942765
2.009842756942765
2.009842756942765
2.009842756942765
2.009842756942765
2.009842756942765
2.009842756942765
