1.291168240888872
1.291168240888872
1.291168240888872
1.291168240888872
1.291168240888872
1.291168240888872
1.291168240888872
1.291168240888872
1.291168240888872
1.291168240888872
1.291168240888872
1.291168240888872
1.291168240888872
1.291168240888872
1.291168240888872
1.291168240888872
1.291168240888872
1.291168240888872
1.291168240888872
1.291168240888872
1.291168240888872
1.291168240888872
1.291168240888872
1.291168240888872
1.291168240888872
1.291168240888872
1.291168240888872
1.291168240888872
1.291168240888872
1.291168240888872
1.291168240888872
1.291168240888872
1.291168240888872
1.291168240888872
1.291168240888872
1.291168240888872
1.291168240888872
1.291168240888872
1.291168240888872
1.291168240888872
1.291168240888872
1.291168240888872
1.291168240888872
1.291168240888872
1.291168240888872
1.2911780172026666
1.2911780172026666
1.2911780172026666
1.2911780172026666
1.2911780172026666
1.2911780172026666
1.2911799159391297
1.2911799239141113
1.2911799239141113
1.2911799239141113
1.2911812032447474
1.2911831565040248
1.2911843284600113
1.2911850316337545
1.2911858644745529
1.2911876251824563
1.2911878134557109
1.2911887915207312
1.2911891030018008
1.2911897847704823
1.2911903912928253
1.291190755206283
1.2911909747981418
1.2911912451376673
1.2911915357980197
1.291191774897174
1.2911918593984224
1.2911919243786147
1.2911920447619998
1.2911921634525794
1.29119223466693
1.2911922900061101
1.291192360619413
1.2911924154143342
1.2911924382251958
1.2911924706509512
1.291192513520776
1.2911925394066381
1.2911925549381558
1.291192566439786
1.2911925881176778
1.2911926015054755
1.2911926098973545
1.2911926145542292
1.2911926188467961
1.2911926238340783
1.2911926276399328
1.291192629960165
1.2911926314445514
1.2911926323351832
1.2911926335818449
1.291192635485881
1.2911926367430133
1.2911926375171734
1.2911926379146104
1.2911926390982489
1.2911926403083251
1.2911926410499777
1.2911926414949697
1.2911926417758923
1.29119264243713
1.2911926428784668
1.2911926431432692
1.2911926433344878
1.291192643451535
1.291192643521764
1.2911926435639012
1.2911926435972694
1.291192643673859
1.2911926437323675
1.2911926437680648
1.2911926437932815
1.291192643830377
1.2911926438671344
1.291192643889189
1.2911926439024215
1.2911926439219914
1.291192643944163
1.2911926439574661
1.2911926439654482
1.2911926439717667
1.2911926439859178
1.2911926439944086
1.2911926439995027
1.2911926440025594
1.291192644004394
1.2911926440109753
1.2911926440167276
1.291192644020179
1.2911926440225505
1.2911926440267567
1.2911926440292807
1.2911926440307944
1.2911926440317028
1.291192644032448
1.2911926440333632
1.2911926440339123
1.291192644034242
1.2911926440345183
1.291192644034837
1.2911926440350283
1.2911926440351422
1.2911926440352193
1.2911926440353452
1.2911926440354204
1.2911926440354655
1.2911926440354924
1.291192644035533
1.291192644035568
1.2911926440355883
1.291192644035601
1.2911926440356112
1.2911926440356274
1.2911926440356374
1.2911926440356432
1.2911926440356467
1.2911926440356492
1.2911926440356523
1.291192644035656
1.2911926440356585
1.2911926440356598
1.2911926440356607
1.2911926440356627
1.2911926440356642
1.2911926440356656
1.2911926440356665
1.2911926440356671
1.291192644035668
1.2911926440356682
1.2911926440356682
1.2911926440356687
1.291192644035669
1.2911926440356691
1.2911926440356691
1.2911926440356691
1.2911926440356691
1.2911926440356691
1.2911926440356691
1.2911926440356691
1.2911926440356691
1.2911926440356691
