2.0013736981261627
2.0013736981261627
2.0013736981261627
2.0013736981261627
2.0013736981261627
2.0013736981261627
2.0013736981261627
2.0013736981261627
2.0013736981261627
2.0013736981261627
2.0013736981261627
2.0013736981261627
2.0013736981261627
2.0013736981261627
2.0013736981261627
2.0013736981261627
2.0013736981261627
2.0013736981261627
2.0013736981261627
2.0013736981261627
2.0013736981261627
2.0013736981261627
2.0013736981261627
2.0013736981261627
2.0013736981261627
2.0013736981261627
2.0013736981261627
2.0013736981261627
2.0013736981261627
2.0013736981261627
2.0013736981261627
2.0013736981261627
2.0013736981261627
2.0013736981261627
2.0013736981261627
2.0013736981261627
2.0013736981261627
2.0013736981261627
2.0013736981261627
2.0013736981261627
2.0013736981261627
2.0013736981261627
2.0013736981261627
2.0013736981261627
2.0013736981261627
2.0013736981261627
2.0013736981261627
2.0013736981261627
2.0013736981261627
2.0013736981261627
2.0013736981261627
2.0013736981261627
2.001373811306153
2.001373811306153
2.001373811306153
2.001373811306153
2.001373811306153
2.001373811306153
2.001373811306153
2.001373811306153
2.001373811306153
2.001373858196632
2.0013739155179455
2.0013739155179455
2.0013739155179455
2.0013739155179455
2.0013739155179455
2.0013739155179455
2.0013739155179455
2.0013739155179455
2.0013739155179455
2.0013739155179455
2.0013739155179455
2.0013739155179455
2.0013739246959963
2.0013739246959963
2.0013739246959963
2.0013739246959963
2.0013739246959963
2.0013739250202494
2.0013739250202494
2.0013739250202494
2.0013739278361204
2.0013739308717087
2.001373931835966
2.0013739348749
2.001373937343432
2.001373937343432
2.0013739380604396
2.0013739414616665
2.001373942407375
2.001373943218126
2.0013739433777946
2.0013739444113074
2.001373946885683
2.001373946885683
2.001373947316459
2.0013739474097445
2.001373947941611
2.0013739481013664
2.0013739481013664
2.0013739481819712
2.001373948207428
2.001373948207428
2.001373948207428
2.001373948207428
2.0013739482213797
2.0013739483283306
2.0013739483672177
2.0013739483893604
2.0013739483893604
2.0013739484092774
2.0013739484130957
2.001373948438207
2.0013739484436672
2.0013739484469424
2.001373948465793
2.001373948482532
2.0013739484942006
2.0013739484986464
2.0013739485053637
2.0013739485117523
2.001373948513701
2.001373948513701
2.0013739485141655
2.0013739485151767
2.0013739485218363
2.0013739485240123
2.001373948524416
2.001373948526483
2.0013739485272484
2.0013739485284088
2.0013739485294364
2.0013739485300532
2.0013739485302042
2.0013739485305777
2.0013739485310147
2.0013739485312847
2.0013739485314477
2.0013739485315463
2.0013739485317044
2.0013739485318562
2.001373948531973
2.001373948532061
2.001373948532133
2.0013739485321835
2.001373948532205
2.001373948532227
2.001373948532231
2.001373948532254
2.0013739485322612
2.0013739485322612
2.001373948532263
2.0013739485322697
2.001373948532276
2.0013739485322777
2.00137394853228
2.00137394853228
2.0013739485322812
2.001373948532283
2.001373948532284
2.0013739485322843
