2.1396604307451
2.1396604307451
2.1396604307451
2.1396604307451
2.1396604307451
2.1396604307451
2.1396604307451
2.1396604307451
2.1396604307451
2.1396604307451
2.1396604307451
2.1396604307451
2.1396604307451
2.1396604307451
2.1396604307451
2.1396604307451
2.1396604307451
2.1396604307451
2.1396604307451
2.1396604307451
2.1396604307451
2.1396604307451
2.1396604307451
2.1396604307451
2.1396604307451
2.1396604307451
2.1396604307451
2.1396604307451
2.1396604307451
2.1396604307451
2.1396604307451
2.1396604307451
2.1396604307451
2.1396604307451
2.1396604307451
2.1396604307451
2.1396604307451
2.1396604307451
2.1396604307451
2.1396604307451
2.1396604307451
2.1396604307451
2.1396604307451
2.1396604307451
2.1396604307451
2.1396604307451
2.1396604307451
2.1396604307451
2.1396604307451
2.1396604307451
2.1396604307451
2.1396610650112917
2.1396610650112917
2.1396610650112917
2.1396610650112917
2.1396634451432357
2.1396634451432357
2.1396637566849805
2.139664233839288
2.1396652928915665
2.1396652928915665
2.1396653793890614
2.1396657324428663
2.139666075549151
2.1396662814128997
2.139666404931141
2.1396664790420834
2.139667069136847
2.1396674818710473
2.1396676442687874
2.139667859143376
2.1396679369224514
2.139667983589898
2.1396682123471433
2.1396684128775125
2.1396685331957404
2.1396686053866794
2.1396687610006464
2.1396688650738733
2.1396689203619808
2.139668953534847
2.139668974506251
2.139668992752689
2.1396690212721285
2.1396690421422853
2.139669054664379
2.1396690664858378
2.139669086814127
2.1396690990111007
2.1396691063292854
2.139669110725175
2.139669116592838
2.1396691218869277
2.1396691250633815
2.139669126969253
2.1396691292624688
2.139669131339563
2.139669132585819
2.1396691333335722
2.139669133782225
2.1396691340870615
2.1396691348131753
2.139669135265664
2.1396691355371575
2.1396691357992634
2.1396691360874467
2.1396691362603564
2.1396691363641027
2.1396691364600904
2.139669136596137
2.1396691366782816
2.139669136727568
2.13966913675714
2.1396691368054657
2.139669136839698
2.139669136860238
2.1396691368757432
2.1396691368942378
2.139669136905491
2.1396691369122425
2.139669136916294
2.139669136922824
2.139669136927325
2.139669136930026
2.139669136931647
2.1396691369337453
2.1396691369354457
2.1396691369364658
2.1396691369370786
2.1396691369380028
2.1396691369388696
2.1396691369393896
2.139669136939702
2.139669136939889
2.1396691369404555
2.13966913694083
2.139669136941055
2.139669136941333
2.13966913694156
2.1396691369416962
2.1396691369417784
2.1396691369418273
2.1396691369418934
2.1396691369419623
2.139669136942004
2.1396691369420293
2.1396691369420546
2.1396691369420844
2.139669136942102
2.139669136942113
2.1396691369421226
2.139669136942141
2.1396691369421514
2.1396691369421585
2.139669136942168
2.1396691369421763
2.139669136942181
2.139669136942184
2.139669136942187
2.1396691369421896
2.139669136942192
2.1396691369421923
2.139669136942193
2.1396691369421945
2.139669136942195
2.1396691369421954
2.139669136942196
2.1396691369421963
2.1396691369421967
2.1396691369421967
2.1396691369421967
2.1396691369421967
2.1396691369421967
2.139669136942197
2.139669136942197
2.139669136942197
2.1396691369421976
2.1396691369421976
2.1396691369421976
2.1396691369421976
2.1396691369421976
2.1396691369421976
2.1396691369421976
2.1396691369421976
2.1396691369421976
2.1396691369421976
2.1396691369421976
2.1396691369421976
