1.96353431165404
1.96353431165404
1.96353431165404
1.96353431165404
1.96353431165404
1.96353431165404
1.96353431165404
1.96353431165404
1.96353431165404
1.96353431165404
1.96353431165404
1.96353431165404
1.96353431165404
1.96353431165404
1.96353431165404
1.96353431165404
1.96353431165404
1.96353431165404
1.96353431165404
1.96353431165404
1.96353431165404
1.96353431165404
1.96353431165404
1.96353431165404
1.96353431165404
1.96353431165404
1.96353431165404
1.96353431165404
1.96353431165404
1.96353431165404
1.96353431165404
1.96353431165404
1.96353431165404
1.96353431165404
1.96353431165404
1.96353431165404
1.96353431165404
1.96353431165404
1.96353431165404
1.96353431165404
1.9638879310180797
1.9638879310180797
1.9638879310180797
1.9638879310180797
1.9638879310180797
1.9638879310180797
1.9638879310180797
1.9638879310180797
1.9638879310180797
1.9639110479230366
1.9639110479230366
1.9639110479230366
1.9639326946841618
1.9639326946841618
1.9639326946841618
1.9639326946841618
1.9639326946841618
1.9639364612911367
1.9639376427657607
1.963944072011615
1.9639479295529694
1.9639502440755647
1.96395579119321
1.96395579119321
1.9639573030989217
1.9639616402229536
1.9639652578029743
1.9639670252609478
1.9639682931675984
1.9639691134823827
1.9639696348461622
1.9639707436147862
1.9639716527518212
1.9639721982340461
1.9639725854913934
1.963973268850347
1.9639737804095159
1.9639740750441512
1.9639742518249297
1.9639743742188853
1.9639745841130165
1.963974719580309
1.9639748008606812
1.9639748685702074
1.9639749392739763
1.963974983868782
1.9639750106256657
1.9639750106256657
1.9639750273237218
1.9639750557123803
1.963975072745575
1.963975082965491
1.9639750903787976
1.9639750985864437
1.9639751061405568
1.9639751098463425
1.9639751138363721
1.9639751176727693
1.9639751196684783
1.9639751210639824
1.9639751220117876
1.9639751233906253
1.963975124493708
1.9639751251614002
1.9639751255901656
1.9639751258993745
1.9639751261065088
1.9639751263454683
1.963975126492734
1.9639751265916388
1.9639751266622907
1.9639751267294066
1.9639751267907828
1.963975126829541
1.9639751268527954
1.9639751268829493
1.9639751269120753
1.9639751269295505
1.9639751269415995
1.9639751269568426
1.9639751269675552
1.963975126973982
1.9639751269823547
1.9639751269888823
1.963975126993449
1.9639751269962733
1.963975126997878
1.9639751269997376
1.9639751270019257
1.9639751270031294
1.963975127003935
1.963975127005152
1.9639751270061077
1.9639751270066876
1.963975127007028
1.963975127007455
1.9639751270077856
1.9639751270080168
1.96397512700816
1.9639751270084471
1.9639751270086347
1.9639751270087475
1.9639751270088148
1.963975127008858
1.963975127008939
1.963975127009
1.9639751270090362
1.9639751270090726
1.9639751270091066
1.9639751270091272
1.9639751270091397
1.963975127009147
1.963975127009151
1.9639751270091546
1.963975127009158
1.9639751270091614
1.9639751270091632
1.9639751270091645
1.9639751270091657
1.9639751270091663
1.9639751270091665
1.9639751270091668
1.963975127009167
1.9639751270091672
1.9639751270091672
1.9639751270091674
1.9639751270091674
1.9639751270091674
1.9639751270091674
1.9639751270091674
1.9639751270091674
1.9639751270091674
1.9639751270091674
1.9639751270091674
1.9639751270091674
1.9639751270091674
1.9639751270091674
1.9639751270091674
1.9639751270091674
1.9639751270091674
1.9639751270091674
1.9639751270091674
1.9639751270091674
1.9639751270091674
1.9639751270091674
1.9639751270091674
1.9639751270091674
1.9639751270091674
1.9639751270091674
1.9639751270091674
1.9639751270091674
