1.601135345458188
1.601135345458188
1.601135345458188
1.601135345458188
1.601135345458188
1.601135345458188
1.601135345458188
1.601135345458188
1.601135345458188
1.601135345458188
1.601135345458188
1.601135345458188
1.601135345458188
1.601135345458188
1.601135345458188
1.601135345458188
1.601135345458188
1.601135345458188
1.601135345458188
1.601135345458188
1.601135345458188
1.601135345458188
1.601135345458188
1.601135345458188
1.601135345458188
1.601135345458188
1.601135345458188
1.601135345458188
1.601135345458188
1.601135345458188
1.601135345458188
1.601135345458188
1.601135345458188
1.601135345458188
1.601135345458188
1.601135345458188
1.601135345458188
1.601135345458188
1.601135345458188
1.601135345458188
1.601135345458188
1.601135345458188
1.601135345458188
1.601135345458188
1.601135345458188
1.601135345458188
1.601135345458188
1.601135345458188
1.601135345458188
1.601135345458188
1.601135345458188
1.601135345458188
1.601135345458188
1.601135345458188
1.601135345458188
1.601135345458188
1.601135345458188
1.601135345458188
1.601135345458188
1.6011361859512458
1.6011361859512458
1.6011361859512458
1.6011367267429988
1.6011373596448129
1.6011380980571706
1.6011385411046304
1.6011388069331218
1.6011389713919408
1.601139476861717
1.6011397904804296
1.6011400110641696
1.6011402777008605
1.60114048668882
1.6011406641871062
1.6011407606260522
1.6011408592449705
1.6011409657302158
1.6011410296213595
1.6011410679560447
1.6011411246362819
1.601141189194731
1.6011412281368065
1.6011412515020507
1.6011412672553185
1.6011412856828267
1.60114129989374
1.601141313661213
1.6011413231931133
1.6011413313836858
1.6011413400171686
1.6011413453211176
1.6011413485034873
1.6011413504129088
1.6011413522718243
1.6011413539127322
1.6011413551969012
1.6011413562259527
1.6011413568433837
1.601141357815193
1.6011413585270153
1.601141358954109
1.6011413592103647
1.601141359364118
1.6011413596408404
1.6011413600396163
1.6011413602791404
1.6011413604228553
1.6011413605090838
1.6011413606955267
1.601141360908548
1.6011413610363607
1.6011413611130478
1.601141361254043
1.6011413613521452
1.6011413614110066
1.601141361446323
1.6011413614675132
1.601141361480227
1.6011413615062715
1.6011413615386678
1.6011413615581052
1.601141361569768
1.6011413615767658
1.6011413615884909
1.6011413615960366
1.6011413616005647
1.6011413616032812
1.601141361606203
1.6011413616092005
1.6011413616109993
1.6011413616120787
1.6011413616127266
1.6011413616141885
1.6011413616151209
1.6011413616156804
1.6011413616160164
1.6011413616162176
1.6011413616166266
1.6011413616170183
1.6011413616172525
1.601141361617394
1.6011413616174788
1.6011413616176586
1.6011413616177956
1.6011413616178776
1.6011413616179266
1.601141361617996
1.6011413616180485
1.6011413616180803
1.601141361618099
1.601141361618122
1.6011413616181398
1.6011413616181502
1.601141361618157
1.6011413616181658
1.6011413616181736
1.601141361618178
1.601141361618182
1.6011413616181862
1.6011413616181884
1.60114136161819
1.6011413616181909
1.6011413616181913
1.6011413616181922
1.6011413616181929
1.601141361618193
1.601141361618193
1.6011413616181935
1.6011413616181935
1.6011413616181938
1.6011413616181938
1.6011413616181938
1.6011413616181938
1.6011413616181938
1.6011413616181938
1.6011413616181938
1.6011413616181938
1.6011413616181938
1.6011413616181938
1.6011413616181938
1.6011413616181938
1.6011413616181938
1.6011413616181938
1.6011413616181938
1.6011413616181938
1.6011413616181938
