1.708235618205541
1.708235618205541
1.708235618205541
1.708235618205541
1.708235618205541
1.708235618205541
1.708235618205541
1.708235618205541
1.708235618205541
1.708235618205541
1.708235618205541
1.708235618205541
1.708235618205541
1.708235618205541
1.708235618205541
1.708235618205541
1.708235618205541
1.708235618205541
1.708235618205541
1.708235618205541
1.708235618205541
1.708235618205541
1.708235618205541
1.708235618205541
1.708235618205541
1.708235618205541
1.708235618205541
1.708235618205541
1.708235618205541
1.708235618205541
1.708235618205541
1.708235618205541
1.708235618205541
1.708235618205541
1.708235618205541
1.708235618205541
1.708235618205541
1.708235618205541
1.708235618205541
1.708235618205541
1.708235618205541
1.708235618205541
1.708235618205541
1.708235618205541
1.708235618205541
1.708235618205541
1.708235618205541
1.708235618205541
1.708235618205541
1.708235618205541
1.708235618205541
1.708235618205541
1.708241369108741
1.708241369108741
1.708241369108741
1.708242846745459
1.708242846745459
1.708242846745459
1.708242846745459
1.7082434853916912
1.7082444605711113
1.7082460182501629
1.708246952860372
1.7082475136274973
1.7082488052371034
1.7082502658739032
1.7082511422581081
1.7082519881036353
1.7082529608311197
1.708253568562787
1.708253966451831
1.7082542051853564
1.7082544406546738
1.7082547319858146
1.7082549541602805
1.7082550874649847
1.7082551844782414
1.708255218305847
1.7082552955598065
1.7082553783747843
1.7082554428787193
1.7082554815810826
1.7082555048025019
1.708255509854138
1.7082555248991866
1.708255544076747
1.7082555555832835
1.7082555624872056
1.7082555670371733
1.7082555783437037
1.7082555858829542
1.7082555906199834
1.7082555932219472
1.7082555958162404
1.7082555982098104
1.7082556021887256
1.7082556046137296
1.708255606068732
1.7082556075206836
1.7082556091262349
1.7082556100895652
1.7082556106076061
1.7082556112577538
1.70825561196191
1.7082556123844042
1.7082556126981767
1.7082556128998114
1.708255613078689
1.7082556131949183
1.7082556132825772
1.7082556133574975
1.708255613404629
1.7082556134473441
1.7082556134729727
1.7082556134883504
1.7082556135050044
1.708255613521449
1.7082556135334157
1.7082556135405957
1.7082556135472984
1.708255613554552
1.7082556135603613
1.708255613563847
1.7082556135667815
1.7082556135691265
1.7082556135706544
1.7082556135718139
1.7082556135726783
1.7082556135736393
1.7082556135742157
1.7082556135746159
1.7082556135749147
1.7082556135752998
1.7082556135755564
1.7082556135757392
1.7082556135759512
1.708255613576108
1.7082556135762015
1.7082556135762839
1.7082556135763691
1.7082556135764217
1.7082556135764535
1.7082556135764941
1.7082556135765348
1.708255613576559
1.7082556135765736
1.708255613576592
1.7082556135766067
1.7082556135766156
1.7082556135766225
1.708255613576631
1.7082556135766356
1.7082556135766387
1.7082556135766407
1.708255613576643
1.708255613576645
1.708255613576646
1.7082556135766465
1.7082556135766471
1.708255613576648
1.708255613576648
1.7082556135766482
1.7082556135766482
1.7082556135766485
1.7082556135766485
1.7082556135766485
1.7082556135766485
1.7082556135766485
1.7082556135766485
1.7082556135766485
1.7082556135766485
1.7082556135766485
1.7082556135766485
1.7082556135766485
1.7082556135766485
1.7082556135766485
1.7082556135766485
1.7082556135766485
1.7082556135766485
1.7082556135766485
1.7082556135766485
1.7082556135766485
1.7082556135766485
1.7082556135766485
1.7082556135766485
1.7082556135766485
1.7082556135766485
1.7082556135766485
1.7082556135766485
