1.7005493250575572
1.7005493250575572
1.7005493250575572
1.7005493250575572
1.7005493250575572
1.7005493250575572
1.7005493250575572
1.7005493250575572
1.7005493250575572
1.7005493250575572
1.7005493250575572
1.7005493250575572
1.7005493250575572
1.7005493250575572
1.7005493250575572
1.7005493250575572
1.7005493250575572
1.7005493250575572
1.7005493250575572
1.7005493250575572
1.7005493250575572
1.7005493250575572
1.7005493250575572
1.7005493250575572
1.7005493250575572
1.7005493250575572
1.7005493250575572
1.7005493250575572
1.7005493250575572
1.7005493250575572
1.7005493250575572
1.7005493250575572
1.7005493250575572
1.7005493250575572
1.7005493250575572
1.7005493250575572
1.7005493250575572
1.7005493250575572
1.7005493250575572
1.7005493250575572
1.7005493250575572
1.7005493250575572
1.7005493250575572
1.7005493250575572
1.7005493250575572
1.7005493250575572
1.7005493250575572
1.7005493250575572
1.7005493250575572
1.7005495882918131
1.7005495882918131
1.7005495882918131
1.7005495882918131
1.7005495882918131
1.7005501411250563
1.7005501411250563
1.7005501411250563
1.7005501411250563
1.7005501411250563
1.7005504417330577
1.7005504417330577
1.7005504417330577
1.7005512732634949
1.7005518736901115
1.7005518736901115
1.7005528041555393
1.7005533424194392
1.7005533424194392
1.7005535907123572
1.7005537963133144
1.7005541193840428
1.7005544260950824
1.7005545504275306
1.700554579605073
1.700554758728233
1.7005550025180038
1.7005551487918649
1.7005552471212069
1.7005553113559477
1.7005553912940496
1.7005554829529141
1.7005555379482338
1.7005555709454265
1.7005555907437417
1.700555602622731
1.7005556118395122
1.700555631527223
1.7005556513358142
1.7005556637567767
1.700555672348647
1.7005556823062575
1.700555688280823
1.7005556918655629
1.7005556945166949
1.7005556999289237
1.7005557032261152
1.7005557052044307
1.70055570639142
1.7005557071467667
1.7005557087967793
1.7005557099413227
1.7005557106280484
1.700555711040084
1.7005557117414782
1.7005557125106538
1.7005557129721594
1.7005557132490625
1.700555713551852
1.7005557139666023
1.7005557142154528
1.7005557143647627
1.7005557145840826
1.700555714787947
1.7005557149102657
1.700555714983657
1.7005557150489894
1.700555715203034
1.7005557152954602
1.7005557153509159
1.7005557153841897
1.7005557154357895
1.7005557154723994
1.7005557154943651
1.700555715507545
1.7005557155172693
1.7005557155341322
1.7005557155442503
1.7005557155503206
1.7005557155572253
1.7005557155663389
1.7005557155718067
1.700555715575088
1.7005557155802173
1.7005557155833997
1.7005557155853086
1.7005557155864541
1.7005557155871416
1.7005557155878523
1.7005557155885571
1.70055571558898
1.700555715589234
1.7005557155893867
1.700555715589603
1.7005557155898028
1.7005557155899231
1.7005557155899955
1.7005557155900384
1.700555715590073
1.7005557155901259
1.7005557155901578
1.7005557155901767
1.7005557155901931
1.7005557155902165
1.7005557155902309
1.700555715590239
1.7005557155902506
1.7005557155902653
1.7005557155902737
1.700555715590279
1.7005557155902855
1.7005557155902908
1.700555715590294
1.7005557155902957
1.700555715590298
1.7005557155902993
1.7005557155903
1.7005557155903008
1.7005557155903008
1.7005557155903008
1.7005557155903013
1.7005557155903017
1.7005557155903017
1.7005557155903017
1.7005557155903017
1.7005557155903017
1.7005557155903017
1.7005557155903017
1.7005557155903017
1.7005557155903017
1.7005557155903017
1.7005557155903017
1.7005557155903017
1.7005557155903017
1.7005557155903017
1.7005557155903017
1.7005557155903017
1.7005557155903017
1.7005557155903017
