1.758820141739633
1.758820141739633
1.758820141739633
1.758820141739633
1.758820141739633
1.758820141739633
1.758820141739633
1.758820141739633
1.758820141739633
1.758820141739633
1.758820141739633
1.758820141739633
1.758820141739633
1.758820141739633
1.758820141739633
1.758820141739633
1.758820141739633
1.758820141739633
1.758820141739633
1.758820141739633
1.758820141739633
1.758820141739633
1.758820141739633
1.758820141739633
1.758820141739633
1.758820141739633
1.758820141739633
1.758820141739633
1.758820141739633
1.758820141739633
1.758820141739633
1.758820141739633
1.758820141739633
1.758820141739633
1.758820141739633
1.758820141739633
1.758820141739633
1.758820141739633
1.758820141739633
1.758820141739633
1.758820141739633
1.758820141739633
1.758820141739633
1.758820141739633
1.758820141739633
1.758820141739633
1.758820141739633
1.758820141739633
1.758820141739633
1.758820141739633
1.7588222098425845
1.7588222098425845
1.7588222098425845
1.7588222098425845
1.7588240004702884
1.758825067933698
1.7588273945852313
1.7588287905787068
1.7588310745497053
1.7588351087051783
1.758837529195483
1.7588389814885939
1.7588404315527126
1.758840490377213
1.7588414679544564
1.7588423257592634
1.7588435296901308
1.7588435934178992
1.758843886667779
1.7588445166808246
1.758845248774244
1.7588455147239201
1.7588455147239201
1.758845837322107
1.7588460048810886
1.75884615003891
1.7588462607041253
1.7588463510028802
1.7588464824037708
1.7588465734145662
1.7588466280210429
1.7588466607849287
1.758846730240487
1.7588468020483186
1.7588468451330161
1.7588468709838352
1.758846886494327
1.758846915597589
1.7588469391498327
1.7588469532811795
1.758846961759987
1.7588469668472722
1.7588469721042908
1.7588469811829772
1.75884698663019
1.7588469898985166
1.758846995364271
1.758847000583767
1.758847003715466
1.7588470055944843
1.7588470067218955
1.7588470080696184
1.7588470095239248
1.758847010396508
1.7588470109200585
1.7588470112341885
1.7588470115235841
1.7588470120521293
1.7588470123692563
1.7588470125595326
1.7588470127588807
1.7588470130317337
1.7588470131954466
1.7588470132936738
1.75884701335261
1.7588470134444198
1.7588470135273278
1.758847013577072
1.7588470136069192
1.7588470136509893
1.7588470136839167
1.7588470137036745
1.7588470137155279
1.758847013730526
1.758847013740286
1.7588470137461423
1.7588470137496555
1.7588470137521177
1.7588470137554049
1.758847013757377
1.7588470137585606
1.7588470137599073
1.758847013760897
1.7588470137614896
1.7588470137618455
1.7588470137620589
1.7588470137623287
1.7588470137627503
1.7588470137630028
1.758847013763155
1.7588470137632641
1.7588470137634058
1.758847013763491
1.7588470137635426
1.7588470137635728
1.7588470137635919
1.758847013763636
1.7588470137636676
1.758847013763686
1.758847013763697
1.7588470137637195
1.7588470137637366
1.758847013763746
1.7588470137637529
1.7588470137637555
1.758847013763767
1.7588470137637764
1.7588470137637813
1.7588470137637868
1.7588470137637942
1.7588470137637984
1.758847013763801
1.7588470137638028
1.7588470137638057
1.7588470137638081
1.758847013763809
1.7588470137638101
1.7588470137638108
1.7588470137638113
1.758847013763812
1.758847013763812
1.758847013763812
1.7588470137638124
1.7588470137638124
1.7588470137638124
1.7588470137638128
1.7588470137638128
1.7588470137638128
1.7588470137638128
1.7588470137638128
1.7588470137638128
1.7588470137638128
1.7588470137638128
1.7588470137638128
1.7588470137638128
1.7588470137638128
1.7588470137638128
1.7588470137638128
1.7588470137638128
