1.4030914741098128
1.4030914741098128
1.4030914741098128
1.4030914741098128
1.4030914741098128
1.4030914741098128
1.4030914741098128
1.4030914741098128
1.4030914741098128
1.4030914741098128
1.4030914741098128
1.4030914741098128
1.4030914741098128
1.4030914741098128
1.4030914741098128
1.4030914741098128
1.4030914741098128
1.4030914741098128
1.4030914741098128
1.4030914741098128
1.4030914741098128
1.4030914741098128
1.4030914741098128
1.4030914741098128
1.4030914741098128
1.4030914741098128
1.4030914741098128
1.4030914741098128
1.4030914741098128
1.4030914741098128
1.4030914741098128
1.4030914741098128
1.4030914741098128
1.4030914741098128
1.4030914741098128
1.4030914741098128
1.4030914741098128
1.4030914741098128
1.4030914741098128
1.4030914741098128
1.4030914741098128
1.4030914741098128
1.4030914741098128
1.4030914741098128
1.4030914741098128
1.4030914741098128
1.4030914741098128
1.4030914741098128
1.4030914741098128
1.4030914741098128
1.4030925176862274
1.4030925176862274
1.4030925176862274
1.4030940876696854
1.4030940876696854
1.4030940876696854
1.4030940876696854
1.4030942794951171
1.4030947517101386
1.4030950350390974
1.4030952050364534
1.4030953070348597
1.403095368233901
1.4030954049533246
1.403095979230075
1.403096030460262
1.4030961281307122
1.4030966132322937
1.4030966758849626
1.403097157411335
1.4030973773034454
1.403097678044875
1.4030977957372226
1.4030978953490694
1.4030979886331187
1.4030980460871945
1.403098099066993
1.4030981359092023
1.4030982126412586
1.40309823282216
1.4030983276887075
1.4030983556372987
1.403098388159985
1.4030984168446006
1.4030984254126408
1.4030984415370351
1.4030984467508043
1.4030984525380499
1.4030984556443595
1.4030984595223446
1.4030984619565328
1.4030984634170451
1.4030984642933528
1.4030984648191374
1.4030984658645504
1.4030984665224668
1.403098466605074
1.403098467090586
1.4030984674520819
1.4030984676689795
1.4030984677991176
1.4030984679394527
1.4030984681633047
1.403098468297265
1.403098468331502
1.4030984683677141
1.4030984684685195
1.4030984684877044
1.4030984685058479
1.4030984685668793
1.4030984685709245
1.4030984685709245
1.4030984685891519
1.4030984685891519
1.4030984685891519
1.4030984685934162
1.4030984685934162
1.403098468597424
1.4030984686045789
1.4030984686045789
1.4030984686045789
1.4030984686083823
1.4030984686087726
1.4030984686091375
1.4030984686091375
1.4030984686101537
1.4030984686110377
1.4030984686116796
1.4030984686116796
1.4030984686116796
1.4030984686116796
1.4030984686116796
1.4030984686118648
1.4030984686118648
1.4030984686118648
1.4030984686118648
1.4030984686118808
1.4030984686119417
1.4030984686119417
1.4030984686119417
1.4030984686119483
1.4030984686119483
1.4030984686119483
1.4030984686119483
1.4030984686119483
1.4030984686119483
1.4030984686119483
1.4030984686119483
1.4030984686119512
1.4030984686119512
1.4030984686119512
1.4030984686119523
1.4030984686119545
1.4030984686119545
1.4030984686119552
1.403098468611956
1.4030984686119563
1.403098468611957
1.403098468611957
1.403098468611957
1.403098468611957
1.403098468611957
1.403098468611957
1.403098468611957
1.403098468611957
1.403098468611957
1.403098468611957
1.4030984686119572
1.4030984686119572
1.4030984686119572
1.4030984686119572
1.4030984686119572
1.4030984686119572
1.4030984686119572
1.4030984686119572
1.4030984686119572
1.4030984686119572
1.4030984686119572
1.4030984686119572
1.4030984686119572
1.4030984686119572
1.4030984686119572
1.4030984686119572
1.4030984686119572
1.4030984686119572
