2.1187696054575524
2.1187696054575524
2.1187696054575524
2.1187696054575524
2.1187696054575524
2.1187696054575524
2.1187696054575524
2.1187696054575524
2.1187696054575524
2.1187696054575524
2.1187696054575524
2.1187696054575524
2.1187696054575524
2.1187696054575524
2.1187696054575524
2.1187696054575524
2.1187696054575524
2.1187696054575524
2.1187696054575524
2.1187696054575524
2.1187696054575524
2.1187696054575524
2.1187696054575524
2.1187696054575524
2.1187696054575524
2.1187696054575524
2.1187696054575524
2.1187696054575524
2.1187696054575524
2.1187696054575524
2.1187696054575524
2.1187696054575524
2.1187696054575524
2.1187696054575524
2.1187696054575524
2.1187696054575524
2.1187696054575524
2.1187696054575524
2.1187696054575524
2.1187696054575524
2.1187696054575524
2.1187696054575524
2.1187696054575524
2.1187696054575524
2.1187696054575524
2.1187696054575524
2.1187696054575524
2.1187696054575524
2.1187696054575524
2.1187696054575524
2.1187696054575524
2.1187696054575524
2.1187696054575524
2.1187696054575524
2.1187696054575524
2.1187696054575524
2.1187696054575524
2.118770501328223
2.118770501328223
2.118770501328223
2.1187754889217025
2.1187754889217025
2.1187754889217025
2.1187754889217025
2.1187766564920416
2.118776883897848
2.1187776805163385
2.11877816421224
2.118779432130776
2.118780316597565
2.1187812815287534
2.1187820944808786
2.1187824989385717
2.1187830049134475
2.1187835032773576
2.118783912221742
2.1187840935706665
2.118784111651623
2.1187844738303316
2.1187845320657925
2.118784651012343
2.1187847129089703
2.118784808155524
2.118784861791167
2.1187849029873704
2.118784950584453
2.1187849791427023
2.118784985777122
2.118785009880184
2.118785025135382
2.118785034288501
2.118785046548911
2.118785070652854
2.1187850871826397
2.1187850871826397
2.118785089335455
2.1187850969551834
2.11878510469749
2.11878510469749
2.11878510469749
2.1187851058629747
2.1187851075374606
2.1187851075374606
2.1187851075508983
2.1187851089791376
2.1187851103985973
2.118785111604498
2.118785112328039
2.1187851128183905
2.1187851133312927
2.1187851148929955
2.118785115330509
2.1187851156876283
2.1187851162233438
2.118785116544773
2.1187851167376306
2.118785116898893
2.1187851169314578
2.118785117054812
2.118785117054812
2.118785117054812
2.1187851170728056
2.1187851170728056
2.1187851170728056
2.1187851170728056
2.118785117075248
2.118785117075248
2.118785117075248
2.118785117075248
2.1187851170780334
2.1187851170780334
2.1187851170800234
2.118785117081895
2.118785117083033
2.118785117083033
2.1187851170841125
2.1187851170846748
2.1187851170846943
2.1187851170849448
2.1187851170853547
2.1187851170855887
2.1187851170855887
2.1187851170856624
2.1187851170856624
2.1187851170856624
2.118785117085722
2.118785117085722
2.118785117085722
2.1187851170857854
2.118785117085831
2.118785117085847
2.118785117085878
2.1187851170858814
2.1187851170859258
2.118785117085931
2.1187851170859417
2.1187851170859546
2.118785117085965
2.118785117085966
2.118785117085966
2.118785117085972
2.1187851170859746
2.118785117085975
2.118785117085975
2.118785117085975
2.118785117085978
2.1187851170859786
2.1187851170859786
2.1187851170859795
2.1187851170859795
2.1187851170859795
2.1187851170859804
2.1187851170859804
2.1187851170859804
2.1187851170859804
2.1187851170859804
2.1187851170859804
2.1187851170859804
2.1187851170859804
2.1187851170859804
2.1187851170859804
2.1187851170859804
2.1187851170859804
2.1187851170859804
2.1187851170859804
2.1187851170859804
2.1187851170859804
2.1187851170859804
2.1187851170859804
2.1187851170859804
2.1187851170859804
2.1187851170859804
2.1187851170859804
