2.516085911142461
2.516085911142461
2.516085911142461
2.516085911142461
2.516085911142461
2.516085911142461
2.516085911142461
2.516085911142461
2.516085911142461
2.516085911142461
2.516085911142461
2.516085911142461
2.516085911142461
2.516085911142461
2.516085911142461
2.516085911142461
2.516085911142461
2.516085911142461
2.516085911142461
2.516085911142461
2.516085911142461
2.516085911142461
2.516085911142461
2.516085911142461
2.516085911142461
2.516085911142461
2.516085911142461
2.516085911142461
2.516085911142461
2.516085911142461
2.516085911142461
2.516085911142461
2.516085911142461
2.516085911142461
2.516085911142461
2.516085911142461
2.516085911142461
2.516085911142461
2.516085911142461
2.516085911142461
2.516085911142461
2.516085911142461
2.516085911142461
2.516085911142461
2.516085911142461
2.516085911142461
2.516085911142461
2.516085911142461
2.516085911142461
2.516085911142461
2.516085911142461
2.516085911142461
2.516085911142461
2.516085911142461
2.516085911142461
2.5160917430140186
2.5160917430140186
2.5160917430140186
2.5160917430140186
2.516095003117949
2.5160993308584523
2.5160993308584523
2.5160993308584523
2.516100824259189
2.5161017012197258
2.5161020205170708
2.5161023548762116
2.516102555491698
2.5161026758609912
2.5161028239035685
2.516103293753231
2.5161038634279254
2.5161039620454764
2.5161042682255736
2.516104467999936
2.516104931339838
2.51610501450887
2.5161050688257167
2.5161051014158247
2.516105181290104
2.51610525855012
2.516105309735252
2.516105360092259
2.5161054139106276
2.5161054462016486
2.516105467215499
2.5161054871413286
2.5161055051405534
2.5161055237348675
2.5161055348914565
2.5161055421797345
2.516105547560837
2.5161055538493247
2.516105557783424
2.516105560673994
2.5161055624083355
2.5161055634999636
2.516105565851829
2.51610556812547
2.516105569507579
2.516105570896189
2.516105572455341
2.5161055733969997
2.5161055739701745
2.51610557475296
2.516105575290529
2.5161055756130706
2.5161055758086
2.516105576126778
2.516105576354506
2.516105576491143
2.5161055766020026
2.516105576748953
2.5161055768371225
2.5161055768900247
2.516105576921766
2.5161055769689753
2.516105577015091
2.5161055770427603
2.516105577059362
2.5161055770693226
2.5161055770752996
2.516105577084455
2.516105577094066
2.5161055770998324
2.5161055771032923
2.5161055771066114
2.5161055771107286
2.516105577113199
2.516105577114681
2.51610557711557
2.5161055771161043
2.5161055771185388
2.516105577120128
2.5161055771210825
2.516105577121654
2.516105577121998
2.516105577122204
2.5161055771229766
2.5161055771236263
2.5161055771240166
2.51610557712425
2.5161055771243905
2.516105577124613
2.5161055771247476
2.516105577124829
2.516105577124878
2.516105577124908
2.51610557712498
2.5161055771250234
2.516105577125049
2.516105577125065
2.516105577125074
2.5161055771250975
2.516105577125113
2.516105577125122
2.516105577125129
2.5161055771251455
2.516105577125155
2.51610557712516
2.5161055771251686
2.5161055771251735
2.516105577125178
2.51610557712518
2.5161055771251823
2.5161055771251855
2.5161055771251872
2.5161055771251886
2.516105577125189
2.5161055771251903
2.516105577125191
2.5161055771251917
2.5161055771251917
2.5161055771251917
2.5161055771251917
2.5161055771251917
2.5161055771251917
2.5161055771251917
2.5161055771251917
2.5161055771251917
2.5161055771251917
2.5161055771251917
2.5161055771251917
2.5161055771251917
2.5161055771251917
2.5161055771251917
2.5161055771251917
2.5161055771251917
2.5161055771251917
