1.9305481088478853
1.9305481088478853
1.9305481088478853
1.9305481088478853
1.9305481088478853
1.9305481088478853
1.9305481088478853
1.9305481088478853
1.9305481088478853
1.9305481088478853
1.9305481088478853
1.9305481088478853
1.9305481088478853
1.9305481088478853
1.9305481088478853
1.9305481088478853
1.9305481088478853
1.9305481088478853
1.9305481088478853
1.9305481088478853
1.9305481088478853
1.9305481088478853
1.9305481088478853
1.9305481088478853
1.9305481088478853
1.9305481088478853
1.9305481088478853
1.9305481088478853
1.9305481088478853
1.9305481088478853
1.9305481088478853
1.9305481088478853
1.9305481088478853
1.9305481088478853
1.9305481088478853
1.9305481088478853
1.9305481088478853
1.9305481088478853
1.9305481088478853
1.9305481088478853
1.9305481088478853
1.9305481088478853
1.9305481088478853
1.9305481088478853
1.9305481088478853
1.9305481088478853
1.9305481088478853
1.9305481088478853
1.9305481088478853
1.9305481088478853
1.9305481088478853
1.9305481088478853
1.9305481088478853
1.9305481088478853
1.9305481088478853
1.9305481088478853
1.9305481088478853
1.9305481088478853
1.9305481088478853
1.9305481088478853
1.9305481088478853
1.9305481088478853
1.9305481088478853
1.9305481088478853
1.9305481088478853
1.9305488763423047
1.9305488763423047
1.9305488763423047
1.9305488763423047
1.930549973535795
1.9305505475687914
1.9305519812094103
1.9305519812094103
1.930552870194089
1.9305535013318142
1.9305549789875267
1.9305556092963891
1.930556170881833
1.9305571460533213
1.9305578611987324
1.9305583085942735
1.9305585513145724
1.9305587405571663
1.9305589320979124
1.9305590881681423
1.9305592003145868
1.9305593146793807
1.930559394063243
1.9305594664073553
1.9305595112426768
1.9305595591742362
1.9305596025529026
1.9305596337764324
1.9305596494227675
1.930559671313716
1.9305596857774254
1.930559695533668
1.930559702730496
1.9305597052209507
1.9305597072174747
1.9305597143593054
1.9305597246004071
1.9305597307666913
1.9305597344664613
1.9305597370800434
1.9305597408249793
1.930559743227794
1.9305597445367422
1.930559745852804
1.930559747197305
1.9305597480287333
1.93055974857597
1.9305597488275477
1.9305597490075224
1.9305597491155069
1.9305597494371511
1.930559749668734
1.9305597498076834
1.930559749896613
1.9305597499593696
1.930559750008005
1.9305597502039444
1.9305597503257586
1.9305597503998746
1.930559750444344
1.930559750540135
1.930559750625616
1.9305597506778147
1.9305597507091339
1.930559750767108
1.9305597508064052
1.9305597508299834
1.930559750844131
1.9305597508715513
1.930559750901073
1.9305597509187864
1.930559750929414
1.9305597509357908
1.9305597509494117
1.9305597509612487
1.9305597509683505
1.930559750972612
1.9305597509801993
1.9305597509850418
1.930559750987947
1.9305597509896906
1.930559750992605
1.930559750994408
1.9305597509954904
1.9305597509961387
1.9305597509970283
1.9305597509976031
1.9305597509979473
1.9305597509981545
1.9305597509982788
1.930559750998353
1.9305597509983983
1.9305597509986352
1.9305597509987813
1.9305597509988688
1.9305597509989232
1.9305597509990515
1.9305597509991281
1.9305597509991743
1.9305597509992014
1.9305597509992283
1.9305597509992602
1.9305597509992798
1.9305597509992913
1.9305597509993073
1.930559750999328
1.9305597509993402
1.9305597509993477
1.9305597509993582
1.930559750999369
1.9305597509993762
1.93055975099938
1.9305597509993861
1.9305597509993904
1.930559750999393
1.9305597509993944
1.9305597509993957
1.9305597509993975
1.9305597509993988
1.9305597509993997
1.9305597509994001
1.9305597509994001
1.9305597509994004
1.9305597509994017
1.930559750999402
1.930559750999402
1.9305597509994024
1.9305597509994028
1.9305597509994028
1.9305597509994028
1.930559750999403
1.930559750999403
1.930559750999403
1.930559750999403
1.930559750999403
1.930559750999403
