1.5072656653048304
1.5072656653048304
1.5072656653048304
1.5072656653048304
1.5072656653048304
1.5072656653048304
1.5072656653048304
1.5072656653048304
1.5072656653048304
1.5072656653048304
1.5072656653048304
1.5072656653048304
1.5072656653048304
1.5072656653048304
1.5072656653048304
1.5072656653048304
1.5072656653048304
1.5072656653048304
1.5072656653048304
1.5072656653048304
1.5072656653048304
1.5072656653048304
1.5072656653048304
1.5072656653048304
1.5072656653048304
1.5072656653048304
1.5072656653048304
1.5072656653048304
1.5072656653048304
1.5072656653048304
1.5072656653048304
1.5072656653048304
1.5072656653048304
1.5072656653048304
1.5072656653048304
1.5072656653048304
1.5072656653048304
1.5072656653048304
1.5072656653048304
1.5072656653048304
1.5072656653048304
1.5072715793549842
1.5072715793549842
1.5073437020064235
1.5073437020064235
1.5073437020064235
1.5073437020064235
1.5073437020064235
1.50734988007008
1.5073563871821931
1.5073602914518185
1.5073626340144433
1.5073666157137926
1.5073666157137926
1.5073666157137926
1.5073669194703008
1.5073673486651633
1.507367606182013
1.5073677606920977
1.5073678533981398
1.5073680373833882
1.5073688596597266
1.5073688596597266
1.507369876724563
1.507369903187476
1.5073703328450372
1.5073706693103481
1.5073708054494939
1.507371227358503
1.507371306603471
1.5073716501089824
1.507371662076615
1.5073717964486437
1.5073718919731853
1.5073719407634465
1.5073720003843634
1.507372075612436
1.507372201877254
1.507372248133067
1.507372298955179
1.5073723771369827
1.5073724346956776
1.50737247160593
1.5073725055514313
1.5073725273509802
1.5073725510324745
1.507372567535945
1.5073725794193213
1.5073726034434083
1.5073726177844655
1.5073726254706759
1.5073726254706759
1.5073726353673151
1.5073726385875512
1.5073726406293257
1.5073726435586006
1.5073726471404902
1.5073726480578526
1.5073726490805417
1.5073726500101858
1.5073726508266059
1.5073726520296478
1.5073726526984308
1.5073726531046612
1.5073726536335288
1.5073726541870922
1.50737265452198
1.5073726547229123
1.5073726551823918
1.507372655582301
1.5073726558222464
1.507372655966213
1.507372656052594
1.5073726561865357
1.5073726563107184
1.5073726563852279
1.5073726564299335
1.5073726564625587
1.5073726564928824
1.50737265652506
1.5073726565469852
1.5073726565601402
1.5073726565724657
1.5073726565857135
1.5073726565947876
1.5073726566013421
1.507372656606538
1.5073726566106276
1.5073726566134495
1.507372656615143
1.5073726566161585
1.5073726566168917
1.507372656617985
1.5073726566188228
1.5073726566193253
1.5073726566196268
1.507372656619853
1.507372656620051
1.507372656620296
1.5073726566204428
1.5073726566205348
1.5073726566206425
1.5073726566207268
1.507372656620781
1.5073726566208139
1.5073726566208367
1.5073726566208712
1.5073726566208994
1.5073726566209162
1.507372656620929
1.5073726566209436
1.507372656620954
1.50737265662096
1.5073726566209638
1.5073726566209658
1.5073726566209673
1.5073726566209682
1.5073726566209689
1.5073726566209693
1.5073726566209702
1.5073726566209706
1.5073726566209709
1.5073726566209715
1.5073726566209718
1.507372656620972
1.5073726566209724
1.5073726566209724
1.5073726566209724
1.5073726566209724
1.5073726566209724
1.5073726566209726
1.5073726566209726
1.5073726566209726
1.507372656620973
1.507372656620973
1.507372656620973
1.507372656620973
1.507372656620973
1.507372656620973
1.507372656620973
1.507372656620973
1.507372656620973
1.507372656620973
1.507372656620973
1.507372656620973
1.507372656620973
1.507372656620973
1.507372656620973
1.507372656620973
