2.2735449636837957
2.2735449636837957
2.2735449636837957
2.2735449636837957
2.2735449636837957
2.2735449636837957
2.2735449636837957
2.2735449636837957
2.2735449636837957
2.2735449636837957
2.2735449636837957
2.2735449636837957
2.2735449636837957
2.2735449636837957
2.2735449636837957
2.2735449636837957
2.2735449636837957
2.2735449636837957
2.2735449636837957
2.2735449636837957
2.2735449636837957
2.2735449636837957
2.2735449636837957
2.2735449636837957
2.2735449636837957
2.2735449636837957
2.2735449636837957
2.2735449636837957
2.2735449636837957
2.2735449636837957
2.2735449636837957
2.2735449636837957
2.2735449636837957
2.2735449636837957
2.2735449636837957
2.2735449636837957
2.2735449636837957
2.2735449636837957
2.2735449636837957
2.2735449636837957
2.2735449636837957
2.2735449636837957
2.2735449636837957
2.2735449636837957
2.2735449636837957
2.2735449636837957
2.2735449636837957
2.2735449636837957
2.2735449636837957
2.2735449636837957
2.2735449636837957
2.2735449636837957
2.2735449636837957
2.2735449636837957
2.2735449636837957
2.2735449636837957
2.2735449636837957
2.2735449636837957
2.2735449636837957
2.2735449636837957
2.2735449636837957
2.2735449636837957
2.2735455085282243
2.2735477537222883
2.2735477537222883
2.2735477537222883
2.2735489752349562
2.273550971221594
2.273552240390522
2.273552240390522
2.2735527084979923
2.273553753206156
2.2735546893156946
2.273555109601319
2.273555361772659
2.2735557440801535
2.2735561521681786
2.2735564830484303
2.273556655399016
2.2735568614918873
2.2735570275269583
2.273557122075215
2.27355721017826
2.273557278164641
2.2735573189564695
2.2735573457059606
2.2735573807974934
2.273557414119843
2.27355743426319
2.2735574528227738
2.273557468294597
2.2735574742762745
2.2735574876551587
2.2735574908653446
2.273557497164964
2.2735575010024114
2.2735575090113143
2.2735575090113143
2.2735575101822136
2.273557511641831
2.27355751230382
2.273557515593558
2.2735575158715946
2.2735575163359942
2.2735575178152634
2.2735575189775963
2.2735575197100757
2.2735575201088802
2.2735575206018575
2.27355752163332
2.273557522274442
2.273557522606725
2.2735575231011524
2.2735575236761725
2.2735575240211845
2.273557524228192
2.273557524352396
2.273557524626416
2.273557524844404
2.273557525007653
2.273557525134049
2.273557525215911
2.273557525215911
2.2735575252324476
2.2735575253173637
2.2735575253173637
2.2735575253173637
2.273557525333299
2.2735575253429223
2.2735575253580036
2.2735575253595477
2.2735575253660585
2.2735575253809786
2.2735575253809786
2.2735575253844336
2.2735575253851557
2.2735575253884717
2.2735575253917735
2.273557525393281
2.273557525393281
2.2735575253938527
2.2735575253940445
2.2735575253944176
2.2735575253947586
2.2735575253950295
2.2735575253951876
2.2735575253958076
2.2735575253960163
2.2735575253962925
2.273557525396505
2.273557525396563
2.273557525396711
2.273557525396769
2.2735575253968117
2.273557525396818
2.273557525396878
2.2735575253968814
2.2735575253969147
2.2735575253969187
2.2735575253969276
2.273557525396936
2.273557525396945
2.273557525396951
2.2735575253969538
2.2735575253969578
2.2735575253969613
2.273557525396965
2.2735575253969658
2.273557525396967
2.2735575253969684
2.2735575253969693
2.2735575253969693
2.2735575253969698
2.2735575253969698
2.2735575253969698
2.2735575253969698
2.2735575253969698
2.2735575253969698
2.2735575253969698
2.2735575253969698
2.2735575253969698
2.2735575253969698
2.2735575253969698
2.2735575253969698
2.2735575253969698
2.2735575253969698
2.2735575253969698
2.2735575253969698
2.2735575253969698
2.2735575253969698
2.2735575253969698
2.2735575253969698
