1.4922790465817684
1.4922790465817684
1.4922790465817684
1.4922790465817684
1.4922790465817684
1.4922790465817684
1.4922790465817684
1.4922790465817684
1.4922790465817684
1.4922790465817684
1.4922790465817684
1.4922790465817684
1.4922790465817684
1.4922790465817684
1.4922790465817684
1.4922790465817684
1.4922790465817684
1.4922790465817684
1.4922790465817684
1.4922790465817684
1.4922790465817684
1.4922790465817684
1.4922790465817684
1.4922790465817684
1.4922790465817684
1.4922790465817684
1.4922790465817684
1.4922790465817684
1.4922790465817684
1.4922790465817684
1.4922790465817684
1.4922790465817684
1.4922790465817684
1.4922790465817684
1.4922790465817684
1.492348226146804
1.492348226146804
1.492348226146804
1.492348226146804
1.492348226146804
1.492348226146804
1.492348226146804
1.492348226146804
1.492348226146804
1.4923820606237679
1.4925243828126993
1.4926097689577813
1.492660998064326
1.4926917345992865
1.4927101761858388
1.492777893430411
1.492777893430411
1.492777893430411
1.4928010082592278
1.4928194405473143
1.4928304997109452
1.4928371351338054
1.492847082184804
1.492850216894756
1.4928556925927046
1.4928641904003659
1.4928692890659443
1.4928724120012722
1.4928756690019367
1.4928786645428873
1.492881576888293
1.4928836641048282
1.4928848222251634
1.4928866695791607
1.4928883304740677
1.4928893270109693
1.4928899463660328
1.492890818673114
1.4928917430967223
1.4928923315176128
1.4928923315176128
1.4928927408478823
1.492893015458422
1.4928931448247476
1.4928931801815069
1.492893201789863
1.4928932147548788
1.4928932621078077
1.4928933880999578
1.4928934963408989
1.492893561285463
1.4928936371971298
1.492893708728006
1.492893751687186
1.4928937830912565
1.4928938047099647
1.492893829975517
1.4928938473609377
1.4928938577921909
1.4928938651733523
1.4928938743146527
1.4928938810669048
1.4928938851182563
1.4928938879221687
1.492893892606628
1.4928938959910818
1.4928938980217545
1.4928938999860641
1.4928939020938268
1.492893903358486
1.4928939041717049
1.492893905442784
1.4928939062407902
1.4928939067195943
1.4928939070068776
1.4928939074658187
1.4928939078765617
1.4928939081230064
1.492893908270874
1.492893908359595
1.492893908469303
1.49289390855868
1.4928939086123052
1.4928939086444817
1.4928939086637874
1.4928939086753712
1.4928939086879291
1.4928939087016568
1.4928939087098947
1.4928939087148523
1.4928939087183062
1.4928939087208026
1.4928939087235233
1.4928939087251665
1.4928939087261506
1.4928939087268305
1.4928939087276984
1.4928939087283677
1.4928939087287698
1.4928939087290094
1.4928939087291768
1.4928939087292836
1.4928939087293478
1.4928939087293993
1.4928939087295043
1.4928939087295703
1.4928939087296085
1.4928939087296427
1.4928939087296882
1.492893908729718
1.492893908729738
1.49289390872975
1.4928939087297612
1.4928939087297712
1.4928939087297763
1.4928939087297803
1.4928939087297837
1.4928939087297879
1.4928939087297908
1.492893908729793
1.492893908729794
1.4928939087297963
1.4928939087297974
1.4928939087297974
1.4928939087297994
1.4928939087297994
1.4928939087297994
1.4928939087298005
1.4928939087298005
1.4928939087298005
1.4928939087298005
1.4928939087298005
1.4928939087298005
1.4928939087298005
1.4928939087298005
1.4928939087298005
1.4928939087298005
1.4928939087298005
1.4928939087298005
1.4928939087298005
1.4928939087298005
1.4928939087298005
1.4928939087298005
1.4928939087298005
1.4928939087298005
1.4928939087298005
1.4928939087298005
1.4928939087298005
1.4928939087298005
1.4928939087298005
1.4928939087298005
1.4928939087298005
1.4928939087298005
1.4928939087298005
1.4928939087298005
1.4928939087298005
1.4928939087298005
1.4928939087298005
