2.4883573082473855
2.4883573082473855
2.4883573082473855
2.4883573082473855
2.4883573082473855
2.4883573082473855
2.4883573082473855
2.4883573082473855
2.4883573082473855
2.4883573082473855
2.4883573082473855
2.4883573082473855
2.4883573082473855
2.4883573082473855
2.4883573082473855
2.4883573082473855
2.4883573082473855
2.4883573082473855
2.4883573082473855
2.4883573082473855
2.4883573082473855
2.4883573082473855
2.4883573082473855
2.4883573082473855
2.4883573082473855
2.4883573082473855
2.4883573082473855
2.4883573082473855
2.4883573082473855
2.4883573082473855
2.4883573082473855
2.4883573082473855
2.4883573082473855
2.4883573082473855
2.4883573082473855
2.4883573082473855
2.4883573082473855
2.4883573082473855
2.4883573082473855
2.4883573082473855
2.4883573082473855
2.4883573082473855
2.4883573082473855
2.4883573082473855
2.4883573082473855
2.4883573082473855
2.4883573082473855
2.4883573082473855
2.4883573082473855
2.488358439739511
2.488358439739511
2.488358439739511
2.4883604503019203
2.4883604503019203
2.4883604503019203
2.4883604503019203
2.4883604503019203
2.488360977301776
2.4883614350454977
2.4883614350454977
2.4883622116915243
2.488363263900447
2.488364510139814
2.488364812033335
2.4883658080253896
2.488366314039243
2.4883669257273566
2.4883673540641658
2.4883675991683543
2.488367704080451
2.488367979463631
2.488368163247775
2.488368243103785
2.4883683514137567
2.4883684417501812
2.48836849595203
2.4883685284731385
2.4883685892737506
2.488368653658404
2.4883686922891948
2.4883687154676677
2.4883687380781367
2.4883687685811298
2.4883687902323346
2.4883688032230578
2.4883688073907533
2.488368814508199
2.48836882008736
2.488368827166658
2.4883688334346648
2.4883688379979523
2.4883688417976426
2.488368844007694
2.4883688458645326
2.48836884745878
2.4883688488503197
2.488368850184641
2.48836885077723
2.4883688513406077
2.488368851799168
2.4883688521553484
2.488368852387665
2.488368852550528
2.4883688526581875
2.4883688528120707
2.4883688529194825
2.488368853008021
2.4883688530736428
2.4883688531334665
2.4883688531727177
2.4883688531904236
2.48836885321564
2.488368853231494
2.4883688532433377
2.488368853250445
2.488368853255789
2.4883688532724326
2.48836885328262
2.4883688532899884
2.4883688532949457
2.488368853298141
2.488368853298141
2.4883688533004436
2.488368853301331
2.488368853302547
2.488368853302573
2.488368853302933
2.4883688533037174
2.488368853304502
2.488368853304973
2.488368853305491
2.488368853306065
2.4883688533064094
2.4883688533066164
2.4883688533067403
2.488368853306837
2.488368853307082
2.488368853307233
2.4883688533073225
2.4883688533074513
2.488368853307588
2.4883688533076693
2.4883688533077186
2.4883688533077484
2.4883688533077657
2.488368853307831
2.4883688533078816
2.4883688533079122
2.4883688533079296
2.4883688533079407
2.4883688533079678
2.4883688533079864
2.4883688533079975
2.488368853308004
2.4883688533080113
2.4883688533080237
2.488368853308031
2.4883688533080353
2.488368853308038
2.4883688533080432
2.4883688533080464
2.4883688533080486
2.48836885330805
2.4883688533080504
2.488368853308052
2.4883688533080544
2.4883688533080552
2.4883688533080552
2.4883688533080566
2.4883688533080566
2.4883688533080566
2.488368853308057
2.4883688533080583
2.488368853308059
2.488368853308059
2.488368853308059
2.488368853308059
2.488368853308059
2.488368853308059
2.488368853308059
2.488368853308059
2.488368853308059
2.488368853308059
2.488368853308059
