1.7042844871436378
1.7042844871436378
1.7042844871436378
1.7042844871436378
1.7042844871436378
1.7042844871436378
1.7042844871436378
1.7042844871436378
1.7042844871436378
1.7042844871436378
1.7042844871436378
1.7042844871436378
1.7042844871436378
1.7042844871436378
1.7042844871436378
1.7042844871436378
1.7042844871436378
1.7042844871436378
1.7042844871436378
1.7042844871436378
1.7042844871436378
1.7042844871436378
1.7042844871436378
1.7042844871436378
1.7042844871436378
1.7042844871436378
1.7042844871436378
1.7042844871436378
1.7042844871436378
1.7042844871436378
1.7042844871436378
1.7042844871436378
1.7042844871436378
1.7042844871436378
1.7042844871436378
1.7042844871436378
1.7042844871436378
1.7042844871436378
1.7042844871436378
1.7042844871436378
1.7042844871436378
1.7042844871436378
1.7042844871436378
1.7042844871436378
1.7042844871436378
1.7042844871436378
1.7042844871436378
1.7042844871436378
1.7042844871436378
1.7042844871436378
1.7042844871436378
1.7042844871436378
1.7042844871436378
1.7042844871436378
1.7042844871436378
1.7042850623617363
1.7042850623617363
1.7042850623617363
1.7042859050874948
1.704286169012651
1.704286169012651
1.7042873372907228
1.7042873372907228
1.7042873372907228
1.7042877064237387
1.704288294598306
1.7042885656219608
1.7042890431687714
1.7042895745338804
1.7042898238068875
1.7042900477080676
1.7042902009120073
1.7042903736057675
1.7042905913905833
1.7042906887933622
1.7042907656420239
1.704290831840959
1.7042908949555389
1.704290932824288
1.7042909555455374
1.704290969178287
1.7042909794771417
1.704290996583911
1.7042910087510879
1.704291015106878
1.7042910212441524
1.7042910265043867
1.704291033257749
1.7042910350971623
1.7042910362008103
1.7042910369415762
1.7042910379829457
1.7042910393104895
1.704291040130272
1.7042910407455278
1.7042910415218335
1.7042910421461621
1.7042910422320436
1.7042910424592137
1.7042910425919193
1.7042910427593194
1.7042910428385432
1.704291042870565
1.7042910429032303
1.7042910429236444
1.7042910429479292
1.7042910429934652
1.7042910430408307
1.7042910430692502
1.7042910430863023
1.704291043100622
1.704291043122732
1.7042910431385305
1.7042910431480596
1.7042910431537768
1.704291043162107
1.7042910431708673
1.7042910431761231
1.704291043179277
1.7042910431854739
1.7042910431897373
1.704291043192295
1.70429104319383
1.7042910431962828
1.704291043198566
1.7042910431999359
1.7042910432007576
1.704291043201251
1.7042910432026845
1.70429104320387
1.7042910432045817
1.7042910432050091
1.7042910432052651
1.7042910432057898
1.7042910432062082
1.704291043206459
1.7042910432066096
1.7042910432067007
1.704291043206908
1.7042910432071263
1.704291043207258
1.704291043207337
1.7042910432074871
1.7042910432075775
1.7042910432076326
1.704291043207668
1.704291043207726
1.7042910432077611
1.7042910432077818
1.704291043207812
1.7042910432078306
1.704291043207842
1.7042910432078486
1.704291043207853
1.7042910432078553
1.7042910432078593
1.7042910432078635
1.7042910432078662
1.7042910432078675
1.7042910432078686
1.7042910432078695
1.7042910432078702
1.704291043207871
1.7042910432078713
1.7042910432078715
1.704291043207872
1.704291043207872
1.7042910432078722
1.7042910432078722
1.7042910432078722
1.7042910432078726
1.7042910432078726
1.7042910432078726
1.7042910432078726
1.7042910432078726
1.7042910432078726
1.7042910432078726
1.7042910432078726
1.7042910432078726
1.7042910432078726
1.7042910432078726
1.7042910432078726
1.7042910432078726
