1.6942913724939066
1.6942913724939066
1.6942913724939066
1.6942913724939066
1.6942913724939066
1.6942913724939066
1.6942913724939066
1.6942913724939066
1.6942913724939066
1.6942913724939066
1.6942913724939066
1.6942913724939066
1.6942913724939066
1.6942913724939066
1.6942913724939066
1.6942913724939066
1.6942913724939066
1.6942913724939066
1.6942913724939066
1.6942913724939066
1.6942913724939066
1.6942913724939066
1.6942913724939066
1.6942913724939066
1.6942913724939066
1.6942913724939066
1.6942913724939066
1.6942913724939066
1.6942913724939066
1.6942913724939066
1.6942913724939066
1.6942913724939066
1.6942913724939066
1.6942913724939066
1.6942913724939066
1.6942913724939066
1.6942913724939066
1.6942913724939066
1.6942913724939066
1.6942913724939066
1.6942913724939066
1.6942913724939066
1.6942913724939066
1.6942913724939066
1.6942913724939066
1.6942913724939066
1.6942913724939066
1.6942913724939066
1.6942913724939066
1.6942913724939066
1.6942913724939066
1.6942913724939066
1.694291995626078
1.694292838489661
1.694292838489661
1.6942932255462146
1.694293512761504
1.6942936850906245
1.6942938543237276
1.6942939424769436
1.6942941627926014
1.6942948666180293
1.6942949031565608
1.6942951007334046
1.6942952350649174
1.6942954045240723
1.6942956220833276
1.6942958240372927
1.69429602033307
1.694296188110791
1.694296209602185
1.694296374765939
1.694296479412999
1.694296479412999
1.6942965195470394
1.694296547686135
1.694296547686135
1.694296577999869
1.6942965783258035
1.6942965808443426
1.6942965842963007
1.6942965897062467
1.694296595148454
1.6942966020478685
1.6942966061656637
1.694296606169164
1.6942966079973492
1.6942966113780495
1.694296613059606
1.6942966166041304
1.6942966176253014
1.694296618960611
1.694296618960611
1.6942966197669658
1.6942966197669658
1.694296619881073
1.6942966200482605
1.6942966201613743
1.6942966202292427
1.6942966203601064
1.6942966203601064
1.6942966203947156
1.6942966203947156
1.6942966204597005
1.6942966204597005
1.6942966204597005
1.6942966204597005
1.694296620472607
1.6942966204822438
1.6942966205078067
1.6942966205231447
1.6942966205323473
1.6942966205384455
1.6942966205521368
1.6942966205592953
1.6942966205634251
1.6942966205704428
1.6942966205767807
1.6942966205805832
1.6942966205843684
1.6942966205880547
1.6942966205906838
1.6942966205924146
1.6942966205943413
1.69429662059573
1.6942966205965628
1.69429662059759
1.6942966205981962
1.6942966205988268
1.6942966205992294
1.6942966205995824
1.6942966205998806
1.6942966206000598
1.694296620600167
1.6942966206005283
1.6942966206007297
1.6942966206009347
1.6942966206010572
1.694296620601116
1.6942966206012295
1.6942966206012555
1.694296620601271
1.6942966206012804
1.6942966206013188
1.6942966206013452
1.6942966206013614
1.6942966206013745
1.6942966206013903
1.6942966206014072
1.6942966206014165
1.6942966206014238
1.694296620601431
1.6942966206014356
1.694296620601438
1.6942966206014405
1.6942966206014427
1.694296620601445
1.694296620601446
1.694296620601447
1.694296620601448
1.6942966206014485
1.694296620601449
1.6942966206014494
1.6942966206014496
1.69429662060145
1.6942966206014503
1.6942966206014503
1.6942966206014505
1.6942966206014505
1.6942966206014507
1.6942966206014507
1.6942966206014507
1.6942966206014507
1.6942966206014507
1.6942966206014507
1.6942966206014507
1.6942966206014507
