2.980215392957694
2.980215392957694
2.980215392957694
2.980215392957694
2.980215392957694
2.980215392957694
2.980215392957694
2.980215392957694
2.980215392957694
2.980215392957694
2.980215392957694
2.980215392957694
2.980215392957694
2.980215392957694
2.980215392957694
2.980215392957694
2.980215392957694
2.980215392957694
2.980215392957694
2.980215392957694
2.980215392957694
2.980215392957694
2.980215392957694
2.980215392957694
2.980215392957694
2.980215392957694
2.980215392957694
2.980215392957694
2.980215392957694
2.980215392957694
2.980215392957694
2.980215392957694
2.980215392957694
2.980215392957694
2.980215392957694
2.980215392957694
2.980215392957694
2.980215392957694
2.980215392957694
2.980215392957694
2.980215392957694
2.980215392957694
2.980215392957694
2.980215392957694
2.980215392957694
2.980215392957694
2.980215392957694
2.980215392957694
2.980215392957694
2.980215392957694
2.980215392957694
2.980215392957694
2.980215392957694
2.980215392957694
2.980228375605316
2.980228375605316
2.980228375605316
2.980228375605316
2.980234416777097
2.980234416777097
2.980234416777097
2.980234416777097
2.980235351046496
2.980235351046496
2.980235351046496
2.980235351046496
2.98024239132262
2.9802464741152916
2.9802464741152916
2.9802484233477955
2.9802509881204102
2.980255864603822
2.98025832861902
2.9802610688986104
2.980263606907761
2.9802657380406288
2.9802668442790474
2.980267074516487
2.98026763095329
2.980268282699411
2.980268708044853
2.9802689811844703
2.980269155404623
2.9802695091406135
2.9802697513654604
2.980269896700365
2.980269983901308
2.9802701404382033
2.980270282347149
2.980270379144092
2.9802704420036426
2.9802704952539316
2.980270535933506
2.9802705603412507
2.9802705749858975
2.9802705898720143
2.980270607850575
2.9802706186377095
2.9802706261254097
2.9802706317332226
2.9802706354514656
2.980270639116926
2.980270641363031
2.9802706437501048
2.9802706457690173
2.9802706470687954
2.980270648271222
2.9802706490335598
2.980270649542165
2.980270649982732
2.980270650401923
2.9802706506718577
2.9802706508807866
2.980270651006626
2.980270651109732
2.9802706512095347
2.980270651274201
2.980270651318052
2.9802706513634942
2.9802706514050645
2.980270651430006
2.9802706514492066
2.9802706514611073
2.98027065147078
2.980270651480612
2.9802706514868005
2.980270651492128
2.980270651497963
2.9802706515020474
2.980270651504498
2.9802706515077
2.980270651510574
2.9802706515122996
2.9802706515133526
2.9802706515152164
2.980270651516484
2.980270651517244
2.9802706515177
2.980270651517975
2.980270651518428
2.9802706515187687
2.9802706515189734
2.9802706515190955
2.9802706515191697
2.9802706515192874
2.9802706515193975
2.9802706515194646
2.980270651519504
2.9802706515195556
2.9802706515196005
2.9802706515196267
2.980270651519642
2.980270651519651
2.9802706515196644
2.9802706515196773
2.980270651519685
2.9802706515196897
2.9802706515196937
2.9802706515196995
2.980270651519702
2.9802706515197035
2.9802706515197066
2.980270651519708
2.980270651519709
2.98027065151971
2.9802706515197106
2.9802706515197115
2.9802706515197115
2.9802706515197115
2.9802706515197115
2.9802706515197115
2.9802706515197115
2.9802706515197115
2.9802706515197115
2.9802706515197115
2.9802706515197115
2.9802706515197115
2.9802706515197115
2.9802706515197115
2.9802706515197115
2.9802706515197115
2.9802706515197115
2.9802706515197115
2.9802706515197115
2.9802706515197115
2.9802706515197115
2.9802706515197115
2.9802706515197115
2.9802706515197115
2.9802706515197115
2.9802706515197115
2.9802706515197115
2.9802706515197115
2.9802706515197115
2.9802706515197115
2.9802706515197115
2.9802706515197115
