2.1109753470289454
2.1109753470289454
2.1109753470289454
2.1109753470289454
2.1109753470289454
2.1109753470289454
2.1109753470289454
2.1109753470289454
2.1109753470289454
2.1109753470289454
2.1109753470289454
2.1109753470289454
2.1109753470289454
2.1109753470289454
2.1109753470289454
2.1109753470289454
2.1109753470289454
2.1109753470289454
2.1109753470289454
2.1109753470289454
2.1109753470289454
2.1109753470289454
2.1109753470289454
2.1109753470289454
2.1109753470289454
2.1109753470289454
2.1109753470289454
2.1109753470289454
2.1109753470289454
2.1109753470289454
2.1109753470289454
2.1109753470289454
2.1109753470289454
2.1109753470289454
2.1109753470289454
2.1109753470289454
2.1109753470289454
2.1109753470289454
2.1109753470289454
2.1109753470289454
2.1109753470289454
2.1109753470289454
2.1109753470289454
2.1109753470289454
2.1109753470289454
2.1109753470289454
2.1109753470289454
2.1109753470289454
2.1109753470289454
2.110978197438405
2.110980257562195
2.110980257562195
2.110980257562195
2.1109813742518737
2.1109837725011533
2.1109852114486087
2.110986074816321
2.110987041280283
2.110989323731161
2.110990693199834
2.1109919643348247
2.1109922667769947
2.110993251750197
2.110994212168283
2.1109943838953646
2.1109947085922447
2.110994927338303
2.110995112331157
2.1109952692974603
2.1109955158946065
2.110995768683374
2.110995920356632
2.110996011360587
2.1109960659629583
2.110996076666414
2.1109961356900335
2.1109961912598862
2.110996220099187
2.110996239916848
2.110996251807444
2.1109962722107096
2.1109962832471694
2.1109962873861368
2.1109962938706057
2.11099629993617
2.1109963123167668
2.110996320840064
2.1109963259540425
2.1109963290224294
2.110996332622746
2.110996333581151
2.1109963366171893
2.110996337226938
2.1109963379838144
2.1109963388418262
2.110996340041873
2.1109963404057273
2.1109963410227084
2.11099634169068
2.110996342059892
2.110996342301332
2.1109963425215534
2.1109963427231513
2.110996342851237
2.110996342928088
2.110996343008634
2.1109963431018244
2.110996343162283
2.110996343202086
2.110996343228972
2.1109963432990138
2.110996343326401
2.1109963433540653
2.1109963433782775
2.1109963433920114
2.1109963434216397
2.110996343440874
2.110996343452415
2.110996343460828
2.110996343482422
2.110996343488004
2.11099634349905
2.1109963435011077
2.110996343503411
2.110996343509524
2.110996343513359
2.1109963435156596
2.1109963435180865
2.1109963435204215
2.11099634352153
2.110996343522315
2.1109963435230457
2.110996343523484
2.1109963435238055
2.1109963435240577
2.110996343524376
2.1109963435245676
2.1109963435246817
2.110996343524751
2.1109963435248864
2.1109963435248864
2.1109963435248864
2.1109963435248864
2.1109963435249073
2.1109963435249073
2.110996343524915
2.110996343524915
2.1109963435249206
2.110996343524939
2.110996343524946
2.110996343524946
2.110996343524946
2.110996343524946
2.1109963435249512
2.110996343524952
2.1109963435249535
2.110996343524954
2.1109963435249544
2.110996343524955
2.1109963435249552
2.1109963435249552
2.1109963435249566
2.1109963435249575
2.110996343524958
2.1109963435249584
2.1109963435249584
2.110996343524959
2.110996343524959
2.1109963435249592
2.1109963435249592
2.1109963435249592
2.1109963435249592
2.1109963435249592
2.1109963435249592
2.1109963435249592
2.1109963435249592
2.1109963435249592
2.1109963435249592
2.1109963435249592
2.1109963435249592
2.1109963435249592
2.1109963435249592
2.1109963435249592
2.1109963435249592
2.1109963435249592
