1.8863090459952527
1.8863090459952527
1.8863090459952527
1.8863090459952527
1.8863090459952527
1.8863090459952527
1.8863090459952527
1.8863090459952527
1.8863090459952527
1.8863090459952527
1.8863090459952527
1.8863090459952527
1.8863090459952527
1.8863090459952527
1.8863090459952527
1.8863090459952527
1.8863090459952527
1.8863090459952527
1.8863090459952527
1.8863090459952527
1.8863090459952527
1.8863090459952527
1.8863090459952527
1.8863090459952527
1.8863090459952527
1.8863090459952527
1.8863090459952527
1.8863090459952527
1.8863090459952527
1.8863090459952527
1.8863090459952527
1.8863090459952527
1.8863090459952527
1.8863090459952527
1.8863090459952527
1.8863090459952527
1.8863090459952527
1.8863090459952527
1.8863090459952527
1.8863090459952527
1.8863090459952527
1.8863090459952527
1.8863090459952527
1.8863090459952527
1.8863090459952527
1.8863090459952527
1.8863090459952527
1.8863090459952527
1.8863090459952527
1.8863090459952527
1.8863090459952527
1.8863090459952527
1.8863090459952527
1.8863107072552778
1.8863107072552778
1.8863107072552778
1.8863107072552778
1.8863120727263387
1.8863120727263387
1.8863120727263387
1.8863123134542878
1.8863126254288403
1.8863127269830144
1.8863132122433002
1.886313760400392
1.8863141917189372
1.8863145815754745
1.886315012627131
1.8863154022623663
1.886315551759287
1.8863157277690141
1.8863158902802393
1.8863160171524147
1.8863161014252745
1.886316151988991
1.8863161823272212
1.8863162268232485
1.8863163203946836
1.8863163777495457
1.8863164134245176
1.886316434829501
1.8863164476724905
1.8863164696352561
1.886316481175981
1.8863164935411616
1.8863164990806982
1.8863165043475787
1.8863165122784449
1.8863165164495086
1.886316519366263
1.8863165197033325
1.886316521804478
1.8863165230651642
1.8863165239493964
1.886316524440785
1.8863165248139582
1.8863165250378613
1.8863165251722034
1.8863165252528085
1.8863165253847298
1.886316525574535
1.886316525590782
1.8863165256631644
1.8863165257187025
1.8863165257782637
1.8863165257842918
1.886316525821917
1.886316525852508
1.8863165258994037
1.8863165258994037
1.8863165258994037
1.8863165259089956
1.8863165259134067
1.8863165259145
1.8863165259158126
1.8863165259165993
1.886316525917072
1.8863165259173555
1.8863165259175256
1.8863165259282015
1.8863165259282015
1.8863165259289463
1.8863165259299834
1.886316525930673
1.8863165259323695
1.8863165259323695
1.8863165259323695
1.8863165259323695
1.8863165259326242
1.8863165259330594
1.8863165259333672
1.8863165259333672
1.8863165259333672
1.8863165259333672
1.8863165259334485
1.8863165259336283
1.8863165259336283
1.886316525933633
1.8863165259337433
1.8863165259338037
1.8863165259338253
1.8863165259338566
1.8863165259338883
1.8863165259339159
1.8863165259339212
1.8863165259339298
1.886316525933935
1.8863165259339434
1.8863165259339503
1.886316525933955
1.8863165259339585
1.8863165259339603
1.8863165259339632
1.8863165259339674
1.8863165259339705
1.8863165259339731
1.8863165259339747
1.886316525933976
1.8863165259339776
1.886316525933979
1.8863165259339796
1.8863165259339802
1.8863165259339802
1.8863165259339802
1.886316525933981
1.886316525933981
1.886316525933981
1.8863165259339814
1.8863165259339814
1.8863165259339814
1.8863165259339814
1.8863165259339814
1.8863165259339814
1.8863165259339814
1.8863165259339814
1.8863165259339814
1.8863165259339814
1.8863165259339814
1.8863165259339814
1.8863165259339814
1.8863165259339814
1.8863165259339814
1.8863165259339814
1.8863165259339814
