1.6856479538881473
1.6856479538881473
1.6856479538881473
1.6856479538881473
1.6856479538881473
1.6856479538881473
1.6856479538881473
1.6856479538881473
1.6856479538881473
1.6856479538881473
1.6856479538881473
1.6856479538881473
1.6856479538881473
1.6856479538881473
1.6856479538881473
1.6856479538881473
1.6856479538881473
1.6856479538881473
1.6856479538881473
1.6856479538881473
1.6856479538881473
1.6856479538881473
1.6856479538881473
1.6856479538881473
1.6856479538881473
1.6856479538881473
1.6856479538881473
1.6856479538881473
1.6856479538881473
1.6856479538881473
1.6856479538881473
1.6856479538881473
1.6856479538881473
1.6856479538881473
1.6856479538881473
1.6856479538881473
1.6856479538881473
1.6856479538881473
1.6856479538881473
1.6856479538881473
1.6856479538881473
1.6856479538881473
1.6856479538881473
1.6856479538881473
1.6856479538881473
1.6856479538881473
1.6856479538881473
1.6856479538881473
1.6856479538881473
1.6856479538881473
1.6856479538881473
1.6856479538881473
1.6856479538881473
1.6856479538881473
1.6856479538881473
1.6856479538881473
1.6856479538881473
1.6856479538881473
1.6856479538881473
1.6856479538881473
1.6856479538881473
1.6856479538881473
1.6856479538881473
1.6856479538881473
1.6856479538881473
1.6856479538881473
1.6856479538881473
1.6856480471353812
1.6856487895972239
1.6856487895972239
1.685648854278699
1.6856493589335078
1.6856495981990631
1.6856501692294092
1.6856502675686706
1.6856503265722254
1.6856503841955361
1.6856504696094443
1.6856506208698352
1.6856507694752234
1.6856508586384644
1.6856509121364116
1.6856511021819773
1.6856512096757474
1.685651312439546
1.6856513767332864
1.685651433183383
1.685651476963518
1.6856515281435789
1.6856515281435789
1.6856515390201985
1.6856515697249141
1.6856515890417818
1.6856516006319022
1.6856516075859749
1.6856516184538788
1.685651621451423
1.685651633199142
1.6856516362727791
1.6856516370764605
1.6856516408525986
1.6856516431601591
1.6856516445446954
1.6856516453754173
1.6856516458738504
1.6856516478462813
1.6856516491515074
1.68565164951736
1.6856516504451646
1.6856516509139583
1.6856516514212174
1.6856516516479163
1.6856516518863724
1.685651651969687
1.6856516520662606
1.6856516522274791
1.6856516522421572
1.6856516523135205
1.68565165243011
1.6856516524619853
1.6856516524811107
1.685651652492586
1.6856516525139962
1.6856516525571597
1.6856516525830576
1.6856516525985967
1.6856516526079197
1.6856516526173284
1.6856516526495062
1.6856516526623546
1.6856516526623546
1.685651652676813
1.6856516526797847
1.6856516526834533
1.6856516526834533
1.6856516526840117
1.6856516526856935
1.6856516526867023
1.6856516526873913
1.6856516526882288
1.685651652688852
1.6856516526894763
1.685651652689873
1.6856516526901109
1.6856516526903542
1.6856516526905552
1.6856516526906649
1.6856516526908039
1.6856516526908287
1.6856516526908802
1.685651652690911
1.6856516526909362
1.68565165269098
1.6856516526910064
1.6856516526910221
1.6856516526910315
1.6856516526910428
1.68565165269105
1.6856516526910543
1.6856516526910628
1.6856516526910708
1.685651652691077
1.6856516526910803
1.685651652691083
1.685651652691084
1.685651652691088
1.6856516526910914
1.6856516526910932
1.6856516526910945
1.6856516526910952
1.685651652691096
1.6856516526910965
1.6856516526910972
1.6856516526910974
1.6856516526910976
1.6856516526910978
1.6856516526910983
1.6856516526910983
1.6856516526910983
1.6856516526910983
1.6856516526910983
1.6856516526910985
1.6856516526910985
1.6856516526910987
1.6856516526910987
1.6856516526910987
1.6856516526910987
1.6856516526910987
1.6856516526910987
1.6856516526910987
1.6856516526910987
1.6856516526910987
1.6856516526910987
1.6856516526910987
1.6856516526910987
1.6856516526910987
1.6856516526910987
