1.6457063156815293
1.6457063156815293
1.6457063156815293
1.6457063156815293
1.6457063156815293
1.6457063156815293
1.6457063156815293
1.6457063156815293
1.6457063156815293
1.6457063156815293
1.6457063156815293
1.6457063156815293
1.6457063156815293
1.6457063156815293
1.6457063156815293
1.6457063156815293
1.6457063156815293
1.6457063156815293
1.6457063156815293
1.6457063156815293
1.6457063156815293
1.6457063156815293
1.6457063156815293
1.6457063156815293
1.6457063156815293
1.6457063156815293
1.6457063156815293
1.6457063156815293
1.6457063156815293
1.6457063156815293
1.6457063156815293
1.6457063156815293
1.6457063156815293
1.6457063156815293
1.6457063156815293
1.6457063156815293
1.6457063156815293
1.6457063156815293
1.6457063156815293
1.6457063156815293
1.6457063156815293
1.6457063156815293
1.6457063156815293
1.6457063156815293
1.6457063156815293
1.6457063156815293
1.6457063156815293
1.6457063156815293
1.6457063156815293
1.6457063156815293
1.6457063156815293
1.645714491091552
1.645714491091552
1.645714491091552
1.645714491091552
1.6457164861680453
1.6457164861680453
1.6457164861680453
1.6457175848640881
1.64572276506417
1.6457310772884393
1.6457367828854494
1.6457402062488198
1.645742446587461
1.6457482475737633
1.645751871366458
1.6457540456412278
1.645755350205772
1.6457572558639066
1.645758990150302
1.645760030721855
1.6457606550646984
1.6457617067036217
1.6457623651875202
1.6457627262968382
1.6457631500027128
1.6457632787732626
1.6457635394478038
1.645763671620083
1.645763867101716
1.6457639419960441
1.645764002097072
1.6457641119373927
1.6457642252616569
1.6457642258860588
1.6457642915245771
1.6457643093010366
1.6457643286537984
1.6457643417093826
1.645764352654606
1.6457643569474876
1.6457643618446876
1.6457643699334563
1.6457643786733422
1.6457643839172806
1.645764387855579
1.6457643906732091
1.6457643927491241
1.6457643939946751
1.645764395470157
1.6457643965348883
1.6457643971737337
1.6457643982677006
1.6457644015676347
1.6457644023531288
1.6457644023531288
1.6457644023531288
1.6457644028208138
1.6457644028208138
1.6457644028208138
1.6457644028208138
1.6457644028208138
1.6457644028208138
1.6457644028208138
1.6457644028208138
1.6457644028208138
1.6457644028208138
1.6457644028208138
1.6457644028208138
1.6457644028208138
1.6457644028208138
1.645764402826529
1.645764402826529
1.645764402826529
1.6457644028576797
1.6457644028576797
1.6457644028576797
1.6457644028576797
1.6457644028576797
1.645764402858463
1.6457644028591987
1.645764402860544
1.645764402860544
1.645764402860544
1.645764402860544
1.6457644028606897
1.6457644028606897
1.6457644028606897
1.6457644028606897
1.6457644028606897
1.6457644028606917
1.6457644028606917
1.6457644028606917
1.6457644028607261
1.6457644028607261
1.6457644028607261
1.6457644028607261
1.6457644028607261
1.6457644028607399
1.6457644028607399
1.6457644028607412
1.6457644028607412
1.6457644028607412
1.6457644028607412
1.6457644028607412
1.6457644028607412
1.6457644028607412
1.6457644028607412
1.6457644028607412
1.6457644028607412
1.6457644028607414
1.6457644028607417
1.6457644028607417
1.6457644028607417
1.6457644028607419
1.6457644028607419
1.6457644028607419
1.6457644028607419
1.6457644028607419
1.6457644028607419
1.6457644028607419
1.6457644028607419
1.6457644028607419
1.6457644028607419
1.6457644028607419
1.6457644028607419
1.6457644028607419
1.6457644028607419
1.6457644028607419
1.6457644028607419
1.6457644028607419
1.6457644028607419
1.6457644028607419
1.6457644028607419
1.6457644028607419
1.6457644028607419
1.6457644028607419
1.6457644028607419
1.6457644028607419
