2.4015712749822486
2.4015712749822486
2.4015712749822486
2.4015712749822486
2.4015712749822486
2.4015712749822486
2.4015712749822486
2.4015712749822486
2.4015712749822486
2.4015712749822486
2.4015712749822486
2.4015712749822486
2.4015712749822486
2.4015712749822486
2.4015712749822486
2.4015712749822486
2.4015712749822486
2.4015712749822486
2.4015712749822486
2.4015712749822486
2.4015712749822486
2.4015712749822486
2.4015712749822486
2.4015712749822486
2.4015712749822486
2.4015712749822486
2.4015712749822486
2.4015712749822486
2.4015712749822486
2.4015712749822486
2.4015712749822486
2.4015712749822486
2.4015712749822486
2.4015712749822486
2.4015712749822486
2.4015712749822486
2.4015712749822486
2.4015712749822486
2.401713856360869
2.401812341234545
2.4018714270386288
2.401906876678001
2.402009455542359
2.402009455542359
2.402009455542359
2.402009455542359
2.402009455542359
2.402009455542359
2.402009455542359
2.4020156028315256
2.4020156028315256
2.4020156028315256
2.4020156028315256
2.4020188911124305
2.402021733262837
2.4020277976379614
2.402031436206313
2.4020336193269047
2.402034929191908
2.402035855809508
2.4020371700497023
2.4020385754893785
2.4020401149014265
2.4020410704775905
2.4020418651333597
2.4020418651333597
2.4020425661955014
2.4020425739514266
2.402042742579645
2.402042880099533
2.402043033715883
2.4020431687426034
2.402043275445407
2.402043339467079
2.4020433785326425
2.4020434657365395
2.402043534260542
2.4020436008130064
2.4020436211813623
2.4020436574526105
2.4020437049554726
2.402043733457189
2.402043756292921
2.4020437705366517
2.4020437949882445
2.4020438096591987
2.402043818461772
2.402043822959565
2.4020438258578936
2.402043827126641
2.4020438313308357
2.402043834191095
2.402043834191095
2.402043834191095
2.402043835266741
2.402043836291242
2.4020438373094017
2.402043838483126
2.4020438393448633
2.4020438398063844
2.402043840120164
2.402043840305614
2.4020438407792057
2.402043841526424
2.40204384191688
2.402043842151153
2.402043842360109
2.4020438426899506
2.4020438429029007
2.4020438430373647
2.402043843128951
2.402043843171587
2.402043843240463
2.402043843295318
2.402043843352458
2.4020438433941833
2.402043843432578
2.402043843432578
2.402043843432578
2.402043843432578
2.4020438434417266
2.4020438434417266
2.4020438434417266
2.4020438434417266
2.4020438434417732
2.4020438434417732
2.4020438434417732
2.4020438434417732
2.4020438434431615
2.4020438434431615
2.4020438434431615
2.4020438434431615
2.402043843443657
2.402043843443959
2.402043843444254
2.402043843444366
2.402043843444568
2.4020438434446256
2.402043843444732
2.4020438434447695
2.402043843444848
2.4020438434448876
2.402043843444924
2.402043843444945
2.402043843444963
2.4020438434449725
2.4020438434450013
2.4020438434450173
2.4020438434450346
2.402043843445041
2.4020438434450444
2.402043843445049
2.402043843445055
2.402043843445059
2.4020438434450613
2.402043843445064
2.402043843445067
2.40204384344507
2.4020438434450715
2.402043843445073
2.4020438434450737
2.4020438434450746
2.4020438434450755
2.4020438434450755
2.402043843445076
2.4020438434450764
2.4020438434450764
2.4020438434450764
2.4020438434450764
2.4020438434450764
2.402043843445077
2.402043843445077
2.4020438434450773
2.4020438434450773
2.4020438434450773
2.4020438434450773
2.4020438434450773
2.4020438434450773
2.4020438434450773
2.4020438434450773
2.4020438434450773
2.4020438434450773
2.4020438434450773
2.4020438434450773
2.4020438434450773
