1.4303455161166703
1.4303455161166703
1.4303455161166703
1.4303455161166703
1.4303455161166703
1.4303455161166703
1.4303455161166703
1.4303455161166703
1.4303455161166703
1.4303455161166703
1.4303455161166703
1.4303455161166703
1.4303455161166703
1.4303455161166703
1.4303455161166703
1.4303455161166703
1.4303455161166703
1.4303455161166703
1.4303455161166703
1.4303455161166703
1.4303455161166703
1.4303455161166703
1.4303455161166703
1.4303455161166703
1.4303455161166703
1.4303455161166703
1.4303455161166703
1.4303455161166703
1.4303455161166703
1.4303455161166703
1.4303455161166703
1.4303455161166703
1.4303455161166703
1.4303455161166703
1.4303455161166703
1.4303455161166703
1.4303455161166703
1.4303455161166703
1.4303455161166703
1.4303455161166703
1.4303455161166703
1.4303455161166703
1.4303455161166703
1.4303455161166703
1.4303455161166703
1.4303455161166703
1.4303455161166703
1.4303455161166703
1.4303455161166703
1.4303455161166703
1.4303455161166703
1.4303455161166703
1.4303538433829888
1.4303538433829888
1.4303538433829888
1.430361679293561
1.4303664477874598
1.4303702867209545
1.4303734804602988
1.4303761780338515
1.4303804351155256
1.4303814707704279
1.4303822715201149
1.4303825626608886
1.4303838650299465
1.43038624291802
1.4303873976520753
1.4303880904923838
1.4303885061965231
1.4303900588370477
1.430391258263959
1.4303919779200074
1.4303925816585752
1.4303927657718156
1.4303931831077072
1.430393812726331
1.430394190497488
1.4303944171601761
1.4303948114417717
1.430395270686836
1.4303955615039767
1.4303956958097386
1.4303958403568262
1.4303959795329373
1.4303960595402496
1.4303961102484282
1.4303961743992883
1.4303962263210872
1.4303962664203658
1.4303962887631447
1.430396312200963
1.4303963354675229
1.4303963418030579
1.4303963456043791
1.4303963516983516
1.4303963613991837
1.430396367374557
1.4303963711056986
1.4303963735488843
1.4303963754978213
1.4303963776360153
1.4303963798004622
1.430396381099416
1.4303963822920616
1.4303963835240752
1.4303963842752974
1.4303963847482604
1.430396385132252
1.4303963856236002
1.4303963859735913
1.430396386183587
1.430396386331799
1.4303963864834277
1.430396386599195
1.4303963866720424
1.4303963867172829
1.4303963867545797
1.430396386799429
1.4303963868291734
1.4303963868470195
1.4303963868639227
1.4303963868876433
1.430396386902352
1.4303963869112397
1.4303963869176164
1.43039638692431
1.430396386929056
1.4303963869319034
1.4303963869340335
1.43039638693646
1.4303963869380245
1.4303963869389995
1.4303963869396779
1.4303963869407812
1.430396386941508
1.430396386941944
1.4303963869422054
1.4303963869423761
1.4303963869426402
1.430396386942842
1.4303963869429632
1.4303963869430352
1.4303963869430854
1.4303963869431644
1.4303963869432204
1.4303963869432548
1.4303963869432745
1.4303963869433125
1.4303963869433542
1.4303963869433787
1.430396386943393
1.4303963869434129
1.4303963869434375
1.4303963869434528
1.430396386943462
1.4303963869434677
1.4303963869434748
1.4303963869434813
1.430396386943485
1.4303963869434873
1.4303963869434884
1.430396386943492
1.4303963869434941
1.4303963869434952
1.4303963869434964
1.4303963869434968
1.4303963869434975
1.4303963869434975
1.430396386943498
1.4303963869434984
1.4303963869434984
1.4303963869434984
1.4303963869434984
1.4303963869434984
1.4303963869434984
1.4303963869434984
1.4303963869434984
1.4303963869434984
1.4303963869434984
1.4303963869434984
1.4303963869434984
1.4303963869434984
1.4303963869434984
1.4303963869434984
1.4303963869434984
1.4303963869434984
1.4303963869434984
1.4303963869434984
1.4303963869434984
1.4303963869434984
1.4303963869434984
