1.6076761274702616
1.6076761274702616
1.6076761274702616
1.6076761274702616
1.6076761274702616
1.6076761274702616
1.6076761274702616
1.6076761274702616
1.6076761274702616
1.6076761274702616
1.6076761274702616
1.6076761274702616
1.6076761274702616
1.6076761274702616
1.6076761274702616
1.6076761274702616
1.6076761274702616
1.6076761274702616
1.6076761274702616
1.6076761274702616
1.6076761274702616
1.6076761274702616
1.6076761274702616
1.6076761274702616
1.6076761274702616
1.6076761274702616
1.6076761274702616
1.6076761274702616
1.6076761274702616
1.6076761274702616
1.6076761274702616
1.6076761274702616
1.6076761274702616
1.6076761274702616
1.6076761274702616
1.6076761274702616
1.6076761274702616
1.6076761274702616
1.6076761274702616
1.6076761274702616
1.6076761274702616
1.6076761274702616
1.6076761274702616
1.6076761274702616
1.6076786047169331
1.6076786047169331
1.6076786047169331
1.6076786047169331
1.6076786047169331
1.6076786047169331
1.6076786047169331
1.6076786047169331
1.6076786047169331
1.6076786047169331
1.6076786047169331
1.6076786047169331
1.6076786047169331
1.6076807766975183
1.6076807766975183
1.6076817618801482
1.6076853504308304
1.6076875035678138
1.6076887954523698
1.6076896399357334
1.607690909249305
1.607693006894486
1.6076942654838398
1.6076951989290573
1.6076967167787637
1.6076976559138518
1.6076982193953449
1.6076986325795277
1.607698771698527
1.6076990127843587
1.6076994170083752
1.607699574190731
1.6076996558621628
1.6076997957709178
1.607699884406507
1.6076999605923747
1.6077000205327132
1.6077000205327132
1.6077000433587536
1.6077000879248415
1.607700120222911
1.6077001396017527
1.6077001551662478
1.6077001841102814
1.6077002014767017
1.6077002118965535
1.6077002192800087
1.6077002386144323
1.607700252068529
1.6077002614901292
1.6077002687335893
1.6077002775824671
1.6077002828917937
1.6077002860773897
1.6077002873381212
1.6077002873381212
1.6077002896645496
1.6077002899055106
1.6077002906106652
1.6077002906106652
1.607700291030201
1.607700291640658
1.6077002920069328
1.607700292455128
1.6077002930445239
1.6077002933413198
1.6077002935827773
1.6077002935827773
1.607700293681724
1.6077002937961382
1.607700293847912
1.6077002938673866
1.607700293882288
1.6077002939242582
1.6077002939695084
1.607700294000326
1.607700294018914
1.6077002940300666
1.607700294041283
1.6077002940808212
1.607700294104544
1.6077002941187777
1.6077002941274787
1.6077002941427758
1.6077002941527025
1.6077002941586582
1.6077002941622316
1.6077002941663443
1.6077002941698115
1.6077002941718925
1.6077002941731404
1.6077002941739014
1.6077002941751055
1.6077002941760075
1.6077002941765486
1.6077002941768774
1.6077002941773522
1.6077002941776506
1.6077002941778298
1.6077002941779373
1.6077002941780019
1.6077002941780953
1.607700294178189
1.6077002941782452
1.6077002941782794
1.6077002941782998
1.6077002941783292
1.6077002941783551
1.6077002941783702
1.6077002941783798
1.6077002941783876
1.6077002941783973
1.6077002941784038
1.6077002941784078
1.6077002941784113
1.6077002941784164
1.6077002941784193
1.607700294178421
1.6077002941784222
1.6077002941784237
1.6077002941784249
1.6077002941784255
1.6077002941784255
1.607700294178426
1.6077002941784262
1.6077002941784266
1.6077002941784266
1.6077002941784266
1.6077002941784266
1.6077002941784266
1.6077002941784266
1.6077002941784266
1.6077002941784266
1.6077002941784266
1.6077002941784266
1.6077002941784266
1.6077002941784266
1.6077002941784266
1.6077002941784266
1.6077002941784266
1.6077002941784266
1.6077002941784266
1.6077002941784266
1.6077002941784266
1.6077002941784266
1.6077002941784266
1.6077002941784266
1.6077002941784266
