1.7182795791030616
1.7182795791030616
1.7182795791030616
1.7182795791030616
1.7182795791030616
1.7182795791030616
1.7182795791030616
1.7182795791030616
1.7182795791030616
1.7182795791030616
1.7182795791030616
1.7182795791030616
1.7182795791030616
1.7182795791030616
1.7182795791030616
1.7182795791030616
1.7182795791030616
1.7182795791030616
1.7182795791030616
1.7182795791030616
1.7182795791030616
1.7182795791030616
1.7182795791030616
1.7182795791030616
1.7182795791030616
1.7182795791030616
1.7182795791030616
1.7182795791030616
1.7182795791030616
1.7182795791030616
1.7182795791030616
1.7182795791030616
1.7182795791030616
1.7182795791030616
1.7182795791030616
1.7182795791030616
1.7182795791030616
1.7182795791030616
1.7182795791030616
1.7182795791030616
1.7182795791030616
1.7182795791030616
1.7182795791030616
1.7182795791030616
1.7182795791030616
1.7182795791030616
1.7182795791030616
1.7182795791030616
1.7182795791030616
1.7182795791030616
1.7182859768961047
1.7182859768961047
1.7182859768961047
1.7182945892320611
1.7182945892320611
1.7182945892320611
1.7182945892320611
1.7182956067322448
1.7182960790615098
1.7182979438299986
1.718299062693254
1.7182997340119852
1.7183001368035047
1.7183009948025447
1.7183015822665806
1.7183024349652423
1.7183024349652423
1.7183026939981096
1.718302939707096
1.7183032397454925
1.7183035062751528
1.7183036742666795
1.7183038153748054
1.7183039139861294
1.7183041186042138
1.7183042470107739
1.7183042937282818
1.7183043632443866
1.7183044073031781
1.7183044584078841
1.7183044865869657
1.718304512020411
1.7183045376085004
1.7183045497392349
1.7183045602583158
1.7183045665697645
1.7183045692605179
1.7183045712401945
1.718304576087367
1.7183045789956708
1.718304580740653
1.71830458375426
1.718304584456082
1.718304586651222
1.7183045882459116
1.7183045892612474
1.7183045901091027
1.718304590933361
1.7183045920549551
1.7183045922469742
1.7183045929570715
1.7183045931500895
1.718304593351962
1.7183045935777475
1.718304593733015
1.7183045938261756
1.7183045938261756
1.7183045938261756
1.718304593867445
1.7183045938864498
1.718304593972255
1.7183045940050625
1.718304594054828
1.7183045940835084
1.718304594140169
1.7183045941780188
1.718304594200728
1.7183045942143538
1.7183045942391642
1.7183045942547117
1.7183045942667883
1.7183045942732387
1.7183045942790856
1.7183045942857933
1.7183045942912818
1.7183045942945818
1.7183045942966297
1.7183045942995328
1.7183045943011181
1.7183045943021074
1.7183045943024233
1.7183045943030624
1.7183045943035902
1.7183045943039281
1.718304594304206
1.718304594304466
1.7183045943045423
1.7183045943046797
1.7183045943047641
1.7183045943048387
1.7183045943048785
1.7183045943049113
1.7183045943049509
1.718304594305005
1.718304594305038
1.718304594305056
1.718304594305078
1.7183045943050947
1.7183045943051027
1.7183045943051125
1.7183045943051163
1.7183045943051187
1.7183045943051205
1.7183045943051223
1.7183045943051243
1.718304594305126
1.7183045943051276
1.7183045943051285
1.7183045943051294
1.7183045943051312
1.7183045943051316
1.7183045943051327
1.7183045943051338
1.7183045943051345
1.7183045943051352
1.7183045943051356
1.7183045943051363
1.7183045943051365
1.7183045943051367
1.7183045943051367
1.7183045943051367
1.7183045943051372
1.7183045943051372
1.7183045943051372
1.7183045943051372
1.7183045943051372
1.7183045943051372
1.7183045943051372
1.7183045943051372
1.7183045943051372
1.7183045943051372
1.7183045943051372
1.7183045943051372
1.7183045943051372
