2.4794324756936788
2.4794324756936788
2.4794324756936788
2.4794324756936788
2.4794324756936788
2.4794324756936788
2.4794324756936788
2.4794324756936788
2.4794324756936788
2.4794324756936788
2.4794324756936788
2.4794324756936788
2.4794324756936788
2.4794324756936788
2.4794324756936788
2.4794324756936788
2.4794324756936788
2.4794324756936788
2.4794324756936788
2.4794324756936788
2.4794324756936788
2.4794324756936788
2.4794324756936788
2.4794324756936788
2.4794324756936788
2.4794324756936788
2.4794324756936788
2.4794324756936788
2.4794324756936788
2.4794324756936788
2.4794324756936788
2.4794324756936788
2.4794324756936788
2.4794324756936788
2.4794324756936788
2.4794324756936788
2.4794324756936788
2.4794324756936788
2.4794324756936788
2.4794324756936788
2.4794324756936788
2.4794324756936788
2.4794324756936788
2.4794324756936788
2.4794324756936788
2.4794324756936788
2.4794324756936788
2.4794324756936788
2.4794324756936788
2.4794324756936788
2.4794324756936788
2.47943536901633
2.47943536901633
2.47943536901633
2.4794491179938283
2.4794491179938283
2.4794491179938283
2.4794526995369175
2.4794572130142356
2.4794599210994783
2.479461545950209
2.4794661742939255
2.479470858453279
2.4794736689463783
2.4794753552413322
2.4794767350837876
2.4794776219496826
2.479478406341021
2.4794794775576285
2.479480129504411
2.4794807781327712
2.4794812362885863
2.479481682200579
2.4794819845909934
2.479482114280894
2.479482242725724
2.4794824138421125
2.4794826539621804
2.4794828098725037
2.479482946981482
2.479483058843721
2.4794831548385123
2.4794832124353894
2.4794832469935164
2.479483286073069
2.4794833194435557
2.479483339465848
2.4794833522616706
2.4794833589481646
2.479483390834375
2.4794834001192685
2.4794834122724496
2.4794834165340442
2.4794834247523387
2.479483427245228
2.4794834299472215
2.4794834299472215
2.4794834321261283
2.4794834338307092
2.47948343456151
2.47948343456151
2.4794834353301862
2.47948343575402
2.4794834359632816
2.4794834360351996
2.4794834362254936
2.479483436587685
2.4794834368729863
2.479483436933065
2.4794834370105057
2.4794834370592977
2.479483437100992
2.47948343713722
2.479483437150856
2.479483437173797
2.479483437175163
2.4794834371871097
2.479483437195807
2.479483437201463
2.4794834372048564
2.4794834372087546
2.4794834372135357
2.4794834372176746
2.479483437219844
2.479483437219844
2.479483437219844
2.4794834372211985
2.4794834372214565
2.479483437222156
2.479483437222156
2.479483437222632
2.479483437223246
2.4794834372235006
2.4794834372237013
2.4794834372239887
2.479483437224131
2.479483437224239
2.4794834372242796
2.4794834372243297
2.4794834372244425
2.479483437224543
2.4794834372246064
2.479483437224645
2.479483437224691
2.479483437224732
2.4794834372247614
2.4794834372247663
2.479483437224791
2.479483437224809
2.4794834372248142
2.4794834372248222
2.479483437224829
2.4794834372248347
2.479483437224839
2.479483437224842
2.4794834372248458
2.4794834372248475
2.4794834372248493
2.4794834372248507
2.479483437224851
2.4794834372248515
2.479483437224853
2.479483437224853
2.4794834372248533
2.479483437224854
2.479483437224854
2.479483437224854
2.479483437224854
2.479483437224854
2.479483437224854
2.479483437224854
2.479483437224854
2.479483437224854
2.479483437224854
2.479483437224854
2.479483437224854
2.479483437224854
2.479483437224854
2.479483437224854
2.479483437224854
2.479483437224854
2.479483437224854
2.479483437224854
2.479483437224854
2.479483437224854
2.479483437224854
2.479483437224854
2.479483437224854
2.479483437224854
2.479483437224854
2.479483437224854
