1.6082407716473257
1.6082407716473257
1.6082407716473257
1.6082407716473257
1.6082407716473257
1.6082407716473257
1.6082407716473257
1.6082407716473257
1.6082407716473257
1.6082407716473257
1.6082407716473257
1.6082407716473257
1.6082407716473257
1.6082407716473257
1.6082407716473257
1.6082407716473257
1.6082407716473257
1.6082407716473257
1.6082407716473257
1.6099919215701781
1.6099919215701781
1.6099919215701781
1.6099919215701781
1.6099919215701781
1.6099919215701781
1.6099919215701781
1.6099919215701781
1.6099919215701781
1.6099919215701781
1.6099919215701781
1.6099919215701781
1.6099919215701781
1.6099919215701781
1.6099919215701781
1.610003616888247
1.610003616888247
1.610003616888247
1.610003616888247
1.6100058476400207
1.610014324559627
1.6100194031206647
1.6100224475250522
1.6100242731841723
1.6100253682256
1.6100260251230047
1.6100264192155658
1.6100266556545852
1.6100267975120508
1.6100268826243895
1.6100269336910222
1.6100269643307241
1.6100269827144456
1.6100269937446425
1.6100270003627477
1.6100270043336062
1.6100270067161198
1.610027008145627
1.6100270090033313
1.6100270095179536
1.610027009826727
1.610027010011991
1.6100270926096987
1.6100276843142542
1.6100276843142542
1.6100281787744364
1.6100283846686447
1.6100290992788913
1.6100295409373344
1.610029693628879
1.610029693628879
1.6100300146411666
1.6100302104258137
1.6100303278966224
1.610030429246898
1.6100306366854313
1.610030781535448
1.6100308684454672
1.6100309205914822
1.6100309518790923
1.6100310254673826
1.6100311068445352
1.610031155670829
1.6100311849666071
1.610031202544074
1.610031213090554
1.6100312194184425
1.6100312232151754
1.6100312533450218
1.6100312768987775
1.6100312910310313
1.6100313035580263
1.6100313183955848
1.6100313279206426
1.610031333635677
1.6100313386656964
1.6100313444269405
1.610031347883687
1.6100313499577348
1.6100313513970348
1.6100313539810975
1.6100313557201595
1.6100313567635969
1.6100313573896594
1.6100313582779968
1.6100313591397395
1.6100313596567848
1.6100313600070055
1.6100313604548562
1.6100313607327945
1.6100313608995578
1.6100313609996155
1.6100313610596504
1.6100313612247164
1.6100313613411699
1.610031361411042
1.6100313614529653
1.6100313615405546
1.6100313615985253
1.6100313616333075
1.6100313616541768
1.6100313616837716
1.6100313617110855
1.610031361727474
1.610031361737307
1.6100313617432067
1.610031361746747
1.6100313617505482
1.6100313617536122
1.6100313617554505
1.6100313617567819
1.6100313617585704
1.610031361759644
1.6100313617602877
1.6100313617606743
1.610031361760906
1.6100313617612763
1.610031361761904
1.6100313617622808
1.6100313617625068
1.6100313617626425
1.6100313617629358
1.6100313617631217
1.6100313617632331
1.6100313617633786
1.6100313617634803
1.6100313617635413
1.6100313617635784
1.6100313617636404
1.610031361763678
1.6100313617637003
1.6100313617637165
1.6100313617637396
1.6100313617637534
1.6100313617637618
1.6100313617637667
1.6100313617637783
1.610031361763787
1.6100313617637922
1.6100313617637954
1.6100313617637996
1.6100313617638042
1.6100313617638071
1.610031361763809
1.610031361763812
1.6100313617638142
1.6100313617638158
1.610031361763817
1.6100313617638176
1.6100313617638182
1.610031361763819
1.6100313617638191
1.6100313617638193
1.6100313617638198
1.6100313617638198
1.61003136176382
1.6100313617638202
1.6100313617638204
1.6100313617638204
1.6100313617638204
1.6100313617638204
1.6100313617638204
1.6100313617638204
1.6100313617638204
1.6100313617638204
1.6100313617638204
1.6100313617638204
1.6100313617638204
1.6100313617638204
1.6100313617638204
1.6100313617638204
1.6100313617638204
