1.706684413081681
1.706684413081681
1.706684413081681
1.706684413081681
1.706684413081681
1.706684413081681
1.706684413081681
1.706684413081681
1.706684413081681
1.706684413081681
1.706684413081681
1.706684413081681
1.706684413081681
1.706684413081681
1.706684413081681
1.706684413081681
1.706684413081681
1.706684413081681
1.706684413081681
1.706684413081681
1.706684413081681
1.706684413081681
1.706684413081681
1.706684413081681
1.706684413081681
1.706684413081681
1.706684413081681
1.706684413081681
1.706684413081681
1.706684413081681
1.706684413081681
1.706684413081681
1.706684413081681
1.706684413081681
1.706684413081681
1.706684413081681
1.706684413081681
1.706684413081681
1.706684413081681
1.706684413081681
1.706684413081681
1.706684413081681
1.706684413081681
1.706684413081681
1.706684413081681
1.706684413081681
1.706684413081681
1.706684413081681
1.7067861620939013
1.7068781489452374
1.7068781489452374
1.7069273224467643
1.7069472599115063
1.7069889956983337
1.7070140375371106
1.7070290627723832
1.707039765563999
1.707045475028803
1.7070550118080514
1.7070607339245314
1.7070687309433163
1.7070745430024332
1.7070780302534738
1.7070801226097032
1.7070818945251751
1.7070851508735836
1.707087295374204
1.7070897119225152
1.7070918176030883
1.707093081012536
1.7070931043336959
1.7070939218719727
1.707094240682684
1.7070956479230095
1.7070965555377222
1.7070971402276869
1.707097461776752
1.7070980383895913
1.707098425871777
1.7070986583611119
1.7070989287890381
1.7070992031736585
1.7070993678044355
1.7070994665829033
1.7070995258499848
1.7070996583386295
1.7070997643920038
1.7070998306539347
1.7070998734335812
1.7070998986300003
1.7070999219314547
1.7070999389573773
1.7070999519556675
1.7070999519556675
1.7070999601029377
1.707099963391354
1.7070999659646087
1.7070999667139726
1.707099967523714
1.7070999696799853
1.7070999709260546
1.707099971673696
1.7070999727052452
1.7070999727052452
1.7070999729748306
1.7070999731258172
1.7070999732532324
1.7070999732955827
1.7070999733209924
1.7070999735045227
1.7070999737329298
1.707099973886352
1.7070999739784052
1.7070999740449935
1.707099974104436
1.7070999741446957
1.7070999742026502
1.7070999742066442
1.7070999742304396
1.707099974263403
1.7070999742831812
1.707099974298898
1.7070999743152229
1.707099974325018
1.7070999743317585
1.7070999743371695
1.7070999743382147
1.7070999743393265
1.7070999743427038
1.7070999743450097
1.7070999743463933
1.7070999743477226
1.7070999743497037
1.7070999743508921
1.7070999743516049
1.7070999743520656
1.7070999743529756
1.7070999743536746
1.7070999743540938
1.7070999743543454
1.70709997435482
1.7070999743551682
1.7070999743553767
1.707099974355514
1.707099974355668
1.707099974355773
1.7070999743558364
1.707099974355874
1.7070999743559303
1.7070999743559656
1.707099974355987
1.707099974356011
1.707099974356033
1.7070999743560467
1.7070999743560544
1.7070999743560593
1.7070999743560622
1.7070999743560646
1.7070999743560669
1.7070999743560686
1.7070999743560695
1.70709997435607
1.7070999743560709
1.7070999743560713
1.7070999743560715
1.7070999743560715
1.707099974356072
1.707099974356072
1.707099974356072
1.707099974356072
1.707099974356072
1.707099974356072
1.707099974356072
1.707099974356072
1.707099974356072
1.707099974356072
1.707099974356072
1.707099974356072
1.707099974356072
1.707099974356072
1.707099974356072
1.707099974356072
1.707099974356072
1.707099974356072
1.707099974356072
1.707099974356072
1.707099974356072
1.707099974356072
1.707099974356072
1.707099974356072
1.707099974356072
1.707099974356072
