1.7169639172085442
1.7169639172085442
1.7169639172085442
1.7169639172085442
1.7169639172085442
1.7169639172085442
1.7169639172085442
1.7169639172085442
1.7169639172085442
1.7169639172085442
1.7169639172085442
1.7169639172085442
1.7169639172085442
1.7169639172085442
1.7169639172085442
1.7169639172085442
1.7169639172085442
1.7169639172085442
1.7169639172085442
1.7169639172085442
1.7169639172085442
1.7169639172085442
1.7169639172085442
1.7169639172085442
1.7169639172085442
1.7169639172085442
1.7169639172085442
1.7169639172085442
1.7169639172085442
1.7169639172085442
1.7169639172085442
1.7169639172085442
1.7169639172085442
1.7169639172085442
1.7169639172085442
1.7169639172085442
1.7169639172085442
1.7169639172085442
1.7169639172085442
1.7169639172085442
1.7169639172085442
1.7169639172085442
1.7169639172085442
1.7170166855959192
1.7170166855959192
1.7170166855959192
1.7170166855959192
1.7170166855959192
1.7170166855959192
1.7170166855959192
1.7170166855959192
1.7170166855959192
1.7170166855959192
1.7170166855959192
1.7170166855959192
1.7170166855959192
1.7170166855959192
1.7170166855959192
1.7170428930469666
1.7170432923094645
1.7170432923094645
1.7170432923094645
1.7170432923094645
1.7170439725230244
1.717047421885179
1.717051764768972
1.7170534014187757
1.7170543834040604
1.717054972593576
1.7170554350859057
1.717056062389901
1.717056945280557
1.7170574107566392
1.7170577075520734
1.717058213900333
1.7170585731505161
1.717058822049202
1.7170589572057033
1.71705923873768
1.7170594351168478
1.717059552944317
1.7170596594152518
1.7170597623116401
1.7170598240494637
1.717059861092154
1.7170598855274637
1.7170599142410155
1.717059939163932
1.7170599541176814
1.7170599630899308
1.7170599690776847
1.7170599789960324
1.7170599879330462
1.7170599936185542
1.7170599966981757
1.7170600013820994
1.7170600058144143
1.7170600084668175
1.717060010001652
1.7170600112481083
1.7170600127625768
1.7170600137398362
1.717060014256243
1.7170600145736603
1.7170600147769222
1.71706001511627
1.717060015543224
1.7170600158003015
1.7170600159599376
1.7170600160501992
1.7170600160501992
1.7170600162009524
1.7170600162009524
1.7170600162365737
1.7170600162689822
1.7170600162891447
1.7170600163012422
1.7170600163085008
1.717060016312936
1.717060016317709
1.7170600163267193
1.717060016334187
1.7170600163386676
1.7170600163413559
1.7170600163430139
1.7170600163463519
1.7170600163495082
1.7170600163514085
1.7170600163525604
1.7170600163532521
1.717060016353667
1.7170600163542011
1.7170600163549115
1.717060016355338
1.717060016355594
1.7170600163557492
1.7170600163559584
1.717060016356242
1.7170600163564125
1.7170600163565148
1.7170600163566851
1.7170600163568
1.717060016356869
1.7170600163569487
1.717060016357014
1.7170600163570537
1.7170600163570782
1.7170600163571224
1.7170600163571492
1.7170600163571657
1.7170600163571754
1.7170600163571963
1.7170600163572094
1.7170600163572174
1.717060016357222
1.717060016357225
1.7170600163572267
1.7170600163572347
1.71706001635724
1.7170600163572434
1.7170600163572451
1.7170600163572463
1.7170600163572485
1.7170600163572507
1.7170600163572518
1.7170600163572525
1.7170600163572542
1.7170600163572554
1.7170600163572558
1.7170600163572567
1.7170600163572571
1.7170600163572576
1.7170600163572578
1.7170600163572582
1.7170600163572582
1.7170600163572585
1.7170600163572585
1.7170600163572585
1.7170600163572585
1.7170600163572585
1.7170600163572587
1.7170600163572587
1.7170600163572587
1.7170600163572587
1.717060016357259
1.717060016357259
1.717060016357259
1.717060016357259
