1.8214908372373626
1.8214908372373626
1.8214908372373626
1.8214908372373626
1.8214908372373626
1.8214908372373626
1.8214908372373626
1.8214908372373626
1.8214908372373626
1.8214908372373626
1.8214908372373626
1.8214908372373626
1.8214908372373626
1.8214908372373626
1.8214908372373626
1.8214908372373626
1.8214908372373626
1.8214908372373626
1.8214908372373626
1.8214908372373626
1.8214908372373626
1.8214908372373626
1.8214908372373626
1.8214908372373626
1.8214908372373626
1.8214908372373626
1.8214908372373626
1.8214908372373626
1.8214908372373626
1.8214908372373626
1.8214908372373626
1.8214908372373626
1.8214908372373626
1.8214908372373626
1.8214908372373626
1.8214908372373626
1.8214908372373626
1.8214908372373626
1.8214908372373626
1.8214908372373626
1.8214908372373626
1.8214908372373626
1.8214941334811119
1.8214941334811119
1.8214941334811119
1.8214941334811119
1.8214941334811119
1.8214941334811119
1.8214941334811119
1.8214941334811119
1.8214941334811119
1.8214941334811119
1.8214941334811119
1.8214941334811119
1.8214941334811119
1.8214941334811119
1.8214941334811119
1.8214941334811119
1.821494318066026
1.821494318066026
1.821494318066026
1.821494318066026
1.8214953542620245
1.8214959568614297
1.8214974607929992
1.8214975022122601
1.8214977565789239
1.8214982793648373
1.8214987001892593
1.8214989526839165
1.8214991384840784
1.8214995953184985
1.8214997569773503
1.8214999686432158
1.8215000281776512
1.8215000751819446
1.8215002122928121
1.8215003538349563
1.821500442527919
1.8215005168137337
1.8215005906690016
1.8215006349821632
1.8215006662148847
1.8215006893436756
1.8215006930042474
1.8215007162873984
1.8215007213219865
1.8215007243427392
1.8215007273769908
1.8215007299652524
1.8215007338310822
1.8215007363361273
1.821500743460335
1.8215007461940167
1.8215007461940167
1.8215007463245725
1.8215007478283713
1.8215007485465897
1.8215007492010424
1.821500749781779
1.8215007501302216
1.821500750339287
1.8215007512149524
1.8215007519819004
1.8215007524420694
1.8215007527181708
1.8215007529449445
1.821500753200435
1.8215007533574803
1.8215007534517074
1.8215007535082435
1.821500753572893
1.82150075365191
1.8215007537156467
1.8215007537538885
1.8215007537768333
1.8215007537906005
1.8215007538099488
1.8215007538403534
1.821500753858596
1.8215007538695416
1.821500753876109
1.8215007538855275
1.8215007538950312
1.8215007539007333
1.8215007539041546
1.8215007539094967
1.821500753912867
1.8215007539148889
1.8215007539167956
1.82150075391894
1.8215007539202268
1.821500753920999
1.82150075392175
1.821500753922734
1.8215007539233246
1.8215007539236787
1.8215007539238914
1.8215007539241461
1.8215007539243946
1.8215007539245434
1.8215007539246328
1.8215007539246864
1.821500753924762
1.821500753924829
1.8215007539248693
1.8215007539248935
1.821500753924908
1.8215007539249406
1.8215007539249728
1.821500753924992
1.8215007539250037
1.8215007539250105
1.8215007539250323
1.8215007539250463
1.8215007539250547
1.8215007539250623
1.8215007539250703
1.821500753925075
1.8215007539250776
1.8215007539250792
1.8215007539250805
1.821500753925082
1.8215007539250831
1.8215007539250838
1.821500753925084
1.821500753925085
1.8215007539250851
1.8215007539250854
1.8215007539250854
1.8215007539250854
1.8215007539250854
1.8215007539250854
1.8215007539250854
1.8215007539250854
1.8215007539250854
1.8215007539250854
1.8215007539250854
1.8215007539250854
1.8215007539250854
1.8215007539250854
1.8215007539250854
1.8215007539250854
1.8215007539250854
1.8215007539250854
