1.352337848663222
1.352337848663222
1.352337848663222
1.352337848663222
1.352337848663222
1.352337848663222
1.352337848663222
1.352337848663222
1.352337848663222
1.352337848663222
1.352337848663222
1.352337848663222
1.352337848663222
1.352337848663222
1.352337848663222
1.352337848663222
1.352337848663222
1.352337848663222
1.352337848663222
1.352337848663222
1.352337848663222
1.352337848663222
1.352337848663222
1.352337848663222
1.352337848663222
1.352337848663222
1.352337848663222
1.352337848663222
1.352337848663222
1.352337848663222
1.352337848663222
1.352337848663222
1.352337848663222
1.352337848663222
1.352337848663222
1.352337848663222
1.352337848663222
1.352337848663222
1.352337848663222
1.352337848663222
1.3523401350838358
1.3523476345750791
1.3523521341373852
1.3523521341373852
1.3523521341373852
1.3523521341373852
1.3523521341373852
1.3523521341373852
1.3523521341373852
1.3523521341373852
1.3523521341373852
1.3523521341373852
1.3523526390241838
1.3523527176183774
1.3523530703325013
1.3523532819607724
1.352353408937662
1.3523538128979566
1.3523538128979566
1.3523539412604948
1.3523543751938223
1.3523543751938223
1.3523545482682255
1.3523551151762236
1.3523555575438155
1.3523558610997564
1.352355996561068
1.3523564268959964
1.3523566906738118
1.352356848940519
1.3523569620589744
1.3523571077368568
1.3523573297250155
1.3523574826104778
1.3523575611435015
1.3523576454175699
1.3523577529663542
1.3523578279843456
1.3523578685523723
1.3523579078680295
1.3523579569495479
1.3523579869073836
1.3523580070909353
1.3523580220970792
1.3523580374956117
1.3523580498546721
1.3523580574545895
1.3523580638142856
1.3523580683339465
1.3523580727668576
1.3523580756392375
1.3523580776164166
1.3523580792347478
1.3523580806836735
1.3523580818128096
1.3523580831175457
1.3523580839499245
1.3523580848149568
1.3523580854594353
1.3523580858601414
1.3523580861439128
1.3523580865732336
1.3523580865732336
1.352358086588801
1.3523580866719296
1.3523580867118765
1.3523580867411285
1.352358086758679
1.3523580868097473
1.3523580868911687
1.3523580869400214
1.3523580869694511
1.3523580869874712
1.3523580870247953
1.3523580870489156
1.3523580870657452
1.3523580870771044
1.352358087089013
1.3523580870961585
1.3523580871004455
1.3523580871045415
1.3523580871079077
1.3523580871079306
1.3523580871092764
1.3523580871092764
1.3523580871094945
1.3523580871099834
1.3523580871099834
1.3523580871099834
1.3523580871101952
1.3523580871104153
1.3523580871104715
1.3523580871106151
1.3523580871106475
1.3523580871106629
1.3523580871106653
1.3523580871107277
1.3523580871107277
1.3523580871107483
1.35235808711079
1.3523580871108227
1.3523580871108556
1.35235808711089
1.3523580871109153
1.3523580871109337
1.3523580871109449
1.3523580871109513
1.3523580871109582
1.3523580871109653
1.3523580871109722
1.352358087110976
1.3523580871109793
1.3523580871109826
1.352358087110985
1.3523580871109864
1.3523580871109873
1.3523580871109884
1.35235808711099
1.352358087110991
1.352358087110992
1.3523580871109921
1.3523580871109928
1.3523580871109933
1.3523580871109937
1.352358087110994
1.3523580871109941
1.3523580871109944
1.3523580871109944
1.3523580871109946
1.3523580871109946
1.3523580871109946
1.3523580871109946
1.3523580871109948
1.3523580871109948
1.3523580871109948
1.3523580871109948
1.3523580871109948
1.3523580871109948
1.3523580871109948
1.3523580871109948
1.3523580871109948
1.3523580871109948
1.3523580871109948
1.3523580871109948
1.3523580871109948
