2.4054970825240254
2.4054970825240254
2.4054970825240254
2.4054970825240254
2.4054970825240254
2.4054970825240254
2.4054970825240254
2.4054970825240254
2.4054970825240254
2.4054970825240254
2.4054970825240254
2.4054970825240254
2.4054970825240254
2.4054970825240254
2.4054970825240254
2.4054970825240254
2.4054970825240254
2.4054970825240254
2.4054970825240254
2.4054970825240254
2.4054970825240254
2.4054970825240254
2.4054970825240254
2.4054970825240254
2.4054970825240254
2.4054970825240254
2.4054970825240254
2.4054970825240254
2.4054970825240254
2.4054970825240254
2.4054970825240254
2.4054970825240254
2.4054970825240254
2.4054970825240254
2.4054970825240254
2.4054970825240254
2.4054970825240254
2.4054970825240254
2.4054970825240254
2.4054970825240254
2.4054970825240254
2.4054970825240254
2.4054970825240254
2.4054970825240254
2.4054970825240254
2.4054970825240254
2.4054970825240254
2.4054970825240254
2.4054970825240254
2.4054970825240254
2.4054970825240254
2.4054970825240254
2.4054970825240254
2.4055010107830506
2.4055010107830506
2.4055010107830506
2.4055049643446558
2.4055049643446558
2.4055060111851514
2.4055078508264494
2.405509026586785
2.405510179649763
2.4055120668168968
2.4055131991183
2.4055140733384097
2.405514656506591
2.40551579246296
2.405516474036921
2.405517338178521
2.405517338178521
2.405517683248145
2.405517979635373
2.4055180585235854
2.405518203657263
2.4055182384353233
2.4055183657657375
2.4055185142227824
2.4055186143141585
2.405518762648633
2.4055187905137596
2.405518934465724
2.4055190376068545
2.4055190994915328
2.4055191519576495
2.405519206667061
2.4055192445469724
2.4055192711064843
2.405519281087135
2.4055192893744657
2.4055193122023146
2.405519331483141
2.4055193430516373
2.405519350657543
2.4055193595138338
2.4055193651761346
2.405519369843364
2.405519372778051
2.4055193753431467
2.4055193781015403
2.4055193797565764
2.405519380749598
2.4055193813454108
2.405519381702899
2.405519382606804
2.405519383591817
2.4055193841828246
2.4055193845374294
2.4055193847501917
2.4055193849982954
2.405519385432444
2.405519385692934
2.405519385849228
2.4055193859430033
2.4055193859992694
2.405519386064782
2.4055193862107216
2.4055193862982867
2.405519386350824
2.4055193863823465
2.4055193864334217
2.4055193864875077
2.4055193865199582
2.4055193865394706
2.40551938657261
2.405519386592645
2.405519386604666
2.405519386611878
2.405519386619531
2.4055193866338627
2.4055193866424602
2.4055193866476183
2.405519386650714
2.405519386654209
2.4055193866570628
2.4055193866587747
2.4055193866598015
2.405519386660418
2.4055193866616134
2.4055193866624554
2.40551938666296
2.4055193866632623
2.4055193866640345
2.4055193866645554
2.4055193866648668
2.405519386665054
2.4055193866651674
2.405519386665333
2.4055193866654383
2.405519386665502
2.4055193866655618
2.405519386665618
2.405519386665653
2.4055193866656723
2.405519386665684
2.4055193866657016
2.405519386665717
2.405519386665727
2.405519386665733
2.405519386665743
2.40551938666575
2.4055193866657545
2.405519386665757
2.405519386665761
2.405519386665763
2.4055193866657643
2.4055193866657656
2.405519386665768
2.405519386665769
2.405519386665769
2.40551938666577
2.40551938666577
2.40551938666577
2.40551938666577
2.40551938666577
2.40551938666577
2.40551938666577
2.40551938666577
2.40551938666577
2.40551938666577
2.40551938666577
2.40551938666577
2.40551938666577
2.40551938666577
2.40551938666577
2.40551938666577
2.40551938666577
2.40551938666577
2.40551938666577
2.40551938666577
2.40551938666577
2.40551938666577
