3.5116910507625496
3.5116910507625496
3.5116910507625496
3.5116910507625496
3.5116910507625496
3.5116910507625496
3.5116910507625496
3.5116910507625496
3.5116910507625496
3.5116910507625496
3.5116910507625496
3.5116910507625496
3.5116910507625496
3.5116910507625496
3.5116910507625496
3.5116910507625496
3.5116910507625496
3.5116910507625496
3.5116910507625496
3.5116910507625496
3.5116910507625496
3.5116910507625496
3.5116910507625496
3.5116910507625496
3.5116910507625496
3.5116910507625496
3.5116910507625496
3.5116910507625496
3.5116910507625496
3.5116910507625496
3.5116910507625496
3.5116910507625496
3.5116910507625496
3.5116910507625496
3.5116910507625496
3.5116910507625496
3.5116910507625496
3.5116910507625496
3.5116910507625496
3.5116910507625496
3.5116910507625496
3.5116910507625496
3.5116910507625496
3.5116910507625496
3.5116910507625496
3.5116910507625496
3.5116910507625496
3.5116910507625496
3.5116910507625496
3.5116910507625496
3.511691265358073
3.511691265358073
3.511691265358073
3.511691265358073
3.511696269172018
3.5117078296445676
3.511714356282398
3.5117182722689773
3.5117206218623203
3.5117220316188305
3.511722877472917
3.5117233849854337
3.5117251272690333
3.5117272001012902
3.5117279656242766
3.5117291849533596
3.5117304174199377
3.5117315695421625
3.511733098523923
3.5117341437262426
3.5117351348009933
3.5117361879030944
3.5117373512414827
3.5117381074222136
3.511739216536588
3.511739283099145
3.51174013183485
3.5117407946561436
3.5117411689185807
3.5117415383007327
3.5117418518671495
3.5117420400070043
3.5117421612436055
3.5117422525315845
3.51174234684745
3.5117424698340924
3.511742502171443
3.5117425368877817
3.5117425847994124
3.511742626437458
3.5117426559565725
3.511742666926925
3.5117426762309116
3.5117426846669537
3.5117426917489287
3.5117427038334776
3.511742711829121
3.511742718311151
3.5117427227971616
3.5117427272182615
3.511742729491855
3.5117427308096825
3.51174273204717
3.511742733142649
3.5117427337290574
3.5117427340809027
3.51174273429201
3.5117427347771484
3.5117427352971244
3.5117427355946584
3.5117427355946584
3.5117427358533715
3.5117427360210054
3.5117427360484115
3.511742736064856
3.5117427361361777
3.511742736213292
3.5117427362595617
3.5117427362898943
3.5117427363309983
3.5117427363498024
3.5117427363652114
3.5117427363800355
3.5117427363885936
3.5117427363950973
3.5117427363991465
3.511742736403017
3.5117427364065263
3.511742736408003
3.5117427364084657
3.511742736410355
3.511742736411488
3.511742736411682
3.5117427364123954
3.5117427364128346
3.5117427364130966
3.511742736413567
3.511742736413851
3.5117427364141234
3.5117427364143805
3.511742736414694
3.5117427364149014
3.511742736415026
3.511742736415161
3.511742736415262
3.5117427364153335
3.5117427364153753
3.5117427364154175
3.5117427364154516
3.511742736415483
3.5117427364155045
3.511742736415517
3.5117427364155307
3.5117427364155485
3.511742736415559
3.511742736415565
3.511742736415569
3.5117427364155738
3.5117427364155778
3.511742736415581
3.511742736415582
3.5117427364155844
3.5117427364155858
3.5117427364155867
3.5117427364155867
3.511742736415588
3.511742736415588
3.511742736415588
3.511742736415588
3.511742736415588
3.511742736415588
3.511742736415588
3.511742736415588
3.511742736415588
3.511742736415588
3.511742736415588
3.511742736415588
3.511742736415588
3.511742736415588
3.511742736415588
3.511742736415588
3.511742736415588
3.511742736415588
3.511742736415588
3.511742736415588
3.511742736415588
3.511742736415588
3.511742736415588
3.511742736415588
3.511742736415588
3.511742736415588
3.511742736415588
3.511742736415588
3.511742736415588
3.511742736415588
