1.9635165664386953
1.9635165664386953
1.9635165664386953
1.9635165664386953
1.9635165664386953
1.9635165664386953
1.9635165664386953
1.9635165664386953
1.9635165664386953
1.9635165664386953
1.9635165664386953
1.9635165664386953
1.9635165664386953
1.9635165664386953
1.9635165664386953
1.9635165664386953
1.9635165664386953
1.9635165664386953
1.9635165664386953
1.9635165664386953
1.9635165664386953
1.9635165664386953
1.9635165664386953
1.9635165664386953
1.9635165664386953
1.9635165664386953
1.9635165664386953
1.9635165664386953
1.9635165664386953
1.9635165664386953
1.9635165664386953
1.9635165664386953
1.9635165664386953
1.9635165664386953
1.9635165664386953
1.9635165664386953
1.9635165664386953
1.9635165664386953
1.9635165664386953
1.9635165664386953
1.9635165664386953
1.9635165664386953
1.9635165664386953
1.9635165664386953
1.9635165664386953
1.9635165664386953
1.9635165664386953
1.9635165664386953
1.9635165664386953
1.9635165664386953
1.9635165664386953
1.9635165664386953
1.9635165664386953
1.9635165664386953
1.9635165664386953
1.9635165664386953
1.9635165664386953
1.9635165664386953
1.9635165664386953
1.9635165664386953
1.9635165664386953
1.9635165664386953
1.963521982034426
1.963521982034426
1.963521982034426
1.9635247414096593
1.9635272963423605
1.9635292980065475
1.9635304990070201
1.9635304990070201
1.9635304990070201
1.9635364748978115
1.9635364748978115
1.9635364748978115
1.9635379788092844
1.9635392713634217
1.9635402494145053
1.9635418909786377
1.9635434708040969
1.9635444500522288
1.963545208197744
1.963546134291994
1.9635468586356783
1.9635472922148074
1.9635476323789538
1.9635479977572472
1.963548227920585
1.9635484103027383
1.9635486768913104
1.9635488634376912
1.9635489753655244
1.9635491631730817
1.9635492252807734
1.9635492842395033
1.9635493233545973
1.9635493491574665
1.9635493702606839
1.9635493981636778
1.963549400830602
1.9635494313810231
1.9635494348894849
1.9635494544331427
1.9635494563225055
1.9635494602295058
1.9635494677976597
1.9635494735127101
1.963549475344571
1.9635494770560358
1.9635494790912433
1.963549480616341
1.963549481212909
1.9635494818391062
1.9635494827749587
1.963549482833177
1.9635494830613303
1.963549483253405
1.9635494834045404
1.9635494835357048
1.9635494836217844
1.9635494837568013
1.9635494838358518
1.9635494838969225
1.9635494839412433
1.9635494839729817
1.963549483997096
1.9635494840185852
1.9635494840366818
1.963549484062305
1.9635494840686432
1.9635494840836678
1.9635494840940526
1.963549484097131
1.9635494841023804
1.9635494841063243
1.963549484108894
1.9635494841110002
1.963549484113683
1.9635494841171472
1.963549484118527
1.9635494841191476
1.9635494841197725
1.9635494841204897
1.9635494841212202
1.9635494841213046
1.963549484121499
1.9635494841217505
1.9635494841219283
1.9635494841220342
1.9635494841220833
1.9635494841221135
1.9635494841221224
1.963549484122153
1.9635494841221544
1.9635494841221737
1.9635494841221854
1.9635494841221963
1.963549484122232
1.9635494841222667
1.9635494841222936
1.9635494841222936
1.9635494841222936
1.9635494841223042
1.9635494841223042
1.9635494841223042
1.9635494841223042
1.963549484122305
1.9635494841223082
1.9635494841223105
1.9635494841223105
1.9635494841223105
1.9635494841223105
1.963549484122311
1.963549484122311
1.963549484122311
1.963549484122311
1.963549484122311
1.963549484122311
1.963549484122311
1.963549484122311
1.963549484122311
1.963549484122311
1.963549484122311
1.963549484122311
1.963549484122311
1.963549484122311
1.963549484122311
1.963549484122311
1.963549484122311
1.963549484122311
1.963549484122311
1.963549484122311
1.963549484122311
1.963549484122311
1.963549484122311
1.963549484122311
1.963549484122311
1.963549484122311
1.963549484122311
1.963549484122311
1.963549484122311
1.963549484122311
