1.4471274002814527
1.4471274002814527
1.4471274002814527
1.4471274002814527
1.4471274002814527
1.4471274002814527
1.4471274002814527
1.4471274002814527
1.4471274002814527
1.4471274002814527
1.4471274002814527
1.4471274002814527
1.4471274002814527
1.4471274002814527
1.4471274002814527
1.4471274002814527
1.4471274002814527
1.4471274002814527
1.4471274002814527
1.4471274002814527
1.4471274002814527
1.4471274002814527
1.4471274002814527
1.4471274002814527
1.4471274002814527
1.4471274002814527
1.4471274002814527
1.4471274002814527
1.4471274002814527
1.4471274002814527
1.4471274002814527
1.4471274002814527
1.4471274002814527
1.4471274002814527
1.4471274002814527
1.4471274002814527
1.4471274002814527
1.4471274002814527
1.4471274002814527
1.4471274002814527
1.4471274002814527
1.4471274002814527
1.4471274002814527
1.4471274002814527
1.4471274002814527
1.4471625972743682
1.4471625972743682
1.4471625972743682
1.4471740464194705
1.4471740464194705
1.4471740464194705
1.4471796832457424
1.4471823112997246
1.4471837930611278
1.447184747633839
1.447185917369738
1.4471918596962128
1.447195250945579
1.447196342494174
1.4471992414333066
1.4472020947341508
1.4472038155463527
1.447204848258968
1.4472059906095949
1.4472074494231368
1.4472084870354558
1.4472091096027262
1.4472094831430447
1.4472097072672199
1.4472101242170436
1.4472104500560186
1.4472106514865462
1.4472108720769779
1.4472110218922682
1.4472111446175275
1.4472112324463418
1.44721128514363
1.4472113353140217
1.4472113759232526
1.4472114005759398
1.4472114230253545
1.4472114499668989
1.4472114661318258
1.4472114761929742
1.4472114857738119
1.4472114986241584
1.4472115066849316
1.447211511521866
1.4472115153589085
1.4472115205953433
1.4472115237372036
1.44721152562232
1.4472115267533898
1.4472115277814597
1.4472115294074919
1.4472115304048012
1.447211531003308
1.447211531634425
1.4472115326280104
1.447211533224161
1.4472115335831268
1.447211534086823
1.4472115344307104
1.4472115346370866
1.4472115347830443
1.4472115349734456
1.4472115350876866
1.447211535156231
1.4472115351973576
1.4472115352220336
1.4472115352970365
1.44721153534453
1.4472115353730264
1.447211535391744
1.4472115354155175
1.4472115354297814
1.4472115354383401
1.4472115354436603
1.447211535449238
1.4472115354530894
1.4472115354554003
1.4472115354567867
1.4472115354579806
1.447211535459564
1.4472115354605144
1.4472115354610844
1.4472115354614266
1.447211535461632
1.447211535461892
1.4472115354621902
1.4472115354623691
1.4472115354624762
1.4472115354625406
1.44721153546262
1.4472115354627082
1.4472115354627613
1.4472115354627948
1.4472115354628272
1.4472115354628514
1.4472115354628663
1.447211535462875
1.4472115354628832
1.4472115354628894
1.4472115354628932
1.447211535462895
1.4472115354628976
1.4472115354629003
1.4472115354629018
1.4472115354629025
1.447211535462903
1.4472115354629038
1.4472115354629047
1.4472115354629052
1.4472115354629056
1.4472115354629056
1.4472115354629056
1.4472115354629056
1.4472115354629056
1.4472115354629056
1.4472115354629056
1.4472115354629056
1.4472115354629056
1.4472115354629056
1.4472115354629056
1.4472115354629056
1.4472115354629056
1.4472115354629056
1.4472115354629056
1.4472115354629056
1.4472115354629056
1.4472115354629056
1.4472115354629056
1.4472115354629056
1.4472115354629056
1.4472115354629056
1.4472115354629056
1.4472115354629056
1.4472115354629056
1.4472115354629056
1.4472115354629056
1.4472115354629056
1.4472115354629056
1.4472115354629056
1.4472115354629056
1.4472115354629056
