1.2323947482946425
1.2323947482946425
1.2323947482946425
1.2323947482946425
1.2323947482946425
1.2323947482946425
1.2323947482946425
1.2323947482946425
1.2323947482946425
1.2323947482946425
1.2323947482946425
1.2323947482946425
1.2323947482946425
1.2323947482946425
1.2323947482946425
1.2323947482946425
1.2323947482946425
1.2323947482946425
1.2323947482946425
1.2323947482946425
1.2323947482946425
1.2323947482946425
1.2323947482946425
1.2323947482946425
1.2323947482946425
1.2323947482946425
1.2323947482946425
1.2323947482946425
1.2323947482946425
1.2323947482946425
1.2323947482946425
1.2323947482946425
1.2323947482946425
1.2323947482946425
1.2323947482946425
1.2323947482946425
1.2323947482946425
1.2323947482946425
1.2323947482946425
1.2323947482946425
1.2323947482946425
1.2323947482946425
1.2323947482946425
1.2323947482946425
1.2323947482946425
1.2323947482946425
1.2323947482946425
1.2323947482946425
1.232397036001561
1.232397036001561
1.232397036001561
1.232397036001561
1.232397036001561
1.232397036001561
1.232397036001561
1.232397036001561
1.232397036001561
1.2323978333280445
1.2323978333280445
1.2323978333280445
1.2323986674650795
1.2323989433157727
1.2323990451056177
1.232399106179543
1.2323996394634196
1.2323996394634196
1.2323996394634196
1.2323997430257765
1.2323998733921855
1.232399951612043
1.2324000263823922
1.2324000587908837
1.2324001093696726
1.2324001537787286
1.2324001835775116
1.232400202130119
1.2324002304617045
1.232400249244353
1.2324002605139424
1.2324002668353637
1.2324002796406635
1.2324002868139983
1.2324002907230105
1.2324002930046363
1.232400296408532
1.2324002998534256
1.2324003034084756
1.2324003049263417
1.2324003077583034
1.2324003102044006
1.2324003117347466
1.2324003126313354
1.2324003135822958
1.2324003143330247
1.2324003148109173
1.2324003150976524
1.232400315269694
1.2324003155269871
1.2324003158570132
1.232400316068346
1.232400316170023
1.2324003162651358
1.232400316449614
1.2324003165733226
1.2324003166490125
1.2324003166944264
1.2324003167546134
1.2324003168148334
1.232400316871419
1.232400316887016
1.2324003169254911
1.232400316961057
1.2324003169695923
1.232400316989413
1.2324003169936228
1.2324003169997222
1.2324003170093134
1.2324003170140143
1.2324003170175475
1.232400317020176
1.2324003170216151
1.2324003170229298
1.232400317024727
1.2324003170254376
1.2324003170263127
1.232400317026842
1.2324003170275306
1.2324003170280844
1.232400317028529
1.2324003170288291
1.2324003170289748
1.2324003170290274
1.2324003170291753
1.2324003170292952
1.2324003170293245
1.2324003170293425
1.2324003170293953
1.2324003170294453
1.2324003170294735
1.2324003170295068
1.2324003170295268
1.232400317029531
1.232400317029548
1.2324003170295557
1.232400317029562
1.232400317029567
1.2324003170295768
1.2324003170295788
1.232400317029582
1.2324003170295839
1.2324003170295839
1.2324003170295852
1.2324003170295899
1.2324003170295899
1.2324003170295907
1.2324003170295907
1.2324003170295907
1.2324003170295916
1.2324003170295925
1.232400317029593
1.2324003170295934
1.2324003170295936
1.232400317029594
1.2324003170295943
1.2324003170295945
1.2324003170295945
1.2324003170295947
1.2324003170295947
1.2324003170295947
1.2324003170295947
1.2324003170295947
1.2324003170295947
1.2324003170295947
1.2324003170295947
1.2324003170295947
1.2324003170295947
1.2324003170295947
1.2324003170295947
1.2324003170295947
1.2324003170295947
