1.6558519789926365
1.6558519789926365
1.6558519789926365
1.6558519789926365
1.6558519789926365
1.6558519789926365
1.6558519789926365
1.6558519789926365
1.6558519789926365
1.6558519789926365
1.6558519789926365
1.6558519789926365
1.6558519789926365
1.6558519789926365
1.6558519789926365
1.6558519789926365
1.6558519789926365
1.6558519789926365
1.6558519789926365
1.6558519789926365
1.6558519789926365
1.6558519789926365
1.6558519789926365
1.6558519789926365
1.6558519789926365
1.6558519789926365
1.6558519789926365
1.6558519789926365
1.6558519789926365
1.6558519789926365
1.6558519789926365
1.6558519789926365
1.6558519789926365
1.6558519789926365
1.6558519789926365
1.6558519789926365
1.6558519789926365
1.6558519789926365
1.6560930320949379
1.6560930320949379
1.6560930320949379
1.6560930320949379
1.6560930320949379
1.6560930320949379
1.6560930320949379
1.6560930320949379
1.6560937420114703
1.6560937420114703
1.6560937420114703
1.6560937420114703
1.656105687367679
1.6561185528980382
1.6561185528980382
1.6561185528980382
1.6561274760006628
1.6561300041072513
1.6561343102846064
1.6561375024972669
1.6561392052806443
1.6561422185672459
1.6561479996983135
1.6561518739846668
1.656155567834411
1.6561579997551634
1.6561612766004385
1.6561637138809346
1.6561654078311858
1.6561665038170417
1.6561675851432356
1.6561684164605184
1.6561690545975696
1.656169320200538
1.6561697427900253
1.6561700101882102
1.656170191801549
1.656170301213033
1.656170378820229
1.6561704844685985
1.6561705605897652
1.6561706135640828
1.6561706453486742
1.656170686647625
1.6561707263983998
1.6561707506869228
1.6561707652600375
1.6561707747955943
1.6561707874305778
1.6561708008140337
1.6561708094228125
1.6561708145880805
1.6561708187650548
1.6561708237226718
1.6561708267648338
1.656170828682556
1.6561708299424163
1.656170831320201
1.6561708325132665
1.6561708332741558
1.6561708337306895
1.65617083400461
1.6561708341689618
1.656170834267573
1.6561708343541688
1.6561708344439563
1.6561708345224133
1.6561708345908295
1.656170834643805
1.6561708346887907
1.6561708347251876
1.6561708347494952
1.6561708347650548
1.6561708347785775
1.656170834786691
1.6561708347934385
1.6561708348000392
1.6561708348042736
1.6561708348068143
1.6561708348084523
1.6561708348129964
1.6561708348164934
1.6561708348186024
1.6561708348198776
1.6561708348206425
1.6561708348226347
1.6561708348241948
1.6561708348251307
1.6561708348256923
1.6561708348260291
1.6561708348262316
1.656170834826779
1.6561708348273347
1.6561708348276685
1.6561708348278688
1.6561708348280653
1.6561708348283708
1.6561708348285533
1.6561708348286632
1.6561708348287287
1.6561708348287982
1.65617083482886
1.6561708348288973
1.6561708348289197
1.6561708348289357
1.6561708348289625
1.6561708348289779
1.6561708348289876
1.6561708348289934
1.6561708348290027
1.656170834829009
1.6561708348290127
1.656170834829015
1.6561708348290163
1.6561708348290185
1.6561708348290205
1.6561708348290214
1.6561708348290218
1.6561708348290227
1.6561708348290238
1.656170834829024
1.656170834829024
1.6561708348290252
1.6561708348290252
1.6561708348290254
1.6561708348290254
1.6561708348290254
1.6561708348290254
1.6561708348290254
1.6561708348290254
1.6561708348290254
1.6561708348290254
1.6561708348290254
1.6561708348290254
1.6561708348290254
1.6561708348290254
1.6561708348290254
1.6561708348290254
1.6561708348290254
1.6561708348290254
1.6561708348290254
1.6561708348290254
1.6561708348290254
1.6561708348290254
1.6561708348290254
1.6561708348290254
1.6561708348290254
1.6561708348290254
1.6561708348290254
