1.3888882602841541
1.3888882602841541
1.3888882602841541
1.3888882602841541
1.3888882602841541
1.3888882602841541
1.3888882602841541
1.3888882602841541
1.3888882602841541
1.3888882602841541
1.3888882602841541
1.3888882602841541
1.3888882602841541
1.3888882602841541
1.3888882602841541
1.3888882602841541
1.3888882602841541
1.3888882602841541
1.3888882602841541
1.3888882602841541
1.3888882602841541
1.3888882602841541
1.3888882602841541
1.3888882602841541
1.3888882602841541
1.3888882602841541
1.3888882602841541
1.3888882602841541
1.3888882602841541
1.3888882602841541
1.3888882602841541
1.3888882602841541
1.3888882602841541
1.3888882602841541
1.3888882602841541
1.3888882602841541
1.3888882602841541
1.3888882602841541
1.3888882602841541
1.3888882602841541
1.3888882602841541
1.3888882602841541
1.3888882602841541
1.3888882602841541
1.3888882602841541
1.3888882602841541
1.3888882602841541
1.3888882602841541
1.3888882602841541
1.3888882602841541
1.3888882602841541
1.3888882602841541
1.3888882602841541
1.3888882602841541
1.3888882602841541
1.3888882602841541
1.3888888353578308
1.3888888353578308
1.3888888353578308
1.3888888353578308
1.3888892864824212
1.3888892864824212
1.388889865321719
1.388890354900897
1.3888906486486325
1.3888908973653094
1.3888909843413906
1.3888912637913349
1.388891469502521
1.3888915929292704
1.3888917209209801
1.3888918550491596
1.3888919650737168
1.38889202226479
1.3888920959562252
1.388892158353395
1.3888921849230034
1.3888922116072517
1.3888922420859633
1.3888922583039949
1.3888922674162334
1.388892276365615
1.3888922817352445
1.388892284129744
1.388892284129744
1.3888922860113384
1.3888922901403926
1.3888922994409072
1.3888923050212156
1.3888923083694011
1.3888923124334127
1.3888923178112962
1.3888923210380264
1.3888923229740644
1.388892325000381
1.388892328609416
1.3888923307748369
1.3888923320740891
1.3888923328536407
1.3888923334117822
1.388892335210128
1.3888923362891352
1.3888923369365396
1.3888923373249824
1.3888923375580484
1.388892338033846
1.3888923389123606
1.3888923394394692
1.3888923397557347
1.3888923401608806
1.3888923405102076
1.3888923407198037
1.3888923408599039
1.3888923411051186
1.3888923412522476
1.388892341340525
1.388892341441396
1.3888923415285348
1.388892341580818
1.3888923416121883
1.3888923416310104
1.3888923416423036
1.3888923416490795
1.3888923416532548
1.3888923416666752
1.3888923416747343
1.3888923416795702
1.3888923416824714
1.3888923416862893
1.3888923416898835
1.38889234169204
1.388892341693334
1.3888923416955894
1.3888923416973198
1.3888923416983578
1.3888923416989807
1.3888923416993542
1.388892341699854
1.388892341700287
1.3888923417005465
1.3888923417007024
1.3888923417007961
1.3888923417009917
1.388892341701239
1.3888923417013874
1.3888923417014762
1.388892341701549
1.388892341701658
1.3888923417017238
1.3888923417017631
1.3888923417017867
1.3888923417018204
1.3888923417018428
1.3888923417018564
1.3888923417018642
1.3888923417018697
1.3888923417018777
1.3888923417018821
1.388892341701885
1.3888923417018872
1.3888923417018897
1.388892341701891
1.388892341701892
1.3888923417018928
1.3888923417018932
1.3888923417018937
1.388892341701894
1.388892341701894
1.3888923417018941
1.3888923417018941
1.3888923417018944
1.3888923417018944
1.3888923417018944
1.3888923417018944
1.3888923417018944
1.3888923417018944
1.3888923417018944
1.3888923417018944
1.3888923417018944
