1.2489458657261678
1.2489458657261678
1.2489458657261678
1.2489458657261678
1.2489458657261678
1.2489458657261678
1.2489458657261678
1.2489458657261678
1.2489458657261678
1.2489458657261678
1.2489458657261678
1.2489458657261678
1.2489458657261678
1.2489458657261678
1.2489458657261678
1.2489458657261678
1.2489458657261678
1.2489458657261678
1.2489458657261678
1.2489458657261678
1.2489458657261678
1.2489458657261678
1.2489458657261678
1.2489458657261678
1.2489458657261678
1.2489458657261678
1.2489458657261678
1.2489458657261678
1.2489458657261678
1.2489458657261678
1.2489458657261678
1.2489458657261678
1.2489458657261678
1.2489458657261678
1.2489458657261678
1.2489458657261678
1.2489458657261678
1.2489458657261678
1.2489458657261678
1.2489458657261678
1.2489458657261678
1.2489458657261678
1.2489458657261678
1.2489458657261678
1.2489458657261678
1.2489469760436485
1.2489469760436485
1.2489469760436485
1.2489469760436485
1.2489469760436485
1.24894791436499
1.24894791436499
1.248949255894028
1.2489499299930011
1.2489499299930011
1.2489501760738182
1.2489504530474953
1.2489507772933748
1.2489511278874537
1.248951600470914
1.2489518863753128
1.2489520617204368
1.248952070786058
1.2489521508061447
1.2489523587976736
1.2489525893833273
1.2489527277347634
1.248952810745641
1.2489529059153226
1.2489529743501915
1.248953042294938
1.2489530880355157
1.248953116950682
1.248953150256422
1.248953170239867
1.2489531871599924
1.2489531973909591
1.2489532035295392
1.2489532109667902
1.2489532180187481
1.2489532241262078
1.2489532278903734
1.2489532301488724
1.248953231503972
1.2489532348821586
1.2489532373949404
1.2489532389026092
1.2489532398072107
1.2489532411196325
1.248953242444529
1.2489532432394672
1.24895324371643
1.2489532443502194
1.2489532449283558
1.2489532452752379
1.248953245483367
1.2489532457012906
1.2489532459201063
1.2489532460513957
1.2489532461301693
1.2489532461774335
1.2489532462753759
1.2489532463434077
1.248953246384227
1.2489532464087185
1.2489532464234137
1.2489532464322304
1.2489532464375208
1.2489532464443243
1.2489532464593094
1.2489532464683004
1.248953246473695
1.2489532464786675
1.2489532464871085
1.2489532464921729
1.2489532464952118
1.2489532465002555
1.2489532465034743
1.2489532465054054
1.2489532465065643
1.248953246508041
1.2489532465103326
1.2489532465117075
1.2489532465125324
1.2489532465130273
1.248953246513493
1.2489532465138982
1.248953246514141
1.248953246514287
1.2489532465143784
1.2489532465144655
1.2489532465145181
1.2489532465145499
1.2489532465145705
1.2489532465145952
1.24895324651461
1.248953246514619
1.248953246514627
1.248953246514639
1.2489532465146465
1.2489532465146507
1.2489532465146533
1.2489532465146576
1.2489532465146602
1.248953246514662
1.2489532465146633
1.2489532465146655
1.2489532465146669
1.2489532465146675
1.248953246514668
1.2489532465146684
1.248953246514669
1.2489532465146693
1.2489532465146695
1.24895324651467
1.2489532465146702
1.2489532465146704
1.2489532465146704
1.2489532465146704
1.2489532465146704
1.2489532465146704
1.2489532465146704
1.2489532465146704
1.2489532465146704
1.2489532465146704
1.2489532465146704
1.2489532465146704
1.2489532465146704
1.2489532465146704
1.2489532465146704
1.2489532465146704
1.2489532465146704
1.2489532465146704
1.2489532465146704
1.2489532465146704
1.2489532465146704
