1.3605011476903834
1.3605011476903834
1.3605011476903834
1.3605011476903834
1.3605011476903834
1.3605011476903834
1.3605011476903834
1.3605011476903834
1.3605011476903834
1.3605011476903834
1.3605011476903834
1.3605011476903834
1.3605011476903834
1.3605011476903834
1.3605011476903834
1.3605011476903834
1.3605011476903834
1.3605011476903834
1.3605011476903834
1.3605011476903834
1.3605011476903834
1.3605011476903834
1.3605011476903834
1.3605011476903834
1.3605011476903834
1.3605011476903834
1.3605011476903834
1.3605011476903834
1.3605011476903834
1.3605011476903834
1.3605011476903834
1.3605011476903834
1.3605011476903834
1.3605011476903834
1.3605011476903834
1.3605011476903834
1.3605011476903834
1.3605011476903834
1.3605011476903834
1.3605011476903834
1.3605011476903834
1.3605011476903834
1.3605011476903834
1.3605011476903834
1.3605011476903834
1.3605011476903834
1.3605011476903834
1.3605011476903834
1.3605011476903834
1.3605011476903834
1.3605011476903834
1.3605011476903834
1.3605046141996986
1.3605046141996986
1.3605046141996986
1.360506676106471
1.360506676106471
1.360506676106471
1.360506676106471
1.360506676106471
1.3605067627210687
1.3605070595055346
1.3605073906609126
1.3605075893540568
1.3605077085699133
1.3605077830178762
1.3605078232057235
1.3605078490695066
1.3605079622418457
1.3605081510383006
1.3605083903130653
1.3605085332559836
1.3605086208525057
1.3605086734104206
1.3605087909052247
1.3605088175110318
1.3605088629313693
1.360508903683705
1.3605089239251333
1.3605089433377497
1.3605089595749726
1.360508969671767
1.3605089778817927
1.360508989833205
1.3605089932253192
1.3605089965854062
1.36050900072645
1.3605090033352696
1.3605090060101739
1.3605090087610219
1.3605090117379026
1.360509012525848
1.3605090131002007
1.3605090140454343
1.360509014439106
1.3605090148711616
1.360509015106416
1.36050901533177
1.3605090155406343
1.3605090156771498
1.3605090158041584
1.3605090158793882
1.3605090159661262
1.3605090160342244
1.3605090160900135
1.3605090161235465
1.3605090161518028
1.3605090161770033
1.3605090161941746
1.3605090162154285
1.3605090162336988
1.360509016238156
1.3605090162460678
1.3605090162523237
1.3605090162573914
1.3605090162654654
1.3605090162732454
1.3605090162780415
1.3605090162811813
1.3605090162843552
1.3605090162867
1.3605090162867
1.3605090162867
1.3605090162870246
1.3605090162871538
1.3605090162871538
1.3605090162871547
1.3605090162873745
1.3605090162874047
1.360509016287514
1.3605090162876017
1.3605090162876476
1.3605090162877245
1.3605090162877789
1.3605090162878024
1.3605090162878217
1.3605090162878413
1.3605090162878437
1.360509016287846
1.3605090162878493
1.360509016287862
1.360509016287863
1.3605090162878732
1.3605090162878777
1.3605090162878803
1.3605090162878832
1.3605090162878848
1.360509016287886
1.360509016287888
1.360509016287889
1.3605090162878894
1.3605090162878903
1.3605090162878917
1.3605090162878923
1.360509016287893
1.3605090162878937
1.3605090162878941
1.3605090162878946
1.3605090162878948
1.3605090162878948
1.360509016287895
1.360509016287895
1.360509016287895
1.360509016287895
1.360509016287895
1.360509016287895
1.360509016287895
1.360509016287895
1.360509016287895
1.360509016287895
1.360509016287895
1.360509016287895
1.360509016287895
1.360509016287895
1.360509016287895
1.360509016287895
1.360509016287895
1.360509016287895
1.360509016287895
1.360509016287895
1.360509016287895
1.360509016287895
1.360509016287895
