0.9527130292580277
0.9527130292580277
0.9527130292580277
0.9527130292580277
0.9527130292580277
0.9527130292580277
0.9527130292580277
0.9527130292580277
0.9527130292580277
0.9527130292580277
0.9527130292580277
0.9527130292580277
0.9527130292580277
0.9527130292580277
0.9527130292580277
0.9527130292580277
0.9527130292580277
0.9527130292580277
0.9527130292580277
0.9527130292580277
0.9527130292580277
0.9527130292580277
0.9527130292580277
0.9527130292580277
0.9527130292580277
0.9527130292580277
0.9527130292580277
0.9527130292580277
0.9527130292580277
0.9527130292580277
0.9527130292580277
0.9527130292580277
0.9527130292580277
0.9527130292580277
0.9527130292580277
0.9527130292580277
0.9527130292580277
0.9527130292580277
0.9527130292580277
0.9527130292580277
0.9527130292580277
0.9527130292580277
0.9527130292580277
0.9527130292580277
0.9527130292580277
0.9527130292580277
0.9527130292580277
0.9527138274304535
0.9527138274304535
0.9527138274304535
0.9527138274304535
0.9527140001072645
0.9527140001072645
0.9527140001072645
0.9527140001072645
0.9527140001072645
0.9527140001072645
0.9527140001072645
0.9527140001072645
0.9527140178235475
0.952714131739454
0.9527142062685265
0.9527144414186551
0.9527145825088853
0.9527146728969712
0.9527148463119591
0.9527150013793453
0.9527150944198565
0.9527151502441918
0.952715197053218
0.952715240377546
0.9527152706808715
0.9527152886187256
0.952715303752098
0.9527153186923121
0.952715329155434
0.9527153364371366
0.9527153445622711
0.9527153503931631
0.9527153538916981
0.9527153560841797
0.9527153584102059
0.9527153614470062
0.9527153636840875
0.952715365189768
0.952715366643374
0.9527153675075903
0.9527153680422931
0.9527153685458426
0.9527153688519059
0.9527153689712539
0.9527153694370799
0.9527153696565537
0.9527153697882379
0.9527153698672485
0.9527153700527624
0.9527153701946788
0.9527153703041186
0.9527153703690809
0.95271537043597
0.952715370468489
0.9527153704950996
0.9527153705260815
0.9527153705380759
0.9527153705452726
0.9527153705495905
0.9527153705528755
0.9527153705628012
0.9527153705700343
0.9527153705744866
0.9527153705791611
0.9527153705820685
0.9527153705858113
0.9527153705888003
0.9527153705917375
0.9527153705934999
0.9527153705945572
0.9527153705954856
0.9527153705963913
0.9527153705969835
0.9527153705973513
0.9527153705976357
0.9527153705978106
0.9527153705981688
0.9527153705986041
0.9527153705988652
0.952715370599022
0.952715370599116
0.9527153705992871
0.9527153705994663
0.9527153705995746
0.9527153705996394
0.9527153705996784
0.9527153705997747
0.9527153705998468
0.95271537059989
0.9527153705999158
0.9527153705999464
0.952715370599968
0.952715370599981
0.9527153705999888
0.9527153705999968
0.9527153706000037
0.9527153706000078
0.9527153706000103
0.9527153706000118
0.9527153706000144
0.952715370600016
0.952715370600017
0.9527153706000175
0.9527153706000189
0.9527153706000197
0.9527153706000201
0.9527153706000204
0.9527153706000209
0.9527153706000212
0.9527153706000214
0.9527153706000215
0.9527153706000216
0.9527153706000218
0.9527153706000218
0.9527153706000218
0.9527153706000218
0.9527153706000218
0.9527153706000218
0.9527153706000218
0.9527153706000218
0.9527153706000218
0.9527153706000218
0.9527153706000218
0.9527153706000218
0.9527153706000218
0.9527153706000218
0.9527153706000218
0.9527153706000218
