1.6062654858890375
1.6062654858890375
1.6062654858890375
1.6062654858890375
1.6062654858890375
1.6062654858890375
1.6062654858890375
1.6062654858890375
1.6062654858890375
1.6062654858890375
1.6062654858890375
1.6062654858890375
1.6062654858890375
1.6062654858890375
1.6062654858890375
1.6062654858890375
1.6062654858890375
1.6062654858890375
1.6062654858890375
1.6062654858890375
1.6062654858890375
1.6062654858890375
1.6062654858890375
1.6062654858890375
1.6062654858890375
1.6062654858890375
1.6062654858890375
1.6062654858890375
1.6062654858890375
1.6062654858890375
1.6062654858890375
1.6062654858890375
1.6062654858890375
1.6062654858890375
1.6062654858890375
1.6062654858890375
1.6062654858890375
1.6062654858890375
1.6062654858890375
1.6062654858890375
1.6062654858890375
1.6062654858890375
1.6062654858890375
1.6062654858890375
1.6062654858890375
1.6062654858890375
1.6062654858890375
1.6062654858890375
1.6062654858890375
1.6062654858890375
1.6062654858890375
1.6062654858890375
1.6062654858890375
1.6062654858890375
1.6062654858890375
1.6062654858890375
1.606267104074863
1.606267104074863
1.606267104074863
1.606267104074863
1.6062678598134938
1.6062687543655787
1.6062702991252016
1.606271225980237
1.6062717820929928
1.6062721157605504
1.6062723159610506
1.606272838501007
1.606273264060628
1.6062738140921844
1.6062740365887043
1.606274234500985
1.606274567768816
1.6062748182233078
1.6062749990917315
1.6062750661663174
1.6062752108655705
1.6062752936926035
1.606275412579153
1.6062754434210356
1.6062754817500113
1.6062755154505255
1.6062755622230938
1.6062755902866337
1.6062756071247577
1.6062756172276322
1.6062756286070647
1.6062756458865128
1.6062756562541813
1.6062756612223446
1.6062756653522863
1.6062756714460904
1.606275678424001
1.6062756811291754
1.606275684049354
1.606275684049354
1.6062756859977292
1.606275687425121
1.606275688087547
1.6062756885096432
1.6062756887328207
1.6062756891272105
1.6062756896785413
1.6062756900931319
1.6062756903638575
1.606275690543682
1.6062756908477147
1.6062756910651155
1.6062756912061047
1.606275691276857
1.606275691330572
1.6062756914368523
1.6062756915006202
1.606275691538881
1.6062756915810747
1.6062756916226395
1.6062756916417114
1.6062756916661665
1.6062756916752865
1.6062756916960859
1.6062756917113183
1.606275691720325
1.6062756917257794
1.6062756917312018
1.606275691737758
1.6062756917417254
1.606275691744245
1.6062756917456642
1.606275691746976
1.606275691749207
1.6062756917505605
1.606275691751373
1.6062756917518837
1.606275691752211
1.6062756917525824
1.6062756917530163
1.6062756917532768
1.6062756917534138
1.6062756917535181
1.606275691753639
1.6062756917537393
1.6062756917538086
1.606275691753836
1.606275691753867
1.6062756917538978
1.6062756917539178
1.60627569175393
1.606275691753941
1.6062756917539565
1.6062756917539638
1.6062756917539684
1.606275691753972
1.606275691753974
1.606275691753976
1.6062756917539767
1.606275691753978
1.606275691753979
1.6062756917539796
1.60627569175398
1.6062756917539804
1.6062756917539804
1.6062756917539809
1.6062756917539809
1.6062756917539809
1.6062756917539809
1.606275691753981
1.606275691753981
1.606275691753981
1.606275691753981
1.606275691753981
1.606275691753981
1.606275691753981
1.606275691753981
1.606275691753981
1.606275691753981
1.606275691753981
1.606275691753981
1.606275691753981
1.606275691753981
1.606275691753981
1.606275691753981
1.606275691753981
1.606275691753981
1.606275691753981
1.606275691753981
1.606275691753981
1.606275691753981
1.606275691753981
