2.1579673452951487
2.1579673452951487
2.1579673452951487
2.1579673452951487
2.1579673452951487
2.1579673452951487
2.1579673452951487
2.1579673452951487
2.1579673452951487
2.1579673452951487
2.1579673452951487
2.1579673452951487
2.1579673452951487
2.1579673452951487
2.1579673452951487
2.1579673452951487
2.1579673452951487
2.1579673452951487
2.1579673452951487
2.1579673452951487
2.1579673452951487
2.1579673452951487
2.1579673452951487
2.1579673452951487
2.1579673452951487
2.1579673452951487
2.1579673452951487
2.1579673452951487
2.1579673452951487
2.1579673452951487
2.1579673452951487
2.1579673452951487
2.1579673452951487
2.1579673452951487
2.1579673452951487
2.1579673452951487
2.1579673452951487
2.1579673452951487
2.1579673452951487
2.1579673452951487
2.1579673452951487
2.1579673452951487
2.1579673452951487
2.1579673452951487
2.1579673452951487
2.1579673452951487
2.1579673452951487
2.1579673452951487
2.1579673452951487
2.1579673452951487
2.1579673452951487
2.1579673452951487
2.1579673452951487
2.1579673452951487
2.1579674192652547
2.1579674192652547
2.1579674192652547
2.1579674192652547
2.1579679142826955
2.1579679142826955
2.1579679142826955
2.1579693899372385
2.1579693899372385
2.1579693899372385
2.1579693899372385
2.1579700205529675
2.1579700205529675
2.1579700205529675
2.1579700205529675
2.1579700205529675
2.1579705484529144
2.1579705484529144
2.1579707020740146
2.1579715870251905
2.1579715870251905
2.1579720702279577
2.1579725261019465
2.157972820348502
2.1579730148510876
2.1579736281294855
2.157974080452713
2.1579743518466765
2.1579745146830644
2.1579747061576566
2.157975057313994
2.157975303404628
2.157975451059016
2.1579755396516513
2.157975592807234
2.1579756247005837
2.1579757032511373
2.157975759369146
2.157975791048791
2.1579758201679216
2.157975859407134
2.1579758949237884
2.1579759162337813
2.1579759290197775
2.157975936691376
2.157975941294334
2.157975954214143
2.157975963872286
2.157975970170388
2.1579759736444903
2.157975977620011
2.15797598273078
2.1579759857972403
2.157975986916694
2.157975987712343
2.157975989942655
2.1579759917589225
2.1579759928486824
2.1579759940733005
2.157975995842371
2.1579759969754595
2.157975997673985
2.1579759984961684
2.157975998989479
2.157975999415891
2.157975999615068
2.1579759999986714
2.1579760002401227
2.1579760003925563
2.1579760004840156
2.157976000579918
2.15797600065271
2.157976000702454
2.157976000736465
2.157976000757919
2.1579760007764075
2.1579760007882576
2.157976000799737
2.157976000808722
2.1579760008156956
2.1579760008204154
2.157976000823615
2.157976000826023
2.1579760008300353
2.1579760008331688
2.1579760008350726
2.1579760008362148
2.1579760008370057
2.157976000838678
2.1579760008406192
2.1579760008417854
2.157976000842484
2.1579760008429036
2.1579760008431546
2.157976000843462
2.157976000843795
2.1579760008440134
2.157976000844145
2.1579760008443056
2.157976000844503
2.157976000844622
2.1579760008446933
2.157976000844805
2.1579760008448905
2.157976000844941
2.1579760008449727
2.1579760008449904
2.1579760008450015
2.1579760008450215
2.157976000845042
2.1579760008450544
2.1579760008450615
2.1579760008450664
2.157976000845069
2.157976000845074
2.1579760008450797
2.157976000845082
2.1579760008450846
2.1579760008450855
2.1579760008450863
2.157976000845089
2.157976000845091
2.1579760008450912
2.1579760008450926
2.1579760008450934
2.1579760008450943
2.1579760008450943
2.1579760008450948
2.157976000845095
2.157976000845095
2.157976000845095
2.157976000845095
2.157976000845095
2.157976000845095
2.157976000845095
2.157976000845095
2.157976000845095
2.157976000845095
2.157976000845095
2.157976000845095
2.157976000845095
2.157976000845095
2.157976000845095
2.157976000845095
2.157976000845095
2.157976000845095
