1.7234639274626145
1.7234639274626145
1.7234639274626145
1.7234639274626145
1.7234639274626145
1.7234639274626145
1.7234639274626145
1.7234639274626145
1.7234639274626145
1.7234639274626145
1.7234639274626145
1.7234639274626145
1.7234639274626145
1.7234639274626145
1.7234639274626145
1.7234639274626145
1.7234639274626145
1.7234639274626145
1.7234639274626145
1.7234639274626145
1.7234639274626145
1.7234639274626145
1.7234639274626145
1.7234639274626145
1.7234639274626145
1.7234639274626145
1.7234639274626145
1.7234639274626145
1.7234639274626145
1.7234639274626145
1.7234639274626145
1.7234639274626145
1.7234639274626145
1.7234639274626145
1.7234639274626145
1.7234639274626145
1.7234639274626145
1.7234639274626145
1.7234639274626145
1.7234639274626145
1.7234639274626145
1.7234639274626145
1.7234639274626145
1.7234639274626145
1.7234639274626145
1.7234639274626145
1.7234639274626145
1.7234639274626145
1.7234639274626145
1.7234639274626145
1.7234639274626145
1.7234639274626145
1.7234639274626145
1.7234639274626145
1.7234639274626145
1.7234639274626145
1.7234639274626145
1.7234639274626145
1.7234639274626145
1.7234639274626145
1.7234641622468787
1.7234641622468787
1.7234641622468787
1.7234641622468787
1.7234642448597497
1.7234645160322124
1.7234647628343722
1.7234649109155569
1.7234650803783098
1.723465318119048
1.7234654508074712
1.7234656496782512
1.7234657650803198
1.7234658678763044
1.723466061831077
1.723466061831077
1.7234661170173726
1.723466172893789
1.723466172893789
1.723466172893789
1.723466172893789
1.7234661796960484
1.7234661796960484
1.7234661796960484
1.7234661796960484
1.7234661796960484
1.7234661796960484
1.7234661859065123
1.7234661860266405
1.7234661868317385
1.7234661868317385
1.7234661868317385
1.7234661869584795
1.7234661875618815
1.723466189128539
1.7234661906640292
1.7234661915961955
1.723466192227745
1.7234661934532456
1.7234661938226568
1.7234661942153078
1.723466194502671
1.7234661946860206
1.7234661947960304
1.7234661950460675
1.7234661950460675
1.7234661950460675
1.723466195115574
1.7234661952365404
1.7234661953214774
1.7234661953634127
1.723466195377094
1.723466195448188
1.72346619549045
1.7234661955216408
1.7234661955465693
1.7234661955732347
1.7234661955934314
1.7234661956132917
1.7234661956240498
1.7234661956240498
1.7234661956273396
1.7234661956315342
1.7234661956341972
1.7234661956362478
1.7234661956374777
1.723466195638216
1.723466195638659
1.723466195639204
1.7234661956418447
1.7234661956429242
1.723466195642969
1.723466195642969
1.7234661956435184
1.7234661956438628
1.723466195644003
1.723466195644003
1.7234661956442145
1.7234661956443722
1.7234661956444421
1.7234661956444421
1.7234661956444883
1.7234661956445565
1.7234661956445896
1.7234661956445982
1.7234661956446033
1.7234661956446078
1.7234661956446293
1.7234661956446489
1.723466195644661
1.723466195644671
1.723466195644685
1.723466195644696
1.7234661956447035
1.7234661956447077
1.7234661956447104
1.7234661956447117
1.7234661956447144
1.7234661956447164
1.7234661956447177
1.723466195644719
1.7234661956447201
1.7234661956447206
1.723466195644721
1.7234661956447215
1.7234661956447221
1.7234661956447224
1.7234661956447224
1.7234661956447226
1.7234661956447226
1.7234661956447226
1.7234661956447226
1.7234661956447226
1.7234661956447226
1.7234661956447226
1.7234661956447226
1.7234661956447226
