2.745116160967982
2.745116160967982
2.745116160967982
2.745116160967982
2.745116160967982
2.745116160967982
2.745116160967982
2.745116160967982
2.745116160967982
2.745116160967982
2.745116160967982
2.745116160967982
2.745116160967982
2.745116160967982
2.745116160967982
2.745116160967982
2.745116160967982
2.745116160967982
2.745116160967982
2.745116160967982
2.745116160967982
2.745116160967982
2.745116160967982
2.745116160967982
2.745116160967982
2.745116160967982
2.745116160967982
2.745116160967982
2.745116160967982
2.745116160967982
2.745116160967982
2.745116160967982
2.745116160967982
2.745116160967982
2.745116160967982
2.745116160967982
2.745116160967982
2.745116160967982
2.745116160967982
2.745116160967982
2.745116160967982
2.745116160967982
2.745116160967982
2.745116160967982
2.745116160967982
2.745116160967982
2.745116160967982
2.745116160967982
2.7451186908435457
2.7451186908435457
2.7451186908435457
2.7451193202929582
2.7451193202929582
2.745130694671085
2.745132789429312
2.7451344782250073
2.7451367738298122
2.7451401899786654
2.745155358403739
2.745155358403739
2.745155358403739
2.7451566417501114
2.745162782481409
2.7451638623137296
2.7451672439918764
2.7451703398861005
2.7451731992736264
2.7451751613046604
2.745176338523529
2.7451776750228087
2.7451788947671347
2.745179983045686
2.745180815652378
2.745181315216434
2.745181845284626
2.745182368444752
2.7451827194129015
2.7451829613153866
2.7451832379280274
2.7451834058832283
2.745183479641728
2.745183542639087
2.7451836146116997
2.7451836767179763
2.7451836897144815
2.74518374375348
2.7451837636724292
2.7451837857792816
2.7451837990433927
2.745183813786202
2.7451838150325956
2.7451838271700737
2.7451838296406197
2.7451838363736867
2.745183838634099
2.7451838410174902
2.745183842668859
2.745183844083778
2.745183845072488
2.745183845297671
2.7451838459418174
2.745183846740744
2.7451838478794652
2.7451838481189395
2.745183848669078
2.7451838491591705
2.7451838494243863
2.7451838496558376
2.7451838501016073
2.7451838501016073
2.74518385013709
2.7451838503470083
2.74518385047296
2.7451838505485306
2.7451838505938726
2.745183850621079
2.7451838506893975
2.7451838506893975
2.7451838506893975
2.745183850702317
2.745183850711326
2.7451838507167317
2.745183850719972
2.7451838507212947
2.745183850722087
2.745183850722563
2.7451838507266606
2.7451838507266606
2.745183850727722
2.7451838507288584
2.7451838507299224
2.745183850730162
2.745183850730535
2.745183850730535
2.745183850730535
2.745183850730535
2.745183850730535
2.745183850730535
2.745183850730535
2.745183850730535
2.7451838507305637
2.7451838507306108
2.7451838507306108
2.745183850730637
2.745183850730637
2.745183850730637
2.745183850730637
2.745183850730637
2.745183850730637
2.745183850730637
2.745183850730637
2.745183850730637
2.745183850730637
2.745183850730637
2.745183850730637
2.745183850730637
2.745183850730637
2.745183850730637
2.745183850730637
2.745183850730637
2.745183850730637
2.745183850730637
2.745183850730637
2.745183850730637
2.745183850730637
2.745183850730637
2.745183850730637
2.745183850730637
2.745183850730637
2.745183850730637
2.745183850730637
2.745183850730637
2.745183850730637
2.745183850730637
2.745183850730637
2.745183850730637
2.745183850730637
2.745183850730637
2.745183850730637
2.745183850730637
2.745183850730637
2.745183850730637
2.745183850730637
2.745183850730637
2.745183850730637
2.745183850730637
2.745183850730637
2.745183850730637
2.745183850730637
2.745183850730637
2.745183850730637
