2.134401536617799
2.134401536617799
2.134401536617799
2.134401536617799
2.134401536617799
2.134401536617799
2.134401536617799
2.134401536617799
2.134401536617799
2.134401536617799
2.134401536617799
2.134401536617799
2.134401536617799
2.134401536617799
2.134401536617799
2.134401536617799
2.134401536617799
2.134401536617799
2.134401536617799
2.134401536617799
2.134401536617799
2.134401536617799
2.134401536617799
2.134401536617799
2.134401536617799
2.134401536617799
2.134401536617799
2.134401536617799
2.134401536617799
2.134401536617799
2.134401536617799
2.134401536617799
2.134401536617799
2.134401536617799
2.134401536617799
2.134401536617799
2.134401536617799
2.1345030859710743
2.1345868307712164
2.1345868307712164
2.1345868307712164
2.1345868307712164
2.1345868307712164
2.1345868307712164
2.1345868307712164
2.1345868307712164
2.1345868307712164
2.1345868307712164
2.1345868307712164
2.134587041870265
2.134587041870265
2.134587041870265
2.1345875207609235
2.1345897518935235
2.134591090571973
2.1345925087808317
2.134592739502699
2.134593246937257
2.1345945225728817
2.1345945225728817
2.1345945252702183
2.1346000981025273
2.1346000981025273
2.1346000981025273
2.134600788563815
2.1346024646662904
2.1346034703286545
2.13460407372639
2.134604435765145
2.1346047111117326
2.1346049039148296
2.1346050195967
2.1346053466886556
2.13460563122745
2.1346058069981884
2.1346059124606374
2.13460597573811
2.1346061101097877
2.134606228462999
2.1346062997841306
2.1346063425768107
2.134606376983499
2.134606410474827
2.1346064363823203
2.1346064519268166
2.1346064612535143
2.13460647237499
2.1346064820832904
2.134606488288555
2.1346064921410197
2.134606495793247
2.134606498023707
2.134606500005271
2.134606501499639
2.134606502898628
2.1346065039183055
2.1346065046921288
2.1346065053436813
2.1346065058883057
2.13460650632344
2.1346065066016564
2.134606506837445
2.1346065070057403
2.1346065071505533
2.134606507275464
2.1346065073514113
2.134606507401051
2.1346065074362444
2.1346065074615272
2.1346065074779923
2.13460650749901
2.1346065075155027
2.1346065075266702
2.134606507533371
2.1346065075427516
2.1346065075512475
2.1346065075565823
2.13460650756055
2.134606507565519
2.134606507568749
2.1346065075707754
2.1346065075726344
2.1346065075739964
2.134606507574872
2.13460650757543
2.1346065075758562
2.1346065075763376
2.1346065075766507
2.1346065075768386
2.1346065075769514
2.134606507577034
2.1346065075770917
2.1346065075771805
2.134606507577248
2.134606507577292
2.1346065075773177
2.1346065075773333
2.1346065075773466
2.134606507577359
2.1346065075773697
2.1346065075773795
2.1346065075773875
2.1346065075773923
2.1346065075773955
2.134606507577398
2.1346065075774012
2.134606507577404
2.134606507577406
2.134606507577407
2.134606507577408
2.134606507577409
2.1346065075774097
2.13460650757741
2.13460650757741
2.13460650757741
2.13460650757741
2.13460650757741
2.13460650757741
2.13460650757741
2.13460650757741
2.13460650757741
2.13460650757741
2.13460650757741
2.13460650757741
2.13460650757741
2.13460650757741
2.13460650757741
2.13460650757741
2.13460650757741
2.13460650757741
2.13460650757741
2.13460650757741
2.13460650757741
2.13460650757741
2.13460650757741
2.13460650757741
2.13460650757741
2.13460650757741
2.13460650757741
2.13460650757741
2.13460650757741
2.13460650757741
2.13460650757741
2.13460650757741
2.13460650757741
2.13460650757741
