2.1455726494293113
2.1455726494293113
2.1455726494293113
2.1455726494293113
2.1455726494293113
2.1455726494293113
2.1455726494293113
2.1455726494293113
2.1455726494293113
2.1455726494293113
2.1455726494293113
2.1455726494293113
2.1455726494293113
2.1455726494293113
2.1455726494293113
2.1455726494293113
2.1455726494293113
2.1455726494293113
2.1455726494293113
2.1455726494293113
2.1455726494293113
2.1455726494293113
2.1455726494293113
2.1455726494293113
2.1455726494293113
2.1455726494293113
2.1455726494293113
2.1455726494293113
2.1455726494293113
2.1455726494293113
2.1455726494293113
2.1455726494293113
2.1455726494293113
2.1455726494293113
2.1455726494293113
2.1455726494293113
2.1455726494293113
2.1455726494293113
2.1455726494293113
2.1455726494293113
2.1455726494293113
2.1455726494293113
2.1455726494293113
2.1455726494293113
2.145576104812786
2.145576104812786
2.145576104812786
2.145590579615869
2.145590579615869
2.145590579615869
2.145590579615869
2.1455946413884828
2.1455959173411228
2.1455980876986813
2.145600576742533
2.1456016852583
2.1456053330815354
2.1456058145899544
2.1456079540121893
2.1456088228710586
2.1456103110529807
2.145611322266018
2.1456120482871595
2.1456125558736168
2.1456132291098386
2.145613762223393
2.1456140820914715
2.1456143880034504
2.145614680185277
2.1456148470245107
2.1456149954055004
2.145615150407387
2.145615252904418
2.1456153082069203
2.145615342488895
2.1456153940603064
2.1456154416128292
2.145615472213242
2.1456154918342016
2.145615507367924
2.1456155316868197
2.145615548185832
2.14561555808524
2.1456155640248844
2.145615567713365
2.145615571522539
2.145615574807883
2.145615577252894
2.145615578920147
2.145615580544088
2.145615581887185
2.145615582243129
2.1456155828593886
2.145615583541989
2.1456155838043327
2.1456155840059346
2.1456155843221727
2.1456155845799625
2.1456155847450407
2.145615584855562
2.145615585014721
2.14561558513198
2.145615585207833
2.1456155852561145
2.145615585330363
2.14561558537632
2.1456155854085552
2.1456155854278967
2.1456155854467496
2.1456155854669308
2.1456155854848267
2.1456155854954506
2.145615585503385
2.145615585519136
2.145615585529329
2.145615585535444
2.1456155855391135
2.145615585541315
2.1456155855462327
2.1456155855488173
2.145615585551696
2.1456155855533994
2.145615585554953
2.145615585556477
2.14561558555728
2.1456155855578136
2.1456155855587964
2.1456155855594323
2.1456155855598134
2.145615585560135
2.1456155855604413
2.1456155855607753
2.145615585560975
2.145615585561096
2.1456155855611674
2.145615585561216
2.145615585561322
2.1456155855614356
2.145615585561504
2.1456155855615444
2.145615585561569
2.1456155855615866
2.145615585561613
2.14561558556163
2.145615585561643
2.1456155855616625
2.1456155855616745
2.1456155855616816
2.145615585561687
2.145615585561697
2.1456155855617034
2.1456155855617074
2.14561558556171
2.145615585561715
2.145615585561718
2.1456155855617203
2.1456155855617216
2.1456155855617225
2.1456155855617234
2.1456155855617243
2.145615585561725
2.145615585561726
2.145615585561726
2.145615585561726
2.145615585561726
2.145615585561726
2.145615585561726
2.145615585561726
2.145615585561726
2.145615585561726
2.145615585561726
2.145615585561726
2.145615585561726
2.145615585561726
2.145615585561726
2.145615585561726
2.145615585561726
2.145615585561726
2.145615585561726
2.145615585561726
2.145615585561726
