2.0662752761309964
2.0662752761309964
2.0662752761309964
2.0662752761309964
2.0662752761309964
2.0662752761309964
2.0662752761309964
2.0662752761309964
2.0662752761309964
2.0662752761309964
2.0662752761309964
2.0662752761309964
2.0662752761309964
2.0662752761309964
2.0662752761309964
2.0662752761309964
2.0662752761309964
2.0662752761309964
2.0662752761309964
2.0662752761309964
2.0662752761309964
2.0662752761309964
2.0662752761309964
2.0662752761309964
2.0662752761309964
2.0662752761309964
2.0662752761309964
2.0662752761309964
2.0662752761309964
2.0662752761309964
2.0662752761309964
2.0662752761309964
2.0662752761309964
2.0662752761309964
2.0662752761309964
2.0662752761309964
2.0662752761309964
2.0662752761309964
2.0662752761309964
2.0662752761309964
2.0662752761309964
2.0662752761309964
2.0662752761309964
2.0662752761309964
2.0662752761309964
2.0662752761309964
2.0662752761309964
2.0662752761309964
2.0662752761309964
2.0662752761309964
2.0662752761309964
2.0662752761309964
2.0662752761309964
2.0662752761309964
2.0662752761309964
2.0662752761309964
2.0662752761309964
2.0662752761309964
2.0662752761309964
2.0662752761309964
2.0662759838954057
2.066276328742319
2.066276328742319
2.066276328742319
2.0662772567882204
2.066277749282558
2.066277749282558
2.066277749282558
2.0662783999110568
2.0662789580308054
2.0662797874016805
2.066279964032044
2.0662802830298244
2.066280669366872
2.0662810447146795
2.0662812699233757
2.0662814050485987
2.066281650372993
2.066281650372993
2.066281650372993
2.0662818407291406
2.066281959048471
2.0662820769150385
2.0662821476349817
2.0662821948011327
2.066282331277701
2.0662823855539294
2.066282416159015
2.06628245994263
2.0662824880204904
2.0662825063198507
2.0662825228542716
2.0662825260912805
2.0662825401884115
2.0662825443314414
2.0662825492327053
2.066282553515932
2.0662825560858677
2.0662825566879635
2.0662825579641595
2.066282560037756
2.0662825609734328
2.066282561039375
2.066282561079855
2.0662825613487064
2.06628256180679
2.0662825622543664
2.0662825626867005
2.0662825629461015
2.0662825631017414
2.066282563133293
2.066282563133293
2.066282563240953
2.066282563375188
2.0662825634449824
2.0662825634973596
2.066282563565362
2.0662825636065287
2.0662825636436035
2.0662825636658484
2.066282563679196
2.066282563687204
2.06628256369457
2.0662825636994704
2.0662825637068813
2.066282563711299
2.0662825637137954
2.0662825637162925
2.066282563719744
2.066282563721384
2.066282563722831
2.0662825637239215
2.066282563725043
2.066282563725747
2.066282563726178
2.0662825637265017
2.0662825637268405
2.0662825637270843
2.0662825637272495
2.0662825637273836
2.06628256372748
2.0662825637276163
2.0662825637276776
2.066282563727741
2.0662825637277953
2.0662825637277953
2.0662825637278037
2.0662825637278193
2.0662825637278295
2.066282563727835
2.0662825637278424
2.066282563727849
2.0662825637278517
2.0662825637278552
2.066282563727858
2.0662825637278606
2.066282563727862
2.0662825637278632
2.0662825637278632
2.066282563727867
2.066282563727868
2.0662825637278686
2.0662825637278686
2.066282563727869
2.0662825637278694
2.0662825637278694
2.0662825637278694
2.06628256372787
2.06628256372787
2.06628256372787
2.06628256372787
2.06628256372787
2.06628256372787
2.06628256372787
2.06628256372787
2.06628256372787
2.06628256372787
2.06628256372787
2.06628256372787
2.06628256372787
2.06628256372787
2.06628256372787
2.06628256372787
2.06628256372787
2.06628256372787
2.06628256372787
2.06628256372787
2.06628256372787
2.06628256372787
2.06628256372787
2.06628256372787
2.06628256372787
2.06628256372787
