1.596874755384077
1.596874755384077
1.596874755384077
1.596874755384077
1.596874755384077
1.596874755384077
1.596874755384077
1.596874755384077
1.596874755384077
1.596874755384077
1.596874755384077
1.596874755384077
1.596874755384077
1.596874755384077
1.596874755384077
1.596874755384077
1.596874755384077
1.596874755384077
1.596874755384077
1.596874755384077
1.596874755384077
1.596874755384077
1.596874755384077
1.596874755384077
1.596874755384077
1.596874755384077
1.596874755384077
1.596874755384077
1.596874755384077
1.596874755384077
1.596874755384077
1.596874755384077
1.596874755384077
1.596874755384077
1.596874755384077
1.596874755384077
1.596874755384077
1.596874755384077
1.596874755384077
1.596874755384077
1.596874755384077
1.596874755384077
1.596874755384077
1.596874755384077
1.596874755384077
1.596874755384077
1.596874755384077
1.5968757706473045
1.5968757706473045
1.5968757706473045
1.5968757706473045
1.5968757706473045
1.5968757706473045
1.5968768936502236
1.5968768936502236
1.5968775476326522
1.5968781199633295
1.596879778803888
1.5968834278136077
1.5968856172046835
1.5968869308340166
1.5968878575984815
1.5968888179272507
1.5968896799041332
1.5968904639933352
1.5968907429967667
1.5968913005222067
1.5968917152589575
1.596891983661794
1.5968921191348122
1.5968922290038372
1.596892416984074
1.5968926059564463
1.596892727036425
1.5968927926981233
1.5968929045084095
1.5968930155379177
1.5968930812869706
1.596893123511222
1.5968931729472347
1.5968932085675465
1.5968932305748937
1.596893245796587
1.596893255215365
1.5968932660237083
1.5968932751890197
1.5968932802816347
1.5968932844727208
1.5968932872131334
1.5968932898001422
1.5968932911667064
1.5968932921126016
1.5968932928484734
1.5968932932899962
1.5968932935549098
1.5968932937300861
1.596893293973928
1.5968932941846614
1.5968932943461933
1.5968932944911935
1.5968932946011274
1.596893294724838
1.5968932948044054
1.5968932948577441
1.5968932949314532
1.5968932949954122
1.5968932950354404
1.5968932950604215
1.5968932950858483
1.5968932951090158
1.596893295123669
1.5968932951324604
1.5968932951377353
1.596893295141244
1.5968932951441814
1.5968932951480759
1.5968932951504602
1.5968932951518908
1.5968932951527863
1.5968932951533936
1.596893295154266
1.5968932951551689
1.5968932951557426
1.5968932951561159
1.5968932951563732
1.5968932951566084
1.596893295156805
1.596893295156928
1.5968932951570114
1.5968932951570618
1.596893295157092
1.5968932951571102
1.596893295157121
1.5968932951571275
1.596893295157135
1.596893295157162
1.5968932951571875
1.5968932951572028
1.596893295157212
1.5968932951572177
1.5968932951572232
1.5968932951572345
1.5968932951572417
1.596893295157246
1.5968932951572485
1.5968932951572539
1.5968932951572572
1.5968932951572594
1.5968932951572608
1.5968932951572614
1.5968932951572627
1.5968932951572634
1.596893295157264
1.5968932951572645
1.5968932951572647
1.5968932951572652
1.5968932951572656
1.5968932951572656
1.5968932951572656
1.5968932951572659
1.5968932951572659
1.5968932951572659
1.5968932951572659
1.5968932951572659
1.5968932951572659
1.5968932951572659
1.5968932951572659
1.5968932951572659
1.5968932951572659
1.5968932951572659
1.5968932951572659
1.5968932951572659
1.5968932951572659
1.5968932951572659
1.5968932951572659
1.5968932951572659
1.5968932951572659
1.5968932951572659
1.5968932951572659
1.5968932951572659
1.5968932951572659
1.5968932951572659
1.5968932951572659
1.5968932951572659
