2.0512323879649763
2.0512323879649763
2.0512323879649763
2.0512323879649763
2.0512323879649763
2.0512323879649763
2.0512323879649763
2.0512323879649763
2.0512323879649763
2.0512323879649763
2.0512323879649763
2.0512323879649763
2.0512323879649763
2.0512323879649763
2.0512323879649763
2.0512323879649763
2.0512323879649763
2.0512323879649763
2.0512323879649763
2.0512323879649763
2.0512323879649763
2.0512323879649763
2.0512323879649763
2.0512323879649763
2.0512323879649763
2.0512323879649763
2.0512323879649763
2.0512323879649763
2.0512323879649763
2.0512323879649763
2.0512323879649763
2.0512323879649763
2.0512323879649763
2.0512323879649763
2.0512323879649763
2.0512323879649763
2.0512323879649763
2.0512323879649763
2.0512323879649763
2.0512323879649763
2.0512323879649763
2.0512323879649763
2.0512323879649763
2.0512323879649763
2.0512323879649763
2.0512323879649763
2.0512323879649763
2.0512323879649763
2.0512323879649763
2.051262289286275
2.051262289286275
2.051262289286275
2.051262289286275
2.051262289286275
2.051262289286275
2.051275164310678
2.051275164310678
2.051275164310678
2.0512791924999703
2.0512828272427455
2.0512850080934713
2.0512868372076634
2.0512912444997884
2.051294536339322
2.051296511446872
2.0512976965127803
2.0512984075528213
2.0512988341770244
2.0512997442349543
2.0513009582910837
2.0513020063692315
2.051302776883704
2.051303125365601
2.051303550804885
2.0513039948857323
2.0513040439630696
2.05130444841252
2.05130444841252
2.0513046343829053
2.051304780192931
2.0513048816494845
2.0513049425234207
2.051304979047784
2.0513050009624028
2.0513050148150906
2.0513050615957127
2.0513051031915213
2.0513051281490084
2.051305154992129
2.051305185093561
2.0513052041448017
2.0513052155755456
2.051305226563631
2.051305235864352
2.0513052414447848
2.051305244793044
2.0513052472523694
2.051305249900255
2.0513052519286057
2.0513052533279716
2.051305254230543
2.0513052549181836
2.05130525555009
2.051305255929234
2.051305256160787
2.0513052563950187
2.0513052565355574
2.051305256650919
2.0513052567271037
2.051305256777317
2.0513052568258865
2.0513052568735293
2.05130525691494
2.051305256939786
2.0513052569653936
2.0513052569824355
2.0513052569960633
2.05130525700488
2.05130525701017
2.0513052570133445
2.0513052570152497
2.051305257016793
2.051305257022824
2.05130525702748
2.051305257030273
2.051305257031949
2.0513052570329546
2.051305257033558
2.05130525703392
2.051305257035911
2.051305257037307
2.0513052570381443
2.0513052570387713
2.0513052570397496
2.0513052570403367
2.0513052570406898
2.0513052570409003
2.051305257041139
2.0513052570413626
2.051305257041496
2.051305257041576
2.0513052570416486
2.051305257041739
2.051305257041794
2.0513052570418266
2.0513052570418457
2.0513052570418577
2.0513052570418666
2.051305257041881
2.0513052570418897
2.051305257041895
2.051305257041898
2.051305257041905
2.051305257041911
2.051305257041914
2.051305257041917
2.0513052570419195
2.051305257041923
2.0513052570419252
2.0513052570419266
2.0513052570419275
2.0513052570419283
2.0513052570419292
2.0513052570419292
2.05130525704193
2.0513052570419306
2.0513052570419315
2.0513052570419315
2.0513052570419315
2.0513052570419315
2.0513052570419315
2.0513052570419315
2.0513052570419315
2.0513052570419315
2.0513052570419315
2.0513052570419315
2.0513052570419315
2.0513052570419315
2.0513052570419315
2.0513052570419315
2.0513052570419315
2.0513052570419315
2.0513052570419315
2.0513052570419315
2.0513052570419315
2.0513052570419315
2.0513052570419315
2.0513052570419315
2.0513052570419315
2.0513052570419315
2.0513052570419315
2.0513052570419315
