2.171348284862351
2.171348284862351
2.171348284862351
2.171348284862351
2.171348284862351
2.171348284862351
2.171348284862351
2.171348284862351
2.171348284862351
2.171348284862351
2.171348284862351
2.171348284862351
2.171348284862351
2.171348284862351
2.171348284862351
2.171348284862351
2.171348284862351
2.171348284862351
2.171348284862351
2.171348284862351
2.171348284862351
2.171348284862351
2.171348284862351
2.171348284862351
2.171348284862351
2.171348284862351
2.171348284862351
2.171348284862351
2.171348284862351
2.171348284862351
2.171348284862351
2.171348284862351
2.171348284862351
2.171348284862351
2.171348284862351
2.171348284862351
2.171348284862351
2.171348284862351
2.171348284862351
2.171348284862351
2.171348284862351
2.171348284862351
2.171348284862351
2.171348284862351
2.171348284862351
2.171348284862351
2.171348284862351
2.171348284862351
2.171348284862351
2.171348284862351
2.171348284862351
2.1713546010410334
2.1713546010410334
2.1713546010410334
2.1713546010410334
2.1713635956615835
2.1713635956615835
2.1713635956615835
2.171370422388643
2.171371700610221
2.171373215901751
2.171375636554548
2.1713785078988868
2.1713798028657685
2.171380434535393
2.171381957490137
2.171382630273921
2.1713832868354412
2.1713838467680113
2.171384318609289
2.171384711622812
2.171385213865166
2.171385515210634
2.17138565140482
2.171385822814665
2.1713860422521076
2.1713861559108603
2.171386225100836
2.171386276637358
2.171386378420456
2.1713864774960405
2.1713865369413945
2.171386596008859
2.1713866415727856
2.1713866911390154
2.1713867286323234
2.171386757875243
2.1713867783974927
2.1713867814835166
2.1713868114645956
2.171386819180326
2.1713868300953703
2.171386836644397
2.171386840573813
2.1713868435250774
2.1713868479948495
2.1713868514970667
2.1713868535983982
2.171386854854715
2.1713868557032594
2.171386856423133
2.1713868575354183
2.171386857897197
2.17138685803345
2.1713868586067537
2.1713868590208754
2.1713868595250188
2.1713868599037442
2.17138686027629
2.171386860514073
2.171386860514073
2.171386860514073
2.171386860673372
2.171386860673372
2.171386860673372
2.171386860673372
2.1713868606758875
2.1713868607338296
2.1713868607338296
2.1713868607338296
2.1713868607338296
2.171386860746732
2.171386860746732
2.171386860746732
2.171386860746732
2.171386860746732
2.1713868607509577
2.1713868607509577
2.1713868607509577
2.1713868607509577
2.1713868607530404
2.1713868607530404
2.1713868607530404
2.1713868607530404
2.1713868607530404
2.1713868607535285
2.1713868607535285
2.1713868607535285
2.1713868607535285
2.1713868607535285
2.1713868607536404
2.1713868607536404
2.1713868607536404
2.1713868607536404
2.1713868607536404
2.1713868607536417
2.171386860753667
2.171386860753692
2.171386860753692
2.171386860753692
2.1713868607537012
2.1713868607537035
2.171386860753704
2.171386860753705
2.1713868607537066
2.1713868607537083
2.1713868607537097
2.1713868607537106
2.1713868607537123
2.1713868607537137
2.1713868607537146
2.1713868607537155
2.1713868607537155
2.171386860753717
2.1713868607537172
2.1713868607537172
2.1713868607537172
2.1713868607537177
2.1713868607537177
2.1713868607537177
2.1713868607537177
2.1713868607537177
2.1713868607537177
2.1713868607537177
2.1713868607537177
2.1713868607537177
2.1713868607537177
2.1713868607537177
2.1713868607537177
2.1713868607537177
2.1713868607537177
2.1713868607537177
2.1713868607537177
2.1713868607537177
2.1713868607537177
2.1713868607537177
2.1713868607537177
2.1713868607537177
2.1713868607537177
2.1713868607537177
2.1713868607537177
