2.1421276211713454
2.1421276211713454
2.1421276211713454
2.1421276211713454
2.1421276211713454
2.1421276211713454
2.1421276211713454
2.1421276211713454
2.1421276211713454
2.1421276211713454
2.1421276211713454
2.1421276211713454
2.1421276211713454
2.1421276211713454
2.1421276211713454
2.1421276211713454
2.1421276211713454
2.1421276211713454
2.1421276211713454
2.1421276211713454
2.1421276211713454
2.1421276211713454
2.1421276211713454
2.1421276211713454
2.1421276211713454
2.1421276211713454
2.1421276211713454
2.1421276211713454
2.1421276211713454
2.1421276211713454
2.1421276211713454
2.1421276211713454
2.1421276211713454
2.1421276211713454
2.1421276211713454
2.1421276211713454
2.1421276211713454
2.142142971967437
2.142142971967437
2.142142971967437
2.142142971967437
2.1422743465965723
2.1422743465965723
2.1422743465965723
2.142319971812704
2.142319971812704
2.142319971812704
2.142319971812704
2.1423427183473605
2.1423427183473605
2.1423427183473605
2.1423427183473605
2.142351227583416
2.142361100935976
2.1423642306319257
2.1423675731547553
2.1423730989331253
2.1423730989331253
2.1423741833274623
2.1423760470054796
2.1423782245095926
2.1423792369270087
2.142381403143835
2.1423819830469077
2.1423831380518172
2.14238395324782
2.142384200923283
2.142384716590579
2.142385053575322
2.142385404411598
2.1423854739582198
2.1423855877640277
2.1423857608941685
2.1423858650919025
2.1423859560155996
2.142386114699385
2.1423862283544204
2.1423862719357962
2.1423863054686283
2.142386311341568
2.1423863362393645
2.1423863492825763
2.1423863492825763
2.1423863492825763
2.142386353257586
2.1423863583062
2.1423863613353684
2.1423863613361296
2.1423863613361296
2.142386362457018
2.1423863629895936
2.1423863630965787
2.1423863638361547
2.142386364317902
2.1423863647935013
2.142386365159568
2.142386365433001
2.1423863655970616
2.1423863657197986
2.142386365804027
2.142386365914093
2.1423863664851424
2.1423863668277727
2.142386367033351
2.142386367033351
2.142386367071989
2.1423863671491996
2.142386367223449
2.1423863673431605
2.1423863673437618
2.142386367429856
2.1423863675013655
2.1423863675516244
2.142386367583827
2.142386367628246
2.142386367668308
2.142386367693934
2.142386367713569
2.142386367720809
2.142386367720809
2.142386367720809
2.1423863677229296
2.1423863677229296
2.1423863677229296
2.1423863677241686
2.142386367725104
2.1423863677265964
2.1423863677271915
2.1423863677275543
2.142386367728529
2.142386367728597
2.1423863677290673
2.1423863677297343
2.1423863677301083
2.1423863677301083
2.1423863677303814
2.1423863677303983
2.142386367730505
2.14238636773051
2.1423863677305235
2.1423863677305843
2.142386367730623
2.142386367730648
2.1423863677307176
2.142386367730726
2.1423863677307438
2.1423863677307486
2.142386367730754
2.1423863677307606
2.1423863677307664
2.1423863677307673
2.1423863677307673
2.1423863677307673
2.1423863677307686
2.142386367730771
2.142386367730771
2.142386367730771
2.142386367730771
2.142386367730771
2.142386367730771
2.142386367730771
2.142386367730771
2.142386367730771
2.142386367730771
2.142386367730771
2.142386367730771
2.142386367730771
2.142386367730771
2.142386367730771
2.142386367730771
2.142386367730771
2.142386367730771
2.142386367730771
2.142386367730771
2.142386367730771
2.142386367730771
2.142386367730771
2.142386367730771
2.142386367730771
2.142386367730771
2.142386367730771
