1.634451033319583
1.634451033319583
1.634451033319583
1.634451033319583
1.634451033319583
1.634451033319583
1.634451033319583
1.634451033319583
1.634451033319583
1.634451033319583
1.634451033319583
1.634451033319583
1.634451033319583
1.634451033319583
1.634451033319583
1.634451033319583
1.634451033319583
1.634451033319583
1.634451033319583
1.634451033319583
1.634451033319583
1.634451033319583
1.634451033319583
1.634451033319583
1.634451033319583
1.634451033319583
1.634451033319583
1.634451033319583
1.634451033319583
1.634451033319583
1.634451033319583
1.634451033319583
1.634451033319583
1.634451033319583
1.634451033319583
1.634451033319583
1.634451033319583
1.634451033319583
1.634451033319583
1.634451033319583
1.634451033319583
1.634451033319583
1.634451033319583
1.634451033319583
1.634451033319583
1.634451033319583
1.634451033319583
1.634451033319583
1.634451033319583
1.634451033319583
1.634451033319583
1.634451033319583
1.634451033319583
1.634451033319583
1.634451033319583
1.6344579771301389
1.6344579771301389
1.6344579771301389
1.6344600508328049
1.634468595700171
1.634474911075327
1.634478700317041
1.6344809738680532
1.6344880783562827
1.6344930642651772
1.6344960558197172
1.6344978507557544
1.6345012004809463
1.634503859905671
1.634505455563074
1.6345064129584406
1.6345069873959934
1.6345078807265674
1.6345093590200537
1.6345102639510234
1.6345109283436825
1.6345111377747654
1.6345114583062503
1.6345118459779275
1.6345120922176952
1.6345123430334396
1.6345125219693815
1.634512684623268
1.634512842198621
1.6345129404050294
1.6345129862263936
1.6345130505215466
1.634513147777046
1.6345131832630218
1.6345132484747622
1.6345133079513805
1.6345133302489852
1.6345133595755557
1.6345133806642884
1.6345133988792502
1.6345134098082275
1.6345134156943033
1.6345134215773376
1.6345134268682104
1.6345134315908274
1.6345134326380506
1.6345134348600565
1.6345134381058315
1.6345134404944617
1.63451344192764
1.6345134427875463
1.6345134443734017
1.6345134463521298
1.6345134475393661
1.6345134481594992
1.634513448653063
1.6345134498060128
1.6345134503893188
1.6345134507393024
1.634513450949293
1.634513451281489
1.6345134516238495
1.634513451820524
1.6345134519552031
1.634513452045178
1.6345134522135758
1.6345134524095895
1.6345134524532015
1.6345134525186333
1.6345134525578926
1.6345134525888092
1.634513452598063
1.6345134526274478
1.634513452691329
1.63451345273246
1.6345134527604273
1.6345134527799325
1.6345134528122731
1.634513452830432
1.6345134528432668
1.6345134528509675
1.6345134528644996
1.6345134528759904
1.634513452882522
1.6345134528872503
1.6345134528904026
1.6345134528941425
1.6345134529001155
1.6345134529037568
1.634513452905941
1.6345134529080834
1.6345134529106875
1.6345134529122494
1.634513452913045
1.634513452913045
1.6345134529141188
1.6345134529145893
1.6345134529152336
1.6345134529153689
1.6345134529154497
1.634513452915725
1.6345134529160998
1.6345134529163248
1.6345134529164427
1.6345134529165146
1.6345134529165843
1.6345134529166268
1.6345134529167333
1.6345134529167333
1.6345134529167427
1.634513452916779
1.634513452916801
1.6345134529168126
1.634513452916822
1.6345134529168266
1.634513452916832
1.6345134529168355
1.6345134529168421
1.6345134529168421
1.634513452916846
1.634513452916849
1.634513452916851
1.634513452916853
1.6345134529168555
1.6345134529168572
1.634513452916858
1.634513452916859
1.6345134529168601
1.6345134529168603
1.6345134529168608
1.6345134529168612
1.6345134529168615
1.6345134529168615
1.6345134529168615
1.6345134529168615
1.6345134529168615
1.6345134529168617
1.634513452916862
1.634513452916862
1.634513452916862
