1.2648338501850909
1.2648338501850909
1.2648338501850909
1.2648338501850909
1.2648338501850909
1.2648338501850909
1.2648338501850909
1.2648338501850909
1.2648338501850909
1.2648338501850909
1.2648338501850909
1.2648338501850909
1.2648338501850909
1.2648338501850909
1.2648338501850909
1.2648338501850909
1.2648338501850909
1.2648338501850909
1.2648338501850909
1.2648338501850909
1.2648338501850909
1.2648338501850909
1.2648338501850909
1.2648338501850909
1.2648338501850909
1.2648338501850909
1.2648338501850909
1.2648338501850909
1.2648338501850909
1.2648338501850909
1.2648338501850909
1.2648338501850909
1.2648338501850909
1.2648338501850909
1.2648338501850909
1.2648338501850909
1.2648338501850909
1.2648338501850909
1.2648338501850909
1.2648338501850909
1.2648338501850909
1.2648338501850909
1.2648338501850909
1.2648338501850909
1.2648338501850909
1.2648338501850909
1.2648338501850909
1.2648338501850909
1.2648338501850909
1.2648338501850909
1.2648338501850909
1.2648338501850909
1.2648338501850909
1.2648340269466964
1.2648346955367806
1.2648346955367806
1.2648349515671948
1.2648352575529707
1.2648353826110024
1.264835481060791
1.2648357678550297
1.2648358188378939
1.264836049558433
1.2648362301530585
1.2648363385098529
1.264836502108345
1.2648365489090074
1.26483662845446
1.2648366781437603
1.26483670320171
1.264836740140355
1.2648367666521954
1.2648367975836603
1.2648368004467794
1.2648368193371708
1.2648368373374643
1.264836839995911
1.2648368514167696
1.264836853326107
1.2648368596422428
1.2648368654410174
1.2648368678862234
1.2648368678862234
1.2648368678862234
1.2648368698931196
1.2648368698931196
1.2648368698931196
1.2648368698931196
1.2648368698931196
1.2648368698931196
1.2648368698961416
1.2648368699014034
1.2648368699045607
1.264836870187274
1.264836870187274
1.264836870187274
1.264836870187274
1.264836870187274
1.2648368701900803
1.264836870225015
1.2648368702459758
1.2648368702585522
1.2648368702879416
1.2648368702879416
1.2648368702879416
1.2648368702879416
1.2648368702928865
1.2648368702928865
1.2648368702928865
1.2648368702928865
1.2648368702950825
1.2648368702950825
1.2648368702950825
1.2648368702955042
1.2648368702961361
1.2648368702965151
1.2648368702967427
1.264836870296879
1.264836870296961
1.264836870297706
1.2648368702996082
1.264836870300187
1.264836870300187
1.264836870300187
1.26483687030052
1.2648368703006265
1.2648368703006265
1.2648368703006265
1.2648368703007296
1.2648368703008264
1.2648368703009132
1.2648368703010264
1.264836870301035
1.264836870301035
1.264836870301035
1.2648368703011021
1.2648368703011021
1.2648368703011021
1.2648368703011021
1.2648368703011021
1.2648368703011068
1.2648368703011097
1.2648368703011152
1.2648368703011175
1.2648368703011204
1.264836870301122
1.264836870301124
1.2648368703011255
1.2648368703011266
1.264836870301127
1.2648368703011275
1.264836870301128
1.2648368703011286
1.264836870301129
1.2648368703011295
1.2648368703011297
1.26483687030113
1.2648368703011301
1.2648368703011301
1.2648368703011303
1.2648368703011303
1.2648368703011303
1.2648368703011303
1.2648368703011303
1.2648368703011303
1.2648368703011303
1.2648368703011303
1.2648368703011303
1.2648368703011303
1.2648368703011303
1.2648368703011303
1.2648368703011303
1.2648368703011303
1.2648368703011303
1.2648368703011303
1.2648368703011303
1.2648368703011303
