1.5994206342903827
1.5994206342903827
1.5994206342903827
1.5994206342903827
1.5994206342903827
1.5994206342903827
1.5994206342903827
1.5994206342903827
1.5994206342903827
1.5994206342903827
1.5994206342903827
1.5994206342903827
1.5994206342903827
1.5994206342903827
1.5994206342903827
1.5994206342903827
1.5994206342903827
1.5994206342903827
1.5994206342903827
1.5994206342903827
1.5994206342903827
1.5994206342903827
1.5994206342903827
1.5994206342903827
1.5994206342903827
1.5994206342903827
1.5994206342903827
1.5994206342903827
1.5994206342903827
1.5994206342903827
1.5994206342903827
1.5994206342903827
1.5994206342903827
1.5994206342903827
1.5994206342903827
1.5994206342903827
1.5994373101156076
1.5995640305596108
1.5996400681755811
1.5996400681755811
1.5996400681755811
1.5996501262996083
1.5996501262996083
1.5996501262996083
1.5996501262996083
1.5996558118188728
1.5996628751549122
1.5996671131731526
1.5996696559900792
1.5996711816823888
1.5996720970985496
1.5996726463485254
1.599672975898611
1.5996731736286987
1.5996732922667642
1.599673883766324
1.599673883766324
1.599673883766324
1.5996743552779942
1.5996744671514507
1.599674712132375
1.5996748591209644
1.5996749473141305
1.5996750002300344
1.5996750319795783
1.5996750510293052
1.5996750624591414
1.5996752882408949
1.5996756212407208
1.5996756212407208
1.5996756212407208
1.5996756212407208
1.5996756861446266
1.5996758006434542
1.599675929045553
1.5996763395143305
1.5996763799783402
1.5996764828926067
1.599676709515066
1.5996768260742609
1.599676936938269
1.5996769894376226
1.5996770346635492
1.5996770606395285
1.5996771295437648
1.5996771419730904
1.599677172291705
1.5996772024936585
1.599677213517823
1.5996772265252834
1.5996772324470974
1.5996772383117186
1.599677249829414
1.5996772510586708
1.599677251937331
1.599677253933284
1.5996772551308558
1.5996772561581212
1.5996772568729078
1.5996772588089212
1.599677260348256
1.5996772613302062
1.5996772619441957
1.5996772623372713
1.5996772630807663
1.5996772637727175
1.5996772642045372
1.5996772644756687
1.5996772648939723
1.5996772652024929
1.5996772653891531
1.5996772655654725
1.5996772657903302
1.59967726592646
1.5996772660110614
1.5996772660618221
1.5996772661256093
1.5996772661695924
1.5996772661965455
1.5996772662127177
1.599677266224317
1.5996772662429117
1.5996772662561694
1.599677266264124
1.5996772662695855
1.5996772662780483
1.5996772662832581
1.599677266286384
1.5996772662882597
1.599677266289385
1.5996772662920398
1.599677266294211
1.5996772662955137
1.599677266296296
1.5996772662972403
1.599677266297866
1.5996772662982417
1.5996772662984695
1.5996772662986445
1.5996772662988696
1.5996772662990053
1.5996772662990866
1.5996772662991352
1.5996772662991645
1.5996772662991818
1.5996772662991927
1.5996772662991994
1.5996772662992254
1.5996772662992422
1.5996772662992524
1.5996772662992584
1.599677266299267
1.5996772662992789
1.599677266299286
1.5996772662992904
1.599677266299296
1.5996772662993006
1.5996772662993037
1.5996772662993057
1.599677266299307
1.5996772662993093
1.5996772662993104
1.599677266299311
1.5996772662993117
1.5996772662993128
1.5996772662993133
1.5996772662993137
1.599677266299314
1.5996772662993142
1.5996772662993144
1.5996772662993146
1.5996772662993146
1.5996772662993146
1.5996772662993148
1.5996772662993148
1.5996772662993148
1.5996772662993148
1.599677266299315
1.599677266299315
1.599677266299315
1.599677266299315
1.599677266299315
1.599677266299315
1.599677266299315
1.599677266299315
1.599677266299315
1.599677266299315
1.599677266299315
1.599677266299315
1.599677266299315
1.599677266299315
1.599677266299315
