1.234366875509826
1.234366875509826
1.234366875509826
1.234366875509826
1.234366875509826
1.234366875509826
1.234366875509826
1.234366875509826
1.234366875509826
1.234366875509826
1.234366875509826
1.234366875509826
1.234366875509826
1.234366875509826
1.234366875509826
1.234366875509826
1.234366875509826
1.234366875509826
1.234366875509826
1.234366875509826
1.234366875509826
1.234366875509826
1.234366875509826
1.234366875509826
1.234366875509826
1.234366875509826
1.234366875509826
1.234366875509826
1.234366875509826
1.234366875509826
1.234366875509826
1.234366875509826
1.234366875509826
1.234366875509826
1.234366875509826
1.234366875509826
1.234366875509826
1.234366875509826
1.234366875509826
1.234366875509826
1.234366875509826
1.234366875509826
1.234366875509826
1.234366875509826
1.234366875509826
1.234366875509826
1.234366875509826
1.234366875509826
1.234366875509826
1.234366875509826
1.234366875509826
1.234366875509826
1.234367418339585
1.2343674471480475
1.234367464432716
1.23436747480337
1.2343674810257093
1.234367484759094
1.2343674869991175
1.2343674883431295
1.2343675928481201
1.2343675928481201
1.2343680238676946
1.2343682385242376
1.2343683673181458
1.2343685810897458
1.2343687982997416
1.2343688728564093
1.2343689388439052
1.2343691402704486
1.2343691402704486
1.234369369947582
1.2343694523795905
1.234369508602722
1.2343695976617084
1.234369635280467
1.2343697012014516
1.234369730782807
1.2343697589814622
1.2343697997659198
1.2343698243388082
1.2343698390825404
1.23436984792878
1.234369857709752
1.2343698689795648
1.2343698851402356
1.2343698881506726
1.2343698905991842
1.234369898554068
1.2343699042529148
1.2343699042529148
1.2343699042529148
1.2343699052874615
1.2343699062226734
1.2343699062226734
1.2343699062226734
1.2343699062226734
1.2343699067320808
1.234369906910535
1.234369906910535
1.2343699071805037
1.234369907293745
1.23436990732675
1.23436990732675
1.2343699073407244
1.2343699074538048
1.2343699075713461
1.234369907641871
1.2343699076944723
1.2343699077387402
1.2343699077780035
1.2343699077780035
1.2343699077780035
1.2343699077780035
1.2343699077924386
1.2343699077948227
1.2343699077952448
1.2343699077959531
1.2343699078000283
1.2343699078035133
1.2343699078064232
1.2343699078082897
1.2343699078101635
1.234369907812388
1.234369907813595
1.234369907813595
1.2343699078142145
1.2343699078147579
1.2343699078150814
1.2343699078152297
1.2343699078153878
1.2343699078155028
1.2343699078156902
1.2343699078156902
1.2343699078156902
1.2343699078156902
1.2343699078156944
1.2343699078156944
1.2343699078156944
1.2343699078156944
1.2343699078156944
1.2343699078156944
1.2343699078156944
1.2343699078156944
1.2343699078157
1.2343699078157073
1.234369907815708
1.2343699078157118
1.2343699078157129
1.234369907815713
1.2343699078157133
1.2343699078157147
1.2343699078157158
1.2343699078157162
1.2343699078157164
1.2343699078157166
1.234369907815717
1.234369907815717
1.234369907815717
1.2343699078157173
1.2343699078157175
1.2343699078157178
1.2343699078157178
1.2343699078157178
1.2343699078157178
1.2343699078157178
1.2343699078157178
1.2343699078157178
1.2343699078157178
1.2343699078157178
1.2343699078157178
1.2343699078157178
1.2343699078157178
1.2343699078157178
1.2343699078157178
1.2343699078157178
1.2343699078157178
1.2343699078157178
1.2343699078157178
1.2343699078157178
1.2343699078157178
1.2343699078157178
1.2343699078157178
1.2343699078157178
1.2343699078157178
