2.042911721321591
2.042911721321591
2.042911721321591
2.042911721321591
2.042911721321591
2.042911721321591
2.042911721321591
2.042911721321591
2.042911721321591
2.042911721321591
2.042911721321591
2.042911721321591
2.042911721321591
2.042911721321591
2.042911721321591
2.042911721321591
2.042911721321591
2.042911721321591
2.042911721321591
2.042911721321591
2.042911721321591
2.042911721321591
2.042911721321591
2.042911721321591
2.042911721321591
2.042911721321591
2.042911721321591
2.042911721321591
2.042911721321591
2.042911721321591
2.042911721321591
2.042911721321591
2.042911721321591
2.042911721321591
2.042911721321591
2.042911721321591
2.042911721321591
2.042911721321591
2.042911721321591
2.042911721321591
2.042911721321591
2.042911721321591
2.042911721321591
2.042911721321591
2.042911721321591
2.042911721321591
2.042911721321591
2.042911721321591
2.0429556983894095
2.0429556983894095
2.042956695258647
2.0429673747073926
2.0429753736526886
2.0429805293482293
2.0429836227765956
2.04298547883759
2.042989934800894
2.04299539775754
2.042998448515181
2.043000896375134
2.0430059676598193
2.043009057907972
2.0430109120571935
2.043012530923037
2.043015587170277
2.043017462154445
2.043018587144615
2.043019343270541
2.043020808826428
2.0430223654653354
2.0430232994485347
2.043023859838401
2.043024196072302
2.0430244033346043
2.0430246914325307
2.04302488711677
2.043025004527315
2.043025074973643
2.0430251172414393
2.0430251443111143
2.04302517323332
2.0430252031765206
2.043025221701748
2.043025232816885
2.0430252414634245
2.043025254733553
2.043025262889097
2.0430252677824225
2.043025270780181
2.0430252728399183
2.0430252742038575
2.0430252755235725
2.043025277055718
2.043025277975005
2.043025278526578
2.043025278907476
2.0430252792807404
2.0430252796647657
2.0430252799008257
2.043025280045189
2.0430252802316504
2.0430252804430746
2.043025280570109
2.0430252806463294
2.04302528073054
2.04302528081875
2.043025280871855
2.0430252809070177
2.0430252809547245
2.0430252809867255
2.0430252810059266
2.0430252810180387
2.04302528103839
2.0430252810511065
2.0430252810587364
2.0430252810633136
2.0430252810660607
2.0430252810677088
2.0430252810718983
2.0430252810765808
2.0430252810793896
2.0430252810810843
2.043025281083993
2.0430252810858236
2.043025281086922
2.0430252810875804
2.0430252810879983
2.04302528108905
2.043025281089682
2.0430252810900607
2.043025281090288
2.0430252810905865
2.0430252810908693
2.043025281091039
2.043025281091141
2.0430252810912024
2.043025281091339
2.0430252810914475
2.043025281091513
2.0430252810915515
2.0430252810915746
2.0430252810915888
2.043025281091623
2.0430252810916443
2.0430252810916576
2.043025281091665
2.04302528109168
2.043025281091696
2.0430252810917047
2.0430252810917113
2.0430252810917215
2.0430252810917287
2.043025281091732
2.0430252810917344
2.0430252810917384
2.043025281091742
2.0430252810917433
2.0430252810917455
2.0430252810917473
2.043025281091748
2.0430252810917486
2.0430252810917495
2.0430252810917504
2.043025281091751
2.043025281091751
2.0430252810917513
2.0430252810917513
2.0430252810917513
2.0430252810917513
2.0430252810917513
2.0430252810917513
2.0430252810917513
2.0430252810917513
2.0430252810917513
2.0430252810917513
2.0430252810917513
2.0430252810917513
2.0430252810917513
2.0430252810917513
2.0430252810917513
2.0430252810917513
2.0430252810917513
2.0430252810917513
2.0430252810917513
2.0430252810917513
