2.0107283353276797
2.0107283353276797
2.0107283353276797
2.0107283353276797
2.0107283353276797
2.0107283353276797
2.0107283353276797
2.0107283353276797
2.0107283353276797
2.0107283353276797
2.0107283353276797
2.0107283353276797
2.0107283353276797
2.0107283353276797
2.0107283353276797
2.0107283353276797
2.0107283353276797
2.0107283353276797
2.0107283353276797
2.0107283353276797
2.0107283353276797
2.0107283353276797
2.0107283353276797
2.0107283353276797
2.0107283353276797
2.0107283353276797
2.0107283353276797
2.0107283353276797
2.0107283353276797
2.0107283353276797
2.0107283353276797
2.0107283353276797
2.0107283353276797
2.0107283353276797
2.0107283353276797
2.0107283353276797
2.0107283353276797
2.0107283353276797
2.0107283353276797
2.0107283353276797
2.0107283353276797
2.0107283353276797
2.0107283353276797
2.0107283353276797
2.0107283353276797
2.0107283353276797
2.0107283353276797
2.0107283353276797
2.0107283353276797
2.0107283353276797
2.0107283353276797
2.0107283353276797
2.0107283353276797
2.0107283353276797
2.0107283353276797
2.0107283353276797
2.0107283353276797
2.0107286552775188
2.0107286552775188
2.0107286552775188
2.0107292669340207
2.01072965192278
2.01072965192278
2.01072965192278
2.0107299286826184
2.0107304680422944
2.010730613437467
2.0107311742284573
2.010731350794542
2.0107318839947856
2.010732330438822
2.0107327232535264
2.0107330339529517
2.0107333781153396
2.0107336837787027
2.010733867176717
2.0107339772155246
2.0107340909936946
2.010734265614917
2.0107343231342076
2.010734414080272
2.0107345105236183
2.0107345905666056
2.0107346577744116
2.0107346980990948
2.0107347412700878
2.0107347730940566
2.010734796188173
2.0107348079927174
2.0107348208140863
2.0107348299140893
2.010734835320711
2.0107348383127683
2.010734842327695
2.0107348457512266
2.010734849259113
2.0107348516604224
2.010734852397238
2.010734852397238
2.0107348535382967
2.0107348546756754
2.0107348546756754
2.0107348546756754
2.0107348551637383
2.010734855173576
2.010734855173576
2.010734855173576
2.010734855239538
2.0107348553257585
2.0107348553257585
2.0107348553257585
2.0107348553949005
2.010734855441727
2.0107348554583124
2.0107348554583124
2.0107348554583124
2.010734855476262
2.010734855476262
2.010734855476262
2.010734855476262
2.010734855476686
2.010734855480173
2.010734855480173
2.010734855480173
2.010734855480173
2.010734855480173
2.010734855481148
2.010734855481148
2.010734855481148
2.010734855481148
2.0107348554812265
2.0107348554814117
2.0107348554818514
2.0107348554825104
2.0107348554825104
2.0107348554825104
2.0107348554825104
2.0107348554827236
2.0107348554827236
2.0107348554827236
2.0107348554827236
2.0107348554827236
2.0107348554827342
2.0107348554827595
2.0107348554827777
2.0107348554827915
2.0107348554828053
2.0107348554828124
2.0107348554828173
2.0107348554828253
2.010734855482832
2.010734855482836
2.0107348554828377
2.0107348554828413
2.010734855482845
2.0107348554828466
2.010734855482849
2.0107348554828506
2.010734855482852
2.0107348554828524
2.010734855482853
2.0107348554828532
2.0107348554828537
2.010734855482854
2.010734855482854
2.010734855482854
2.010734855482854
2.010734855482854
2.010734855482854
2.010734855482854
2.010734855482854
2.010734855482854
2.010734855482854
2.010734855482854
2.010734855482854
2.010734855482854
2.010734855482854
2.010734855482854
2.010734855482854
2.010734855482854
2.010734855482854
2.010734855482854
2.010734855482854
2.010734855482854
2.010734855482854
2.010734855482854
2.010734855482854
2.010734855482854
2.010734855482854
