1.4379215640969711
1.4379215640969711
1.4379215640969711
1.4379215640969711
1.4379215640969711
1.4379215640969711
1.4379215640969711
1.4379215640969711
1.4379215640969711
1.4379215640969711
1.4379215640969711
1.4379215640969711
1.4379215640969711
1.4379215640969711
1.4379215640969711
1.4379215640969711
1.4379215640969711
1.4379215640969711
1.4379215640969711
1.4379215640969711
1.4379215640969711
1.4379215640969711
1.4379215640969711
1.4379215640969711
1.4379215640969711
1.4379215640969711
1.4379215640969711
1.4379215640969711
1.4379215640969711
1.4379215640969711
1.4379215640969711
1.4379215640969711
1.4379215640969711
1.4379215640969711
1.4379215640969711
1.4379215640969711
1.4379215640969711
1.4379215640969711
1.4379215640969711
1.4379215640969711
1.4379215640969711
1.4379215640969711
1.4379215640969711
1.4379215640969711
1.4379215640969711
1.4379215640969711
1.4379215640969711
1.4379215640969711
1.4379215640969711
1.4379215640969711
1.4379215640969711
1.4379215640969711
1.4379215640969711
1.4379215640969711
1.4379215640969711
1.4379215640969711
1.4379215640969711
1.4379215640969711
1.4379215640969711
1.4379215640969711
1.4379215640969711
1.4379215640969711
1.4379215640969711
1.4379215640969711
1.4379215640969711
1.4379215640969711
1.4379215640969711
1.4379215640969711
1.4379215640969711
1.4379215640969711
1.4379219837978867
1.4379219837978867
1.4379219837978867
1.4379219837978867
1.437922551339072
1.437922551339072
1.4379225609486874
1.437922734483623
1.437923075552185
1.4379234073178013
1.437923724832265
1.4379239153409602
1.4379240363812476
1.4379242762733218
1.4379244720106696
1.437924614226077
1.4379247454768036
1.4379248306279875
1.437924881190622
1.4379249703269792
1.4379249703269792
1.4379250155034462
1.4379250155034462
1.4379250248208364
1.437925047855639
1.4379250536099977
1.4379250696557093
1.4379250836402893
1.437925092031037
1.4379250970654858
1.4379251026058555
1.4379251060168663
1.4379251101622825
1.4379251126495323
1.437925114141882
1.4379251150372925
1.4379251170380902
1.4379251177415833
1.43792512091108
1.4379251228127778
1.4379251239537967
1.437925124839336
1.4379251261241535
1.4379251268950448
1.437925127487745
1.4379251281235197
1.4379251286846957
1.437925129021402
1.437925129497131
1.4379251296844338
1.437925129985108
1.4379251301155767
1.437925130287531
1.437925130287531
1.43792513029523
1.4379251303431442
1.4379251303718923
1.4379251303996965
1.4379251304284026
1.437925130448478
1.437925130448478
1.437925130448478
1.4379251304512808
1.4379251304557632
1.4379251304693255
1.4379251304788498
1.437925130493743
1.437925130493743
1.437925130493743
1.4379251304982672
1.437925130498662
1.4379251305040623
1.4379251305073029
1.437925130509247
1.4379251305104137
1.437925130511114
1.4379251305134764
1.4379251305161482
1.4379251305179022
1.4379251305199021
1.4379251305214884
1.4379251305229725
1.437925130523863
1.4379251305245428
1.437925130525203
1.4379251305256586
1.4379251305259402
1.4379251305263012
1.4379251305265635
1.4379251305267455
1.4379251305268546
1.4379251305270064
1.437925130527113
1.4379251305271774
1.437925130527216
1.437925130527239
1.437925130527295
1.437925130527364
1.4379251305274066
1.437925130527432
1.4379251305274474
1.4379251305274916
1.4379251305275302
1.4379251305275533
1.437925130527567
1.4379251305275758
1.4379251305275957
1.4379251305276144
1.4379251305276255
1.4379251305276324
1.4379251305276364
1.4379251305276388
1.4379251305276406
1.437925130527644
1.4379251305276464
1.437925130527648
1.437925130527649
1.4379251305276501
1.437925130527651
1.4379251305276513
1.4379251305276517
1.437925130527652
1.4379251305276524
1.4379251305276526
1.4379251305276526
1.4379251305276528
1.4379251305276533
