1.2968728100305824
1.2968728100305824
1.2968728100305824
1.2968728100305824
1.2968728100305824
1.2968728100305824
1.2968728100305824
1.2968728100305824
1.2968728100305824
1.2968728100305824
1.2968728100305824
1.2968728100305824
1.2968728100305824
1.2968728100305824
1.2968728100305824
1.2968728100305824
1.2968728100305824
1.2968728100305824
1.2968728100305824
1.2968728100305824
1.2968728100305824
1.2968728100305824
1.2968728100305824
1.2968728100305824
1.2968728100305824
1.2968728100305824
1.2968728100305824
1.2968728100305824
1.2968728100305824
1.2968728100305824
1.2968728100305824
1.2968728100305824
1.2968728100305824
1.2968728100305824
1.2968728100305824
1.2968728100305824
1.2968728100305824
1.2968728100305824
1.2968728100305824
1.2968728100305824
1.2968728100305824
1.2968728100305824
1.2968728100305824
1.2968728100305824
1.2968728100305824
1.2968728100305824
1.2968728100305824
1.2968728100305824
1.2968728100305824
1.2968739373997178
1.2968739373997178
1.2968739373997178
1.2968739373997178
1.2968762292066578
1.2968762292066578
1.2968762292066578
1.2968791372614477
1.2968791372614477
1.2968807955067088
1.2968807955067088
1.296881427991117
1.296881460251616
1.296881460251616
1.2968823019775608
1.2968823414401898
1.2968834762530266
1.2968842719584026
1.2968842719584026
1.2968842719584026
1.2968845480322078
1.296884904639235
1.2968852815516947
1.296886318026067
1.296886318026067
1.296886318026067
1.2968866517608402
1.2968866517608402
1.2968868395169735
1.2968868926216177
1.2968870730285778
1.2968871217637616
1.2968872305499222
1.2968873384054251
1.2968873982373235
1.2968874733564744
1.2968875037284846
1.2968875444828647
1.2968875988705044
1.2968876010690649
1.2968876401069884
1.2968876583880817
1.2968876762998343
1.2968876762998343
1.296887681968992
1.2968876866472756
1.2968876866472756
1.2968876877782505
1.2968876892033265
1.2968876897789494
1.2968876904568256
1.2968876915269787
1.2968876915269787
1.296887692064815
1.2968876927694775
1.2968876931922744
1.296887693445953
1.2968876935981608
1.2968876937084712
1.2968876939738623
1.2968876942695458
1.2968876944469563
1.2968876945534018
1.296887694617269
1.2968876947813248
1.2968876949342958
1.2968876950285304
1.2968876950850716
1.296887695118995
1.2968876951393504
1.296887695200298
1.2968876952731174
1.2968876953168096
1.2968876953430248
1.296887695373586
1.2968876954217652
1.2968876954506723
1.2968876954687474
1.296887695493456
1.2968876955112942
1.2968876955219975
1.296887695532919
1.2968876955426414
1.2968876955484738
1.2968876955519744
1.2968876955540742
1.296887695556297
1.2968876955589008
1.296887695560463
1.2968876955614
1.2968876955619622
1.2968876955631337
1.2968876955639916
1.296887695564506
1.2968876955648685
1.2968876955654258
1.2968876955657602
1.2968876955659618
1.2968876955662385
1.2968876955664261
1.2968876955665392
1.2968876955666129
1.2968876955667084
1.296887695566768
1.2968876955668025
1.29688769556684
1.2968876955668693
1.2968876955668869
1.2968876955668964
1.296887695566903
1.296887695566911
1.29688769556692
1.2968876955669248
1.2968876955669275
1.2968876955669297
1.2968876955669346
1.2968876955669384
1.2968876955669413
1.2968876955669433
1.296887695566945
1.2968876955669477
1.2968876955669506
1.296887695566951
1.2968876955669522
1.2968876955669526
1.2968876955669533
1.2968876955669537
1.2968876955669537
1.2968876955669544
1.2968876955669544
1.2968876955669544
1.2968876955669544
1.2968876955669544
1.2968876955669544
1.2968876955669544
1.2968876955669544
1.2968876955669544
1.2968876955669544
1.2968876955669544
1.2968876955669544
1.2968876955669544
1.2968876955669544
