1.5455439793422565
1.5455439793422565
1.5455439793422565
1.5455439793422565
1.5455439793422565
1.5455439793422565
1.5455439793422565
1.5455439793422565
1.5455439793422565
1.5455439793422565
1.5455439793422565
1.5455439793422565
1.5455439793422565
1.5455439793422565
1.5455439793422565
1.5455439793422565
1.5455439793422565
1.5455439793422565
1.5455439793422565
1.5455439793422565
1.5455439793422565
1.5455439793422565
1.5455439793422565
1.5455439793422565
1.5455439793422565
1.5455439793422565
1.5455439793422565
1.5455439793422565
1.5455439793422565
1.5455439793422565
1.5455439793422565
1.5455439793422565
1.5455439793422565
1.5455439793422565
1.5455439793422565
1.5455439793422565
1.5455439793422565
1.5455439793422565
1.5455439793422565
1.5455439793422565
1.5455439793422565
1.5455439793422565
1.5455439793422565
1.5455439793422565
1.5455439793422565
1.5455439793422565
1.5455439793422565
1.5455439793422565
1.5455447701457694
1.5455447701457694
1.5455447701457694
1.5455447701457694
1.5455447701457694
1.5455447701457694
1.5455447701457694
1.5455468131422527
1.5455468131422527
1.5455468131422527
1.5455468131422527
1.5455484143428098
1.54554927513031
1.5455505698008847
1.5455513466041637
1.5455518126864674
1.545552092335971
1.5455522601257166
1.5455525727666508
1.5455526151868686
1.5455528508153074
1.5455528508153074
1.545552883342531
1.545552975313017
1.5455530283966663
1.5455531135346348
1.5455531646174123
1.5455532487066164
1.5455532487066164
1.545553348556888
1.545553348556888
1.5455533658599823
1.5455533949565905
1.5455534069239503
1.5455534328709661
1.545553434056459
1.5455534477057056
1.545553465784973
1.5455534744156219
1.5455534832177336
1.5455534881950113
1.5455534937003903
1.5455535000251581
1.5455535016261146
1.5455535045640842
1.5455535070166482
1.5455535084881866
1.5455535095907669
1.5455535099588005
1.5455535123601707
1.545553513228491
1.5455535142020156
1.5455535142020156
1.5455535142020156
1.54555351455066
1.5455535148159292
1.5455535148159292
1.5455535148159292
1.5455535149252513
1.5455535149952222
1.545553515081364
1.545553515081364
1.5455535151354551
1.5455535151625468
1.5455535151788018
1.5455535151885547
1.5455535151944064
1.5455535152025377
1.5455535152247297
1.5455535152379634
1.5455535152379634
1.5455535152379634
1.5455535152444975
1.5455535152444975
1.5455535152453583
1.5455535152453583
1.5455535152455915
1.5455535152464304
1.545553515246934
1.545553515247476
1.5455535152474837
1.545553515247677
1.545553515247912
1.5455535152480278
1.5455535152480968
1.5455535152481672
1.545553515248242
1.5455535152483868
1.5455535152484883
1.5455535152485789
1.5455535152486466
1.5455535152487
1.5455535152487385
1.5455535152487618
1.5455535152487834
1.5455535152488038
1.54555351524882
1.5455535152488296
1.545553515248835
1.5455535152488415
1.5455535152488469
1.5455535152488504
1.5455535152488526
1.545553515248854
1.5455535152488562
1.5455535152488589
1.5455535152488604
1.5455535152488615
1.5455535152488629
1.545553515248864
1.5455535152488649
1.5455535152488655
1.5455535152488662
1.5455535152488669
1.545553515248867
1.5455535152488673
1.5455535152488673
1.5455535152488677
1.5455535152488677
1.5455535152488677
1.5455535152488677
1.5455535152488677
1.5455535152488677
1.5455535152488677
1.5455535152488677
1.5455535152488677
1.5455535152488677
1.5455535152488677
1.5455535152488677
1.5455535152488677
1.5455535152488677
1.5455535152488677
1.5455535152488677
1.5455535152488677
1.5455535152488677
1.5455535152488677
1.5455535152488677
