1.7888622032702626
1.7888622032702626
1.7888622032702626
1.7888622032702626
1.7888622032702626
1.7888622032702626
1.7888622032702626
1.7888622032702626
1.7888622032702626
1.7888622032702626
1.7888622032702626
1.7888622032702626
1.7888622032702626
1.7888622032702626
1.7888622032702626
1.7888622032702626
1.7888622032702626
1.7888622032702626
1.7888622032702626
1.7888622032702626
1.7888622032702626
1.7888622032702626
1.7888622032702626
1.7888622032702626
1.7888622032702626
1.7888622032702626
1.7888622032702626
1.7888622032702626
1.7888622032702626
1.7888622032702626
1.7888622032702626
1.7888622032702626
1.7888622032702626
1.7888622032702626
1.7888622032702626
1.7888622032702626
1.7888622032702626
1.7888622032702626
1.7888622032702626
1.7888622032702626
1.7888622032702626
1.7888622032702626
1.7888622032702626
1.7888622032702626
1.7888622032702626
1.7888872901037152
1.7888872901037152
1.7888872901037152
1.788891525442682
1.788904824765328
1.7889050234378376
1.7889051426413058
1.788911616589112
1.7889213828049488
1.7889254765729632
1.7889279328324683
1.788932334452746
1.788934245612744
1.788936714155052
1.788937991712587
1.7889386448631197
1.7889397716712987
1.788940387386427
1.7889408843725794
1.7889413112128183
1.7889416935664295
1.7889421210106662
1.7889422473177476
1.7889425284319125
1.7889427906399638
1.788942947964801
1.7889431162957004
1.7889431905348574
1.7889432881348013
1.7889433507739754
1.788943394530151
1.788943429859472
1.7889434681513936
1.7889434858183206
1.7889434999187486
1.7889435069401012
1.7889435171471533
1.7889435223139352
1.7889435253754986
1.788943527984944
1.788943530751715
1.788943535419418
1.7889435384741748
1.7889435405521268
1.7889435417988981
1.7889435436226457
1.7889435451600177
1.788943546323826
1.7889435468978174
1.7889435472629907
1.788943548178805
1.7889435488061403
1.7889435491825407
1.788943549408382
1.7889435496664385
1.7889435501548003
1.7889435504478168
1.7889435506236269
1.7889435507291127
1.7889435507924045
1.7889435509921012
1.7889435511472547
1.788943551255802
1.7889435513209295
1.7889435513209295
1.7889435513684744
1.7889435514275198
1.7889435514850052
1.7889435515141743
1.7889435515359302
1.7889435515680479
1.7889435515954422
1.7889435516118788
1.788943551621741
1.788943551628018
1.7889435516357095
1.788943551641909
1.7889435516456285
1.788943551647861
1.7889435516492003
1.7889435516509207
1.7889435516532413
1.7889435516546328
1.7889435516554748
1.788943551656021
1.7889435516568024
1.788943551657418
1.7889435516578145
1.7889435516580852
1.7889435516583538
1.7889435516585315
1.7889435516586383
1.7889435516587326
1.7889435516587642
1.7889435516588097
1.788943551658851
1.7889435516588779
1.788943551658905
1.788943551658923
1.7889435516589582
1.7889435516589896
1.7889435516590086
1.7889435516590275
1.7889435516590533
1.7889435516590695
1.7889435516590788
1.7889435516590844
1.7889435516590957
1.7889435516591063
1.7889435516591132
1.7889435516591181
1.788943551659121
1.7889435516591239
1.7889435516591254
1.7889435516591268
1.788943551659128
1.788943551659128
1.7889435516591294
1.7889435516591297
1.7889435516591305
1.7889435516591305
1.788943551659131
1.788943551659131
1.788943551659131
1.788943551659131
1.788943551659131
1.788943551659131
1.788943551659131
1.788943551659131
1.788943551659131
1.788943551659131
1.788943551659131
1.788943551659131
1.788943551659131
1.788943551659131
1.788943551659131
