1.670604011283407
1.670604011283407
1.670604011283407
1.670604011283407
1.670604011283407
1.670604011283407
1.670604011283407
1.670604011283407
1.670604011283407
1.670604011283407
1.670604011283407
1.670604011283407
1.670604011283407
1.670604011283407
1.670604011283407
1.670604011283407
1.670604011283407
1.670604011283407
1.670604011283407
1.670604011283407
1.670604011283407
1.670604011283407
1.670604011283407
1.670604011283407
1.670604011283407
1.670604011283407
1.670604011283407
1.670604011283407
1.670604011283407
1.670604011283407
1.670604011283407
1.670604011283407
1.670604011283407
1.670604011283407
1.670604011283407
1.670604011283407
1.670604011283407
1.670604011283407
1.670604011283407
1.670604011283407
1.670604011283407
1.670604011283407
1.6707907283725119
1.6707907283725119
1.6707907283725119
1.6707907283725119
1.6709042200547688
1.6709042200547688
1.6709042200547688
1.6709042200547688
1.6709042200547688
1.6709042200547688
1.6709042200547688
1.6709042200547688
1.6709042200547688
1.6709042200547688
1.6709042200547688
1.6709160125181177
1.6709160125181177
1.67092036646352
1.6709255471337
1.6709286555534997
1.6709322872085874
1.6709358562697252
1.6709401760638642
1.6709411263876859
1.6709430359527082
1.6709441818442698
1.6709456520664503
1.6709461700552382
1.670946536269435
1.6709472075308307
1.670947640746751
1.6709478908752782
1.6709481590631516
1.6709483908586324
1.6709485940571611
1.670948732603012
1.670948865133105
1.6709490200247286
1.6709491166265884
1.6709491741746858
1.670949219763189
1.670949247116291
1.6709492753298012
1.6709492947555684
1.6709493064110292
1.6709493134043047
1.6709493205150427
1.670949325175817
1.670949331221384
1.670949337251179
1.6709493414534853
1.6709493445360146
1.6709493463855338
1.670949349956074
1.670949352811902
1.6709493545254
1.6709493555534976
1.6709493561703557
1.6709493576969068
1.6709493591003495
1.670949359942417
1.6709493604476562
1.6709493607507986
1.6709493611057005
1.6709493614225288
1.6709493616126276
1.6709493617266855
1.670949361830138
1.6709493619553137
1.6709493620351943
1.6709493620831255
1.6709493621405243
1.6709493621846063
1.6709493622110554
1.6709493622269254
1.6709493622403624
1.670949362255216
1.670949362264848
1.6709493622706264
1.6709493622749256
1.6709493622796596
1.6709493622828644
1.6709493622847875
1.6709493622867844
1.670949362288298
1.6709493622893288
1.6709493622899456
1.6709493622903988
1.670949362290754
1.6709493622910507
1.6709493622912552
1.6709493622914018
1.6709493622915157
1.6709493622916103
1.6709493622916836
1.6709493622917333
1.6709493622917773
1.670949362291805
1.6709493622918217
1.6709493622918368
1.670949362291859
1.6709493622918745
1.670949362291887
1.6709493622918996
1.6709493622919085
1.670949362291915
1.6709493622919196
1.670949362291923
1.6709493622919256
1.670949362291927
1.6709493622919285
1.6709493622919298
1.6709493622919305
1.6709493622919316
1.6709493622919318
1.6709493622919318
1.670949362291932
1.670949362291932
1.670949362291932
1.6709493622919322
1.6709493622919322
1.6709493622919322
1.6709493622919322
1.6709493622919322
1.6709493622919322
1.6709493622919322
1.6709493622919322
1.6709493622919322
1.6709493622919322
1.6709493622919322
1.6709493622919322
1.6709493622919322
1.6709493622919322
1.6709493622919322
1.6709493622919322
1.6709493622919322
1.6709493622919322
1.6709493622919322
1.6709493622919322
1.6709493622919322
1.6709493622919322
1.6709493622919322
1.6709493622919322
1.6709493622919322
