1.6017805532021143
1.6017805532021143
1.6017805532021143
1.6017805532021143
1.6017805532021143
1.6017805532021143
1.6017805532021143
1.6017805532021143
1.6017805532021143
1.6017805532021143
1.6017805532021143
1.6017805532021143
1.6017805532021143
1.6017805532021143
1.6017805532021143
1.6017805532021143
1.6017805532021143
1.6017805532021143
1.6017805532021143
1.6017805532021143
1.6017805532021143
1.6017805532021143
1.6017805532021143
1.6017805532021143
1.6017805532021143
1.6017805532021143
1.6017805532021143
1.6017805532021143
1.6017805532021143
1.6017805532021143
1.6017805532021143
1.6017805532021143
1.6017805532021143
1.6017805532021143
1.6017805532021143
1.6017805532021143
1.6017805532021143
1.6017805532021143
1.6017805532021143
1.6017805532021143
1.6017805532021143
1.6017805532021143
1.6017805532021143
1.6017805532021143
1.6017805532021143
1.6017805532021143
1.6017805532021143
1.6017805532021143
1.6017805532021143
1.6017805532021143
1.6017805532021143
1.6017805532021143
1.6017805532021143
1.6017805532021143
1.6017805532021143
1.6017805532021143
1.6017805532021143
1.6017805532021143
1.6017805532021143
1.6017805532021143
1.6017812159794071
1.6017812159794071
1.6017812159794071
1.6017818922099267
1.6017818922099267
1.6017818922099267
1.6017819991083435
1.601782319429774
1.6017823855442646
1.6017827759746435
1.6017829640482315
1.6017830110327724
1.601783125081015
1.6017832175511495
1.6017832441348967
1.6017832889485533
1.6017832889485533
1.6017833001528594
1.6017833175366465
1.6017833309715126
1.601783340484829
1.601783340484829
1.601783340484829
1.601783340484829
1.6017833436345823
1.601783344314475
1.601783344314475
1.601783344314475
1.6017833455203443
1.6017833458740551
1.6017833458740551
1.6017833458740551
1.6017833460425333
1.6017833460425333
1.6017833460922415
1.6017833460922415
1.6017833460922415
1.601783346098099
1.6017833461371376
1.6017833461371376
1.6017833461371376
1.6017833461513191
1.6017833461513191
1.6017833461513191
1.6017833461631534
1.601783346188465
1.601783346188465
1.601783346188465
1.601783346200522
1.601783346200522
1.601783346200522
1.601783346200522
1.6017833462023348
1.6017833462052138
1.601783346210135
1.6017833462148037
1.6017833462176048
1.6017833462176048
1.6017833462176048
1.6017833462176048
1.6017833462176048
1.6017833462180573
1.6017833462180573
1.6017833462180573
1.6017833462181112
1.6017833462186422
1.6017833462186422
1.6017833462186422
1.6017833462187354
1.6017833462187354
1.6017833462187354
1.6017833462187354
1.6017833462187476
1.6017833462187836
1.6017833462187836
1.6017833462187896
1.6017833462188082
1.6017833462188082
1.6017833462188116
1.6017833462188116
1.6017833462188151
1.6017833462188176
1.6017833462188176
1.6017833462188176
1.6017833462188176
1.6017833462188176
1.6017833462188176
1.6017833462188176
1.6017833462188178
1.6017833462188178
1.6017833462188178
1.6017833462188178
1.6017833462188178
1.601783346218818
1.601783346218818
1.601783346218818
1.601783346218818
1.6017833462188182
1.6017833462188182
1.6017833462188182
1.6017833462188182
1.6017833462188185
1.6017833462188185
1.6017833462188185
1.6017833462188185
1.6017833462188185
1.6017833462188185
1.6017833462188185
1.6017833462188185
1.6017833462188185
1.6017833462188185
1.6017833462188185
1.6017833462188185
1.6017833462188185
1.6017833462188185
1.6017833462188185
1.6017833462188185
1.6017833462188185
1.6017833462188185
