1.6896584090975701
1.6896584090975701
1.6896584090975701
1.6896584090975701
1.6896584090975701
1.6896584090975701
1.6896584090975701
1.6896584090975701
1.6896584090975701
1.6896584090975701
1.6896584090975701
1.6896584090975701
1.6896584090975701
1.6896584090975701
1.6896584090975701
1.6896584090975701
1.6896584090975701
1.6896584090975701
1.6896584090975701
1.6896584090975701
1.6896584090975701
1.6896584090975701
1.6896584090975701
1.6896584090975701
1.6896584090975701
1.6896584090975701
1.6896584090975701
1.6896584090975701
1.6896584090975701
1.6896584090975701
1.6896584090975701
1.6896584090975701
1.6896584090975701
1.6896584090975701
1.6896584090975701
1.6896584090975701
1.6896584090975701
1.6896584090975701
1.6896584090975701
1.6896584090975701
1.6896584090975701
1.6896584090975701
1.6896584090975701
1.6896584090975701
1.6896584090975701
1.6896584090975701
1.6896584090975701
1.6896584090975701
1.6896584090975701
1.6896584090975701
1.6896584090975701
1.6896584090975701
1.6896584090975701
1.6896584090975701
1.689663733178708
1.6896670388935235
1.6896670388935235
1.6896670388935235
1.6896670388935235
1.6896670388935235
1.6896670388935235
1.6896670388935235
1.689667290100715
1.689667290100715
1.6896676354403348
1.6896677571636867
1.6896677877759614
1.6896678061433243
1.6896688052558986
1.6896688052558986
1.6896693189278118
1.6896699765865948
1.68967024162992
1.6896706186457682
1.6896711490639813
1.6896712732432146
1.6896714319351807
1.6896715869911771
1.689671691606729
1.689671836573439
1.68967193321826
1.689671964018304
1.6896720641868763
1.6896721380527313
1.689672183670332
1.6896722211176343
1.6896722506244812
1.6896722799116153
1.6896723072835964
1.6896723284919257
1.6896723364505388
1.689672343732423
1.6896723622324692
1.6896723758751342
1.6896723840904964
1.6896723915310106
1.6896723961541866
1.6896723998566323
1.689672403830313
1.6896724063046684
1.68967240712326
1.6896724096675604
1.689672411131921
1.6896724120372861
1.6896724126514944
1.6896724136668424
1.6896724143483937
1.6896724147867783
1.6896724150063873
1.6896724151244507
1.6896724154210694
1.6896724155897105
1.6896724157409448
1.689672415838006
1.6896724158907441
1.6896724160662542
1.6896724162432215
1.6896724163494026
1.6896724164131105
1.6896724164513355
1.6896724165168817
1.6896724165614334
1.6896724165934718
1.6896724166129553
1.6896724166288337
1.6896724166420198
1.6896724166499324
1.6896724166551123
1.689672416662789
1.689672416667413
1.689672416670303
1.6896724166720372
1.68967241667318
1.6896724166755837
1.6896724166774322
1.6896724166785417
1.6896724166792074
1.6896724166798518
1.6896724166805122
1.6896724166809245
1.6896724166811716
1.6896724166815302
1.6896724166818213
1.6896724166819959
1.6896724166821002
1.6896724166822414
1.6896724166824104
1.6896724166825123
1.6896724166825727
1.6896724166826171
1.6896724166827448
1.6896724166828219
1.6896724166828672
1.6896724166828951
1.6896724166829262
1.6896724166829555
1.689672416682973
1.6896724166829837
1.6896724166829893
1.6896724166829977
1.6896724166830117
1.6896724166830206
1.6896724166830257
1.6896724166830293
1.6896724166830346
1.6896724166830368
1.689672416683039
1.6896724166830401
1.6896724166830412
1.6896724166830421
1.6896724166830432
1.689672416683045
1.6896724166830452
1.6896724166830455
1.689672416683047
1.6896724166830475
1.6896724166830475
1.6896724166830475
1.6896724166830475
1.6896724166830475
1.6896724166830477
1.6896724166830477
1.6896724166830477
1.6896724166830477
1.6896724166830477
1.6896724166830477
1.6896724166830477
1.6896724166830477
1.6896724166830477
1.6896724166830477
1.6896724166830477
1.6896724166830477
1.6896724166830477
