1.9564650587917085
1.9564650587917085
1.9564650587917085
1.9564650587917085
1.9564650587917085
1.9564650587917085
1.9564650587917085
1.9564650587917085
1.9564650587917085
1.9564650587917085
1.9564650587917085
1.9564650587917085
1.9564650587917085
1.9564650587917085
1.9564650587917085
1.9564650587917085
1.9564650587917085
1.9564650587917085
1.9564650587917085
1.9564650587917085
1.9564650587917085
1.9564650587917085
1.9564650587917085
1.9564650587917085
1.9564650587917085
1.9564650587917085
1.9564650587917085
1.9564650587917085
1.9564650587917085
1.9564650587917085
1.9564650587917085
1.9564650587917085
1.9564650587917085
1.9564650587917085
1.9564650587917085
1.9564650587917085
1.9564650587917085
1.9564650587917085
1.9564650587917085
1.9564650587917085
1.9564650587917085
1.9564650587917085
1.9564650587917085
1.9564650587917085
1.9564650587917085
1.9564650587917085
1.9564650587917085
1.9564650587917085
1.9564650587917085
1.9564650587917085
1.9564661544652828
1.9564661544652828
1.9564661544652828
1.9564661544652828
1.9564764583966356
1.9564764583966356
1.9564764583966356
1.9564764583966356
1.956477018249695
1.956477018249695
1.956477018249695
1.956481009942437
1.956481009942437
1.9564831302754573
1.9564831302754573
1.9564874574741329
1.9564874574741329
1.9564899056378815
1.956491137493417
1.9564924170099336
1.9564933410166767
1.9564936416808283
1.9564940760356297
1.9564958666499386
1.956496941018974
1.9564975856405578
1.9564979724135656
1.9564982044773913
1.9564986151908996
1.956498972706341
1.9564991972120285
1.9564993319154473
1.9564995788712196
1.9564997868731568
1.9564999116743251
1.956499986555028
1.9565000434329516
1.9565001081131868
1.9565001521235574
1.9565001789829117
1.9565001987813235
1.9565002292662041
1.956500248521196
1.9565002600741914
1.956500267005988
1.956500271165066
1.9565002741442068
1.9565002779555634
1.956500280894718
1.956500282761336
1.9565002838842351
1.9565002847264554
1.9565002854562281
1.956500286134542
1.9565002865415306
1.9565002869049821
1.9565002871937707
1.956500287435232
1.9565002876059958
1.9565002877107458
1.9565002878008058
1.9565002879336
1.9565002880164568
1.956500288066171
1.9565002881123057
1.9565002881494293
1.9565002881779958
1.9565002881958429
1.9565002882066238
1.9565002882154245
1.956500288225621
1.9565002882328615
1.956500288237205
1.9565002882406077
1.9565002882459523
1.9565002882496303
1.9565002882518374
1.9565002882531617
1.956500288253956
1.9565002882558715
1.9565002882573166
1.9565002882581837
1.956500288258704
1.9565002882590592
1.956500288259585
1.9565002882599385
1.95650028826015
1.956500288260347
1.9565002882606417
1.956500288260818
1.9565002882609246
1.956500288261046
1.9565002882611673
1.9565002882612397
1.9565002882612834
1.9565002882613094
1.9565002882613256
1.9565002882613347
1.9565002882613651
1.9565002882613869
1.9565002882614002
1.9565002882614082
1.956500288261419
1.9565002882614266
1.9565002882614304
1.9565002882614335
1.9565002882614368
1.9565002882614393
1.9565002882614408
1.9565002882614413
1.956500288261442
1.9565002882614426
1.9565002882614437
1.9565002882614446
1.9565002882614453
1.9565002882614457
1.9565002882614457
1.9565002882614462
1.9565002882614462
1.9565002882614468
1.9565002882614468
1.9565002882614468
1.9565002882614468
1.9565002882614468
1.9565002882614468
1.9565002882614468
1.9565002882614468
1.9565002882614468
1.9565002882614468
1.9565002882614468
1.9565002882614468
1.9565002882614468
1.9565002882614468
1.9565002882614468
1.9565002882614468
1.9565002882614468
1.9565002882614468
1.9565002882614468
1.9565002882614468
1.9565002882614468
1.9565002882614468
1.9565002882614468
1.9565002882614468
