1.7238024817760438
1.7238024817760438
1.7238024817760438
1.7238024817760438
1.7238024817760438
1.7238024817760438
1.7238024817760438
1.7238024817760438
1.7238024817760438
1.7238024817760438
1.7238024817760438
1.7238024817760438
1.7238024817760438
1.7238024817760438
1.7238024817760438
1.7238024817760438
1.7238024817760438
1.7238024817760438
1.7238024817760438
1.7238024817760438
1.7238024817760438
1.7238024817760438
1.7238024817760438
1.7238024817760438
1.7238024817760438
1.7238024817760438
1.7238024817760438
1.7238024817760438
1.7238024817760438
1.7238024817760438
1.7238024817760438
1.7238024817760438
1.7238024817760438
1.7238024817760438
1.7238024817760438
1.7238024817760438
1.7238024817760438
1.7238024817760438
1.7238024817760438
1.7238757774576643
1.7238757774576643
1.7238757774576643
1.7238757774576643
1.7238757774576643
1.7238757774576643
1.7238757774576643
1.7238807996360994
1.7238807996360994
1.7238807996360994
1.7238807996360994
1.7238810184065756
1.7238834141561936
1.7238848516085268
1.7238862301188078
1.7238875854664617
1.7238883986753064
1.723889579768139
1.723889579768139
1.7238903128751
1.7238908078025637
1.7238908078025637
1.7238912135504154
1.7238912219157498
1.7238914755074657
1.723891627662492
1.723891718955506
1.72389207252877
1.72389207252877
1.7238922529983085
1.7238925554311373
1.7238926515964683
1.7238929167269519
1.7238930400248413
1.7238931394410708
1.7238931394410708
1.7238931394410708
1.7238931810252485
1.7238931810252485
1.7238931810252485
1.7238931810252485
1.7238931810252485
1.7238931810252485
1.7238931834665638
1.7238931935697612
1.7238932130959255
1.7238932251205077
1.7238932348024874
1.7238932420170268
1.7238932469039185
1.7238932533824705
1.723893263451912
1.723893269628573
1.7238932733345693
1.7238932757429086
1.7238932801649836
1.723893283455991
1.7238932854413782
1.7238932866623848
1.7238932876005084
1.7238932890626446
1.7238932899512383
1.7238932904855526
1.72389329085025
1.723893291415511
1.7238932917868588
1.7238932920096672
1.7238932921433523
1.7238932922774264
1.7238932924902342
1.7238932926179187
1.7238932926945294
1.7238932927404953
1.7238932927691155
1.723893292830991
1.7238932928710144
1.7238932928950288
1.723893292909454
1.7238932929325188
1.7238932929522486
1.7238932929640867
1.723893292971189
1.7238932929754633
1.7238932929817796
1.7238932929871669
1.7238932929903994
1.7238932929923385
1.7238932929952742
1.7238932929992206
1.723893293001588
1.7238932930030084
1.7238932930051365
1.7238932930067725
1.7238932930077537
1.7238932930083428
1.723893293008792
1.7238932930093167
1.723893293009632
1.7238932930098207
1.7238932930099342
1.7238932930100022
1.7238932930100426
1.723893293010101
1.7238932930101825
1.7238932930102318
1.7238932930102617
1.723893293010279
1.72389329301029
1.723893293010319
1.7238932930103463
1.7238932930103634
1.723893293010373
1.7238932930103785
1.7238932930103825
1.723893293010392
1.7238932930103983
1.7238932930104027
1.7238932930104052
1.723893293010407
1.72389329301041
1.7238932930104123
1.7238932930104134
1.7238932930104136
1.7238932930104143
1.723893293010415
1.723893293010416
1.723893293010416
1.723893293010416
1.723893293010416
1.723893293010416
1.7238932930104165
1.7238932930104165
1.7238932930104165
1.7238932930104165
1.723893293010417
1.723893293010417
1.723893293010417
1.723893293010417
1.723893293010417
1.723893293010417
1.723893293010417
1.723893293010417
1.723893293010417
1.723893293010417
1.723893293010417
1.723893293010417
1.723893293010417
1.723893293010417
1.723893293010417
1.723893293010417
1.723893293010417
