1.8742319073625833
1.8742319073625833
1.8742319073625833
1.8742319073625833
1.8742319073625833
1.8742319073625833
1.8742319073625833
1.8742319073625833
1.8742319073625833
1.8742319073625833
1.8742319073625833
1.8742319073625833
1.8742319073625833
1.8742319073625833
1.8742319073625833
1.8742319073625833
1.8742319073625833
1.8742319073625833
1.8742319073625833
1.8742319073625833
1.8742319073625833
1.8742319073625833
1.8742319073625833
1.8742319073625833
1.8742319073625833
1.8742319073625833
1.8742319073625833
1.8742319073625833
1.8742319073625833
1.8742319073625833
1.8742319073625833
1.8742319073625833
1.8742319073625833
1.8742319073625833
1.8742319073625833
1.8742319073625833
1.874571605543486
1.874571605543486
1.874571605543486
1.874571605543486
1.874571605543486
1.874571605543486
1.874571605543486
1.874571605543486
1.874571605543486
1.874571605543486
1.874571605543486
1.874571605543486
1.874571605543486
1.874571605543486
1.874571605543486
1.874571605543486
1.874571605543486
1.874571605543486
1.8745791099795484
1.874579536556935
1.874579536556935
1.874579536556935
1.874579536556935
1.8745806582118036
1.8745817250480215
1.8745845237475094
1.8745862029660845
1.874587210496827
1.8745899721734605
1.8745923422512945
1.8745935968431624
1.8745945784437275
1.8745954550006418
1.874596097403318
1.8745964828447161
1.8745970116041868
1.8745970688630988
1.8745972647142561
1.8745975457097168
1.874597714306963
1.8745978342175031
1.8745979293143347
1.8745979863724302
1.8745980630437737
1.874598075184542
1.874598093409417
1.8745981192903165
1.8745981459771304
1.8745981582135334
1.87459816853513
1.8745981856499239
1.8745981999143326
1.874598208472978
1.874598213608165
1.8745982170896802
1.874598225190002
1.8745982301066266
1.8745982330566011
1.8745982348265864
1.8745982374126229
1.8745982404152477
1.8745982422168228
1.8745982432977675
1.8745982439463345
1.8745982444068214
1.8745982450767547
1.8745982454787153
1.8745982457368482
1.8745982459074528
1.8745982460890889
1.8745982462358373
1.8745982463238862
1.8745982463767155
1.8745982464084128
1.8745982464274316
1.8745982464388427
1.874598246448509
1.874598246467373
1.874598246481621
1.87459824649017
1.8745982464952997
1.8745982464983768
1.8745982465020623
1.874598246505338
1.8745982465074293
1.8745982465089452
1.8745982465098552
1.874598246510401
1.8745982465114313
1.874598246512724
1.8745982465134996
1.8745982465139652
1.8745982465142446
1.874598246514594
1.8745982465149436
1.8745982465151534
1.8745982465152793
1.8745982465153552
1.8745982465155397
1.87459824651572
1.8745982465158286
1.8745982465158935
1.8745982465159663
1.8745982465160367
1.8745982465160789
1.874598246516104
1.874598246516119
1.8745982465161286
1.8745982465161435
1.8745982465161604
1.8745982465161708
1.874598246516177
1.8745982465161806
1.8745982465161837
1.8745982465161886
1.8745982465161914
1.8745982465161932
1.8745982465161946
1.8745982465161974
1.8745982465161986
1.8745982465161997
1.8745982465162008
1.8745982465162017
1.8745982465162023
1.8745982465162028
1.8745982465162028
1.874598246516203
1.8745982465162032
1.8745982465162032
1.8745982465162032
1.8745982465162032
1.8745982465162032
1.8745982465162032
1.8745982465162032
1.8745982465162032
1.8745982465162032
1.8745982465162032
1.8745982465162032
1.8745982465162032
1.8745982465162032
1.8745982465162032
1.8745982465162032
1.8745982465162032
1.8745982465162032
1.8745982465162032
1.8745982465162032
1.8745982465162032
1.8745982465162032
1.8745982465162032
1.8745982465162032
1.8745982465162032
