2.870886279113381
2.870886279113381
2.870886279113381
2.870886279113381
2.870886279113381
2.870886279113381
2.870886279113381
2.870886279113381
2.870886279113381
2.870886279113381
2.870886279113381
2.870886279113381
2.870886279113381
2.870886279113381
2.870886279113381
2.870886279113381
2.870886279113381
2.870886279113381
2.870886279113381
2.870886279113381
2.870886279113381
2.870886279113381
2.870886279113381
2.870886279113381
2.870886279113381
2.870886279113381
2.870886279113381
2.870886279113381
2.870886279113381
2.870886279113381
2.870886279113381
2.870886279113381
2.870886279113381
2.870886279113381
2.870886279113381
2.870886279113381
2.870886279113381
2.870886279113381
2.870886279113381
2.870886279113381
2.870886279113381
2.870886279113381
2.870886279113381
2.870886279113381
2.870886279113381
2.870886279113381
2.870886279113381
2.870886279113381
2.870886279113381
2.870886279113381
2.870886279113381
2.870886279113381
2.870886279113381
2.870886279113381
2.870886279113381
2.870886279113381
2.870886279113381
2.870886279113381
2.870886279113381
2.870886279113381
2.870886279113381
2.870886279113381
2.870886279113381
2.8708875580694597
2.87088933229129
2.87088933229129
2.8708901669147426
2.8708922174830303
2.8708922174830303
2.870894334749583
2.8708943742384423
2.8708966887112393
2.8708982016369213
2.870899617047859
2.8709007349789957
2.8709024676986936
2.870902834558549
2.8709034783474885
2.8709038646208844
2.8709040832050117
2.8709040832050117
2.870904654983158
2.8709047644652887
2.8709049219324982
2.870905093288051
2.8709052523185767
2.870905357946051
2.870905429042523
2.8709054558202203
2.870905494543754
2.8709055787409556
2.8709056309893666
2.8709056680565648
2.870905723411984
2.8709057596179672
2.87090578392964
2.870905798857124
2.8709058031607486
2.8709058151288667
2.8709058208365166
2.870905824261106
2.870905826855999
2.870905830216742
2.8709058329340347
2.8709058348045784
2.8709058360266937
2.8709058380334875
2.8709058393760145
2.87090584018153
2.870905840664841
2.8709058409548276
2.870905841247773
2.870905841735158
2.8709058420850035
2.8709058422398908
2.870905842351027
2.870905842631047
2.8709058427038996
2.870905842797374
2.8709058429266108
2.870905843006011
2.870905843053811
2.8709058430877077
2.8709058431199024
2.8709058431392207
2.8709058431392207
2.8709058431480234
2.870905843150115
2.870905843156787
2.87090584316079
2.870905843163191
2.8709058431646333
2.8709058431697785
2.8709058431787455
2.8709058431841274
2.870905843187355
2.8709058431892918
2.8709058431904544
2.870905843191563
2.870905843193905
2.8709058431947403
2.8709058431970047
2.870905843197916
2.870905843198573
2.870905843199199
2.870905843200031
2.8709058432005308
2.870905843200832
2.87090584320104
2.87090584320129
2.8709058432015095
2.8709058432016987
2.8709058432019
2.8709058432020553
2.8709058432021575
2.8709058432022276
2.8709058432022916
2.8709058432023395
2.8709058432023675
2.8709058432023866
2.8709058432024084
2.8709058432024235
2.8709058432024377
2.8709058432024492
2.870905843202456
2.8709058432024617
2.8709058432024666
2.870905843202471
2.8709058432024723
2.8709058432024745
2.8709058432024763
2.8709058432024763
2.8709058432024763
2.8709058432024763
2.8709058432024777
2.870905843202478
2.8709058432024794
2.8709058432024803
2.8709058432024803
2.8709058432024803
2.8709058432024803
2.8709058432024803
2.8709058432024803
2.8709058432024803
2.8709058432024803
2.8709058432024803
2.8709058432024803
2.8709058432024803
2.8709058432024803
2.8709058432024803
2.8709058432024803
2.8709058432024803
2.8709058432024803
2.8709058432024803
2.8709058432024803
2.8709058432024803
2.8709058432024803
2.8709058432024803
