1.4975696905819826
1.4975696905819826
1.4975696905819826
1.4975696905819826
1.4975696905819826
1.4975696905819826
1.4975696905819826
1.4975696905819826
1.4975696905819826
1.4975696905819826
1.4975696905819826
1.4975696905819826
1.4975696905819826
1.4975696905819826
1.4975696905819826
1.4975696905819826
1.4975696905819826
1.4975696905819826
1.4975696905819826
1.4975696905819826
1.4975696905819826
1.4975696905819826
1.4975696905819826
1.4975696905819826
1.4975696905819826
1.4975696905819826
1.4975696905819826
1.4975696905819826
1.4975696905819826
1.4975696905819826
1.4975696905819826
1.4975696905819826
1.4975696905819826
1.4975696905819826
1.4975696905819826
1.4975696905819826
1.4975696905819826
1.4975696905819826
1.4975696905819826
1.4976092394379215
1.4976092394379215
1.4976092394379215
1.4976092394379215
1.4976402062719116
1.4976405640908836
1.4976537650331472
1.4976616856813467
1.4976616856813467
1.4976616856813467
1.4976616856813467
1.4976616856813467
1.497662951566903
1.4976652557903884
1.4976652557903884
1.4976652557903884
1.4976652557903884
1.4976653201841923
1.4976666333365019
1.4976672102648412
1.4976682357236426
1.4976688509991527
1.4976692201645412
1.497669441663804
1.4976699039425168
1.4976705985647376
1.4976710375187487
1.4976713008911848
1.4976717902795555
1.4976722894229937
1.4976726437582297
1.4976728563593968
1.4976731311122669
1.4976733404611935
1.4976734660705562
1.497673541436176
1.4976736230745573
1.497673692054929
1.4976737375466553
1.4976737648416916
1.4976738025860976
1.4976738405690244
1.497673866442715
1.4976738821902793
1.49767389202618
1.4976739032791873
1.4976739135035477
1.4976739205229606
1.4976739247346085
1.4976739272615966
1.497673930277135
1.497673932746364
1.497673934518581
1.4976739355907247
1.4976739370958563
1.4976739380652506
1.49767393856116
1.4976739392384992
1.4976739399492343
1.4976739404496542
1.4976739406468393
1.49767394084251
1.4976739410870863
1.4976739413772913
1.4976739415672715
1.4976739417103968
1.4976739418601683
1.497673941957496
1.4976739420158927
1.4976739420509306
1.497673942098897
1.4976739421546985
1.4976739421840959
1.497673942202152
1.49767394221405
1.4976739422299339
1.4976739422425207
1.4976739422511234
1.4976739422574652
1.4976739422612706
1.4976739422635537
1.4976739422666259
1.497673942270551
1.4976739422737884
1.4976739422753638
1.4976739422765233
1.4976739422783372
1.4976739422800573
1.497673942281098
1.4976739422817227
1.4976739422820973
1.4976739422826721
1.4976739422832843
1.497673942283648
1.4976739422838687
1.4976739422840302
1.4976739422842171
1.497673942284352
1.4976739422844285
1.497673942284518
1.4976739422845948
1.4976739422846443
1.497673942284691
1.497673942284727
1.4976739422847514
1.4976739422847685
1.497673942284778
1.4976739422847871
1.4976739422847984
1.4976739422848033
1.4976739422848069
1.4976739422848113
1.4976739422848149
1.497673942284818
1.4976739422848195
1.4976739422848204
1.497673942284821
1.4976739422848215
1.4976739422848226
1.4976739422848229
1.497673942284823
1.4976739422848233
1.4976739422848233
1.4976739422848235
1.4976739422848238
1.4976739422848238
1.4976739422848238
1.4976739422848242
1.4976739422848242
1.4976739422848242
1.4976739422848242
1.4976739422848242
1.4976739422848242
1.4976739422848242
1.4976739422848242
1.4976739422848242
1.4976739422848242
1.4976739422848242
1.4976739422848242
1.4976739422848242
1.4976739422848242
1.4976739422848242
1.4976739422848242
1.4976739422848242
1.4976739422848242
1.4976739422848242
