1.0172444706650525
1.0172444706650525
1.0172444706650525
1.0172444706650525
1.0172444706650525
1.0172444706650525
1.0172444706650525
1.0172444706650525
1.0172444706650525
1.0172444706650525
1.0172444706650525
1.0172444706650525
1.0172444706650525
1.0172444706650525
1.0172444706650525
1.0172444706650525
1.0172444706650525
1.0172444706650525
1.0172444706650525
1.0172444706650525
1.0172444706650525
1.0172444706650525
1.0172444706650525
1.0172444706650525
1.0172444706650525
1.0172444706650525
1.0172444706650525
1.0172444706650525
1.0172444706650525
1.0172444706650525
1.0172444706650525
1.0172444706650525
1.0172444706650525
1.0172444706650525
1.0172444706650525
1.0172444706650525
1.0172444706650525
1.0172444706650525
1.0172444706650525
1.0172444706650525
1.0172444706650525
1.0172444706650525
1.0172444706650525
1.0172444706650525
1.0172444706650525
1.0172444706650525
1.017254975991986
1.0172567208245697
1.0172567208245697
1.0172567208245697
1.0172663902657793
1.0172663902657793
1.017267728553182
1.0172712656536476
1.0172779185497407
1.0172782020648836
1.0172828681202328
1.0172856677109179
1.01728734745002
1.017288491882579
1.0172917998868207
1.0172940088911675
1.0172953541682583
1.0172971413966847
1.017298223569122
1.017298999233966
1.0172995030781462
1.017300099362351
1.0173006371302058
1.0173010209083966
1.0173012511753494
1.0173013893355356
1.0173015754257464
1.0173018071386006
1.0173019540178623
1.0173020421454442
1.0173021343647286
1.0173022680377324
1.0173023616755947
1.0173024178583254
1.0173024515679683
1.017302512644795
1.0173025490092558
1.0173025656322447
1.017302580936095
1.0173025845355843
1.0173025992478006
1.0173026000658372
1.0173026079866598
1.0173026118597734
1.0173026157965999
1.0173026177885538
1.0173026185482152
1.0173026189440848
1.0173026201410562
1.0173026202036382
1.0173026208159313
1.0173026208909048
1.0173026208909048
1.0173026209572804
1.0173026210110798
1.0173026210110798
1.0173026210110798
1.0173026210568117
1.0173026210568117
1.0173026210568117
1.0173026210568117
1.0173026210840868
1.0173026210934306
1.0173026210934306
1.0173026210934306
1.017302621102254
1.017302621102254
1.017302621102254
1.0173026211057539
1.017302621107258
1.017302621107258
1.017302621107258
1.0173026211091563
1.0173026211091563
1.0173026211091563
1.0173026211091563
1.0173026211093426
1.0173026211093426
1.0173026211093426
1.0173026211097498
1.0173026211097498
1.0173026211097498
1.0173026211097498
1.017302621109986
1.0173026211102119
1.0173026211103477
1.0173026211104284
1.0173026211105547
1.0173026211106273
1.01730262111063
1.0173026211106315
1.0173026211106544
1.0173026211107583
1.0173026211107705
1.0173026211107705
1.0173026211107705
1.0173026211107967
1.0173026211107967
1.0173026211107967
1.0173026211107967
1.0173026211107967
1.0173026211107985
1.0173026211108005
1.0173026211108005
1.0173026211108005
1.0173026211108016
1.0173026211108016
1.0173026211108016
1.0173026211108016
1.017302621110802
1.017302621110802
1.017302621110802
1.017302621110802
1.017302621110802
1.017302621110802
1.017302621110802
1.017302621110802
1.017302621110802
1.017302621110802
1.017302621110802
1.017302621110802
1.0173026211108025
1.0173026211108025
1.0173026211108025
1.0173026211108025
1.0173026211108025
1.0173026211108025
1.0173026211108025
1.0173026211108025
1.0173026211108025
1.0173026211108025
1.0173026211108025
1.0173026211108025
1.0173026211108025
1.0173026211108025
1.0173026211108025
1.0173026211108025
1.0173026211108025
1.0173026211108025
1.0173026211108025
