1.8573344373250753
1.8573344373250753
1.8573344373250753
1.8573344373250753
1.8573344373250753
1.8573344373250753
1.8573344373250753
1.8573344373250753
1.8573344373250753
1.8573344373250753
1.8573344373250753
1.8573344373250753
1.8573344373250753
1.8573344373250753
1.8573344373250753
1.8573344373250753
1.8573344373250753
1.8573344373250753
1.8573344373250753
1.8573344373250753
1.8573344373250753
1.8573344373250753
1.8573344373250753
1.8573344373250753
1.8573344373250753
1.8573344373250753
1.8573344373250753
1.8573344373250753
1.8573344373250753
1.8573344373250753
1.8573344373250753
1.8573344373250753
1.8573344373250753
1.8573344373250753
1.8573344373250753
1.8573344373250753
1.8573344373250753
1.8573344373250753
1.8573344373250753
1.8573344373250753
1.8573344373250753
1.8573344373250753
1.8573344373250753
1.8573344373250753
1.8573344373250753
1.8573344373250753
1.8573344373250753
1.8573344373250753
1.8573344373250753
1.8573344373250753
1.8573344373250753
1.8573344373250753
1.8573344373250753
1.8573344373250753
1.8573360897188878
1.8573390994961394
1.857340905361025
1.857340905361025
1.8573437275087514
1.8573457491946506
1.8573470969111727
1.8573483148290686
1.857350136454733
1.8573506196503389
1.8573514379841507
1.8573520320060055
1.8573523999490962
1.8573526695383182
1.857352831291868
1.8573529283440038
1.8573531188914232
1.8573532561386303
1.8573533388964452
1.8573533912276785
1.8573534357121408
1.8573534501995632
1.8573535286194807
1.8573535673834611
1.857353597064527
1.8573536089415315
1.8573536214077457
1.8573536226392913
1.8573536268431279
1.8573536288117336
1.8573536315862709
1.857353637527406
1.857353637527406
1.857353639027562
1.8573536407654572
1.8573536421339605
1.8573536429550623
1.857353643447723
1.8573536437433198
1.857353644546416
1.8573536452795762
1.857353645898383
1.857353645898383
1.857353646258073
1.8573536464202056
1.8573536464853515
1.8573536467006835
1.8573536467006835
1.8573536467521092
1.8573536467625378
1.8573536467625378
1.8573536467625378
1.8573536467757226
1.8573536467757226
1.8573536467757226
1.8573536467757226
1.8573536467855536
1.8573536467855536
1.8573536467855536
1.8573536467855536
1.8573536467915241
1.8573536467915241
1.8573536467915241
1.8573536467915241
1.8573536467928693
1.8573536467928693
1.8573536467928693
1.8573536467928693
1.8573536467937046
1.8573536467937046
1.8573536467940304
1.8573536467940304
1.8573536467941496
1.8573536467943694
1.8573536467943694
1.8573536467943694
1.8573536467944822
1.8573536467944822
1.8573536467944822
1.8573536467944822
1.857353646794509
1.8573536467945286
1.8573536467945286
1.8573536467945286
1.8573536467945286
1.8573536467945286
1.8573536467945302
1.8573536467945302
1.8573536467945302
1.8573536467945302
1.8573536467945302
1.857353646794531
1.857353646794533
1.857353646794534
1.8573536467945346
1.8573536467945349
1.8573536467945362
1.8573536467945364
1.8573536467945364
1.8573536467945364
1.8573536467945368
1.857353646794537
1.857353646794537
1.857353646794537
1.857353646794537
1.857353646794537
1.857353646794537
1.857353646794537
1.857353646794537
1.857353646794537
1.857353646794537
1.857353646794537
1.857353646794537
1.857353646794537
1.857353646794537
1.857353646794537
1.857353646794537
1.857353646794537
1.857353646794537
1.857353646794537
1.857353646794537
1.857353646794537
1.857353646794537
1.857353646794537
1.857353646794537
1.857353646794537
