1.9487081337186771
1.9487081337186771
1.9487081337186771
1.9487081337186771
1.9487081337186771
1.9487081337186771
1.9487081337186771
1.9487081337186771
1.9487081337186771
1.9487081337186771
1.9487081337186771
1.9487081337186771
1.9487081337186771
1.9487081337186771
1.9487081337186771
1.9487081337186771
1.9487081337186771
1.9487081337186771
1.9487081337186771
1.9487081337186771
1.9487081337186771
1.9487081337186771
1.9487081337186771
1.9487081337186771
1.9487081337186771
1.9487081337186771
1.9487081337186771
1.9487081337186771
1.9487081337186771
1.9487081337186771
1.9487081337186771
1.9487081337186771
1.9487081337186771
1.9487081337186771
1.9487081337186771
1.9487081337186771
1.9487081337186771
1.9487081337186771
1.9487081337186771
1.9487081337186771
1.9487081337186771
1.9487081337186771
1.9487081337186771
1.9487081337186771
1.9487081337186771
1.9487081337186771
1.9487081337186771
1.9487081337186771
1.9487081337186771
1.9487081337186771
1.9487081337186771
1.9487081337186771
1.9487096091459581
1.9487096091459581
1.9487096091459581
1.9487096091459581
1.9487096091459581
1.9487232174155074
1.9487363753898808
1.9487442701597018
1.9487490070162654
1.9487600685632414
1.9487600685632414
1.9487600685632414
1.9487662710890097
1.9487662710890097
1.9487662710890097
1.9487662710890097
1.9487678005033466
1.948770714234499
1.9487727904313243
1.9487744817706663
1.9487759530310576
1.948778275425288
1.9487796688619063
1.9487800836937024
1.9487810239105747
1.9487816658185275
1.9487830863811757
1.948783303201746
1.94878363138848
1.948784134939103
1.9487844745079101
1.9487847918184142
1.9487848463708617
1.9487849218317632
1.9487851382411372
1.9487852865962034
1.9487853756092448
1.9487854290170707
1.9487855390952662
1.948785651434237
1.948785720028947
1.9487857687874044
1.9487858147819384
1.9487858486914786
1.9487858671135179
1.9487858836234073
1.9487858931451292
1.9487859075823462
1.9487859162446768
1.9487859226715067
1.9487859306487958
1.94878593759793
1.94878594180325
1.9487859442874025
1.948785946983988
1.9487859486230346
1.9487859498643647
1.9487859505462464
1.9487859509751526
1.9487859517847321
1.9487859522704793
1.948785952561928
1.9487859528120124
1.9487859533764809
1.9487859535983223
1.9487859538425425
1.9487859539890753
1.9487859540672756
1.9487859541451604
1.948785954275245
1.9487859543254253
1.9487859543619221
1.948785954422865
1.9487859544417188
1.9487859544632802
1.94878595448343
1.948785954495109
1.9487859545051893
1.9487859545148891
1.9487859545189667
1.9487859545214137
1.9487859545253232
1.9487859545287833
1.948785954530955
1.948785954532524
1.9487859545340778
1.9487859545360464
1.948785954537765
1.948785954538842
1.9487859545397395
1.9487859545402777
1.948785954540661
1.9487859545412267
1.9487859545416808
1.948785954541974
1.9487859545421684
1.9487859545424095
1.9487859545426065
1.9487859545427244
1.9487859545427948
1.9487859545428377
1.9487859545428947
1.94878595454298
1.9487859545430324
1.948785954543063
1.948785954543098
1.9487859545431436
1.94878595454317
1.9487859545431865
1.948785954543212
1.9487859545432307
1.948785954543242
1.9487859545432482
1.9487859545432578
1.9487859545432646
1.9487859545432686
1.948785954543272
1.9487859545432764
1.9487859545432782
1.9487859545432802
1.9487859545432809
1.9487859545432817
1.9487859545432822
1.9487859545432824
1.9487859545432829
1.9487859545432833
1.9487859545432833
1.9487859545432833
1.9487859545432833
1.9487859545432833
1.9487859545432833
1.9487859545432833
1.9487859545432833
1.9487859545432833
1.9487859545432833
1.9487859545432833
1.9487859545432833
1.9487859545432833
1.9487859545432833
1.9487859545432833
1.9487859545432833
1.9487859545432833
1.9487859545432833
1.9487859545432833
1.9487859545432833
1.9487859545432833
1.9487859545432833
