1.5320891013409024
1.5320891013409024
1.5320891013409024
1.5320891013409024
1.5320891013409024
1.5320891013409024
1.5320891013409024
1.5320891013409024
1.5320891013409024
1.5320891013409024
1.5320891013409024
1.5320891013409024
1.5320891013409024
1.5320891013409024
1.5320891013409024
1.5320891013409024
1.5320891013409024
1.5320891013409024
1.5320891013409024
1.5320891013409024
1.5320891013409024
1.5320891013409024
1.5320891013409024
1.5320891013409024
1.5320891013409024
1.5320891013409024
1.5320891013409024
1.5320891013409024
1.5320891013409024
1.5320891013409024
1.5320891013409024
1.5320891013409024
1.5320891013409024
1.5320891013409024
1.5320891013409024
1.5320891013409024
1.5320891013409024
1.5320891013409024
1.5320891013409024
1.5320891013409024
1.5320891013409024
1.5320891013409024
1.5320891013409024
1.5320891013409024
1.5320891013409024
1.5320891013409024
1.5320891013409024
1.5320891013409024
1.5320891013409024
1.5320891013409024
1.5320891013409024
1.5320891013409024
1.5320945249421134
1.5320945249421134
1.5320945249421134
1.5320945249421134
1.5320945249421134
1.5320975912672274
1.5320975912672274
1.5320975912672274
1.5320975912672274
1.532098804049839
1.532098804049839
1.532098804049839
1.532098804049839
1.5321009459731951
1.532101031218744
1.5321010533874404
1.5321010533874404
1.5321022497702108
1.5321022497702108
1.5321026981894283
1.5321030392104675
1.532103330081601
1.5321037224649963
1.532103914417457
1.5321040305181277
1.532104176865066
1.532104240370404
1.5321043848166156
1.5321044758709716
1.5321045374982845
1.532104579947936
1.5321046406572398
1.5321046823926736
1.5321047074339347
1.5321047175929439
1.5321047332013824
1.5321047471150004
1.5321047545289976
1.5321047605355993
1.532104768031372
1.5321047730033912
1.532104775986603
1.5321047777765302
1.5321047791567224
1.5321047855409649
1.532104787985262
1.5321047906433858
1.5321047914562769
1.532104793818187
1.5321047956458844
1.532104796742503
1.5321047974004742
1.5321047981716147
1.5321047986796694
1.5321047990611718
1.5321047992738115
1.5321047996571602
1.5321047998871697
1.5321048000251756
1.5321048001079791
1.5321048001576607
1.5321048002160442
1.532104800331964
1.5321048004008306
1.5321048004008306
1.5321048004714644
1.5321048004841187
1.5321048005035003
1.5321048005078113
1.5321048005316393
1.5321048005603657
1.5321048005776006
1.532104800588845
1.5321048005975015
1.5321048006102538
1.5321048006179052
1.532104800622496
1.5321048006259883
1.5321048006301796
1.5321048006334066
1.532104800635634
1.5321048006370153
1.5321048006378843
1.532104800638771
1.5321048006395008
1.5321048006400133
1.5321048006403442
1.5321048006405429
1.5321048006406621
1.5321048006407598
1.532104800640965
1.532104800641139
1.5321048006412437
1.5321048006413063
1.5321048006413438
1.5321048006414075
1.5321048006415117
1.5321048006415745
1.5321048006416131
1.53210480064166
1.5321048006417046
1.5321048006417313
1.5321048006417477
1.5321048006417632
1.5321048006417761
1.532104800641784
1.5321048006417886
1.5321048006417928
1.5321048006417968
1.5321048006417997
1.5321048006418014
1.5321048006418023
1.532104800641803
1.5321048006418037
1.5321048006418043
1.5321048006418048
1.532104800641805
1.5321048006418052
1.5321048006418054
1.5321048006418054
1.5321048006418054
1.5321048006418054
1.5321048006418054
1.5321048006418054
1.5321048006418054
1.5321048006418054
1.5321048006418054
1.5321048006418054
1.5321048006418054
1.5321048006418054
1.5321048006418054
1.5321048006418054
1.5321048006418054
1.5321048006418054
1.5321048006418054
1.5321048006418054
