3.0003638483943584
3.0003638483943584
3.0003638483943584
3.0003638483943584
3.0003638483943584
3.0003638483943584
3.0003638483943584
3.0003638483943584
3.0003638483943584
3.0003638483943584
3.0003638483943584
3.0003638483943584
3.0003638483943584
3.0003638483943584
3.0003638483943584
3.0003638483943584
3.0003638483943584
3.0003638483943584
3.0003638483943584
3.0003638483943584
3.0003638483943584
3.0003638483943584
3.0003638483943584
3.0003638483943584
3.0003638483943584
3.0003638483943584
3.0003638483943584
3.0003638483943584
3.0003638483943584
3.0003638483943584
3.0003638483943584
3.0003638483943584
3.0003638483943584
3.0003638483943584
3.0003638483943584
3.0003638483943584
3.0003638483943584
3.0003638483943584
3.0003638483943584
3.0003638483943584
3.00114669058172
3.00114669058172
3.00114669058172
3.00114669058172
3.00114669058172
3.00114669058172
3.00114669058172
3.001164701032151
3.001164701032151
3.001164701032151
3.001164701032151
3.001164701032151
3.001164701032151
3.001164701032151
3.001179803774882
3.001207400899823
3.0012239589533105
3.001233893705671
3.0012398545283845
3.0012749287682197
3.0013253611243282
3.0013556199297122
3.001373774993964
3.0013846679536833
3.001412059804019
3.001443656730311
3.001462830449595
3.0014743345942887
3.0014841108119943
3.001511201067167
3.0015278082128996
3.001538233524466
3.0015444886992806
3.0015498166615378
3.001556594174065
3.0015619458947476
3.0015651569218447
3.001567083536189
3.0015683117746406
3.001569840282756
3.0015703583691073
3.0015717688780277
3.001571902247409
3.0015727479859167
3.001573255429018
3.001573559894879
3.0015737494838475
3.00157428099273
3.0015743785935434
3.00157456776666
3.001574681270532
3.001574749372856
3.0015748225520507
3.001574894144255
3.001574937152795
3.001574963956308
3.0015749786145838
3.001575015452827
3.0015750507433863
3.001575071917722
3.0015750846223233
3.001575097495628
3.001575126137021
3.00157514607048
3.0015751579491528
3.0015751653847604
3.001575177467878
3.001575186840635
3.0015751924642884
3.0015751958384804
3.001575197862997
3.0015752069335284
3.001575212888943
3.0015752165075464
3.0015752189697746
3.0015752214533338
3.001575224493272
3.001575224800285
3.001575225510664
3.0015752263879047
3.0015752270108416
3.0015752273852527
3.001575228043482
3.001575228526844
3.0015752287746396
3.0015752287746396
3.0015752287959034
3.00157522897315
3.0015752290769973
3.001575229141082
3.0015752291772193
3.001575229200202
3.0015752292747653
3.001575229321769
3.001575229321769
3.0015752293514915
3.001575229373889
3.0015752293868454
3.0015752293948657
3.001575229399452
3.001575229406178
3.0015752294191866
3.001575229426992
3.0015752294316744
3.0015752294348514
3.0015752294392257
3.0015752294432745
3.0015752294457068
3.0015752294472184
3.0015752294480484
3.0015752294480484
3.0015752294485987
3.0015752294485987
3.0015752294485987
3.001575229448618
3.0015752294489375
3.0015752294489983
3.0015752294489983
3.001575229449018
3.001575229449049
3.0015752294490676
3.001575229449101
3.0015752294491307
3.001575229449147
3.0015752294491573
3.0015752294491573
3.0015752294491573
3.0015752294491573
3.0015752294491573
3.0015752294491573
3.0015752294491573
3.0015752294491573
3.0015752294491573
3.0015752294491573
3.0015752294491573
3.0015752294491573
3.0015752294491573
3.0015752294491573
3.0015752294491573
3.0015752294491573
3.0015752294491573
3.001575229449159
3.001575229449159
3.0015752294491604
3.0015752294491613
3.0015752294491618
3.001575229449162
3.0015752294491627
3.001575229449163
3.0015752294491636
3.0015752294491636
3.0015752294491636
3.0015752294491636
3.0015752294491636
3.0015752294491636
3.0015752294491636
3.0015752294491636
3.0015752294491636
3.0015752294491636
3.0015752294491636
3.0015752294491636
3.0015752294491636
3.0015752294491636
3.0015752294491636
3.0015752294491636
3.0015752294491636
