2.0981848166583807
2.0981848166583807
2.0981848166583807
2.0981848166583807
2.0981848166583807
2.0981848166583807
2.0981848166583807
2.0981848166583807
2.0981848166583807
2.0981848166583807
2.0981848166583807
2.0981848166583807
2.0981848166583807
2.0981848166583807
2.0981848166583807
2.0981848166583807
2.0981848166583807
2.0981848166583807
2.0981848166583807
2.0981848166583807
2.0981848166583807
2.0981848166583807
2.0981848166583807
2.0981848166583807
2.0981848166583807
2.0981848166583807
2.0981848166583807
2.0981848166583807
2.0981848166583807
2.0981848166583807
2.0981848166583807
2.0981848166583807
2.0981848166583807
2.0981848166583807
2.0981848166583807
2.0981848166583807
2.0981848166583807
2.0981848166583807
2.0981848166583807
2.0982746577928757
2.0982746577928757
2.0982746577928757
2.0982746577928757
2.0982746577928757
2.0982746577928757
2.0982746577928757
2.0982815840024975
2.0982815840024975
2.0982815840024975
2.0982815840024975
2.098299703741716
2.098299703741716
2.098330929764425
2.098353532598577
2.098367237075895
2.0983785925920615
2.0983989819376294
2.0984113837062353
2.098419430954101
2.098423192799714
2.098425862886312
2.098429401199711
2.0984353336576675
2.09844359352244
2.098444729315209
2.0984482890139424
2.0984515553557603
2.098454172017021
2.0984554982174437
2.098456529469171
2.098458138960864
2.098459531176221
2.0984603665052943
2.0984608677026872
2.0984616227884283
2.098462173320554
2.0984625079716004
2.098462708762223
2.098462845369835
2.098462954151742
2.0984630579025767
2.0984631554003896
2.0984632138990773
2.0984632697893546
2.098463313333628
2.098463341453312
2.098463359285534
2.0984633754443673
2.0984633909605037
2.0984634021981114
2.098463410520753
2.0984634155143365
2.0984634185104887
2.098463420527162
2.0984634238032025
2.098463426154831
2.0984634276341123
2.098463429053051
2.098463430569844
2.0984634316423847
2.0984634322859086
2.0984634330252674
2.0984634337011716
2.0984634341091817
2.0984634343594477
2.0984634346054007
2.098463434802334
2.098463434945663
2.0984634350316607
2.098463435083261
2.0984634351154163
2.0984634351500677
2.0984634351746925
2.098463435199297
2.098463435222114
2.0984634352358023
2.098463435244015
2.0984634352489433
2.0984634352519014
2.098463435258485
2.098463435264729
2.098463435268528
2.098463435270807
2.098463435272174
2.0984634352729956
2.0984634352750704
2.0984634352779885
2.098463435279739
2.09846343528079
2.0984634352818983
2.098463435283809
2.098463435284957
2.0984634352856464
2.0984634352860576
2.098463435286523
2.098463435287338
2.0984634352878264
2.0984634352881195
2.0984634352882967
2.0984634352887124
2.0984634352889744
2.0984634352891303
2.0984634352892546
2.0984634352894616
2.098463435289586
2.098463435289661
2.0984634352897067
2.098463435289811
2.0984634352898737
2.098463435289912
2.0984634352899367
2.0984634352899647
2.0984634352899914
2.0984634352900082
2.098463435290017
2.098463435290023
2.098463435290028
2.0984634352900318
2.098463435290035
2.0984634352900366
2.098463435290038
2.098463435290039
2.098463435290039
2.0984634352900398
2.0984634352900398
2.0984634352900398
2.0984634352900398
2.0984634352900398
2.0984634352900398
2.0984634352900398
2.0984634352900398
2.0984634352900398
2.0984634352900398
2.0984634352900398
2.0984634352900398
2.0984634352900398
2.0984634352900398
2.0984634352900398
2.0984634352900398
2.0984634352900398
2.0984634352900398
2.0984634352900398
2.0984634352900398
2.0984634352900398
2.0984634352900398
2.0984634352900398
2.0984634352900398
2.0984634352900398
2.0984634352900398
