1.712289083740639
1.712289083740639
1.712289083740639
1.712289083740639
1.712289083740639
1.712289083740639
1.712289083740639
1.712289083740639
1.712289083740639
1.712289083740639
1.712289083740639
1.712289083740639
1.712289083740639
1.712289083740639
1.712289083740639
1.712289083740639
1.712289083740639
1.712289083740639
1.712289083740639
1.712289083740639
1.712289083740639
1.712289083740639
1.712289083740639
1.712289083740639
1.712289083740639
1.712289083740639
1.712289083740639
1.712289083740639
1.712289083740639
1.712289083740639
1.712289083740639
1.712289083740639
1.712289083740639
1.712289083740639
1.712289083740639
1.712289083740639
1.712289083740639
1.712289083740639
1.712289083740639
1.712289083740639
1.712289083740639
1.712289083740639
1.712289083740639
1.712289083740639
1.712289083740639
1.712289083740639
1.712289083740639
1.712289083740639
1.7122896073356646
1.7122896073356646
1.7122896073356646
1.7122896073356646
1.7122896073356646
1.7122919465697124
1.7122933728692824
1.7122954969214506
1.7123005499873425
1.7123005499873425
1.7123005499873425
1.7123005499873425
1.7123008082492215
1.7123012820812606
1.712302518679654
1.712303503594953
1.7123041113509867
1.7123047497934114
1.7123055143312924
1.712305906514183
1.7123061524308836
1.7123064388412683
1.7123065402025175
1.7123067269587073
1.7123067652245851
1.7123069326478126
1.71230702901876
1.7123071439770974
1.7123071937770236
1.7123072815871234
1.712307340431146
1.7123073805984081
1.7123074046987654
1.712307430470036
1.7123074703186796
1.7123074958038158
1.7123075117863038
1.7123075270009949
1.712307539401025
1.7123075476691538
1.7123075529625642
1.7123075596765125
1.7123075644451105
1.7123075675655914
1.7123075694453014
1.7123075705731274
1.7123075734778195
1.7123075756399695
1.712307576937259
1.7123075781161592
1.7123075796367193
1.712307580553341
1.7123075811110946
1.7123075818613076
1.7123075828545766
1.7123075834505381
1.712307583808115
1.712307584022661
1.712307584489483
1.7123075849215845
1.7123075851835428
1.712307585306746
1.712307585377913
1.7123075855178749
1.7123075856786518
1.7123075857321441
1.7123075857642398
1.712307585836288
1.7123075859026433
1.7123075859424561
1.712307585966344
1.7123075859823949
1.7123075860111838
1.7123075860331933
1.712307586046399
1.7123075860543227
1.7123075860590766
1.7123075860678485
1.712307586082186
1.712307586090788
1.7123075860959494
1.7123075860996408
1.7123075861048727
1.7123075861080732
1.7123075861099935
1.7123075861111459
1.7123075861126937
1.7123075861143404
1.7123075861153285
1.7123075861159216
1.712307586116277
1.7123075861166064
1.71230758611712
1.7123075861174284
1.7123075861176131
1.7123075861177572
1.7123075861179633
1.7123075861180868
1.712307586118161
1.7123075861182264
1.712307586118305
1.712307586118352
1.7123075861183805
1.7123075861183976
1.7123075861184385
1.7123075861184647
1.7123075861184804
1.7123075861184958
1.712307586118522
1.7123075861185377
1.712307586118547
1.7123075861185615
1.712307586118571
1.7123075861185768
1.7123075861185801
1.7123075861185824
1.7123075861185855
1.7123075861185884
1.71230758611859
1.712307586118591
1.7123075861185926
1.712307586118594
1.7123075861185948
1.7123075861185952
1.7123075861185957
1.7123075861185963
1.7123075861185966
1.712307586118597
1.712307586118597
1.7123075861185975
1.7123075861185975
1.7123075861185975
1.7123075861185975
1.7123075861185975
1.7123075861185975
1.7123075861185975
1.7123075861185975
1.7123075861185975
