2.0716910963880815
2.0716910963880815
2.0716910963880815
2.0716910963880815
2.0716910963880815
2.0716910963880815
2.0716910963880815
2.0716910963880815
2.0716910963880815
2.0716910963880815
2.0716910963880815
2.0716910963880815
2.0716910963880815
2.0716910963880815
2.0716910963880815
2.0716910963880815
2.0716910963880815
2.0716910963880815
2.0716910963880815
2.0716910963880815
2.0716910963880815
2.0716910963880815
2.0716910963880815
2.0716910963880815
2.0716910963880815
2.0716910963880815
2.0716910963880815
2.0716910963880815
2.0716910963880815
2.0716910963880815
2.0716910963880815
2.0716910963880815
2.0716910963880815
2.0716910963880815
2.0727441455094047
2.0727441455094047
2.0727441455094047
2.0727441455094047
2.0727441455094047
2.0727441455094047
2.0727441455094047
2.0727441455094047
2.0727441455094047
2.0727441455094047
2.0727777939326035
2.0728288454036274
2.0728637213247194
2.0728933672773984
2.0729090580452696
2.072914931910734
2.0729226272109154
2.0729391624842872
2.0729391624842872
2.0729444194403044
2.072949143007263
2.072954631768907
2.072962544704381
2.072969018734442
2.0729729031445894
2.0729758961353935
2.072980335214529
2.0729843226484936
2.0729873057243755
2.072989095569772
2.0729909438642893
2.072992903172475
2.0729940787572723
2.072994784108109
2.0729952254649344
2.0729955204968213
2.0729960414029343
2.072996458898563
2.072996709395934
2.0729968596943555
2.072996949873408
2.072997242255292
2.072997484306299
2.072997629536901
2.0729977180141286
2.0729978714239796
2.0729979903982083
2.072998061782744
2.0729981046134647
2.072998130311898
2.072998187177937
2.072998255917008
2.0729982971604515
2.0729983219076664
2.072998370192669
2.0729984035931475
2.0729984236334347
2.0729984356576074
2.07299844287211
2.0729984514556112
2.072998459470222
2.0729984642789883
2.072998467786775
2.072998472458681
2.0729984752618247
2.072998476943711
2.0729984779528428
2.0729984794638914
2.072998480420446
2.0729984809943787
2.072998481338738
2.072998481545354
2.072998481669324
2.0729984818027796
2.0729984819591785
2.072998482053018
2.0729984821093215
2.072998482143104
2.072998482180429
2.0729984822079404
2.072998482224447
2.0729984822344
2.0729984822403886
2.0729984822540826
2.072998482263973
2.0729984822699077
2.0729984822756826
2.07299848228152
2.072998482285023
2.072998482287125
2.072998482289648
2.0729984822923897
2.072998482294035
2.0729984822950214
2.072998482296493
2.072998482297482
2.072998482298076
2.0729984822986918
2.0729984822993086
2.072998482299678
2.0729984822999
2.072998482300034
2.072998482300336
2.07299848230054
2.0729984823006626
2.072998482300736
2.0729984823008505
2.0729984823009615
2.0729984823010277
2.0729984823010685
2.0729984823010925
2.07299848230113
2.0729984823011574
2.0729984823011747
2.072998482301188
2.0729984823012004
2.072998482301208
2.0729984823012124
2.0729984823012155
2.0729984823012173
2.0729984823012186
2.072998482301223
2.0729984823012253
2.072998482301227
2.072998482301228
2.0729984823012293
2.0729984823012297
2.0729984823012306
2.0729984823012306
2.072998482301231
2.072998482301231
2.0729984823012315
2.072998482301232
2.072998482301232
2.072998482301232
2.072998482301232
2.072998482301232
2.072998482301232
2.072998482301232
2.072998482301232
2.072998482301232
2.072998482301232
2.072998482301232
2.072998482301232
2.072998482301232
2.072998482301232
2.072998482301232
2.072998482301232
2.072998482301232
2.072998482301232
2.072998482301232
2.072998482301232
2.072998482301232
2.072998482301232
2.072998482301232
2.072998482301232
2.072998482301232
