1.8995651821371926
1.8995651821371926
1.8995651821371926
1.8995651821371926
1.8995651821371926
1.8995651821371926
1.8995651821371926
1.8995651821371926
1.8995651821371926
1.8995651821371926
1.8995651821371926
1.8995651821371926
1.8995651821371926
1.8995651821371926
1.8995651821371926
1.8995651821371926
1.8995651821371926
1.8995651821371926
1.8995651821371926
1.8995651821371926
1.8995651821371926
1.8995651821371926
1.8995651821371926
1.8995651821371926
1.8995651821371926
1.8995651821371926
1.8995651821371926
1.8995651821371926
1.8995651821371926
1.8995651821371926
1.8995651821371926
1.8995651821371926
1.8995651821371926
1.8995651821371926
1.8995651821371926
1.8995651821371926
1.8995651821371926
1.8995651821371926
1.8995651821371926
1.8995651821371926
1.8995651821371926
1.8995651821371926
1.8995651821371926
1.8995651821371926
1.8995651821371926
1.8995651821371926
1.8995651821371926
1.8995651821371926
1.8995651821371926
1.8995651821371926
1.8995651821371926
1.8995651821371926
1.8995651821371926
1.8995651821371926
1.8995651821371926
1.8995651821371926
1.8995651821371926
1.8995672595211497
1.8995672595211497
1.8995672595211497
1.8995672595211497
1.8995684254287564
1.8995695418110996
1.8995705187460072
1.8995718808988074
1.899572698190924
1.8995732881558
1.8995741743509118
1.8995749331537568
1.899575388435572
1.8995756616047004
1.899575861062297
1.8995759521097224
1.899576361254242
1.8995766067410118
1.8995767540330941
1.899576876713107
1.8995770969522323
1.8995772844564525
1.899577396958995
1.8995774695388041
1.8995775293662671
1.8995775823148482
1.8995776140839975
1.8995776428343507
1.8995776676986826
1.8995776875492587
1.899577699918191
1.899577708662346
1.8995777174845618
1.8995777228111548
1.8995777260071107
1.8995777289470337
1.8995777311440445
1.899577732716723
1.8995777346148657
1.8995777357632975
1.8995777365020745
1.899577737034725
1.8995777378569945
1.8995777383826797
1.8995777387375692
1.8995777389505024
1.8995777392156992
1.8995777395327964
1.8995777397230544
1.8995777398502252
1.899577740038417
1.8995777401603628
1.89957774023353
1.8995777402774308
1.899577740303771
1.899577740329278
1.8995777403735992
1.8995777404001915
1.8995777404161471
1.8995777404257204
1.8995777404450935
1.899577740461895
1.899577740471976
1.8995777404780245
1.8995777404871845
1.8995777404962029
1.8995777405016145
1.8995777405048608
1.8995777405068088
1.8995777405112957
1.8995777405150038
1.899577740517229
1.8995777405185637
1.8995777405193652
1.8995777405204899
1.8995777405221084
1.8995777405230787
1.8995777405236614
1.8995777405240108
1.8995777405242913
1.8995777405250203
1.8995777405254572
1.8995777405257197
1.8995777405258774
1.8995777405259717
1.8995777405261154
1.8995777405262595
1.8995777405263459
1.8995777405264005
1.899577740526504
1.8995777405265661
1.8995777405266037
1.8995777405266256
1.8995777405266732
1.899577740526711
1.8995777405267336
1.8995777405267473
1.899577740526755
1.899577740526762
1.8995777405267744
1.899577740526782
1.8995777405267862
1.8995777405267893
1.8995777405267906
1.8995777405267928
1.8995777405267953
1.8995777405267966
1.8995777405267977
1.8995777405267982
1.8995777405267993
1.8995777405268002
1.8995777405268006
1.8995777405268008
1.8995777405268013
1.8995777405268015
1.8995777405268017
1.899577740526802
1.899577740526802
1.899577740526802
1.899577740526802
1.899577740526802
1.899577740526802
1.899577740526802
1.899577740526802
1.899577740526802
1.899577740526802
1.899577740526802
1.899577740526802
1.899577740526802
1.899577740526802
