2.2604683291929364
2.2604683291929364
2.2604683291929364
2.2604683291929364
2.2604683291929364
2.2604683291929364
2.2604683291929364
2.2604683291929364
2.2604683291929364
2.2604683291929364
2.2604683291929364
2.2604683291929364
2.2604683291929364
2.2604683291929364
2.2604683291929364
2.2604683291929364
2.2604683291929364
2.2604683291929364
2.2604683291929364
2.2604683291929364
2.2604683291929364
2.2604683291929364
2.2604683291929364
2.2604683291929364
2.2604683291929364
2.2604683291929364
2.2604683291929364
2.2604683291929364
2.2604683291929364
2.2604683291929364
2.2604683291929364
2.2604683291929364
2.2604683291929364
2.2604683291929364
2.2604683291929364
2.2604683291929364
2.2604683291929364
2.2604683291929364
2.2604683291929364
2.2604683291929364
2.2604683291929364
2.2604683291929364
2.2604683291929364
2.2604683291929364
2.2604683291929364
2.2604683291929364
2.2604683291929364
2.2604683291929364
2.2604683291929364
2.2604683291929364
2.2604683291929364
2.2604683291929364
2.2604683291929364
2.2604683291929364
2.2604683291929364
2.2604683291929364
2.2604683291929364
2.2604683291929364
2.2604694349218173
2.2604694349218173
2.2604694349218173
2.260470170178518
2.2604705775937637
2.2604705775937637
2.2604710366220404
2.2604712847181325
2.260472140798516
2.2604726544467444
2.260473099115639
2.260473189851284
2.2604734163715916
2.2604737398482264
2.2604739414271395
2.260474062374488
2.2604742412259125
2.2604744161265624
2.2604745658200165
2.2604746315514928
2.2604747051646976
2.26047476660702
2.2604748367575644
2.2604748551916605
2.260474867208518
2.2604748893238376
2.260474910936501
2.2604749265354362
2.2604749365003616
2.260474939387963
2.2604749422656107
2.2604749448664054
2.260474949763704
2.260474950573138
2.2604749522354575
2.260474953339983
2.260474954002698
2.260474954758612
2.26047495585568
2.2604749561834954
2.260474956409938
2.2604749568397486
2.2604749569325073
2.260474957002441
2.260474957258339
2.2604749572786376
2.2604749574173324
2.260474957526878
2.260474957595814
2.260474957595814
2.2604749576683694
2.2604749576913425
2.2604749576913425
2.2604749576913425
2.260474957698931
2.260474957698931
2.260474957698931
2.260474957698931
2.260474957703454
2.260474957703454
2.260474957703454
2.2604749577039747
2.2604749577069474
2.26047495770879
2.26047495770879
2.2604749577094454
2.260474957710242
2.260474957710409
2.260474957710478
2.26047495771107
2.260474957711493
2.2604749577115655
2.2604749577117405
2.260474957712034
2.2604749577122147
2.2604749577122147
2.2604749577122147
2.2604749577122747
2.260474957712285
2.260474957712291
2.260474957712295
2.2604749577122965
2.2604749577123426
2.2604749577123737
2.260474957712383
2.260474957712388
2.2604749577123964
2.260474957712409
2.260474957712413
2.2604749577124164
2.260474957712421
2.260474957712427
2.260474957712431
2.2604749577124337
2.2604749577124355
2.2604749577124377
2.26047495771244
2.26047495771244
2.26047495771244
2.260474957712441
2.260474957712441
2.260474957712441
2.260474957712441
2.2604749577124412
2.2604749577124412
2.2604749577124412
2.2604749577124412
2.2604749577124412
2.2604749577124412
2.2604749577124412
2.2604749577124412
2.2604749577124412
2.2604749577124412
2.2604749577124412
2.2604749577124412
2.2604749577124412
2.2604749577124412
2.2604749577124412
2.2604749577124412
2.2604749577124412
2.2604749577124412
2.2604749577124412
2.2604749577124412
2.2604749577124412
2.2604749577124412
2.2604749577124412
2.2604749577124412
