1.1815715217761722
1.1815715217761722
1.1815715217761722
1.1815715217761722
1.1815715217761722
1.1815715217761722
1.1815715217761722
1.1815715217761722
1.1815715217761722
1.1815715217761722
1.1815715217761722
1.1815715217761722
1.1815715217761722
1.1815715217761722
1.1815715217761722
1.1815715217761722
1.1815715217761722
1.1815715217761722
1.1815715217761722
1.1815715217761722
1.1815715217761722
1.1815715217761722
1.1815715217761722
1.1815715217761722
1.1815715217761722
1.1815715217761722
1.1815715217761722
1.1815715217761722
1.1815715217761722
1.1815715217761722
1.1815715217761722
1.1815715217761722
1.1815715217761722
1.1815715217761722
1.1815715217761722
1.1815715217761722
1.1815715217761722
1.1815715217761722
1.1815715217761722
1.1815715217761722
1.1815715217761722
1.1815715217761722
1.1815715217761722
1.1815715217761722
1.1815715217761722
1.1815715217761722
1.1815715217761722
1.1815715217761722
1.1815715217761722
1.1815715217761722
1.1815715217761722
1.1815715217761722
1.1815715217761722
1.1815715217761722
1.1815715217761722
1.1815715217761722
1.1815715217761722
1.1815715217761722
1.1815715217761722
1.1815715217761722
1.1815715217761722
1.1815715217761722
1.1815715217761722
1.1815715217761722
1.1815715217761722
1.1815715217761722
1.1815715217761722
1.1815715217761722
1.1815716182024687
1.1815716182024687
1.1815716182024687
1.1815716182024687
1.1815720560708882
1.181574101215113
1.1815752762833784
1.1815760879858332
1.1815769567267311
1.181577915019342
1.1815783389063537
1.1815788271943437
1.18157918040718
1.1815794047983694
1.1815796944707568
1.1815798682741576
1.1815798682741576
1.1815800062738115
1.1815801052755215
1.181580164985381
1.1815802191273204
1.1815802373474131
1.1815802744573753
1.1815803166032421
1.1815803469344102
1.181580365133111
1.181580377402407
1.1815803860948995
1.181580399115731
1.1815804106034842
1.181580417157722
1.1815804263683614
1.1815804330546702
1.1815804384191761
1.1815804408688466
1.181580442404748
1.1815804443535882
1.18158044495903
1.1815804464173445
1.1815804475337583
1.1815804482036072
1.1815804486055164
1.181580448846662
1.1815804490512116
1.181580449612858
1.181580449863633
1.1815804501819143
1.1815804502541325
1.1815804503221008
1.1815804504707708
1.1815804504887797
1.1815804505510918
1.1815804506061043
1.181580450654587
1.1815804506836767
1.1815804507011305
1.1815804507116028
1.1815804507472925
1.1815804507737895
1.1815804507921432
1.1815804508038212
1.1815804508203442
1.1815804508352814
1.1815804508442442
1.1815804508496215
1.1815804508555476
1.1815804508602
1.1815804508634036
1.1815804508655885
1.1815804508669732
1.181580450868223
1.1815804508692722
1.1815804508699015
1.1815804508702794
1.181580450870506
1.1815804508707768
1.1815804508712375
1.1815804508715273
1.181580450871701
1.1815804508718473
1.1815804508721088
1.1815804508721868
1.1815804508722556
1.1815804508723253
1.181580450872378
1.1815804508724177
1.1815804508724257
1.181580450872472
1.1815804508725072
1.1815804508725283
1.181580450872541
1.1815804508725498
1.181580450872565
1.181580450872574
1.1815804508725791
1.1815804508725827
1.1815804508725827
1.181580450872585
1.1815804508725851
1.1815804508725873
1.1815804508725873
1.1815804508725876
1.1815804508725885
1.1815804508725891
1.1815804508725893
1.1815804508725896
1.1815804508725898
1.1815804508725898
1.1815804508725898
1.1815804508725898
1.1815804508725898
1.1815804508725898
1.1815804508725898
1.1815804508725898
1.1815804508725898
1.1815804508725898
1.1815804508725898
1.1815804508725898
1.1815804508725898
1.1815804508725898
1.1815804508725898
1.1815804508725898
1.1815804508725898
1.1815804508725898
1.1815804508725898
1.1815804508725898
1.1815804508725898
1.1815804508725898
1.1815804508725898
