1.8669703999162384
1.8669703999162384
1.8669703999162384
1.8669703999162384
1.8669703999162384
1.8669703999162384
1.8669703999162384
1.8669703999162384
1.8669703999162384
1.8669703999162384
1.8669703999162384
1.8669703999162384
1.8669703999162384
1.8669703999162384
1.8669703999162384
1.8669703999162384
1.8669703999162384
1.8669703999162384
1.8669703999162384
1.8669703999162384
1.8669703999162384
1.8669703999162384
1.8669703999162384
1.8669703999162384
1.8669703999162384
1.8669703999162384
1.8669703999162384
1.8669703999162384
1.8669703999162384
1.8669703999162384
1.8669703999162384
1.8669703999162384
1.8669703999162384
1.8669703999162384
1.8669703999162384
1.866977795536791
1.866977795536791
1.866977795536791
1.866977795536791
1.866977795536791
1.866977795536791
1.866977795536791
1.866977795536791
1.866977795536791
1.866977795536791
1.866977795536791
1.866977795536791
1.866977795536791
1.866977795536791
1.866977795536791
1.866977795536791
1.866977795536791
1.866977795536791
1.866977795536791
1.866977795536791
1.866977795536791
1.866977795536791
1.866977795536791
1.866977795536791
1.8669794544202774
1.8669821835180425
1.8669841624585983
1.8669853498231097
1.8669860622418815
1.8669864896931672
1.866987385695785
1.8669878447179376
1.8669881201312597
1.8669884596442947
1.8669887876742641
1.866989264917661
1.8669896792253349
1.8669902591874694
1.866990694332661
1.866991441852909
1.8669918903650935
1.8669921594724164
1.8669923209368158
1.8669925981640099
1.8669928287110984
1.866992888117171
1.866993000148228
1.8669930546376383
1.8669931373725641
1.86699315160127
1.866993160138494
1.8669931652608283
1.8669932104439515
1.866993235703154
1.8669932595811314
1.8669932739079174
1.8669932825039885
1.8669932825039885
1.866993286425737
1.8669932948715322
1.866993299067452
1.8669933026202534
1.866993306156111
1.8669933075672465
1.866993310002217
1.866993311339021
1.8669933126481655
1.8669933140625463
1.8669933144417719
1.8669933150024256
1.8669933154436231
1.8669933155266238
1.8669933156776628
1.8669933159277534
1.8669933161186496
1.866993316247793
1.866993316333467
1.8669933165207364
1.8669933166395585
1.8669933167125912
1.8669933167564103
1.8669933168007415
1.8669933168680224
1.8669933169099904
1.8669933169405617
1.866993316960352
1.866993316979591
1.8669933169965187
1.8669933170073092
1.86699331701666
1.8669933170250328
1.8669933170300568
1.8669933170331394
1.86699331703625
1.8669933170385393
1.8669933170401423
1.8669933170413118
1.866993317042125
1.8669933170431006
1.8669933170438082
1.866993317044232
1.8669933170445063
1.8669933170449284
1.866993317045187
1.866993317045393
1.8669933170455426
1.8669933170457094
1.866993317045813
1.8669933170458741
1.866993317045912
1.8669933170459438
1.866993317045991
1.866993317046019
1.8669933170460409
1.8669933170460633
1.8669933170460806
1.8669933170460902
1.8669933170460966
1.8669933170461004
1.8669933170461028
1.8669933170461084
1.8669933170461137
1.866993317046118
1.8669933170461201
1.866993317046124
1.8669933170461261
1.866993317046128
1.866993317046129
1.8669933170461301
1.8669933170461313
1.8669933170461321
1.8669933170461328
1.8669933170461335
1.8669933170461344
1.8669933170461348
1.8669933170461357
1.8669933170461357
1.8669933170461357
1.866993317046136
1.866993317046136
1.866993317046136
1.866993317046136
1.866993317046136
1.866993317046136
1.866993317046136
1.866993317046136
1.866993317046136
1.866993317046136
1.866993317046136
1.866993317046136
1.866993317046136
1.866993317046136
1.866993317046136
1.866993317046136
1.866993317046136
