1.5243930772074763
1.5243930772074763
1.5243930772074763
1.5243930772074763
1.5243930772074763
1.5243930772074763
1.5243930772074763
1.5243930772074763
1.5243930772074763
1.5243930772074763
1.5243930772074763
1.5243930772074763
1.5243930772074763
1.5243930772074763
1.5243930772074763
1.5243930772074763
1.5243930772074763
1.5243930772074763
1.5243930772074763
1.5243930772074763
1.5243930772074763
1.5243930772074763
1.5243930772074763
1.5243930772074763
1.5243930772074763
1.5243930772074763
1.5243930772074763
1.5243930772074763
1.5243930772074763
1.5243930772074763
1.5243930772074763
1.5243930772074763
1.5243930772074763
1.5243930772074763
1.5243930772074763
1.5243930772074763
1.5243930772074763
1.5243930772074763
1.5243930772074763
1.5243930772074763
1.5243930772074763
1.5243930772074763
1.5243930772074763
1.5243930772074763
1.5243930772074763
1.5243930772074763
1.5243930772074763
1.5243930772074763
1.5243930772074763
1.5243930772074763
1.5243930772074763
1.5243930772074763
1.5243930772074763
1.5243930772074763
1.5243930772074763
1.5243930772074763
1.5243930772074763
1.5243930772074763
1.5243930772074763
1.5243930772074763
1.5243932004538685
1.5243932004538685
1.5243932004538685
1.5243950119946108
1.5243950119946108
1.5243950119946108
1.5243950119946108
1.5243954249220817
1.5243954249220817
1.5243954633728478
1.524395543107751
1.5243955909486793
1.5243956196532311
1.5243959585470868
1.5243962909058095
1.5243964903209248
1.524396609969952
1.5243968437259177
1.5243970037560983
1.5243970884848888
1.52439728539723
1.524397389282392
1.5243975323966197
1.5243976834339317
1.5243976834339317
1.5243977563429711
1.5243978074227427
1.5243978656166446
1.5243979250557436
1.5243979345129084
1.5243979524348796
1.5243979936962078
1.5243980176590324
1.5243980294041237
1.5243980449824115
1.524398057190138
1.5243980645147737
1.5243980704560587
1.5243980741726249
1.5243980743879497
1.524398076826533
1.5243980790439426
1.5243980819426615
1.5243980836818924
1.5243980844429557
1.5243980844429557
1.5243980849660184
1.5243980860814645
1.5243980861471398
1.5243980864745605
1.5243980868896343
1.5243980871386784
1.5243980873162981
1.5243980874565517
1.524398087476797
1.5243980875301417
1.5243980877245582
1.52439808772506
1.52439808775851
1.52439808775851
1.5243980877739787
1.5243980878409265
1.524398087885737
1.5243980879129382
1.524398087933602
1.5243980879527932
1.524398087971501
1.5243980879857697
1.5243980879983212
1.5243980880104944
1.5243980880177985
1.5243980880239674
1.524398088028846
1.524398088033153
1.5243980880366121
1.5243980880392858
1.5243980880412389
1.5243980880424313
1.5243980880430712
1.524398088043729
1.524398088043939
1.5243980880444952
1.5243980880446464
1.5243980880447836
1.524398088045039
1.5243980880451997
1.5243980880453045
1.5243980880453674
1.5243980880454053
1.5243980880454409
1.5243980880454753
1.5243980880454977
1.5243980880455046
1.524398088045523
1.5243980880455361
1.5243980880455479
1.5243980880455548
1.5243980880455592
1.524398088045564
1.5243980880455688
1.5243980880455716
1.5243980880455748
1.524398088045578
1.52439808804558
1.5243980880455814
1.5243980880455827
1.5243980880455839
1.5243980880455843
1.5243980880455843
1.5243980880455847
1.524398088045585
1.524398088045585
1.524398088045585
1.524398088045585
1.524398088045585
1.524398088045585
1.524398088045585
1.524398088045585
1.524398088045585
1.524398088045585
1.524398088045585
1.524398088045585
1.524398088045585
1.524398088045585
1.524398088045585
1.524398088045585
1.524398088045585
1.524398088045585
1.524398088045585
1.524398088045585
1.524398088045585
1.524398088045585
1.524398088045585
1.524398088045585
1.524398088045585
