1.2045258817942994
1.2045258817942994
1.2045258817942994
1.2045258817942994
1.2045258817942994
1.2045258817942994
1.2045258817942994
1.2045258817942994
1.2045258817942994
1.2045258817942994
1.2045258817942994
1.2045258817942994
1.2045258817942994
1.2045258817942994
1.2045258817942994
1.2045258817942994
1.2045258817942994
1.2045258817942994
1.2045258817942994
1.2045258817942994
1.2045258817942994
1.2045258817942994
1.2045258817942994
1.2045258817942994
1.2045258817942994
1.2045258817942994
1.2045258817942994
1.2045258817942994
1.2045258817942994
1.2045258817942994
1.2045258817942994
1.2045258817942994
1.2045258817942994
1.2045258817942994
1.2045258817942994
1.2045258817942994
1.2045258817942994
1.2045258817942994
1.2045258817942994
1.2045258817942994
1.2045258817942994
1.2045258817942994
1.2045258817942994
1.2045258817942994
1.2045258817942994
1.2045258817942994
1.204527704150034
1.204536984231035
1.2045425526077767
1.2045444775366232
1.2045475574962015
1.2045485557481515
1.2045491547012652
1.2045495140738334
1.204549729697626
1.2045498590719919
1.2045499366966443
1.2045499832714475
1.2045500112163336
1.2045500279832668
1.2045500380434273
1.204552438521334
1.204552876044941
1.204552876044941
1.2045531216565315
1.2045531216565315
1.2045536281520661
1.20455383610434
1.2045539918702433
1.2045542008882018
1.2045543262989242
1.2045545830675233
1.2045547470880649
1.204554909222503
1.2045550308647952
1.2045551861112433
1.2045553374319515
1.2045554248567933
1.204555503250114
1.2045555886858592
1.2045556697481516
1.2045557214368012
1.204555753166632
1.2045557774454074
1.2045558063845532
1.2045558237480412
1.204555834446699
1.2045558427403493
1.2045558479452414
1.2045558521092528
1.2045558579817444
1.2045558619303336
1.204555864328668
1.2045558661938012
1.204555868503318
1.2045558698890282
1.204555870736787
1.2045558714333522
1.204555872285252
1.2045558729622836
1.2045558733745556
1.2045558736335131
1.204555873788888
1.2045558738965687
1.2045558740908875
1.2045558742074784
1.2045558742774336
1.2045558743259597
1.204555874384102
1.2045558744439668
1.204555874480437
1.204555874503767
1.2045558745251608
1.204555874545517
1.2045558745577305
1.2045558745674068
1.2045558745794265
1.204555874587609
1.204555874592519
1.2045558745955292
1.2045558745982425
1.2045558746014133
1.2045558746033158
1.2045558746045815
1.204555874605495
1.2045558746062244
1.204555874606822
1.2045558746072065
1.204555874607457
1.2045558746076217
1.2045558746078533
1.204555874608005
1.2045558746081124
1.204555874608204
1.204555874608262
1.204555874608304
1.2045558746083307
1.2045558746083538
1.2045558746083707
1.204555874608383
1.2045558746083962
1.2045558746084084
1.2045558746084175
1.2045558746084226
1.2045558746084266
1.2045558746084302
1.2045558746084326
1.2045558746084342
1.204555874608436
1.204555874608438
1.204555874608439
1.2045558746084402
1.204555874608441
1.2045558746084417
1.204555874608442
1.2045558746084424
1.2045558746084426
1.2045558746084428
1.2045558746084428
1.204555874608443
1.2045558746084433
1.2045558746084433
1.2045558746084433
1.2045558746084433
1.2045558746084433
1.2045558746084433
1.2045558746084433
1.2045558746084433
1.2045558746084433
1.2045558746084433
1.2045558746084433
1.2045558746084433
1.2045558746084433
1.2045558746084433
1.2045558746084433
1.2045558746084433
1.2045558746084433
1.2045558746084433
1.2045558746084433
1.2045558746084433
1.2045558746084433
1.2045558746084433
1.2045558746084433
1.2045558746084433
1.2045558746084433
1.2045558746084433
