1.911295688995018
1.911295688995018
1.911295688995018
1.911295688995018
1.911295688995018
1.911295688995018
1.911295688995018
1.911295688995018
1.911295688995018
1.911295688995018
1.911295688995018
1.911295688995018
1.911295688995018
1.911295688995018
1.911295688995018
1.911295688995018
1.911295688995018
1.911295688995018
1.911295688995018
1.911295688995018
1.911295688995018
1.911295688995018
1.911295688995018
1.911295688995018
1.911295688995018
1.911295688995018
1.911295688995018
1.911295688995018
1.911295688995018
1.911295688995018
1.911295688995018
1.911295688995018
1.911295688995018
1.911295688995018
1.911295688995018
1.911295688995018
1.911295688995018
1.911295688995018
1.911295688995018
1.911295688995018
1.911295688995018
1.911295688995018
1.911295688995018
1.911295688995018
1.911295688995018
1.911295688995018
1.911295688995018
1.911295688995018
1.911295688995018
1.911295688995018
1.911295688995018
1.911295688995018
1.911295688995018
1.9112989168864736
1.9112989168864736
1.9112989168864736
1.9112989168864736
1.911299148970305
1.9113001632336
1.9113025086454603
1.9113039158909018
1.9113047602375632
1.9113047602375632
1.9113053433087912
1.9113062456548524
1.9113069697399443
1.9113081623252735
1.9113083384351843
1.9113087568200486
1.9113093581956222
1.91130951271168
1.9113099129980349
1.911310042821319
1.9113101711986957
1.9113104103882228
1.9113104415621915
1.911310524676801
1.9113105730638922
1.911310633671523
1.911310664604705
1.9113106764680121
1.9113106976824437
1.9113107457782872
1.9113107462050243
1.9113107701255851
1.9113107858020326
1.9113107932562596
1.911310804918431
1.911310804918431
1.9113108075533032
1.9113108103544332
1.9113108120138047
1.9113108126918235
1.911310813586856
1.9113108141709987
1.911310815383357
1.9113108163859267
1.911310818252749
1.911310818252749
1.9113108191803956
1.9113108192486512
1.9113108194023691
1.911310819643534
1.9113108196820503
1.9113108198089066
1.9113108199065645
1.911310820032298
1.911310820032298
1.9113108201125262
1.9113108201482814
1.9113108202254707
1.9113108202254707
1.9113108202658171
1.9113108202730253
1.9113108202730253
1.9113108202761515
1.9113108202786198
1.9113108202883402
1.911310820288931
1.9113108202902
1.9113108202970612
1.9113108203034455
1.9113108203036502
1.9113108203066145
1.9113108203085505
1.9113108203119717
1.9113108203120415
1.9113108203154545
1.9113108203165767
1.911310820316883
1.911310820316883
1.911310820317612
1.911310820317612
1.9113108203178732
1.9113108203178732
1.9113108203178732
1.9113108203181244
1.9113108203182616
1.9113108203182616
1.9113108203183362
1.911310820318435
1.9113108203184874
1.9113108203185498
1.9113108203185762
1.9113108203186058
1.9113108203186355
1.911310820318662
1.9113108203186988
1.9113108203187235
1.9113108203187406
1.9113108203187517
1.9113108203187636
1.9113108203187785
1.9113108203187887
1.9113108203187965
1.9113108203188
1.9113108203188023
1.9113108203188023
1.9113108203188023
1.9113108203188023
1.9113108203188025
1.9113108203188025
1.9113108203188025
1.9113108203188025
1.9113108203188025
1.911310820318803
1.9113108203188032
1.9113108203188032
1.9113108203188032
1.9113108203188032
1.9113108203188032
1.9113108203188032
1.9113108203188032
1.9113108203188032
1.9113108203188032
1.9113108203188032
1.9113108203188032
1.9113108203188032
1.9113108203188032
1.9113108203188032
1.9113108203188032
1.9113108203188032
1.9113108203188032
1.9113108203188032
1.9113108203188032
1.9113108203188032
1.9113108203188032
