2.001754277879232
2.001754277879232
2.001754277879232
2.001754277879232
2.001754277879232
2.001754277879232
2.001754277879232
2.001754277879232
2.001754277879232
2.001754277879232
2.001754277879232
2.001754277879232
2.001754277879232
2.001754277879232
2.001754277879232
2.001754277879232
2.001754277879232
2.001754277879232
2.001754277879232
2.001754277879232
2.001754277879232
2.001754277879232
2.001754277879232
2.001754277879232
2.001754277879232
2.001754277879232
2.001754277879232
2.001754277879232
2.001754277879232
2.001754277879232
2.001754277879232
2.001754277879232
2.001754277879232
2.001754277879232
2.001754277879232
2.001754277879232
2.001754277879232
2.001754277879232
2.001754277879232
2.001754277879232
2.001754277879232
2.001754277879232
2.001754277879232
2.001754277879232
2.001754277879232
2.001754277879232
2.001754277879232
2.001754277879232
2.001754277879232
2.001754277879232
2.001754277879232
2.001754277879232
2.001759259441019
2.001759259441019
2.001759259441019
2.001761964676053
2.0017625247546578
2.0017625247546578
2.0017625247546578
2.0017631845186914
2.0017638288506796
2.0017643943550305
2.0017647336576
2.0017656763145113
2.0017668405618543
2.0017675391101686
2.0017680903843
2.0017683712811523
2.001769032428093
2.00176952767833
2.001769866475374
2.0017702048566814
2.001770566712429
2.001770783825873
2.001770914093938
2.0017709922547757
2.0017710391512784
2.001771111738718
2.0017711990242892
2.00177125634959
2.0017712907447707
2.0017713162653035
2.0017713573648286
2.001771399585323
2.0017714249176195
2.001771440116997
2.001771454608653
2.0017714798107544
2.001771494932016
2.0017715040047723
2.0017715097819817
2.0017715201702737
2.0017715272259973
2.0017715314594313
2.001771533999491
2.0017715355235275
2.001771538389588
2.001771541557302
2.0017715434579304
2.001771544598308
2.001771546959345
2.0017715490918855
2.0017715503714095
2.0017715511391243
2.0017715515997527
2.00177155187613
2.001771552446509
2.0017715528084237
2.001771553025572
2.0017715531558613
2.001771553297932
2.001771553432261
2.0017715535128575
2.0017715535612157
2.001771553590231
2.00177155360764
2.0017715536578655
2.0017715537050087
2.0017715537332945
2.0017715537502663
2.0017715537604657
2.001771553790724
2.0017715538091654
2.0017715538202294
2.0017715538268686
2.001771553838463
2.0017715538500274
2.0017715538569663
2.0017715538611296
2.001771553864532
2.0017715538683056
2.00177155387057
2.001771553871929
2.001771553873148
2.001771553874926
2.0017715538759933
2.001771553876633
2.0017715538770173
2.001771553877248
2.0017715538775467
2.001771553877885
2.001771553878088
2.0017715538782097
2.001771553878283
2.0017715538783545
2.0017715538784318
2.001771553878478
2.001771553878506
2.001771553878523
2.0017715538785623
2.001771553878592
2.00177155387861
2.0017715538786236
2.0017715538786423
2.001771553878654
2.0017715538786605
2.0017715538786645
2.0017715538786716
2.001771553878679
2.001771553878683
2.0017715538786858
2.0017715538786867
2.001771553878692
2.001771553878695
2.0017715538786973
2.001771553878698
2.001771553878699
2.0017715538787004
2.0017715538787013
2.001771553878702
2.001771553878703
2.0017715538787035
2.001771553878704
2.001771553878704
2.0017715538787044
2.0017715538787044
2.0017715538787044
2.0017715538787044
2.0017715538787044
2.0017715538787044
2.0017715538787044
2.0017715538787044
2.0017715538787044
2.0017715538787044
2.0017715538787044
2.0017715538787044
2.0017715538787044
2.0017715538787044
2.0017715538787044
2.0017715538787044
2.0017715538787044
