2.5525873736750855
2.5525873736750855
2.5525873736750855
2.5525873736750855
2.5525873736750855
2.5525873736750855
2.5525873736750855
2.5525873736750855
2.5525873736750855
2.5525873736750855
2.5525873736750855
2.5525873736750855
2.5525873736750855
2.5525873736750855
2.5525873736750855
2.5525873736750855
2.5525873736750855
2.5525873736750855
2.5525873736750855
2.5525873736750855
2.5525873736750855
2.5525873736750855
2.5525873736750855
2.5525873736750855
2.5525873736750855
2.5525873736750855
2.5525873736750855
2.5525873736750855
2.5525873736750855
2.5525873736750855
2.5525873736750855
2.5525873736750855
2.5525873736750855
2.5536440374076395
2.5536440374076395
2.5536440374076395
2.5536440374076395
2.5536440374076395
2.5536440374076395
2.5536440374076395
2.5536440374076395
2.5536440374076395
2.5536440374076395
2.5536440374076395
2.5536440374076395
2.5536440374076395
2.5536440374076395
2.5536440374076395
2.5536440374076395
2.5536440374076395
2.5536440374076395
2.5536440374076395
2.5536440374076395
2.5536440374076395
2.5536440374076395
2.5536440374076395
2.5536440374076395
2.5536440374076395
2.5536643564836594
2.5536643564836594
2.553668461504158
2.553679369445466
2.553685914257906
2.553689841162525
2.5536921973114732
2.5536955826532988
2.5537027923277766
2.553703179739205
2.553706012759802
2.553707712576259
2.553707816950941
2.553708783915552
2.553710029255113
2.5537114844860866
2.553712357625017
2.5537129104107734
2.553713943544261
2.553714813948742
2.5537155132987537
2.5537159391625037
2.55371648219325
2.553717017790515
2.5537173991747717
2.553717587056285
2.553717587056285
2.553717737343841
2.5537178024706852
2.553717816798132
2.553717843333132
2.55371787157195
2.553717890416034
2.553717901722484
2.553717915917397
2.5537179406881614
2.5537179610511007
2.553717973268863
2.5537179812558293
2.553717991698385
2.553717999669452
2.5537180045604786
2.5537180074950934
2.5537180098961927
2.553718013070432
2.553718015085459
2.5537180162944755
2.553718017215907
2.5537180180503354
2.5537180183115225
2.5537180188177313
2.553718019045792
2.553718019182894
2.553718019297905
2.553718019384387
2.5537180194802533
2.5537180195074876
2.55371801958472
2.5537180196184845
2.553718019655971
2.5537180196580045
2.553718019692781
2.55371801971698
2.55371801971698
2.5537180197316185
2.5537180197435383
2.553718019747768
2.553718019754911
2.5537180197570617
2.553718019760382
2.553718019763869
2.553718019764178
2.553718019765259
2.553718019766131
2.553718019767317
2.5537180197680485
2.5537180197688074
2.5537180197695286
2.5537180197699616
2.553718019770356
2.5537180197708724
2.553718019771136
2.5537180197713103
2.5537180197713103
2.5537180197713103
2.5537180197713103
2.553718019771337
2.553718019771337
2.553718019771337
2.553718019771337
2.553718019771337
2.553718019771337
2.553718019771337
2.553718019771337
2.553718019771337
2.553718019771337
2.553718019771337
2.553718019771337
2.553718019771337
2.553718019771337
2.553718019771337
2.553718019771337
2.553718019771337
2.553718019771337
2.553718019771338
2.553718019771338
2.553718019771338
2.553718019771338
2.553718019771338
2.553718019771338
2.553718019771338
2.553718019771338
2.553718019771338
2.553718019771338
2.553718019771338
2.553718019771338
2.553718019771338
2.553718019771338
2.553718019771338
2.553718019771338
2.553718019771338
2.553718019771338
2.553718019771338
2.553718019771338
2.553718019771338
2.553718019771338
2.553718019771338
2.553718019771338
2.553718019771338
2.553718019771338
2.553718019771338
2.553718019771338
2.553718019771338
2.553718019771338
2.553718019771338
2.553718019771338
2.553718019771338
2.553718019771338
2.553718019771338
