9.330675903795456
9.330675903795456
9.330675903795456
9.330675903795456
9.330675903795456
9.330675903795456
9.330675903795456
9.330675903795456
9.330675903795456
9.330675903795456
9.330675903795456
9.330675903795456
9.330675903795456
9.330675903795456
9.330675903795456
9.330675903795456
9.330675903795456
9.330675903795456
9.330675903795456
9.330675903795456
9.330675903795456
9.330675903795456
9.330675903795456
9.330675903795456
9.330675903795456
9.330675903795456
9.330675903795456
9.330675903795456
9.338256657171158
9.338256657171158
9.338256657171158
9.338256657171158
9.338256657171158
9.338256657171158
9.338256657171158
9.338256657171158
9.338256657171158
9.338256657171158
9.338256657171158
9.338256657171158
9.338256657171158
9.338256657171158
9.338256657171158
9.338256657171158
9.338256657171158
9.338256657171158
9.338256657171158
9.338256657171158
9.338256657171158
9.338347506468521
9.338347506468521
9.338347506468521
9.338402394190592
9.338421719473958
9.338421719473958
9.338421719473958
9.338556975162158
9.338575922388843
9.338587290725366
9.338594111727463
9.338618802721362
9.338642579785521
9.338653469366731
9.338662726298796
9.338672173322808
9.338684850193145
9.338692456315565
9.338697019989102
9.33870364104237
9.338711854465025
9.33871685277212
9.338719934798116
9.338721784013718
9.338725834265073
9.338728611347031
9.338730277596218
9.338731277345731
9.338732214681038
9.338733150650098
9.338733722665301
9.338734073279543
9.3387345593909
9.338734893555916
9.338735094054924
9.338735214354328
9.338735413637067
9.338735641439975
9.338735778121714
9.338735860130758
9.338735939218443
9.338736079016481
9.338736162895302
9.338736213222596
9.33873627744088
9.338736329262304
9.338736360355162
9.338736379010877
9.338736390204302
9.338736400418082
9.338736425899294
9.338736441188017
9.338736450361255
9.338736460181215
9.338736469592297
9.338736475238948
9.338736478626934
9.338736480659726
9.338736481879405
9.338736487674227
9.338736491348373
9.338736493552858
9.33873649564442
9.338736497906519
9.338736499263772
9.338736500078133
9.33873650063548
9.338736501567208
9.338736502126244
9.338736502461662
9.338736502853994
9.33873650325056
9.338736503488509
9.338736503631267
9.338736503716927
9.338736503831617
9.338736503990697
9.338736504086148
9.338736504143418
9.338736504177781
9.338736504223853
9.338736504280574
9.338736504314605
9.338736504335026
9.338736504347274
9.338736504367382
9.338736504383073
9.338736504392486
9.338736504398137
9.338736504405032
9.338736504414012
9.338736504419401
9.338736504422634
9.338736504427517
9.338736504432811
9.338736504435987
9.338736504437891
9.338736504440186
9.338736504442172
9.33873650444336
9.338736504444073
9.338736504444505
9.338736504444759
9.338736504445103
9.338736504445505
9.33873650444575
9.338736504445894
9.33873650444603
9.338736504446153
9.338736504446228
9.33873650444627
9.338736504446297
9.338736504446345
9.33873650444637
9.338736504446386
9.338736504446404
9.338736504446421
9.33873650444643
9.33873650444644
9.338736504446443
9.338736504446446
9.338736504446453
9.338736504446457
9.338736504446459
9.33873650444646
9.33873650444646
9.338736504446462
9.338736504446464
9.338736504446466
9.338736504446466
9.338736504446466
9.338736504446468
9.338736504446468
9.338736504446468
9.33873650444647
9.33873650444647
9.33873650444647
9.33873650444647
9.33873650444647
9.33873650444647
9.33873650444647
9.33873650444647
9.33873650444647
9.33873650444647
9.33873650444647
9.33873650444647
9.33873650444647
9.33873650444647
9.33873650444647
9.33873650444647
9.33873650444647
