2.380748310814057
2.380748310814057
2.380748310814057
2.380748310814057
2.380748310814057
2.380748310814057
2.380748310814057
2.380748310814057
2.380748310814057
2.380748310814057
2.380748310814057
2.380748310814057
2.380748310814057
2.380748310814057
2.380748310814057
2.380748310814057
2.380748310814057
2.380748310814057
2.380748310814057
2.380748310814057
2.380748310814057
2.380748310814057
2.380748310814057
2.380748310814057
2.380748310814057
2.380748310814057
2.380748310814057
2.380748310814057
2.380748310814057
2.380748310814057
2.380748310814057
2.380748310814057
2.380748310814057
2.380748310814057
2.380748310814057
2.380748310814057
2.380748310814057
2.380748310814057
2.380748310814057
2.380748310814057
2.380748310814057
2.380748310814057
2.380748310814057
2.38075141680605
2.38075141680605
2.38075141680605
2.38075141680605
2.38075141680605
2.380753274033196
2.380753274033196
2.380753274033196
2.380753274033196
2.38075435134676
2.38075435134676
2.380754979515914
2.380756853712236
2.380756853712236
2.380756853712236
2.3807575128067886
2.3807580130150208
2.380758548650223
2.380759366259624
2.3807598568259416
2.3807602839028466
2.380760519046288
2.3807608027696845
2.3807616029225516
2.3807620830142233
2.3807625187200214
2.3807630590894506
2.3807634483606193
2.380763823030147
2.380764054351842
2.3807643510728465
2.3807645776505
2.3807647135970984
2.38076481446753
2.380765084526425
2.3807652427284154
2.380765361456911
2.380765459509403
2.380765540930223
2.3807656251665055
2.380765681938061
2.3807657160009943
2.3807657395691537
2.380765781446107
2.3807658120595874
2.380765846460511
2.380765846460511
2.3807658527860296
2.3807658652821435
2.380765877805058
2.380765885405175
2.3807658911799243
2.380765893206603
2.380765895463908
2.3807658976209454
2.3807659017095286
2.3807659039442743
2.380765905329273
2.380765906798823
2.3807659089016666
2.380765910325131
2.3807659110121038
2.380765911615914
2.380765912650576
2.380765913313763
2.3807659137116746
2.380765914110451
2.380765914506473
2.3807659147801012
2.3807659149863722
2.3807659150534035
2.3807659151130984
2.3807659152121046
2.3807659153107013
2.380765915380011
2.380765915421597
2.3807659154515153
2.3807659155010934
2.3807659155334275
2.3807659155528285
2.3807659155631664
2.3807659155631664
2.380765915581463
2.3807659155878595
2.380765915590489
2.3807659155954397
2.3807659156022596
2.380765915606351
2.380765915608825
2.3807659156122183
2.3807659156157883
2.380765915617841
2.3807659156183227
2.380765915619837
2.38076591562055
2.3807659156213137
2.380765915621757
2.3807659156220318
2.3807659156223253
2.380765915622621
2.3807659156228294
2.3807659156229755
2.3807659156230705
2.3807659156231282
2.380765915623163
2.380765915623201
2.380765915623258
2.3807659156232925
2.3807659156233147
2.3807659156233356
2.380765915623361
2.3807659156233782
2.3807659156233885
2.380765915623398
2.380765915623407
2.3807659156234133
2.3807659156234173
2.3807659156234195
2.380765915623421
2.3807659156234218
2.3807659156234235
2.380765915623425
2.3807659156234258
2.3807659156234267
2.3807659156234275
2.3807659156234284
2.3807659156234293
2.3807659156234293
2.3807659156234293
2.3807659156234293
2.38076591562343
2.38076591562343
2.38076591562343
2.38076591562343
2.38076591562343
2.38076591562343
2.38076591562343
2.38076591562343
2.38076591562343
2.38076591562343
2.38076591562343
2.38076591562343
2.38076591562343
2.38076591562343
2.38076591562343
2.38076591562343
2.38076591562343
2.38076591562343
2.38076591562343
