2.232006911079655
2.232006911079655
2.232006911079655
2.232006911079655
2.232006911079655
2.232006911079655
2.232006911079655
2.232006911079655
2.232006911079655
2.232006911079655
2.232006911079655
2.232006911079655
2.232006911079655
2.232006911079655
2.232006911079655
2.232006911079655
2.232006911079655
2.232006911079655
2.232006911079655
2.232006911079655
2.232006911079655
2.232006911079655
2.232006911079655
2.232006911079655
2.232006911079655
2.232006911079655
2.232006911079655
2.232006911079655
2.232006911079655
2.232006911079655
2.232006911079655
2.232006911079655
2.232006911079655
2.232006911079655
2.232006911079655
2.232006911079655
2.232006911079655
2.232006911079655
2.232006911079655
2.232006911079655
2.232006911079655
2.232006911079655
2.232006911079655
2.232006911079655
2.232006911079655
2.232006911079655
2.232006911079655
2.232006911079655
2.232006911079655
2.232007136167095
2.232007136167095
2.232007136167095
2.232007136167095
2.232007136167095
2.232007136167095
2.232007136167095
2.232007136167095
2.2320071904512435
2.2320071904512435
2.2320071904512435
2.2320097977871995
2.2320097977871995
2.2320097977871995
2.2320097977871995
2.232012683107222
2.2320128162628188
2.2320128162628188
2.2320136711660847
2.232014640060685
2.2320156945027296
2.2320162072050587
2.2320168093909447
2.2320171707024854
2.232017387489412
2.2320177041929257
2.2320181688493097
2.232018672675072
2.2320187249360983
2.2320188652127464
2.2320189832571846
2.2320190743698003
2.2320191475059716
2.23201923605456
2.23201926295077
2.232019302687899
2.232019319394353
2.2320193393965235
2.232019374997291
2.2320193950136913
2.2320193950136913
2.2320194048103903
2.2320194113506835
2.2320194113506835
2.2320194113506835
2.232019412426625
2.2320194136653666
2.2320194151565054
2.232019416612096
2.232019417671989
2.232019417908713
2.232019419040026
2.232019420752738
2.232019420752738
2.2320194214314095
2.2320194216634555
2.2320194220554277
2.232019422102094
2.232019422330983
2.232019422578091
2.232019422578091
2.232019422578091
2.2320194227116716
2.2320194227116716
2.2320194227264123
2.2320194227264123
2.2320194227372236
2.232019422765669
2.232019422765669
2.2320194227694654
2.2320194227694654
2.2320194227694654
2.2320194227696204
2.2320194227743535
2.2320194227758274
2.2320194227758274
2.2320194227771
2.2320194227771
2.2320194227771
2.2320194227771
2.2320194227771
2.2320194227773102
2.232019422777556
2.2320194227781593
2.2320194227781593
2.2320194227781593
2.2320194227782353
2.232019422778375
2.23201942277845
2.2320194227785146
2.2320194227785537
2.23201942277885
2.2320194227790924
2.2320194227790924
2.2320194227791776
2.232019422779275
2.232019422779316
2.232019422779387
2.2320194227793952
2.2320194227794685
2.2320194227795342
2.2320194227795747
2.2320194227795973
2.2320194227795973
2.2320194227796084
2.232019422779619
2.2320194227796475
2.232019422779657
2.2320194227796675
2.2320194227796764
2.2320194227796866
2.2320194227796932
2.232019422779697
2.2320194227796986
2.2320194227797003
2.2320194227797026
2.232019422779704
2.232019422779705
2.2320194227797057
2.2320194227797066
2.232019422779707
2.2320194227797074
2.2320194227797074
2.2320194227797074
2.232019422779708
2.232019422779708
2.232019422779708
2.232019422779708
2.232019422779708
2.232019422779708
2.232019422779708
2.232019422779708
2.232019422779708
2.232019422779708
2.232019422779708
2.232019422779708
2.232019422779708
2.232019422779708
2.232019422779708
