1.7565468239524682
1.7565468239524682
1.7565468239524682
1.7565468239524682
1.7565468239524682
1.7565468239524682
1.7565468239524682
1.7565468239524682
1.7565468239524682
1.7565468239524682
1.7565468239524682
1.7565468239524682
1.7565468239524682
1.7565468239524682
1.7565468239524682
1.7565468239524682
1.7565468239524682
1.7565468239524682
1.7565468239524682
1.7565468239524682
1.7565468239524682
1.7565468239524682
1.7565468239524682
1.7565468239524682
1.7565468239524682
1.7565468239524682
1.7565468239524682
1.7565468239524682
1.7565468239524682
1.7565468239524682
1.7565468239524682
1.7565468239524682
1.7565468239524682
1.7565468239524682
1.7565468239524682
1.7565468239524682
1.7565468239524682
1.7565468239524682
1.7565468239524682
1.7565468239524682
1.7565468239524682
1.7565468239524682
1.7565468239524682
1.7565468239524682
1.7565468239524682
1.7565468239524682
1.7565468239524682
1.7565468239524682
1.7565468239524682
1.7565468239524682
1.7565468239524682
1.7565520215479742
1.7565554771323215
1.7565575504844029
1.7565602507524152
1.756560267000338
1.7565606103937994
1.7565615296127877
1.756563624507907
1.7565652703257717
1.7565657251390971
1.7565662313547517
1.7565665350842097
1.7565677584765291
1.7565682623865633
1.7565692378352207
1.7565700437958671
1.7565705780256171
1.756571418745803
1.756571984957715
1.7565723246848917
1.7565725285212095
1.7565727512423812
1.756572756587726
1.7565729583954863
1.7565731342569575
1.756573248423818
1.756573248423818
1.7565733784424478
1.7565734539645175
1.7565735174150434
1.7565735366755522
1.7565735482318579
1.7565735598308567
1.7565736032151889
1.7565736227143254
1.7565736383013852
1.7565736462121813
1.756573656180701
1.7565736579139812
1.7565736614511527
1.7565736687966242
1.756573676974686
1.7565736790439392
1.7565736838594324
1.756573687322263
1.756573689399961
1.7565736906465808
1.7565736915200263
1.7565736924871995
1.756573694188977
1.7565736947397834
1.7565736951432926
1.756573695802406
1.7565736962538105
1.7565736965551337
1.7565736966873509
1.75657369678497
1.7565736968435415
1.7565736969033094
1.756573697013097
1.7565736970514623
1.75657369708776
1.756573697143902
1.756573697143902
1.7565736971692072
1.75657369719023
1.7565736972028434
1.756573697211495
1.7565736972238528
1.7565736972367918
1.7565736972445558
1.7565736972492134
1.7565736972520083
1.7565736972570025
1.7565736972613442
1.7565736972639496
1.7565736972656132
1.756573697267397
1.7565736972686237
1.756573697269367
1.756573697269857
1.756573697270282
1.7565736972707073
1.7565736972709638
1.7565736972711266
1.7565736972713082
1.7565736972713937
1.7565736972714852
1.756573697271537
1.7565736972716055
1.7565736972716368
1.7565736972716617
1.7565736972716774
1.756573697271687
1.7565736972716988
1.7565736972717068
1.7565736972717128
1.756573697271714
1.7565736972717192
1.7565736972717245
1.7565736972717283
1.7565736972717312
1.7565736972717345
1.7565736972717367
1.7565736972717383
1.75657369727174
1.7565736972717405
1.7565736972717412
1.7565736972717412
1.756573697271742
1.756573697271742
1.756573697271742
1.756573697271742
1.756573697271742
1.756573697271742
1.756573697271742
1.756573697271742
1.756573697271742
1.756573697271742
1.756573697271742
1.756573697271742
1.756573697271742
1.756573697271742
1.756573697271742
1.756573697271742
1.756573697271742
1.756573697271742
1.756573697271742
1.756573697271742
1.756573697271742
1.756573697271742
1.756573697271742
1.756573697271742
1.756573697271742
1.756573697271742
