1.874356637058633
1.874356637058633
1.874356637058633
1.874356637058633
1.874356637058633
1.874356637058633
1.874356637058633
1.874356637058633
1.874356637058633
1.874356637058633
1.874356637058633
1.874356637058633
1.874356637058633
1.874356637058633
1.874356637058633
1.874356637058633
1.874356637058633
1.874356637058633
1.874356637058633
1.874356637058633
1.874356637058633
1.874356637058633
1.874356637058633
1.874356637058633
1.874356637058633
1.874356637058633
1.874356637058633
1.874356637058633
1.874356637058633
1.874356637058633
1.874356637058633
1.874356637058633
1.874356637058633
1.874356637058633
1.874356637058633
1.874356637058633
1.874356637058633
1.874356637058633
1.874356637058633
1.874356637058633
1.874356637058633
1.8743652804171904
1.8743956767188399
1.8744139143230274
1.8744139143230274
1.8744139143230274
1.8744139143230274
1.8744139143230274
1.8744139143230274
1.8744139143230274
1.8744139143230274
1.874415056746311
1.8744168302008728
1.874417926356489
1.874424298634138
1.874424298634138
1.8744287023571302
1.8744299389887649
1.8744320395463911
1.874433845531592
1.8744349291224796
1.87443577555357
1.8744368129313504
1.874437883407553
1.8744385919349513
1.874439053241486
1.8744395680736134
1.874440041602796
1.8744402890459886
1.8744404750053556
1.8744406759908336
1.8744408183858843
1.8744409219780638
1.8744409930281198
1.8744410839907322
1.8744411450111833
1.8744411875587248
1.8744412125370669
1.874441231628892
1.8744412469786838
1.8744412564326773
1.8744412617554624
1.874441263619121
1.8744412645740396
1.874441266649677
1.8744412684781746
1.8744412700929332
1.8744412727982767
1.8744412741389846
1.8744412741389846
1.874441276029109
1.8744412763272893
1.8744412766364216
1.8744412768633623
1.8744412769060197
1.8744412772045933
1.8744412774266304
1.8744412775872414
1.874441277615408
1.8744412776623063
1.8744412777458122
1.874441277749627
1.8744412777851358
1.8744412778064412
1.8744412778239183
1.8744412778607271
1.8744412778607271
1.8744412778648034
1.8744412778694008
1.874441277873449
1.8744412778797375
1.8744412778852002
1.8744412778884776
1.8744412778910997
1.8744412779020734
1.8744412779054582
1.8744412779091302
1.874441277911333
1.8744412779121438
1.8744412779154178
1.8744412779177293
1.8744412779191162
1.8744412779199484
1.8744412779210533
1.8744412779223134
1.87444127792307
1.8744412779235233
1.8744412779238788
1.8744412779242419
1.874441277924539
1.8744412779246669
1.8744412779248036
1.8744412779248587
1.8744412779249842
1.8744412779250428
1.8744412779251036
1.87444127792514
1.8744412779251733
1.8744412779252089
1.8744412779252286
1.874441277925238
1.874441277925248
1.8744412779252542
1.874441277925255
1.8744412779252597
1.8744412779252608
1.8744412779252624
1.874441277925263
1.8744412779252655
1.8744412779252664
1.8744412779252666
1.8744412779252666
1.8744412779252666
1.8744412779252668
1.8744412779252668
1.8744412779252673
1.8744412779252673
1.8744412779252677
1.8744412779252677
1.874441277925268
1.874441277925268
1.8744412779252682
1.8744412779252682
1.8744412779252684
1.8744412779252684
1.8744412779252684
1.8744412779252684
1.8744412779252684
1.8744412779252684
1.8744412779252684
1.8744412779252684
1.8744412779252684
1.8744412779252684
1.8744412779252684
1.8744412779252684
1.8744412779252684
1.8744412779252684
1.8744412779252684
1.8744412779252684
