1.0595845420731824
1.0595845420731824
1.0595845420731824
1.0595845420731824
1.0595845420731824
1.0595845420731824
1.0595845420731824
1.0595845420731824
1.0595845420731824
1.0595845420731824
1.0595845420731824
1.0595845420731824
1.0595845420731824
1.0595845420731824
1.0595845420731824
1.0595845420731824
1.0595845420731824
1.0595845420731824
1.0595845420731824
1.0595845420731824
1.0595845420731824
1.0595845420731824
1.0595845420731824
1.0595845420731824
1.0595845420731824
1.0595845420731824
1.0595845420731824
1.0595845420731824
1.0595845420731824
1.0595845420731824
1.0595845420731824
1.0595845420731824
1.0595845420731824
1.0595845420731824
1.0595845420731824
1.0595845420731824
1.0595845420731824
1.0595845420731824
1.0595845420731824
1.0595845420731824
1.0595845420731824
1.0595845420731824
1.0595845420731824
1.0595845420731824
1.0595845420731824
1.0595845420731824
1.0595845420731824
1.0595845420731824
1.0595845420731824
1.0595845420731824
1.0595845420731824
1.0595845420731824
1.0595845420731824
1.059585034526364
1.059585034526364
1.059585034526364
1.059585034526364
1.059585034526364
1.059585034526364
1.059585034526364
1.059585034526364
1.0595851330785089
1.0595856761563056
1.0595860111353248
1.0595864946291502
1.0595864946291502
1.0595865449200703
1.0595866945898282
1.0595867506062617
1.05958683393527
1.0595871256678282
1.0595872287548225
1.0595872888408708
1.059587398084806
1.0595874635584057
1.0595875305678548
1.0595875683108873
1.0595876217892113
1.0595876517627543
1.0595876697468798
1.059587690346039
1.0595877079639917
1.0595877129129674
1.0595877201261024
1.0595877201261024
1.0595877273288157
1.0595877273288157
1.0595877273288157
1.0595877282847397
1.0595877289312525
1.0595877297927159
1.0595877313775715
1.0595877322009986
1.059587732928907
1.0595877334007056
1.0595877338913742
1.0595877341703612
1.059587734337753
1.0595877346518772
1.0595877348728462
1.0595877350085579
1.0595877351509102
1.0595877353606247
1.0595877354465286
1.0595877355278167
1.0595877355566603
1.0595877355835404
1.0595877356360675
1.0595877356910461
1.059587735724034
1.059587735762086
1.0595877357767847
1.0595877357767847
1.0595877358003198
1.0595877358013623
1.059587735803712
1.0595877358081904
1.059587735812968
1.0595877358158339
1.0595877358175538
1.059587735823316
1.059587735828059
1.0595877358309045
1.0595877358326116
1.0595877358336625
1.0595877358362262
1.0595877358390597
1.0595877358407604
1.059587735841403
1.059587735841403
1.0595877358421824
1.0595877358424
1.059587735842686
1.0595877358426902
1.0595877358426948
1.05958773584276
1.059587735842927
1.0595877358430275
1.0595877358430879
1.0595877358431676
1.0595877358432664
1.0595877358433266
1.0595877358433636
1.0595877358433636
1.0595877358433636
1.059587735843374
1.059587735843374
1.059587735843374
1.0595877358433763
1.0595877358433763
1.0595877358433763
1.0595877358433763
1.0595877358433763
1.0595877358433763
1.0595877358433763
1.0595877358433763
1.0595877358433763
1.0595877358433763
1.0595877358433763
1.0595877358433763
1.0595877358433763
1.0595877358433767
1.0595877358433767
1.0595877358433767
1.0595877358433767
1.0595877358433767
1.0595877358433767
1.0595877358433767
1.0595877358433767
1.0595877358433767
1.0595877358433767
1.0595877358433767
1.0595877358433767
1.0595877358433767
1.0595877358433767
1.0595877358433767
1.0595877358433767
1.0595877358433767
1.0595877358433767
1.0595877358433767
1.0595877358433767
