2.1540448772666663
2.1540448772666663
2.1540448772666663
2.1540448772666663
2.1540448772666663
2.1540448772666663
2.1540448772666663
2.1540448772666663
2.1540448772666663
2.1540448772666663
2.1540448772666663
2.1540448772666663
2.1540448772666663
2.1540448772666663
2.1540448772666663
2.1540448772666663
2.1540448772666663
2.1540448772666663
2.1540448772666663
2.1540448772666663
2.1540448772666663
2.1540448772666663
2.1540448772666663
2.1540448772666663
2.1540448772666663
2.1540448772666663
2.1540448772666663
2.1540448772666663
2.1540448772666663
2.1540448772666663
2.1540448772666663
2.1540448772666663
2.1540448772666663
2.1540448772666663
2.1540448772666663
2.1540448772666663
2.1540448772666663
2.1540448772666663
2.1540448772666663
2.1540448772666663
2.1540448772666663
2.1540448772666663
2.1540448772666663
2.1540448772666663
2.1540448772666663
2.1540448772666663
2.1540448772666663
2.1540448772666663
2.1540448772666663
2.1540448772666663
2.1540448772666663
2.1540448772666663
2.1540448772666663
2.1540455751015335
2.1540455751015335
2.1540455751015335
2.1540455751015335
2.1540458832815363
2.1540458832815363
2.1540458832815363
2.1540461086009883
2.1540470825622267
2.154047829631613
2.154048568387053
2.154049430951949
2.154050266418076
2.154050468499828
2.1540509975764164
2.154051262087258
2.1540515858854667
2.1540517801643975
2.1540518978751964
2.154052138057946
2.1540523033604826
2.1540524347765944
2.1540525242420387
2.1540525580268404
2.154052634824532
2.1540526737697365
2.1540527071426325
2.1540527396589075
2.154052762154834
2.1540527873866813
2.1540527873866813
2.154052790494793
2.154052797539883
2.154052803277256
2.154052805091272
2.154052807695181
2.1540528101236105
2.1540528112651565
2.154052812239307
2.154052813990072
2.15405281508006
2.154052816513313
2.154052816513313
2.15405281693962
2.154052817513729
2.1540528179555594
2.154052818083819
2.1540528183360514
2.1540528186338497
2.154052818731782
2.1540528189073838
2.1540528191382373
2.154052819254829
2.154052819372975
2.1540528194010387
2.1540528195567505
2.1540528195928372
2.1540528195928372
2.154052819630753
2.154052819666124
2.154052819672636
2.154052819672636
2.154052819672636
2.154052819672636
2.154052819672636
2.1540528196766204
2.154052819678288
2.15405281967861
2.154052819681602
2.154052819688332
2.154052819688332
2.154052819689868
2.1540528196918634
2.1540528196933533
2.154052819695352
2.154052819697707
2.1540528196982054
2.154052819698504
2.154052819699006
2.154052819700118
2.154052819700786
2.154052819701211
2.1540528197015747
2.1540528197018927
2.1540528197021134
2.154052819702195
2.1540528197022275
2.1540528197022275
2.15405281970231
2.1540528197023567
2.1540528197023665
2.1540528197023727
2.1540528197024007
2.1540528197024265
2.1540528197024487
2.154052819702461
2.154052819702483
2.154052819702501
2.154052819702512
2.154052819702524
2.154052819702535
2.1540528197025366
2.154052819702543
2.154052819702546
2.154052819702548
2.1540528197025486
2.15405281970255
2.1540528197025504
2.154052819702551
2.1540528197025512
2.1540528197025517
2.154052819702552
2.1540528197025526
2.1540528197025526
2.1540528197025526
2.1540528197025526
2.1540528197025526
2.1540528197025526
2.1540528197025526
2.1540528197025526
2.1540528197025526
2.1540528197025526
2.1540528197025526
2.1540528197025526
2.1540528197025526
2.1540528197025526
2.1540528197025526
2.1540528197025526
2.1540528197025526
