1.4165283229152437
1.4165283229152437
1.4165283229152437
1.4165283229152437
1.4165283229152437
1.4165283229152437
1.4165283229152437
1.4165283229152437
1.4165283229152437
1.4165283229152437
1.4165283229152437
1.4165283229152437
1.4165283229152437
1.4165283229152437
1.4165283229152437
1.4165283229152437
1.4165283229152437
1.4165283229152437
1.4165283229152437
1.4165283229152437
1.4165283229152437
1.4165283229152437
1.4165283229152437
1.4165283229152437
1.4165283229152437
1.4165283229152437
1.4165283229152437
1.4165283229152437
1.4165283229152437
1.4165283229152437
1.4165283229152437
1.4165283229152437
1.4165283229152437
1.4165283229152437
1.4165283229152437
1.4165283229152437
1.4165283229152437
1.4165283229152437
1.4165283229152437
1.4165283229152437
1.4165283229152437
1.4165283229152437
1.4165283229152437
1.4165283229152437
1.4165283229152437
1.4165283229152437
1.4165283229152437
1.4165283229152437
1.4165283229152437
1.4165283229152437
1.4165283229152437
1.4165283229152437
1.4165283229152437
1.4165283229152437
1.4165283229152437
1.4165283229152437
1.4165283229152437
1.4165283229152437
1.4165283229152437
1.4165283229152437
1.4165283229152437
1.4165283229152437
1.4165283229152437
1.4165283229152437
1.4165285736264335
1.4165285736264335
1.4165285736264335
1.4165285736264335
1.4165293191405568
1.4165293191405568
1.4165293191405568
1.4165293191405568
1.4165297714959293
1.4165303165770082
1.4165303165770082
1.4165303165770082
1.4165309568173943
1.4165313522061653
1.4165314465249745
1.4165318465094945
1.4165322556430986
1.4165328347977826
1.4165331350691959
1.4165334292559892
1.4165336891541729
1.416533996047817
1.4165341134345464
1.4165343026578516
1.4165344569236362
1.4165345211600153
1.4165345891890626
1.4165346300064916
1.4165347112706206
1.4165347548253897
1.416534793142525
1.4165348161328062
1.4165348431975655
1.4165348696828581
1.4165348825167046
1.4165348932638937
1.416534897964288
1.4165349030248078
1.4165349112288856
1.416534914086172
1.416534915800544
1.4165349173202062
1.4165349178240076
1.416534920954926
1.4165349233328943
1.4165349244818655
1.4165349260232152
1.4165349281957107
1.41653492927728
1.4165349302511128
1.4165349308354123
1.4165349313981974
1.4165349318964473
1.4165349323873977
1.4165349327332508
1.4165349328555248
1.4165349330447385
1.416534933272896
1.4165349334097908
1.4165349334919275
1.4165349335489428
1.416534933669075
1.4165349337431594
1.4165349338014246
1.416534933836383
1.4165349338573585
1.4165349338700035
1.4165349339076019
1.4165349339378974
1.4165349339565345
1.4165349339689806
1.4165349339814706
1.416534933996866
1.4165349340064388
1.4165349340121824
1.4165349340201752
1.4165349340296467
1.416534934035337
1.4165349340387807
1.4165349340408473
1.4165349340420872
1.416534934043188
1.4165349340460336
1.4165349340477411
1.4165349340487654
1.41653493404938
1.416534934050757
1.416534934051979
1.416534934052712
1.416534934053152
1.4165349340537592
1.416534934054371
1.416534934054738
1.4165349340549582
1.4165349340550906
1.4165349340553497
1.4165349340555131
1.416534934055611
1.4165349340556697
1.4165349340557647
1.4165349340558477
1.4165349340558981
1.4165349340559277
1.4165349340559457
1.4165349340559628
1.4165349340559876
1.416534934056002
1.4165349340560112
1.4165349340560163
1.4165349340560207
1.4165349340560278
1.4165349340560316
1.416534934056034
1.4165349340560354
1.4165349340560367
1.416534934056038
1.416534934056039
1.4165349340560398
1.41653493405604
1.4165349340560403
1.4165349340560405
1.4165349340560407
1.416534934056041
1.4165349340560411
1.4165349340560414
1.4165349340560414
1.4165349340560414
1.4165349340560414
1.4165349340560414
1.4165349340560414
1.4165349340560414
1.4165349340560414
1.4165349340560414
1.4165349340560414
1.4165349340560414
