1.2996018612170719
1.2996018612170719
1.2996018612170719
1.2996018612170719
1.2996018612170719
1.2996018612170719
1.2996018612170719
1.2996018612170719
1.2996018612170719
1.2996018612170719
1.2996018612170719
1.2996018612170719
1.2996018612170719
1.2996018612170719
1.2996018612170719
1.2996018612170719
1.2996018612170719
1.2996018612170719
1.2996018612170719
1.2996018612170719
1.2996018612170719
1.2996018612170719
1.2996018612170719
1.2996018612170719
1.2996018612170719
1.2996018612170719
1.2996018612170719
1.2996018612170719
1.2996018612170719
1.2996018612170719
1.2996018612170719
1.2996018612170719
1.2996018612170719
1.2996018612170719
1.2996018612170719
1.2996018612170719
1.2996018612170719
1.2996018612170719
1.2996018612170719
1.2996018612170719
1.2996018612170719
1.2996018612170719
1.2996018612170719
1.2996018612170719
1.2996018612170719
1.2996018612170719
1.2996018612170719
1.2996018612170719
1.2996018612170719
1.2996018612170719
1.2996018612170719
1.2996018612170719
1.2996018612170719
1.2996018612170719
1.2996018612170719
1.2996033493292471
1.2996033493292471
1.2996033493292471
1.299604095248574
1.2996051970283289
1.2996051970283289
1.2996051970283289
1.299606150735412
1.2996064902481883
1.299606746898028
1.2996069098647116
1.2996074351028826
1.2996078180010333
1.2996079504274018
1.2996080934417171
1.2996082057834224
1.2996083252435573
1.2996084451110432
1.2996085170315412
1.2996085601838423
1.299608586458667
1.299608616197431
1.2996086763702608
1.2996087183727913
1.2996087435743107
1.299608762309003
1.2996087902275348
1.2996088077727979
1.2996088182999554
1.2996088294688664
1.2996088420481324
1.299608849595692
1.2996088541242277
1.2996088624046622
1.2996088724063566
1.2996088763345968
1.2996088804194637
1.2996088831675172
1.299608888303218
1.2996088886436046
1.2996088910932166
1.2996088927431382
1.2996088943041384
1.2996088953878844
1.2996088960381316
1.299608896301905
1.2996088966004804
1.2996088968267834
1.2996088969661972
1.2996088972132565
1.2996088974188098
1.299608897488178
1.299608897488178
1.2996088975294908
1.2996088975733064
1.2996088975733064
1.2996088975733064
1.2996088975733064
1.2996088975845714
1.2996088975845714
1.2996088975845714
1.2996088975845714
1.299608897585902
1.2996088975899758
1.2996088975946207
1.2996088975946207
1.2996088975963678
1.299608897597663
1.2996088976033795
1.2996088976034261
1.2996088976079165
1.2996088976092672
1.2996088976108349
1.2996088976109375
1.2996088976119433
1.2996088976123417
1.2996088976125808
1.2996088976129117
1.2996088976138827
1.2996088976147488
1.299608897615128
1.299608897615128
1.299608897615128
1.2996088976152815
1.2996088976152815
1.2996088976152815
1.2996088976152815
1.2996088976152844
1.2996088976154285
1.2996088976154923
1.2996088976155131
1.2996088976155131
1.2996088976155131
1.2996088976155324
1.2996088976155324
1.2996088976155324
1.2996088976155327
1.2996088976155376
1.2996088976155409
1.299608897615544
1.2996088976155453
1.2996088976155484
1.2996088976155507
1.299608897615552
1.299608897615553
1.2996088976155538
1.2996088976155542
1.2996088976155553
1.299608897615556
1.2996088976155564
1.2996088976155569
1.2996088976155575
1.2996088976155575
1.2996088976155578
1.2996088976155582
1.2996088976155582
1.2996088976155582
1.2996088976155582
1.2996088976155582
1.2996088976155582
1.2996088976155582
1.2996088976155582
1.2996088976155582
1.2996088976155582
1.2996088976155582
1.2996088976155582
1.2996088976155582
1.2996088976155582
1.2996088976155582
1.2996088976155582
1.2996088976155582
1.2996088976155582
1.2996088976155582
1.2996088976155582
