1.618500741247412
1.618500741247412
1.618500741247412
1.618500741247412
1.618500741247412
1.618500741247412
1.618500741247412
1.618500741247412
1.618500741247412
1.618500741247412
1.618500741247412
1.618500741247412
1.618500741247412
1.618500741247412
1.618500741247412
1.618500741247412
1.618500741247412
1.618500741247412
1.618500741247412
1.618500741247412
1.618500741247412
1.618500741247412
1.618500741247412
1.618500741247412
1.618500741247412
1.618500741247412
1.618500741247412
1.618500741247412
1.618500741247412
1.618500741247412
1.618500741247412
1.618500741247412
1.618500741247412
1.618500741247412
1.618500741247412
1.618500741247412
1.618500741247412
1.618500741247412
1.618500741247412
1.618500741247412
1.618500741247412
1.618500741247412
1.618500741247412
1.618500741247412
1.618500741247412
1.618500741247412
1.618500741247412
1.618500741247412
1.618500741247412
1.618500741247412
1.618500741247412
1.618500741247412
1.618500741247412
1.618500741247412
1.618500741247412
1.618500741247412
1.618500741247412
1.618500741247412
1.618500741247412
1.618500741247412
1.618500741247412
1.618500741247412
1.618500741247412
1.6185011563779348
1.6185011563779348
1.618501721303458
1.618501721303458
1.6185023447104947
1.618502633822707
1.6185028072900727
1.6185029113705058
1.6185030205978945
1.6185033976040237
1.6185037240705922
1.6185038885650211
1.6185040018179973
1.6185040780559217
1.6185042013819906
1.6185043310595093
1.6185044088660265
1.6185044555499384
1.6185044835602864
1.6185045003664955
1.6185045120636283
1.6185045501245514
1.6185045789192278
1.6185045961960338
1.618504606562118
1.6185046129479426
1.6185046282678917
1.618504642271545
1.6185046506737368
1.6185046557655913
1.6185046633238278
1.618504670561417
1.6185046749039702
1.6185046775320173
1.6185046801340572
1.6185046824580993
1.6185046838525243
1.6185046846926072
1.6185046852568574
1.6185046862745376
1.618504686885146
1.6185046872515103
1.6185046874713296
1.6185046876518194
1.61850468793016
1.618504688097164
1.6185046881978182
1.6185046882583258
1.6185046883137006
1.6185046884267915
1.6185046884946461
1.6185046885353591
1.6185046885597867
1.6185046886106105
1.618504688658819
1.618504688687744
1.618504688708391
1.6185046887409669
1.618504688760512
1.6185046887722396
1.6185046887792756
1.61850468878392
1.6185046887967987
1.6185046888045285
1.6185046888091665
1.618504688811949
1.6185046888136665
1.6185046888192538
1.618504688822607
1.6185046888246182
1.6185046888258254
1.6185046888277954
1.6185046888293548
1.6185046888302905
1.6185046888308516
1.6185046888314834
1.6185046888319752
1.6185046888322703
1.6185046888324963
1.6185046888327468
1.6185046888328969
1.618504688832987
1.6185046888330616
1.6185046888331502
1.6185046888332033
1.6185046888332353
1.6185046888332546
1.6185046888332775
1.6185046888333041
1.6185046888333197
1.6185046888333294
1.6185046888333352
1.61850468883335
1.6185046888333638
1.6185046888333723
1.6185046888333774
1.6185046888333803
1.6185046888333847
1.6185046888333885
1.6185046888333905
1.6185046888333925
1.618504688833395
1.6185046888333963
1.6185046888333974
1.6185046888333983
1.6185046888333994
1.6185046888334
1.6185046888334003
1.618504688833401
1.6185046888334014
1.6185046888334018
1.618504688833402
1.6185046888334023
1.6185046888334025
1.6185046888334025
1.6185046888334025
1.6185046888334025
1.6185046888334025
1.6185046888334025
1.6185046888334025
1.6185046888334025
1.6185046888334025
1.6185046888334025
1.6185046888334025
1.6185046888334025
1.6185046888334025
1.6185046888334025
