1.4866617657217946
1.4866617657217946
1.4866617657217946
1.4866617657217946
1.4866617657217946
1.4866617657217946
1.4866617657217946
1.4866617657217946
1.4866617657217946
1.4866617657217946
1.4866617657217946
1.4866617657217946
1.4866617657217946
1.4866617657217946
1.4866617657217946
1.4866617657217946
1.4866617657217946
1.4866617657217946
1.4866617657217946
1.4866617657217946
1.4866617657217946
1.4866617657217946
1.4866617657217946
1.4866617657217946
1.4866617657217946
1.4866617657217946
1.4866617657217946
1.4866617657217946
1.4866617657217946
1.4866617657217946
1.4866617657217946
1.4866617657217946
1.4866617657217946
1.4866617657217946
1.4866617657217946
1.4866617657217946
1.4866617657217946
1.4866617657217946
1.4866617657217946
1.4866617657217946
1.4866617657217946
1.4866617657217946
1.4866617657217946
1.4866617657217946
1.4866617657217946
1.4866617657217946
1.4866617657217946
1.486668037639951
1.486668037639951
1.486668037639951
1.486668037639951
1.486668037639951
1.486668037639951
1.486668037639951
1.4866687900957403
1.4866696650988958
1.4866718500200438
1.4866744627485269
1.4866744627485269
1.486675080439091
1.4866759720150238
1.4866772988342003
1.4866777607593384
1.4866780864515146
1.4866787765830511
1.486679310491833
1.486679630837337
1.486679823165475
1.486680118705454
1.486680315728144
1.4866805365443099
1.486680699383504
1.4866807970870328
1.4866809426183558
1.4866809426183558
1.4866809426183558
1.4866810156711359
1.4866810334636715
1.4866810376021047
1.4866810458710626
1.4866810511325148
1.4866810670671202
1.4866810845125935
1.486681095519123
1.486681103709001
1.4866811128575608
1.4866811185944333
1.4866811226849077
1.4866811253557364
1.486681128579739
1.4866811327389737
1.4866811352345142
1.4866811367318393
1.4866811388217291
1.4866811410805083
1.4866811424803583
1.486681143325631
1.4866811438327938
1.4866811444055434
1.4866811447996415
1.4866811450360993
1.4866811451779747
1.4866811452963389
1.4866811454327484
1.4866811455145945
1.4866811455637026
1.4866811456286753
1.4866811456994695
1.4866811457419467
1.4866811457674327
1.4866811457913207
1.486681145816829
1.4866811458321338
1.486681145842351
1.4866811458524172
1.4866811458601867
1.4866811458648492
1.486681145867646
1.486681145869324
1.4866811458720348
1.4866811458742901
1.4866811458756433
1.486681145876582
1.4866811458777474
1.4866811458784819
1.4866811458789229
1.4866811458791878
1.4866811458796012
1.4866811458799545
1.4866811458801656
1.4866811458803109
1.4866811458804932
1.4866811458806035
1.4866811458806697
1.4866811458807152
1.4866811458807918
1.486681145880836
1.486681145880863
1.4866811458808873
1.4866811458809133
1.4866811458809304
1.4866811458809392
1.4866811458809497
1.486681145880958
1.4866811458809621
1.4866811458809657
1.4866811458809686
1.4866811458809706
1.4866811458809717
1.4866811458809726
1.4866811458809732
1.4866811458809734
1.4866811458809743
1.486681145880975
1.4866811458809754
1.4866811458809754
1.4866811458809754
1.4866811458809754
1.4866811458809754
1.4866811458809754
1.4866811458809754
1.4866811458809754
1.4866811458809754
1.4866811458809754
1.4866811458809754
1.4866811458809754
1.4866811458809754
1.4866811458809754
1.4866811458809754
1.4866811458809754
1.4866811458809754
1.4866811458809754
1.4866811458809754
1.4866811458809754
1.4866811458809754
1.4866811458809754
1.4866811458809754
1.4866811458809754
1.4866811458809754
1.4866811458809754
1.4866811458809754
1.4866811458809754
1.4866811458809754
