3.006262062778679
3.006262062778679
3.006262062778679
3.006262062778679
3.006262062778679
3.006262062778679
3.006262062778679
3.006262062778679
3.006262062778679
3.006262062778679
3.006262062778679
3.006262062778679
3.006262062778679
3.006262062778679
3.006262062778679
3.006262062778679
3.006262062778679
3.006262062778679
3.006262062778679
3.006262062778679
3.006262062778679
3.006262062778679
3.006262062778679
3.006262062778679
3.006262062778679
3.006262062778679
3.006262062778679
3.006262062778679
3.006262062778679
3.006262062778679
3.006262062778679
3.006262062778679
3.006262062778679
3.006262062778679
3.006262062778679
3.006262062778679
3.006262062778679
3.006262062778679
3.006262062778679
3.006262062778679
3.006262062778679
3.006262062778679
3.006262062778679
3.006262062778679
3.006262062778679
3.006276317846046
3.006276317846046
3.006276317846046
3.006284961455164
3.006284961455164
3.006284961455164
3.0063165053991234
3.0063165053991234
3.0063174285939924
3.0063174285939924
3.0063280375002157
3.0063280375002157
3.0063280375002157
3.0063280375002157
3.0063280375002157
3.0063287364944173
3.006329392615707
3.0063294346363985
3.006329885351629
3.006330155780804
3.0063313096603865
3.0063313096603865
3.0063313096603865
3.006331715484799
3.0063320410892893
3.006332219324363
3.0063324438093293
3.0063327111635827
3.0063328018718245
3.0063328832770457
3.0063330517067643
3.0063331601317715
3.006333206963396
3.0063332462960934
3.00633332380252
3.006333351149456
3.0063333709011175
3.00633337932131
3.006333407080373
3.006333425690621
3.0063334343286794
3.006333442907894
3.006333444727156
3.0063334577111034
3.006333460239977
3.006333461727489
3.0063334656646594
3.0063334685655136
3.0063334706174434
3.006333471893519
3.006333472549503
3.006333472549503
3.006333472549503
3.006333473895634
3.006333473895634
3.006333473895634
3.006333474057948
3.006333474181562
3.006333474318914
3.006333474709903
3.006333474947272
3.0063334750902895
3.0063334751760995
3.0063334752275868
3.0063334754117013
3.0063334755523217
3.0063334756366946
3.0063334756873177
3.0063334757558424
3.006333475827624
3.006333475870693
3.006333475896535
3.006333475912041
3.0063334759213434
3.006333475938135
3.006333475966
3.00633347598272
3.006333475992752
3.0063334759987708
3.006333476009805
3.006333476018232
3.0063334760232876
3.006333476026321
3.006333476028141
3.0063334760323315
3.0063334760349614
3.0063334760365397
3.0063334760375455
3.0063334760391336
3.006333476040087
3.006333476040659
3.0063334760410014
3.0063334760412554
3.0063334760415925
3.006333476041794
3.0063334760419154
3.006333476041988
3.0063334760420544
3.006333476042173
3.006333476042244
3.006333476042287
3.0063334760423333
3.0063334760423834
3.0063334760424136
3.0063334760424327
3.0063334760424447
3.0063334760424616
3.006333476042472
3.0063334760424776
3.006333476042481
3.006333476042484
3.0063334760424887
3.0063334760424945
3.006333476042498
3.0063334760425002
3.0063334760425025
3.0063334760425064
3.0063334760425073
3.0063334760425087
3.0063334760425096
3.0063334760425104
3.0063334760425118
3.0063334760425127
3.0063334760425136
3.006333476042514
3.006333476042515
3.006333476042515
3.006333476042515
3.006333476042515
3.006333476042515
3.006333476042515
3.006333476042515
3.006333476042515
3.006333476042515
3.006333476042515
3.006333476042515
3.006333476042515
3.006333476042515
3.006333476042515
3.006333476042515
3.006333476042515
3.006333476042515
3.006333476042515
