2.143186908255872
2.143186908255872
2.143186908255872
2.143186908255872
2.143186908255872
2.143186908255872
2.143186908255872
2.143186908255872
2.143186908255872
2.143186908255872
2.143186908255872
2.143186908255872
2.143186908255872
2.143186908255872
2.143186908255872
2.143186908255872
2.143186908255872
2.143186908255872
2.143186908255872
2.143186908255872
2.143186908255872
2.143186908255872
2.143186908255872
2.143186908255872
2.143186908255872
2.143186908255872
2.143186908255872
2.143186908255872
2.143186908255872
2.143186908255872
2.143186908255872
2.143186908255872
2.143186908255872
2.143186908255872
2.143186908255872
2.143186908255872
2.143186908255872
2.143186908255872
2.143186908255872
2.143186908255872
2.143186908255872
2.143186908255872
2.143186908255872
2.143186908255872
2.143186908255872
2.143186908255872
2.143186908255872
2.143186908255872
2.143186908255872
2.1432052437023974
2.1432052437023974
2.1432052437023974
2.1432052437023974
2.143222283339086
2.143222283339086
2.143222283339086
2.143222283339086
2.14322625345166
2.14322625345166
2.14322625345166
2.14322625345166
2.14322625345166
2.143227703002319
2.1432362538508034
2.1432403531403987
2.143243152268537
2.143245424393327
2.1432466089807884
2.143248865318322
2.1432519259997536
2.1432534283115827
2.143254827318803
2.143256639703647
2.1432580279126783
2.143258860837677
2.143259360592524
2.143259663830359
2.14326030953569
2.1432608993882054
2.1432612532996083
2.1432615000361577
2.1432618772074665
2.1432621250173884
2.1432622737033227
2.143262362914876
2.143262416441807
2.14326251431264
2.14326260321599
2.143262656557997
2.143262691244413
2.143262725295075
2.143262754896882
2.143262772657966
2.143262783314616
2.14326279482682
2.1432628074288447
2.1432628149900594
2.143262819526788
2.143262822329695
2.143262824065731
2.1432628255269806
2.143262828159782
2.1432628297394625
2.143262830687271
2.1432628312559556
2.1432628315971676
2.143262831801893
2.143262831926525
2.143262832007547
2.1432628321927094
2.1432628323872267
2.1432628325060614
2.143262832577362
2.143262832692706
2.143262832767506
2.143262832812932
2.1432628328643992
2.143262832911945
2.143262832941139
2.1432628329586554
2.143262832977663
2.143262832995466
2.143262833006147
2.1432628330125563
2.143262833016402
2.1432628330215535
2.143262833028563
2.143262833032809
2.1432628330356374
2.143262833039569
2.143262833041928
2.1432628330433445
2.1432628330441936
2.143262833044704
2.143262833045009
2.143262833045599
2.1432628330461396
2.1432628330464647
2.143262833046662
2.1432628330470314
2.143262833047285
2.1432628330474377
2.143262833047529
2.1432628330475842
2.143262833047674
2.1432628330477486
2.143262833047793
2.14326283304782
2.143262833047863
2.143262833047894
2.1432628330479115
2.1432628330479218
2.1432628330479284
2.1432628330479364
2.1432628330479484
2.143262833047955
2.1432628330479586
2.143262833047961
2.1432628330479644
2.1432628330479693
2.1432628330479724
2.143262833047974
2.1432628330479755
2.143262833047976
2.1432628330479786
2.14326283304798
2.143262833047981
2.1432628330479817
2.1432628330479826
2.1432628330479844
2.1432628330479844
2.143262833047985
2.1432628330479853
2.1432628330479853
2.1432628330479853
2.1432628330479853
2.1432628330479853
2.1432628330479853
2.1432628330479853
2.1432628330479853
2.1432628330479853
2.1432628330479853
2.1432628330479853
2.1432628330479853
2.1432628330479853
2.1432628330479853
2.1432628330479853
2.1432628330479853
2.1432628330479853
2.1432628330479853
2.1432628330479853
2.1432628330479853
2.1432628330479853
2.1432628330479853
2.1432628330479853
