1.2432917083701474
1.2432917083701474
1.2432917083701474
1.2432917083701474
1.2432917083701474
1.2432917083701474
1.2432917083701474
1.2432917083701474
1.2432917083701474
1.2432917083701474
1.2432917083701474
1.2432917083701474
1.2432917083701474
1.2432917083701474
1.2432917083701474
1.2432917083701474
1.2432917083701474
1.2432917083701474
1.2432917083701474
1.2432917083701474
1.2432917083701474
1.2432917083701474
1.2432917083701474
1.2432917083701474
1.2432917083701474
1.2432917083701474
1.2432917083701474
1.2432917083701474
1.2432917083701474
1.2432917083701474
1.2432917083701474
1.2432917083701474
1.2432917083701474
1.2432917083701474
1.2432917083701474
1.2432917083701474
1.2432917083701474
1.2432917083701474
1.2432917083701474
1.2432917083701474
1.2432917083701474
1.2432917083701474
1.2432917083701474
1.2432917083701474
1.2432917083701474
1.2432917083701474
1.2432917083701474
1.2432917083701474
1.2432917083701474
1.2432917083701474
1.2432917083701474
1.2432917083701474
1.2432917083701474
1.2432917083701474
1.2432917083701474
1.2432917083701474
1.2432917083701474
1.2432917083701474
1.243291946109019
1.243291946109019
1.243291946109019
1.2432926294266649
1.2432926294266649
1.2432926294266649
1.2432928066848148
1.243293035422761
1.2432931752719787
1.2432934431237548
1.2432936807834214
1.2432938233792552
1.2432939089367678
1.2432939602712798
1.2432939910719882
1.2432940452354309
1.2432941912834485
1.2432942831688591
1.243294345997423
1.2432943836945647
1.243294406312851
1.243294447291838
1.2432944805455781
1.2432945004978229
1.24329451246917
1.2432945196519785
1.243294534005923
1.243294554016697
1.2432945660231618
1.2432945732270408
1.2432945775493682
1.2432945851461825
1.2432945916486757
1.243294594512754
1.2432945967937494
1.2432945982729533
1.2432946004740033
1.2432946026655818
1.2432946033193353
1.2432946045211901
1.2432946056039287
1.243294606256359
1.2432946066336472
1.2432946066336472
1.2432946068990076
1.2432946070817996
1.2432946071220325
1.2432946071720736
1.243294607254499
1.2432946073196502
1.243294607371238
1.2432946074319897
1.2432946074799225
1.2432946075092115
1.243294607534914
1.2432946075378557
1.2432946075378557
1.2432946075378557
1.2432946075378557
1.2432946075415232
1.2432946075415232
1.2432946075415232
1.2432946075415232
1.2432946075432698
1.2432946075432698
1.2432946075432698
1.2432946075432698
1.2432946075432698
1.2432946075432698
1.2432946075432698
1.2432946075432698
1.2432946075432698
1.2432946075435007
1.2432946075435007
1.2432946075435007
1.2432946075435007
1.243294607543568
1.243294607543568
1.243294607543568
1.243294607543568
1.243294607543568
1.2432946075435696
1.2432946075435696
1.2432946075435696
1.2432946075435696
1.2432946075435891
1.2432946075435891
1.2432946075435891
1.2432946075435891
1.243294607543591
1.2432946075435947
1.243294607543598
1.243294607543602
1.2432946075436042
1.243294607543606
1.2432946075436069
1.2432946075436082
1.2432946075436093
1.2432946075436098
1.24329460754361
1.2432946075436104
1.2432946075436107
1.2432946075436109
1.2432946075436109
1.243294607543611
1.2432946075436113
1.2432946075436113
1.2432946075436113
1.2432946075436113
1.2432946075436113
1.2432946075436113
1.2432946075436113
1.2432946075436113
1.2432946075436113
1.2432946075436113
1.2432946075436113
1.2432946075436113
1.2432946075436113
1.2432946075436113
1.2432946075436113
1.2432946075436113
1.2432946075436113
1.2432946075436113
1.2432946075436113
1.2432946075436113
1.2432946075436113
1.2432946075436113
1.2432946075436113
