1.6320321735937104
1.6320321735937104
1.6320321735937104
1.6320321735937104
1.6320321735937104
1.6320321735937104
1.6320321735937104
1.6320321735937104
1.6320321735937104
1.6320321735937104
1.6320321735937104
1.6320321735937104
1.6320321735937104
1.6320321735937104
1.6320321735937104
1.6320321735937104
1.6320321735937104
1.6320321735937104
1.6320321735937104
1.6320321735937104
1.6320321735937104
1.6320321735937104
1.6320321735937104
1.6320321735937104
1.6320321735937104
1.6320321735937104
1.6320321735937104
1.6320321735937104
1.6320321735937104
1.6320321735937104
1.6320321735937104
1.6320321735937104
1.6320321735937104
1.6320321735937104
1.6320321735937104
1.6320321735937104
1.6320321735937104
1.6320321735937104
1.6320321735937104
1.6320409682019794
1.6320409682019794
1.6320409682019794
1.6320409682019794
1.6320409682019794
1.632041574733892
1.6320544296254982
1.6320621425558652
1.6320667703124314
1.6320695469657756
1.6320712129575674
1.6320722125525653
1.6320728123095363
1.632073172163709
1.6320733880762095
1.6320735176237078
1.632073595352206
1.6320736419893052
1.6320740946759822
1.6320740946759822
1.6320740946759822
1.6320742213627517
1.6320749567136277
1.6320749567136277
1.6320749567136277
1.6320749567136277
1.632075431962523
1.6320754545952376
1.6320763676562102
1.632076839881364
1.6320773024983104
1.6320775226507462
1.6320780052474322
1.6320784198441032
1.6320787567080055
1.6320790289485925
1.6320793835240615
1.6320796423910768
1.6320797977112869
1.6320798909034127
1.6320799468186886
1.6320799803678545
1.6320800674159661
1.6320801310184125
1.6320801784770769
1.6320802029982993
1.632080231878783
1.6320802527681093
1.6320802715179856
1.6320802780841814
1.6320802811165902
1.632080284718173
1.6320802868791229
1.6320802889703725
1.6320802922471789
1.6320802974136106
1.6320802984550482
1.632080300624887
1.632080300624887
1.632080300624887
1.6320803018418804
1.6320803018418804
1.6320803018418804
1.632080302366038
1.6320803027411563
1.632080302966227
1.632080303251592
1.6320803040403151
1.6320803045135492
1.6320803048122263
1.6320803048122263
1.6320803048122263
1.6320803049101005
1.6320803049101005
1.6320803049101005
1.6320803049101005
1.6320803049101005
1.6320803049119548
1.6320803049119548
1.6320803049119548
1.6320803049400536
1.6320803049400536
1.6320803049400536
1.6320803049460826
1.6320803049500094
1.6320803049502781
1.6320803049526158
1.6320803049546864
1.6320803049546864
1.6320803049546864
1.6320803049549115
1.6320803049553816
1.6320803049553816
1.6320803049553834
1.6320803049555987
1.632080304955959
1.632080304955959
1.632080304955959
1.632080304955959
1.6320803049560693
1.6320803049560864
1.6320803049561003
1.6320803049561652
1.632080304956204
1.6320803049562833
1.6320803049563322
1.632080304956361
1.6320803049563966
1.6320803049564272
1.632080304956447
1.6320803049564678
1.6320803049564734
1.6320803049564767
1.632080304956486
1.6320803049564978
1.632080304956505
1.6320803049565105
1.6320803049565142
1.63208030495652
1.632080304956525
1.6320803049565271
1.6320803049565307
1.6320803049565327
1.6320803049565344
1.6320803049565353
1.632080304956537
1.632080304956539
1.63208030495654
1.632080304956541
1.632080304956541
1.632080304956542
1.632080304956542
1.632080304956542
1.632080304956542
1.632080304956542
1.632080304956542
1.632080304956542
1.632080304956542
1.632080304956542
1.632080304956542
1.632080304956542
1.632080304956542
1.632080304956542
1.632080304956542
1.632080304956542
1.632080304956542
1.632080304956542
1.632080304956542
