1.4138347127630215
1.4138347127630215
1.4138347127630215
1.4138347127630215
1.4138347127630215
1.4138347127630215
1.4138347127630215
1.4138347127630215
1.4138347127630215
1.4138347127630215
1.4138347127630215
1.4138347127630215
1.4138347127630215
1.4138347127630215
1.4138347127630215
1.4138347127630215
1.4138347127630215
1.4138347127630215
1.4138347127630215
1.4138347127630215
1.4138347127630215
1.4138347127630215
1.4138347127630215
1.4138347127630215
1.4138347127630215
1.4138347127630215
1.4138347127630215
1.4138347127630215
1.4138347127630215
1.4138347127630215
1.4138347127630215
1.4138347127630215
1.4138347127630215
1.4138347127630215
1.4138347127630215
1.4138347127630215
1.4138347127630215
1.4138347127630215
1.4138748611896228
1.4138748611896228
1.4138748611896228
1.4138748611896228
1.4138748611896228
1.4138853174198949
1.4139418173037601
1.4139911860725687
1.4140208088994384
1.4140385831592104
1.4140492479179958
1.4140556468463208
1.4140594862296165
1.4140617898690613
1.4140631720561365
1.4140640013696086
1.4140644989581341
1.4140647975114085
1.4140649766434301
1.4140650841226636
1.4140651486102118
1.4140651873027428
1.4140652105182623
1.4140652244475749
1.414065754662234
1.414065754662234
1.414065754662234
1.4140681843713456
1.4140681843713456
1.4140681843713456
1.4140682994110974
1.4140689699429503
1.4140694109085625
1.4140703465093725
1.414070811444298
1.4140712016280386
1.4140715858558992
1.414071701186436
1.4140718199472244
1.4140719603770115
1.4140720619516218
1.414072110970086
1.4140721556879565
1.414072255932615
1.414072331030694
1.4140723760895426
1.4140724236208784
1.4140724409647352
1.4140724409647352
1.4140724409647352
1.4140724409647352
1.4140724547483985
1.4140724547483985
1.4140724547483985
1.4140724554929367
1.4140724608013326
1.4140724625718633
1.4140724645051583
1.414072465949861
1.414072466599582
1.4140724676319565
1.41407246779299
1.4140724681209556
1.4140724687364727
1.414072469105782
1.4140724694141704
1.4140724695250002
1.4140724698140927
1.414072469910632
1.4140724699427274
1.4140724700215315
1.4140724700812113
1.414072470139763
1.4140724702174656
1.4140724702640872
1.4140724702928542
1.41407247032442
1.4140724703473648
1.4140724703548988
1.4140724703548988
1.4140724703548988
1.4140724703618195
1.4140724703630838
1.4140724703630838
1.4140724703636665
1.414072470364968
1.4140724703656444
1.4140724703656444
1.4140724703664245
1.4140724703668008
1.4140724703668668
1.4140724703669465
1.4140724703669951
1.414072470367191
1.4140724703673269
1.414072470367465
1.4140724703676282
1.4140724703677818
1.4140724703678742
1.4140724703679592
1.4140724703680836
1.41407247036816
1.4140724703682055
1.4140724703682455
1.414072470368298
1.4140724703683314
1.4140724703683516
1.4140724703683631
1.414072470368371
1.414072470368375
1.414072470368389
1.4140724703683993
1.414072470368406
1.4140724703684096
1.4140724703684122
1.4140724703684184
1.4140724703684213
1.4140724703684233
1.414072470368425
1.414072470368427
1.4140724703684286
1.4140724703684298
1.4140724703684298
1.4140724703684302
1.4140724703684313
1.414072470368432
1.414072470368432
1.414072470368432
1.414072470368432
1.4140724703684322
1.4140724703684322
1.4140724703684322
1.4140724703684322
1.4140724703684322
1.4140724703684322
1.4140724703684322
1.4140724703684322
1.4140724703684322
1.4140724703684322
1.4140724703684322
1.4140724703684322
1.4140724703684322
1.4140724703684322
1.4140724703684322
1.4140724703684322
1.4140724703684322
1.4140724703684322
1.4140724703684322
1.4140724703684322
1.4140724703684322
1.4140724703684322
