1.2962434929584292
1.2962434929584292
1.2962434929584292
1.2962434929584292
1.2962434929584292
1.2962434929584292
1.2962434929584292
1.2962434929584292
1.2962434929584292
1.2962434929584292
1.2962434929584292
1.2962434929584292
1.2962434929584292
1.2962434929584292
1.2962434929584292
1.2962434929584292
1.2962434929584292
1.2962434929584292
1.2962434929584292
1.2962434929584292
1.2962434929584292
1.2962434929584292
1.2962434929584292
1.2962434929584292
1.2962434929584292
1.2962434929584292
1.2962434929584292
1.2962434929584292
1.2962434929584292
1.2962434929584292
1.2962434929584292
1.2962434929584292
1.2962434929584292
1.2962434929584292
1.2962434929584292
1.2962434929584292
1.2962434929584292
1.2962434929584292
1.2962434929584292
1.2962434929584292
1.2962434929584292
1.2962434929584292
1.2962434929584292
1.2962434929584292
1.2962434929584292
1.296257984261714
1.296257984261714
1.296257984261714
1.296257984261714
1.296262645170587
1.296262645170587
1.296262645170587
1.296262645170587
1.2962639355427268
1.2962647405375571
1.2962652958710545
1.2962656290707182
1.2962660744486114
1.2962670788852741
1.2962670788852741
1.2962678421533744
1.2962679349554567
1.2962686607006269
1.296268805658314
1.2962690314298755
1.2962692412298837
1.2962693090971191
1.2962697763032045
1.2962703579264327
1.2962705456719554
1.296270785919708
1.296270967172711
1.2962711005541723
1.296271305585008
1.296271399205433
1.2962715006159249
1.296271610263318
1.296271687265367
1.2962717509736488
1.2962718216107652
1.2962718693848407
1.296271901837547
1.296271927691096
1.2962719340948303
1.2962719340948303
1.2962719340948303
1.2962719340948303
1.2962719362287796
1.2962719362287796
1.2962719362287796
1.2962719362287796
1.2962719364895132
1.2962719387743937
1.296271940387712
1.2962719416257016
1.2962719416257016
1.2962719423610436
1.296271942889605
1.296271943234365
1.2962719434412213
1.2962719437208006
1.2962719440229473
1.2962719442042356
1.2962719443130086
1.2962719444571233
1.2962719446537763
1.2962719447717679
1.296271944846043
1.2962719448958986
1.2962719449304312
1.296271944974071
1.2962719450002547
1.2962719450159652
1.296271945027457
1.296271945044718
1.2962719450588893
1.2962719450677496
1.2962719450758153
1.2962719450845301
1.296271945089759
1.2962719450928966
1.2962719450950821
1.2962719450977838
1.2962719450998068
1.2962719451010787
1.2962719451024949
1.2962719451036344
1.2962719451043179
1.2962719451047282
1.2962719451049742
1.296271945105122
1.2962719451053124
1.2962719451056148
1.2962719451057978
1.296271945105907
1.296271945105973
1.296271945106031
1.2962719451061633
1.2962719451062428
1.2962719451062903
1.2962719451063474
1.2962719451064129
1.296271945106452
1.2962719451064755
1.2962719451065106
1.2962719451065348
1.2962719451065492
1.2962719451065579
1.296271945106571
1.2962719451065807
1.2962719451065865
1.2962719451065898
1.2962719451065972
1.2962719451066027
1.2962719451066063
1.2962719451066083
1.2962719451066116
1.2962719451066136
1.296271945106615
1.2962719451066158
1.2962719451066167
1.2962719451066174
1.2962719451066178
1.296271945106618
1.2962719451066185
1.2962719451066185
1.2962719451066185
1.2962719451066185
1.2962719451066185
1.2962719451066185
1.2962719451066185
1.2962719451066185
1.2962719451066185
1.2962719451066185
1.2962719451066185
1.2962719451066185
1.2962719451066185
1.2962719451066185
1.2962719451066185
1.2962719451066185
1.2962719451066185
1.2962719451066185
