2.1510504329545403
2.1510504329545403
2.1510504329545403
2.1510504329545403
2.1510504329545403
2.1510504329545403
2.1510504329545403
2.1510504329545403
2.1510504329545403
2.1510504329545403
2.1510504329545403
2.1510504329545403
2.1510504329545403
2.1510504329545403
2.1510504329545403
2.1510504329545403
2.1510504329545403
2.1510504329545403
2.1510504329545403
2.1510504329545403
2.1510504329545403
2.1510504329545403
2.1510504329545403
2.1510504329545403
2.1510504329545403
2.1510504329545403
2.1510504329545403
2.1510504329545403
2.1510504329545403
2.1510504329545403
2.1510504329545403
2.1510504329545403
2.1510504329545403
2.1510504329545403
2.1510504329545403
2.1510504329545403
2.1510504329545403
2.1510504329545403
2.1510504329545403
2.1510504329545403
2.1510504329545403
2.151063225497625
2.151063225497625
2.151063225497625
2.151063225497625
2.151063225497625
2.151063225497625
2.151063225497625
2.1510654304320234
2.1510654304320234
2.1510654304320234
2.1510654304320234
2.1510654304320234
2.1510669953479753
2.1510669953479753
2.1510669953479753
2.1510669953479753
2.1510689280275037
2.1510716010774322
2.151073204906635
2.1510741672038853
2.1510761331019705
2.151076174192089
2.151076174192089
2.151077317479586
2.151077584721816
2.1510787762870547
2.1510794912261697
2.1510799201896287
2.151080411768989
2.151081366394716
2.1510817902726713
2.151082117993996
2.1510823180804057
2.1510824390134404
2.1510828024856896
2.1510829237237483
2.151082996466584
2.1510831621657616
2.151083307921649
2.1510833951895862
2.1510834498359186
2.151083479986955
2.151083508825396
2.1510835300936786
2.151083548017304
2.151083555414031
2.15108356443932
2.1510835744320986
2.1510835804410267
2.151083584046384
2.1510835902994314
2.1510835953242107
2.1510835998195224
2.15108360278323
2.151083604707066
2.151083608164935
2.151083609785007
2.1510836107585867
2.151083611413875
2.151083612765324
2.151083613806867
2.1510836144317933
2.151083614806749
2.1510836150317214
2.1510836151667054
2.151083615640886
2.151083616151319
2.1510836166101304
2.15108361678906
2.1510836169691157
2.1510836171822425
2.1510836173101175
2.1510836173868433
2.1510836174328785
2.1510836174702472
2.1510836175609818
2.1510836176345753
2.1510836176736463
2.1510836176925063
2.1510836177312376
2.1510836177713224
2.1510836177953734
2.1510836178104515
2.1510836178276405
2.151083617842586
2.151083617851553
2.151083617856933
2.151083617860553
2.15108361786556
2.151083617868565
2.1510836178700035
2.1510836178713992
2.15108361787232
2.1510836178734136
2.151083617873957
2.1510836178744426
2.151083617874895
2.15108361787529
2.151083617875527
2.1510836178756687
2.151083617875811
2.1510836178759924
2.1510836178760786
2.1510836178761346
2.1510836178762305
2.15108361787631
2.151083617876362
2.1510836178763926
2.1510836178764112
2.151083617876442
2.151083617876476
2.151083617876499
2.151083617876514
2.1510836178765267
2.1510836178765396
2.151083617876549
2.151083617876557
2.1510836178765627
2.1510836178765684
2.1510836178765724
2.151083617876575
2.151083617876578
2.1510836178765804
2.151083617876582
2.1510836178765835
2.151083617876584
2.1510836178765853
2.1510836178765853
2.151083617876586
2.151083617876586
2.1510836178765866
2.1510836178765866
2.1510836178765866
2.1510836178765866
2.1510836178765866
2.1510836178765866
2.1510836178765866
2.1510836178765866
2.1510836178765866
2.1510836178765866
2.1510836178765866
2.1510836178765866
2.1510836178765866
2.1510836178765866
