1.1430314009670062
1.1430314009670062
1.1430314009670062
1.1430314009670062
1.1430314009670062
1.1430314009670062
1.1430314009670062
1.1430314009670062
1.1430314009670062
1.1430314009670062
1.1430314009670062
1.1430314009670062
1.1430314009670062
1.1430314009670062
1.1430314009670062
1.1430314009670062
1.1430314009670062
1.1430314009670062
1.1430314009670062
1.1430314009670062
1.1430314009670062
1.1430314009670062
1.1430314009670062
1.1430314009670062
1.1430314009670062
1.1430314009670062
1.1430314009670062
1.1430314009670062
1.1430314009670062
1.1430314009670062
1.1430314009670062
1.1430314009670062
1.1430314009670062
1.1430314009670062
1.1430314009670062
1.1430314009670062
1.1430314009670062
1.1430314009670062
1.1430314009670062
1.1430314009670062
1.1430314009670062
1.1430314009670062
1.1430314009670062
1.1430314009670062
1.1430314009670062
1.1430314009670062
1.1430314009670062
1.1430314009670062
1.1430314009670062
1.1430314009670062
1.1430314009670062
1.1430314009670062
1.1430314009670062
1.1430314009670062
1.1430314009670062
1.1430314009670062
1.1430314009670062
1.1430314009670062
1.143033071873383
1.143033071873383
1.143033071873383
1.143033071873383
1.143033071873383
1.143033071873383
1.1430331214406761
1.143033385774297
1.1430339357996968
1.1430342658136396
1.143034792327303
1.1430348489711823
1.1430351004839199
1.1430355271854609
1.1430355271854609
1.1430356262044685
1.143035735833447
1.1430358538212182
1.143036132775704
1.1430363529666765
1.1430364915324356
1.1430365984290487
1.1430367339233427
1.1430369051185265
1.1430369418247046
1.1430369638484121
1.1430370243237111
1.1430370809439128
1.1430371340103969
1.1430371720552597
1.1430372098271329
1.1430372585658786
1.1430372879246906
1.1430373055399778
1.143037323074495
1.1430373371285822
1.1430373532672522
1.1430373581565203
1.1430373642917488
1.1430373717257993
1.1430373761862296
1.1430373788624877
1.1430373805215028
1.1430373826599414
1.14303738528154
1.1430373869264117
1.1430373879133346
1.1430373886622185
1.1430373892036536
1.1430373899380815
1.1430373903787383
1.1430373906431326
1.1430373908017688
1.1430373909078986
1.1430373910210503
1.1430373913402083
1.1430373915317027
1.1430373916465997
1.14303739171932
1.1430373918360703
1.1430373919280326
1.1430373919841268
1.1430373920352148
1.1430373920884327
1.1430373921203636
1.1430373921399861
1.1430373921683576
1.143037392188039
1.1430373921998478
1.1430373922070358
1.143037392215161
1.14303739222195
1.1430373922260237
1.143037392228468
1.143037392230077
1.1430373922326118
1.1430373922341326
1.1430373922350452
1.1430373922356025
1.14303739223618
1.1430373922367842
1.1430373922371466
1.1430373922373642
1.143037392237497
1.1430373922377033
1.143037392237883
1.1430373922379908
1.1430373922380557
1.143037392238143
1.1430373922382646
1.1430373922383377
1.1430373922383816
1.1430373922384078
1.1430373922384442
1.1430373922384744
1.1430373922384922
1.1430373922385033
1.1430373922385146
1.143037392238528
1.1430373922385357
1.1430373922385404
1.1430373922385433
1.1430373922385506
1.1430373922385553
1.1430373922385582
1.14303739223856
1.1430373922385633
1.1430373922385655
1.1430373922385666
1.1430373922385673
1.1430373922385677
1.1430373922385682
1.143037392238569
1.1430373922385697
1.1430373922385701
1.1430373922385704
1.1430373922385706
1.143037392238571
1.1430373922385713
1.1430373922385713
1.1430373922385715
1.1430373922385715
1.1430373922385715
1.1430373922385715
1.1430373922385715
1.1430373922385715
1.1430373922385715
1.1430373922385715
1.1430373922385715
1.1430373922385715
1.1430373922385715
1.1430373922385715
1.1430373922385715
1.1430373922385715
1.1430373922385715
1.1430373922385715
