1.858381018843631
1.858381018843631
1.858381018843631
1.858381018843631
1.858381018843631
1.858381018843631
1.858381018843631
1.858381018843631
1.858381018843631
1.858381018843631
1.858381018843631
1.858381018843631
1.858381018843631
1.858381018843631
1.858381018843631
1.858381018843631
1.858381018843631
1.858381018843631
1.858381018843631
1.858381018843631
1.858381018843631
1.858381018843631
1.858381018843631
1.858381018843631
1.858381018843631
1.858381018843631
1.858381018843631
1.858381018843631
1.858381018843631
1.858381018843631
1.858381018843631
1.858381018843631
1.858381018843631
1.858381018843631
1.858381018843631
1.858381018843631
1.858381018843631
1.858381018843631
1.858381018843631
1.858381018843631
1.858381018843631
1.858381018843631
1.858381018843631
1.858381018843631
1.858381018843631
1.858381018843631
1.858381018843631
1.858381018843631
1.858381018843631
1.858381018843631
1.858381018843631
1.858381018843631
1.858381018843631
1.858381018843631
1.858381018843631
1.858381018843631
1.858381018843631
1.858381018843631
1.858381018843631
1.858381018843631
1.858381018843631
1.858381018843631
1.858381018843631
1.858381018843631
1.858381018843631
1.858381018843631
1.858381018843631
1.858381018843631
1.8583817067690673
1.8583817067690673
1.8583817067690673
1.8583817067690673
1.858382945533022
1.858383328441083
1.8583843157603268
1.8583850662665995
1.8583858289891997
1.8583864754601094
1.8583865648099482
1.858387814542934
1.8583879478229097
1.8583885177510413
1.8583889484235805
1.8583890211512903
1.8583893097406743
1.8583898303629227
1.8583901991756893
1.858390376135588
1.8583905036891382
1.8583905768219957
1.8583906327280584
1.8583907717190962
1.858390855113718
1.8583909051504903
1.8583909351725534
1.8583909755284103
1.8583910132894308
1.8583910424602712
1.8583910599627749
1.858391070464277
1.8583910767651788
1.858391098621852
1.8583911119605
1.8583911237969974
1.8583911308988943
1.8583911351600333
1.858391142977617
1.8583911502558519
1.858391154622794
1.858391157242959
1.8583911588150577
1.8583911608341765
1.8583911637166868
1.8583911654461922
1.858391166483896
1.8583911671065183
1.8583911678522762
1.8583911684300831
1.85839116893126
1.858391169355792
1.858391169530684
1.8583911696804145
1.8583911698793036
1.8583911699492124
1.8583911700913773
1.8583911701203004
1.858391170199597
1.8583911702663984
1.8583911703095344
1.8583911703372604
1.8583911703372604
1.858391170351304
1.8583911703544866
1.8583911703544866
1.8583911703544866
1.8583911703544866
1.8583911703553353
1.8583911703553353
1.8583911703553353
1.8583911703553353
1.8583911703553353
1.8583911703553353
1.858391170355598
1.858391170355598
1.858391170355598
1.858391170355598
1.858391170355598
1.8583911703556086
1.8583911703557459
1.8583911703565237
1.8583911703568001
1.8583911703571219
1.8583911703574123
1.8583911703574596
1.8583911703576825
1.8583911703579485
1.85839117035811
1.8583911703582814
1.8583911703584546
1.858391170358565
1.8583911703586387
1.858391170358684
1.8583911703587113
1.858391170358727
1.858391170358758
1.8583911703587948
1.858391170358819
1.8583911703588387
1.8583911703588527
1.8583911703588614
1.8583911703588696
1.858391170358875
1.8583911703588762
1.8583911703588782
1.8583911703588802
1.8583911703588816
1.8583911703588827
1.8583911703588827
1.8583911703588833
1.8583911703588833
1.858391170358884
1.8583911703588845
1.8583911703588845
1.8583911703588845
1.8583911703588851
1.8583911703588853
1.8583911703588853
1.8583911703588858
1.8583911703588862
1.8583911703588862
1.8583911703588862
1.8583911703588862
1.8583911703588862
1.8583911703588862
1.8583911703588862
1.8583911703588862
1.8583911703588862
1.8583911703588862
1.8583911703588862
1.8583911703588862
1.8583911703588862
1.8583911703588862
1.8583911703588862
