1.880857105768221
1.880857105768221
1.880857105768221
1.880857105768221
1.880857105768221
1.880857105768221
1.880857105768221
1.880857105768221
1.880857105768221
1.880857105768221
1.880857105768221
1.880857105768221
1.880857105768221
1.880857105768221
1.880857105768221
1.880857105768221
1.880857105768221
1.880857105768221
1.880857105768221
1.880857105768221
1.880857105768221
1.880857105768221
1.880857105768221
1.880857105768221
1.880857105768221
1.880857105768221
1.880857105768221
1.880857105768221
1.880857105768221
1.880857105768221
1.880857105768221
1.880857105768221
1.880857105768221
1.880857105768221
1.880857105768221
1.880857105768221
1.880857105768221
1.880857105768221
1.880857105768221
1.880857105768221
1.880857105768221
1.880857105768221
1.880857105768221
1.880857105768221
1.880857105768221
1.880857105768221
1.880857105768221
1.880857105768221
1.880857105768221
1.880857105768221
1.880857105768221
1.8808592577156855
1.8808592577156855
1.8808592577156855
1.8808592577156855
1.8808629182152918
1.8808629182152918
1.8808629182152918
1.8808629182152918
1.880864672754779
1.880864879830427
1.8808652063759828
1.880866502791391
1.8808672806412696
1.8808684515333398
1.8808686446971838
1.8808691030512077
1.8808696377009013
1.880870238808127
1.8808703503883362
1.8808708429738117
1.8808711736171715
1.8808713754913582
1.8808714966158975
1.8808716671138002
1.8808718294928946
1.8808719755511838
1.8808720175928937
1.8808720869303812
1.8808721405497055
1.8808721885750406
1.8808722173902408
1.8808722620867255
1.8808722799523925
1.8808722799523925
1.8808722799523925
1.8808722834877685
1.88087229658264
1.8808723025681515
1.8808723087588812
1.8808723121586197
1.8808723167615247
1.8808723181873122
1.8808723215486978
1.880872325114286
1.8808723258764153
1.880872327531113
1.8808723282884634
1.8808723292767937
1.8808723299463397
1.8808723304167454
1.8808723306219592
1.8808723311002984
1.8808723314854798
1.8808723317243625
1.8808723319156846
1.880872331956954
1.8808723320365865
1.880872332185866
1.880872332275495
1.8808723323292724
1.880872332361539
1.8808723323808996
1.8808723324289405
1.8808723324619148
1.8808723324962935
1.8808723325344858
1.8808723325344858
1.8808723325457073
1.8808723325568233
1.8808723325641543
1.88087233257393
1.8808723325742103
1.8808723325779724
1.8808723325802297
1.8808723325816104
1.880872332582417
1.8808723325829175
1.8808723325836807
1.8808723325838073
1.8808723325838206
1.880872332584219
1.8808723325847603
1.8808723325847603
1.880872332584897
1.8808723325851822
1.880872332585193
1.8808723325853023
1.8808723325853574
1.880872332585431
1.880872332585435
1.880872332585469
1.8808723325854904
1.8808723325855043
1.8808723325855194
1.8808723325855303
1.8808723325855303
1.8808723325855303
1.880872332585532
1.8808723325855343
1.8808723325855354
1.8808723325855359
1.8808723325855368
1.8808723325855394
1.880872332585541
1.8808723325855425
1.8808723325855436
1.8808723325855436
1.880872332585544
1.880872332585544
1.880872332585545
1.880872332585545
1.880872332585545
1.8808723325855452
1.8808723325855454
1.8808723325855456
1.8808723325855456
1.8808723325855456
1.8808723325855456
1.8808723325855456
1.8808723325855456
1.8808723325855456
1.8808723325855456
1.8808723325855456
1.8808723325855456
1.8808723325855456
1.8808723325855456
1.8808723325855456
1.8808723325855456
1.8808723325855456
1.8808723325855456
1.8808723325855456
1.8808723325855456
1.8808723325855456
1.8808723325855456
1.8808723325855456
1.8808723325855456
