1.9198170584480003
1.9198170584480003
1.9198170584480003
1.9198170584480003
1.9198170584480003
1.9198170584480003
1.9198170584480003
1.9198170584480003
1.9198170584480003
1.9198170584480003
1.9198170584480003
1.9198170584480003
1.9198170584480003
1.9198170584480003
1.9198170584480003
1.9198170584480003
1.9198170584480003
1.9198170584480003
1.9198170584480003
1.9198170584480003
1.9198170584480003
1.9198170584480003
1.9198170584480003
1.9198170584480003
1.9198170584480003
1.9198170584480003
1.9198170584480003
1.9198170584480003
1.9198170584480003
1.9198170584480003
1.9198170584480003
1.9198170584480003
1.9198170584480003
1.9198170584480003
1.9198170584480003
1.9198170584480003
1.9198170584480003
1.9198170584480003
1.9198170584480003
1.9198170584480003
1.9198170584480003
1.9198170584480003
1.91981725313944
1.9198341883945815
1.9198443494802448
1.9198504461073715
1.9198541040749098
1.9198659081968372
1.9198659081968372
1.9198676625544582
1.9198779974245996
1.9198779974245996
1.9198820235574456
1.9198875353109086
1.919890465170249
1.9198922230845
1.9198932778325635
1.9198945359240684
1.919896712481353
1.9198981168563263
1.9198988171404638
1.9198999136211252
1.9199008054609925
1.919901392020191
1.9199017171588424
1.9199019710589913
1.9199022294842971
1.9199024711766834
1.9199026161921096
1.9199027032013636
1.919902755406915
1.919902786730246
1.9199028055242437
1.9199028643494604
1.9199029928782625
1.9199030699955406
1.919903123497821
1.919903202722747
1.9199032520686639
1.9199032816762138
1.9199033122374547
1.9199033493526416
1.9199033716217533
1.91990338498322
1.9199033947915112
1.9199034046794465
1.919903410827109
1.919903414515706
1.9199034167870777
1.9199034186743886
1.9199034202805507
1.919903421244248
1.9199034218224666
1.9199034224755416
1.9199034230822563
1.919903423446285
1.919903423698291
1.9199034240538364
1.9199034242674422
1.9199034243956052
1.9199034244725033
1.9199034245195026
1.919903424610622
1.9199034246757156
1.919903424714772
1.9199034247432611
1.919903424789498
1.9199034248172402
1.9199034248338858
1.9199034248512634
1.9199034248697655
1.9199034248808668
1.9199034248875277
1.9199034248916658
1.919903424896679
1.9199034249000169
1.9199034249020195
1.919903424903221
1.9199034249039417
1.919903424905217
1.9199034249062152
1.9199034249068139
1.919903424907184
1.9199034249078006
1.9199034249081905
1.9199034249084246
1.9199034249085651
1.9199034249086493
1.919903424908758
1.9199034249088627
1.919903424908926
1.919903424908964
1.9199034249089932
1.919903424909049
1.9199034249090823
1.9199034249091027
1.9199034249091147
1.9199034249091347
1.919903424909167
1.9199034249091866
1.9199034249091984
1.91990342490921
1.9199034249092215
1.9199034249092284
1.9199034249092326
1.9199034249092397
1.9199034249092437
1.9199034249092468
1.9199034249092484
1.9199034249092517
1.9199034249092546
1.9199034249092557
1.9199034249092568
1.9199034249092575
1.919903424909259
1.9199034249092601
1.9199034249092606
1.919903424909261
1.919903424909261
1.9199034249092617
1.9199034249092621
1.9199034249092621
1.9199034249092626
1.9199034249092628
1.9199034249092628
1.919903424909263
1.919903424909263
1.919903424909263
1.919903424909263
1.919903424909263
1.919903424909263
1.919903424909263
1.919903424909263
1.919903424909263
1.919903424909263
1.919903424909263
1.919903424909263
1.919903424909263
1.919903424909263
1.919903424909263
1.919903424909263
1.919903424909263
1.919903424909263
