1.7557448024321654
1.7557448024321654
1.7557448024321654
1.7557448024321654
1.7557448024321654
1.7557448024321654
1.7557448024321654
1.7557448024321654
1.7557448024321654
1.7557448024321654
1.7557448024321654
1.7557448024321654
1.7557448024321654
1.7557448024321654
1.7557448024321654
1.7557448024321654
1.7557448024321654
1.7557448024321654
1.7557448024321654
1.7557448024321654
1.7557448024321654
1.7557448024321654
1.7557448024321654
1.7557448024321654
1.7557448024321654
1.7557448024321654
1.7557448024321654
1.7557448024321654
1.7557448024321654
1.7557448024321654
1.7557448024321654
1.7557448024321654
1.7557448024321654
1.7557448024321654
1.7557448024321654
1.7557448024321654
1.7557448024321654
1.7557448024321654
1.7557448024321654
1.7557448024321654
1.7557448024321654
1.7557448024321654
1.7557448024321654
1.7557448024321654
1.7557448024321654
1.7557448024321654
1.7557535531396893
1.7557535531396893
1.7557653493880223
1.7557653493880223
1.7557653493880223
1.7557653493880223
1.7557696386049348
1.7557696386049348
1.7557757906114198
1.7557779026903029
1.7557786878812742
1.7557795293518008
1.7557819767983018
1.7557831487658135
1.755784351634241
1.755786452247852
1.755786452247852
1.7557875014967925
1.7557884718929226
1.7557892993610589
1.7557898166689019
1.755790127053798
1.755790313284806
1.7557904250234355
1.7557905503521942
1.7557907105027568
1.7557909595343384
1.755791122537178
1.755791231609345
1.7557913863688683
1.7557915072948524
1.7557915799397414
1.7557916235266806
1.7557916687671737
1.755791732536358
1.7557917707978725
1.755791794044943
1.7557918085608997
1.7557918384124709
1.7557918586482326
1.755791870789689
1.7557918780745634
1.755791882445488
1.7557918880781287
1.75579190007175
1.7557919072679227
1.7557919115856258
1.7557919141762486
1.7557919175776437
1.755791924568223
1.7557919287625705
1.7557919312791792
1.7557919352718927
1.7557919389218326
1.7557919411117977
1.755791942426371
1.7557919443764232
1.7557919455840165
1.7557919463085723
1.7557919467433065
1.755791947004147
1.7557919473958816
1.7557919478353832
1.7557919480990833
1.755791948257304
1.755791948366491
1.7557919485484308
1.7557919486575972
1.755791948723096
1.7557919487623947
1.7557919488157987
1.7557919488562193
1.755791948880472
1.7557919488950222
1.7557919489038665
1.7557919489176004
1.7557919489258498
1.7557919489307998
1.755791948933986
1.7557919489391425
1.755791948942237
1.7557919489440927
1.755791948945209
1.7557919489469367
1.755791948947993
1.7557919489486271
1.7557919489490081
1.7557919489495322
1.7557919489499518
1.755791948950204
1.7557919489503842
1.7557919489506422
1.7557919489507978
1.7557919489508909
1.7557919489509461
1.755791948950982
1.7557919489510496
1.7557919489510903
1.7557919489511156
1.755791948951134
1.7557919489511677
1.7557919489511875
1.7557919489512002
1.7557919489512075
1.7557919489512197
1.755791948951231
1.7557919489512392
1.7557919489512432
1.755791948951245
1.7557919489512468
1.75579194895125
1.7557919489512512
1.755791948951252
1.755791948951253
1.7557919489512532
1.755791948951254
1.7557919489512546
1.755791948951255
1.7557919489512552
1.7557919489512555
1.7557919489512557
1.755791948951256
1.755791948951256
1.755791948951256
1.7557919489512561
1.7557919489512561
1.7557919489512561
1.7557919489512563
1.7557919489512563
1.7557919489512563
1.7557919489512563
1.7557919489512563
1.7557919489512563
1.7557919489512563
1.7557919489512563
1.7557919489512563
1.7557919489512563
1.7557919489512563
1.7557919489512563
1.7557919489512563
1.7557919489512563
1.7557919489512563
1.7557919489512563
1.7557919489512563
