1.7086069113333253
1.7086069113333253
1.7086069113333253
1.7086069113333253
1.7086069113333253
1.7086069113333253
1.7086069113333253
1.7086069113333253
1.7086069113333253
1.7086069113333253
1.7086069113333253
1.7086069113333253
1.7086069113333253
1.7086069113333253
1.7086069113333253
1.7086069113333253
1.7086069113333253
1.7086069113333253
1.7086069113333253
1.7086069113333253
1.7086069113333253
1.7086069113333253
1.7086069113333253
1.7086069113333253
1.7086069113333253
1.7086069113333253
1.7086069113333253
1.7086069113333253
1.7086069113333253
1.7086069113333253
1.7086069113333253
1.7086069113333253
1.7086069113333253
1.7086069113333253
1.7086069113333253
1.7086069113333253
1.7086069113333253
1.7086069113333253
1.7086069113333253
1.7086069113333253
1.7086069113333253
1.7086069113333253
1.7086069113333253
1.7086069113333253
1.7086069113333253
1.7086069113333253
1.7086069113333253
1.7086069113333253
1.7086069113333253
1.7086069113333253
1.7086069113333253
1.7086069113333253
1.7086069113333253
1.7086083775419543
1.7086083775419543
1.7086083775419543
1.7086083775419543
1.7086083775419543
1.7086083775419543
1.7086083775419543
1.7086083775419543
1.7086083775419543
1.7086083775419543
1.7086084817142564
1.7086093643750488
1.7086104351936406
1.7086110776850725
1.7086114631800307
1.7086118282954883
1.7086131607366533
1.7086139944062875
1.7086145249200235
1.7086148129288141
1.708615175157143
1.7086156892597681
1.7086159737245832
1.708616277785684
1.7086165325011766
1.7086167195455617
1.7086168925711893
1.7086168925711893
1.7086169936783477
1.708617044034752
1.708617070484946
1.708617115919995
1.7086171442500722
1.708617161248119
1.7086171836261952
1.7086171836261952
1.7086171964297179
1.708617201234865
1.708617201234865
1.708617201234865
1.70861720279222
1.70861720279222
1.7086172040322123
1.7086172040322123
1.7086172040322123
1.7086172051377595
1.708617205316961
1.708617205316961
1.708617205316961
1.708617205316961
1.708617205316961
1.7086172053793602
1.708617205528561
1.7086172056603128
1.708617205739364
1.7086172059711928
1.7086172061642597
1.708617206386037
1.708617206386037
1.7086172065056038
1.7086172065496643
1.708617206620319
1.708617206637177
1.7086172066509997
1.7086172066796512
1.708617206720299
1.708617206761354
1.7086172067976917
1.7086172068041507
1.7086172068041507
1.7086172068041507
1.708617206814372
1.708617206814372
1.708617206814372
1.708617206814372
1.708617206814372
1.7086172068160774
1.7086172068177619
1.7086172068177619
1.7086172068177619
1.7086172068181806
1.7086172068181806
1.7086172068181806
1.7086172068181806
1.7086172068182854
1.7086172068182854
1.7086172068182854
1.7086172068182854
1.7086172068183023
1.7086172068183023
1.7086172068183023
1.7086172068183023
1.7086172068183023
1.7086172068183023
1.7086172068183023
1.7086172068183023
1.7086172068183023
1.7086172068183023
1.7086172068183023
1.7086172068183023
1.7086172068183023
1.7086172068183023
1.708617206818312
1.708617206818312
1.708617206818312
1.708617206818312
1.708617206818312
1.708617206818317
1.708617206818317
1.708617206818317
1.708617206818317
1.708617206818317
1.708617206818317
1.708617206818317
1.708617206818317
1.708617206818317
1.7086172068183174
1.7086172068183174
1.7086172068183179
1.7086172068183179
1.7086172068183183
1.7086172068183183
1.7086172068183183
1.7086172068183183
1.7086172068183183
1.7086172068183183
1.7086172068183183
1.7086172068183183
1.7086172068183183
1.7086172068183183
1.7086172068183183
1.7086172068183183
1.7086172068183183
1.7086172068183183
1.7086172068183183
1.7086172068183183
