2.0734353865253383
2.0734353865253383
2.0734353865253383
2.0734353865253383
2.0734353865253383
2.0734353865253383
2.0734353865253383
2.0734353865253383
2.0734353865253383
2.0734353865253383
2.0734353865253383
2.0734353865253383
2.0734353865253383
2.0734353865253383
2.0734353865253383
2.0734353865253383
2.0734353865253383
2.0734353865253383
2.0734353865253383
2.0734353865253383
2.0734353865253383
2.0734353865253383
2.0734353865253383
2.0734353865253383
2.0734353865253383
2.0734353865253383
2.0734353865253383
2.0734353865253383
2.0734353865253383
2.0734353865253383
2.0734353865253383
2.0734353865253383
2.0734353865253383
2.0734353865253383
2.0734353865253383
2.0734353865253383
2.0734353865253383
2.0734353865253383
2.0734353865253383
2.0734353865253383
2.0734353865253383
2.0734353865253383
2.0734353865253383
2.0734353865253383
2.07344391430305
2.07344391430305
2.07344391430305
2.073452882039839
2.073452882039839
2.073454520840174
2.073458143501775
2.0734605500976384
2.073462248204801
2.0734632670686115
2.0734667452928335
2.073469338501132
2.073471059491234
2.073471659128259
2.0734723029696935
2.073473377532236
2.073474347146739
2.0734749834126642
2.073475499357124
2.073475809824116
2.073476372016226
2.0734766885560734
2.073476916847246
2.0734770547129027
2.0734771906661758
2.0734773175715357
2.073477415368968
2.0734774781363394
2.0734775137150327
2.0734775983287985
2.0734776433988795
2.0734776794237644
2.0734777021439896
2.0734777221443315
2.073477744261516
2.0734777575087104
2.073477766487189
2.073477776509125
2.073477784138921
2.0734777896639733
2.0734777936876068
2.0734777964627966
2.073477799011467
2.0734778012195894
2.0734778026584815
2.0734778035529127
2.073477804021141
2.0734778047379536
2.0734778051680416
2.0734778055268
2.073477805921895
2.073477806047662
2.073477806127866
2.073477806288604
2.0734778063812107
2.0734778064923756
2.0734778065241604
2.0734778065946666
2.0734778066489348
2.073477806681496
2.073477806706498
2.0734778067215722
2.0734778067314266
2.0734778067398656
2.0734778067489534
2.0734778067585333
2.073477806765483
2.0734778067696524
2.07347780677419
2.0734778067796413
2.0734778067833353
2.073477806785734
2.073477806787222
2.0734778067881154
2.0734778067896777
2.073477806791007
2.073477806791804
2.0734778067922823
2.0734778067927095
2.0734778067934485
2.0734778067938984
2.0734778067941733
2.07347780679446
2.0734778067947377
2.0734778067949047
2.0734778067950046
2.073477806795065
2.0734778067951005
2.073477806795126
2.073477806795151
2.0734778067951662
2.0734778067951756
2.073477806795183
2.0734778067951902
2.0734778067951973
2.0734778067952027
2.0734778067952067
2.0734778067952107
2.0734778067952138
2.0734778067952155
2.0734778067952164
2.073477806795218
2.0734778067952195
2.073477806795221
2.073477806795221
2.0734778067952218
2.0734778067952218
2.073477806795222
2.0734778067952226
2.073477806795223
2.073477806795223
2.073477806795223
2.073477806795224
2.0734778067952244
2.0734778067952244
2.0734778067952244
2.0734778067952244
2.0734778067952244
2.0734778067952244
2.0734778067952244
2.0734778067952244
2.0734778067952244
2.0734778067952244
2.0734778067952244
2.0734778067952244
2.0734778067952244
2.0734778067952244
2.0734778067952244
2.0734778067952244
2.0734778067952244
2.0734778067952244
2.0734778067952244
2.0734778067952244
2.0734778067952244
2.0734778067952244
2.0734778067952244
2.0734778067952244
