1.6672872901973534
1.6672872901973534
1.6672872901973534
1.6672872901973534
1.6672872901973534
1.6672872901973534
1.6672872901973534
1.6672872901973534
1.6672872901973534
1.6672872901973534
1.6672872901973534
1.6672872901973534
1.6672872901973534
1.6672872901973534
1.6672872901973534
1.6672872901973534
1.6672872901973534
1.6672872901973534
1.6672872901973534
1.6672872901973534
1.6672872901973534
1.6672872901973534
1.6672872901973534
1.6672872901973534
1.6672872901973534
1.6672872901973534
1.6672872901973534
1.6672872901973534
1.6672872901973534
1.6672872901973534
1.6672872901973534
1.6672872901973534
1.6672872901973534
1.6672872901973534
1.6672872901973534
1.6672872901973534
1.6672872901973534
1.6672872901973534
1.6672872901973534
1.6672872901973534
1.6672872901973534
1.6672872901973534
1.6672872901973534
1.6672872901973534
1.6672872901973534
1.6672872901973534
1.6672872901973534
1.6672872901973534
1.6672872901973534
1.6672872901973534
1.6672872901973534
1.6672872901973534
1.6672872901973534
1.6672872901973534
1.6672872901973534
1.6672872901973534
1.6672872901973534
1.6672872901973534
1.6672872901973534
1.6672875865260914
1.6672875865260914
1.6672875865260914
1.6672877522315528
1.6672877522315528
1.6672877522315528
1.667287999873779
1.667287999873779
1.667288180651286
1.667288416749513
1.6672888262708183
1.6672888468893445
1.6672892499800196
1.6672893575641043
1.6672896165467588
1.667289646716834
1.6672897877083839
1.6672899507032384
1.6672900498859957
1.6672901482597413
1.6672902651531245
1.667290335289158
1.66729037737078
1.6672904158586943
1.6672904522655165
1.6672904768377985
1.6672904915811675
1.667290500427189
1.6672905121042196
1.667290521678295
1.667290529200196
1.6672905337133364
1.6672905374486358
1.6672905412069439
1.667290543653339
1.6672905454382339
1.667290546509171
1.6672905466976808
1.6672905472479027
1.667290547983807
1.6672905484253497
1.6672905486902752
1.6672905488909837
1.667290549354439
1.6672905496325119
1.66729054987591
1.66729054987591
1.66729054987591
1.6672905499821848
1.6672905499821848
1.6672905499821848
1.6672905499821848
1.6672905499821848
1.6672905499821848
1.6672905499913646
1.6672905500105915
1.6672905500105915
1.667290550011295
1.6672905500193216
1.6672905500241375
1.6672905500248565
1.6672905500269593
1.6672905500281776
1.6672905500305062
1.6672905500325883
1.6672905500333421
1.6672905500339155
1.6672905500345832
1.6672905500348956
1.6672905500356154
1.667290550036017
1.6672905500363289
1.6672905500367552
1.6672905500370394
1.6672905500372508
1.6672905500372508
1.667290550037321
1.6672905500374113
1.6672905500374589
1.6672905500374746
1.6672905500374975
1.6672905500375481
1.6672905500375974
1.6672905500376276
1.6672905500376574
1.6672905500376807
1.6672905500376953
1.6672905500377058
1.6672905500377146
1.6672905500377218
1.6672905500377262
1.6672905500377289
1.6672905500377315
1.6672905500377335
1.6672905500377364
1.6672905500377382
1.667290550037739
1.6672905500377397
1.6672905500377402
1.6672905500377413
1.667290550037742
1.6672905500377422
1.6672905500377426
1.6672905500377426
1.6672905500377428
1.6672905500377428
1.667290550037743
1.667290550037743
1.667290550037743
1.667290550037743
1.667290550037743
1.667290550037743
1.667290550037743
1.667290550037743
1.667290550037743
1.667290550037743
1.667290550037743
1.667290550037743
1.667290550037743
1.667290550037743
1.667290550037743
1.667290550037743
1.667290550037743
1.667290550037743
1.667290550037743
1.667290550037743
1.667290550037743
1.667290550037743
