7.13027485027915
7.13027485027915
7.13027485027915
7.13027485027915
7.13027485027915
7.13027485027915
7.13027485027915
7.13027485027915
7.13027485027915
7.13027485027915
7.13027485027915
7.13027485027915
7.13027485027915
7.13027485027915
7.13027485027915
7.13027485027915
7.13027485027915
7.13027485027915
7.13027485027915
7.13027485027915
7.13027485027915
7.13027485027915
7.13027485027915
7.13027485027915
7.13027485027915
7.13027485027915
7.13027485027915
7.13027485027915
7.13027485027915
7.13027485027915
7.13027485027915
7.13027485027915
7.13027485027915
7.13027485027915
7.13027485027915
7.13027485027915
7.13027485027915
7.13027485027915
7.13027485027915
7.13027485027915
7.13027485027915
7.13027485027915
7.13027485027915
7.13027485027915
7.13027485027915
7.13027485027915
7.13027485027915
7.13027485027915
7.13027485027915
7.13027485027915
7.130530644025577
7.130530644025577
7.130530644025577
7.130530644025577
7.130530644025577
7.130530644025577
7.130530644025577
7.130530644025577
7.130573247237189
7.130618480888672
7.130645621197795
7.130661905425831
7.130661905425831
7.130770768346709
7.130770768346709
7.130770768346709
7.130780682695037
7.130817453738362
7.13084569021329
7.130862707396301
7.130872801239146
7.130880962063231
7.130890607698949
7.130896395083206
7.130900887178557
7.130906153100565
7.130909813805627
7.1309124827781405
7.1309143312228755
7.130915902794523
7.130917625147629
7.130918658559576
7.1309192786067745
7.130919650635105
7.130919873852107
7.130920007782308
7.130920274075942
7.13092088876434
7.1309212716700445
7.130921516405326
7.130921707627071
7.130921935989774
7.1309220732541085
7.130922155612709
7.130922215533235
7.130922312363249
7.130922371017336
7.13092241066562
7.130922442360667
7.130922482117628
7.1309225059717996
7.130922520284307
7.130922535751559
7.130922552234267
7.130922562346976
7.130922568516084
7.130922572966506
7.1309225787569
7.1309225822911415
7.130922584411683
7.130922586272114
7.130922588637607
7.130922590062697
7.130922590937939
7.13092259207472
7.130922593021839
7.130922593590109
7.130922593931073
7.13092259466009
7.13092259509978
7.130922595363593
7.130922595522257
7.130922595648443
7.1309225958439875
7.1309225959613105
7.1309225960317075
7.130922596073943
7.130922596142698
7.1309225961903255
7.130922596218947
7.130922596236122
7.130922596259348
7.130922596279829
7.130922596292119
7.130922596299491
7.130922596303916
7.130922596311051
7.1309225963190395
7.130922596323831
7.130922596326708
7.1309225963289675
7.130922596333265
7.130922596335844
7.130922596337391
7.13092259633938
7.130922596341505
7.130922596342778
7.130922596343543
7.130922596344563
7.1309225963452025
7.130922596345585
7.130922596345818
7.130922596346076
7.130922596346321
7.130922596346467
7.130922596346555
7.13092259634661
7.130922596346711
7.130922596346771
7.130922596346807
7.130922596346831
7.130922596346844
7.1309225963468625
7.130922596346873
7.130922596346883
7.130922596346889
7.1309225963468945
7.130922596346899
7.130922596346902
7.130922596346903
7.130922596346905
7.130922596346909
7.1309225963469105
7.130922596346911
7.130922596346913
7.130922596346917
7.1309225963469185
7.13092259634692
7.130922596346921
7.130922596346925
7.1309225963469265
7.1309225963469265
7.1309225963469265
7.1309225963469265
7.130922596346928
7.130922596346928
7.130922596346928
7.130922596346928
7.130922596346928
7.130922596346928
7.130922596346928
7.130922596346928
7.130922596346928
7.130922596346928
7.130922596346928
7.130922596346928
7.130922596346928
7.130922596346928
7.130922596346928
7.130922596346928
7.130922596346928
7.130922596346928
7.130922596346928
7.130922596346928
