1.4555401081143131
1.4555401081143131
1.4555401081143131
1.4555401081143131
1.4555401081143131
1.4555401081143131
1.4555401081143131
1.4555401081143131
1.4555401081143131
1.4555401081143131
1.4555401081143131
1.4555401081143131
1.4555401081143131
1.4555401081143131
1.4555401081143131
1.4555401081143131
1.4555401081143131
1.4555401081143131
1.4555401081143131
1.4555401081143131
1.4555401081143131
1.4555401081143131
1.4555401081143131
1.4555401081143131
1.4555401081143131
1.4555401081143131
1.4555401081143131
1.4555401081143131
1.4555401081143131
1.4555401081143131
1.4555401081143131
1.4555401081143131
1.4555401081143131
1.4555401081143131
1.4555401081143131
1.4555401081143131
1.4555401081143131
1.4555401081143131
1.4555401081143131
1.4555401081143131
1.4555401081143131
1.4555401081143131
1.4555401081143131
1.4555401081143131
1.4555401081143131
1.4555401081143131
1.4555401081143131
1.4555435573775348
1.4555435573775348
1.4555435573775348
1.4555435573775348
1.4555482660306398
1.4555482660306398
1.4555482660306398
1.4555605405032688
1.4555605405032688
1.4555605405032688
1.4555640519645072
1.4555664019198133
1.4555664019198133
1.4555675864376032
1.4555690355480055
1.455570444336942
1.4555716052086134
1.455572301732138
1.4555730547107602
1.455573598164885
1.4555740280241964
1.4555744262614507
1.4555746756141186
1.4555749857838391
1.4555752295892816
1.4555753758725574
1.4555754748989367
1.4555755810186919
1.455575644690547
1.455575707950064
1.4555757485971
1.4555757811796406
1.455575805408985
1.4555758217811248
1.4555758333663775
1.4555758513489516
1.4555758665446956
1.4555758756621417
1.4555758811326096
1.4555758855158554
1.4555758885077674
1.455575891570116
1.455575893419741
1.4555758948460622
1.4555758958420246
1.455575897292964
1.4555758981635276
1.455575898685866
1.4555758991194077
1.4555758998501018
1.4555759003064639
1.455575900580281
1.4555759007699478
1.4555759010840832
1.4555759012770708
1.4555759013928633
1.4555759014799226
1.455575901580904
1.4555759016446654
1.4555759016829222
1.4555759017058763
1.455575901721591
1.455575901756241
1.4555759017778953
1.455575901790888
1.4555759017986836
1.455575901803361
1.4555759018074172
1.4555759018123393
1.4555759018155217
1.4555759018174315
1.4555759018186454
1.4555759018194887
1.4555759018209156
1.4555759018218142
1.4555759018223529
1.4555759018227497
1.4555759018234684
1.4555759018239134
1.4555759018241805
1.4555759018243404
1.4555759018244367
1.455575901824621
1.4555759018248153
1.4555759018249317
1.4555759018250014
1.4555759018250853
1.4555759018251835
1.455575901825242
1.4555759018252772
1.4555759018252985
1.4555759018253114
1.4555759018253385
1.4555759018253578
1.4555759018253696
1.4555759018253818
1.4555759018253949
1.4555759018254026
1.4555759018254073
1.455575901825416
1.455575901825421
1.4555759018254242
1.455575901825426
1.455575901825427
1.455575901825428
1.4555759018254295
1.4555759018254306
1.4555759018254313
1.4555759018254317
1.4555759018254322
1.4555759018254324
1.4555759018254328
1.4555759018254328
1.4555759018254333
1.4555759018254335
1.4555759018254337
1.455575901825434
1.455575901825434
1.455575901825434
1.455575901825434
1.4555759018254342
1.4555759018254344
1.4555759018254344
1.4555759018254344
1.4555759018254344
1.4555759018254344
1.4555759018254344
1.4555759018254344
1.4555759018254344
1.4555759018254344
1.4555759018254344
1.4555759018254344
1.4555759018254344
1.4555759018254344
1.4555759018254344
1.4555759018254344
