1.039084186615531
1.039084186615531
1.039084186615531
1.039084186615531
1.039084186615531
1.039084186615531
1.039084186615531
1.039084186615531
1.039084186615531
1.039084186615531
1.039084186615531
1.039084186615531
1.039084186615531
1.039084186615531
1.039084186615531
1.039084186615531
1.039084186615531
1.039084186615531
1.039084186615531
1.039084186615531
1.039084186615531
1.039084186615531
1.039084186615531
1.039084186615531
1.039084186615531
1.039084186615531
1.039084186615531
1.039084186615531
1.039084186615531
1.039084186615531
1.039084186615531
1.039084186615531
1.039084186615531
1.039084186615531
1.039084186615531
1.039084186615531
1.039084186615531
1.039084186615531
1.039084186615531
1.039084186615531
1.039084186615531
1.039084186615531
1.039084186615531
1.039084186615531
1.039084186615531
1.039084186615531
1.039084186615531
1.039084186615531
1.039084186615531
1.039084186615531
1.039084186615531
1.039084186615531
1.039084186615531
1.039084186615531
1.039084186615531
1.039084186615531
1.039084186615531
1.039084186615531
1.039084186615531
1.039084186615531
1.039084186615531
1.039084186615531
1.039084186615531
1.039084186615531
1.039084186615531
1.039084186615531
1.039084679229398
1.039084679229398
1.039084679229398
1.039084679229398
1.0390849016243886
1.0390849016243886
1.0390850458412686
1.039085186693079
1.0390853793408326
1.0390853827970337
1.03908541359819
1.0390855002450334
1.0390855377007229
1.0390855377007229
1.0390855582155873
1.0390856139524667
1.0390856618300548
1.0390856898406091
1.0390857147653352
1.0390857464084946
1.0390857464084946
1.0390857537492038
1.0390857602276427
1.0390857638909323
1.0390857665174549
1.0390857681390668
1.0390857695010483
1.0390857812970011
1.0390857902926096
1.0390857956899746
1.0390857995185485
1.039085802398006
1.03908580396689
1.0390858054415673
1.039085805957668
1.0390858067336644
1.039085807211046
1.039085807497475
1.0390858076693323
1.0390858084126202
1.0390858091378066
1.0390858095729183
1.0390858098487774
1.0390858102654363
1.0390858105423801
1.039085810708546
1.0390858108082461
1.0390858109060417
1.0390858110214751
1.039085811090735
1.039085811132291
1.0390858111686248
1.0390858112053039
1.039085811227794
1.0390858112412882
1.0390858112493848
1.0390858112542856
1.039085811265248
1.0390858112724741
1.0390858112768098
1.0390858112794112
1.0390858112809722
1.0390858112819086
1.0390858112825176
1.0390858112851158
1.0390858112867254
1.0390858112876913
1.039085811289151
1.0390858112903183
1.0390858112910188
1.039085811291439
1.0390858112920975
1.0390858112927168
1.0390858112930883
1.0390858112933115
1.0390858112936834
1.0390858112939994
1.039085811294189
1.0390858112943029
1.039085811294371
1.0390858112945456
1.039085811294697
1.0390858112947878
1.0390858112948425
1.0390858112949313
1.0390858112950072
1.039085811295053
1.0390858112950803
1.039085811295122
1.039085811295157
1.0390858112951782
1.0390858112951986
1.039085811295226
1.0390858112952424
1.0390858112952523
1.0390858112952668
1.0390858112952763
1.0390858112952819
1.0390858112952852
1.0390858112952908
1.0390858112952968
1.0390858112953003
1.0390858112953025
1.0390858112953039
1.0390858112953067
1.0390858112953107
1.0390858112953132
1.0390858112953145
1.0390858112953154
1.039085811295316
1.0390858112953174
1.0390858112953183
1.0390858112953187
1.039085811295319
1.0390858112953192
1.0390858112953194
1.0390858112953198
1.03908581129532
1.0390858112953203
1.0390858112953203
1.0390858112953205
1.0390858112953205
1.0390858112953207
1.0390858112953207
1.0390858112953207
1.0390858112953207
1.0390858112953207
