1.8235387508096461
1.8235387508096461
1.8235387508096461
1.8235387508096461
1.8235387508096461
1.8235387508096461
1.8235387508096461
1.8235387508096461
1.8235387508096461
1.8235387508096461
1.8235387508096461
1.8235387508096461
1.8235387508096461
1.8235387508096461
1.8235387508096461
1.8235387508096461
1.8235387508096461
1.8235387508096461
1.8235387508096461
1.8235387508096461
1.8235387508096461
1.8235387508096461
1.8235387508096461
1.8235387508096461
1.8235387508096461
1.8235387508096461
1.8235387508096461
1.8235387508096461
1.8235387508096461
1.8235387508096461
1.8235387508096461
1.8235387508096461
1.8235387508096461
1.8235387508096461
1.8235387508096461
1.8235387508096461
1.8235387508096461
1.8235387508096461
1.8235387508096461
1.8235387508096461
1.8235387508096461
1.8235387508096461
1.8235387508096461
1.8235387508096461
1.8235387508096461
1.8235387508096461
1.8235387508096461
1.8235387508096461
1.8235387508096461
1.8235387508096461
1.8235387508096461
1.8235387508096461
1.8235387508096461
1.8235395118446716
1.8235395118446716
1.8235395118446716
1.8235419051241528
1.8235419051241528
1.8235419051241528
1.8235419051241528
1.82354267533451
1.8235433056061332
1.8235442607614973
1.8235448352043448
1.8235451798701623
1.823545386669693
1.823545935816011
1.8235465450870676
1.8235469385751328
1.823547224654097
1.8235474140843753
1.8235476470860006
1.8235478986880636
1.823548106967966
1.8235482319359193
1.8235483000125874
1.823548413934853
1.8235484717209738
1.8235485244502458
1.8235485604093324
1.8235485913837755
1.8235486238252046
1.8235486432900625
1.823548658989671
1.8235486788009154
1.8235486869751467
1.8235486955089741
1.8235486995438288
1.823548704258588
1.8235487059176292
1.823548708417058
1.8235487102589372
1.8235487111193671
1.8235487111193671
1.8235487125125145
1.8235487126399839
1.823548713012675
1.8235487132069816
1.8235487133814186
1.823548713616197
1.8235487137701198
1.823548714360541
1.8235487148253553
1.8235487148880096
1.823548714962539
1.8235487151182188
1.823548715190266
1.823548715281786
1.8235487153509773
1.8235487153740568
1.8235487154652827
1.8235487155054093
1.8235487155188415
1.8235487155492134
1.8235487155692371
1.8235487155812515
1.82354871560347
1.8235487156190844
1.8235487156294818
1.8235487156431622
1.8235487156524872
1.823548715658337
1.8235487156618462
1.8235487156639523
1.823548715667432
1.8235487156716053
1.823548715674109
1.8235487156756116
1.8235487156765127
1.8235487156770531
1.8235487156775418
1.823548715677981
1.823548715678255
1.8235487156785266
1.8235487156788708
1.8235487156790777
1.8235487156792016
1.8235487156792762
1.8235487156793753
1.8235487156795074
1.8235487156795873
1.823548715679635
1.8235487156796706
1.823548715679714
1.8235487156797405
1.8235487156797563
1.8235487156797692
1.8235487156797827
1.8235487156797934
1.8235487156797998
1.823548715679804
1.8235487156798076
1.8235487156798107
1.8235487156798122
1.8235487156798138
1.8235487156798145
1.8235487156798156
1.823548715679817
1.8235487156798174
1.8235487156798176
1.8235487156798178
1.8235487156798182
1.8235487156798182
1.8235487156798185
1.8235487156798187
1.8235487156798187
1.8235487156798187
1.823548715679819
1.823548715679819
1.8235487156798191
1.8235487156798191
1.8235487156798194
1.8235487156798196
1.8235487156798196
1.8235487156798196
1.8235487156798196
1.8235487156798196
1.8235487156798196
1.8235487156798196
1.8235487156798196
1.8235487156798196
1.8235487156798196
1.8235487156798196
1.8235487156798196
