1.9775496465934144
1.9775496465934144
1.9775496465934144
1.9775496465934144
1.9775496465934144
1.9775496465934144
1.9775496465934144
1.9775496465934144
1.9775496465934144
1.9775496465934144
1.9775496465934144
1.9775496465934144
1.9775496465934144
1.9775496465934144
1.9775496465934144
1.9775496465934144
1.9775496465934144
1.9775496465934144
1.9775496465934144
1.9775496465934144
1.9775496465934144
1.9775496465934144
1.9775496465934144
1.9775496465934144
1.9775496465934144
1.9775496465934144
1.9775496465934144
1.9775496465934144
1.9775496465934144
1.9775496465934144
1.9775496465934144
1.9775496465934144
1.9775496465934144
1.9775496465934144
1.9775496465934144
1.9775496465934144
1.9775496465934144
1.9775496465934144
1.9775496465934144
1.9775496465934144
1.9775496465934144
1.9775496465934144
1.9775496465934144
1.9775496465934144
1.9775496465934144
1.9775496465934144
1.9775496465934144
1.9776281916266567
1.9776281916266567
1.9776281916266567
1.9776281916266567
1.9776281916266567
1.977636702741778
1.9776490905919353
1.9776490905919353
1.9776521311859023
1.9776587613408192
1.9776598359096231
1.9776631351402334
1.977666104152383
1.9776678855591174
1.9776690615663555
1.977670060437148
1.977671205683531
1.9776721145554919
1.9776729588445072
1.9776734797298345
1.9776741122644041
1.9776745092979156
1.9776747475176553
1.9776749723295177
1.977675354434757
1.9776756377252815
1.9776758076994658
1.977676002045848
1.9776761521357442
1.9776761521357442
1.9776762314036214
1.977676287075752
1.9776763125365302
1.9776763357101794
1.9776763496143688
1.9776763779472861
1.9776764049741185
1.977676413811692
1.9776764338982735
1.9776764454178357
1.977676455810544
1.9776764654707175
1.9776764741835473
1.9776764793006627
1.9776764793006627
1.9776764816163568
1.9776764841166246
1.9776764841765642
1.977676484267951
1.977676484360532
1.977676485510469
1.9776764862706615
1.9776764869075087
1.9776764873633177
1.9776764873633177
1.9776764873928698
1.9776764876851474
1.977676487818907
1.977676487818907
1.9776764879003907
1.9776764879528412
1.9776764879926814
1.9776764879926814
1.9776764880068698
1.9776764880093065
1.977676488019413
1.977676488019413
1.977676488019413
1.9776764880234974
1.9776764880288804
1.9776764880326994
1.9776764880378177
1.977676488043696
1.9776764880468813
1.9776764880488926
1.9776764880510884
1.9776764880520914
1.9776764880536832
1.9776764880546682
1.9776764880559297
1.977676488056954
1.9776764880580953
1.97767648805878
1.9776764880594153
1.9776764880603415
1.9776764880608815
1.9776764880611852
1.977676488061406
1.9776764880615847
1.9776764880616813
1.977676488061765
1.9776764880617976
1.9776764880618434
1.977676488061877
1.977676488061879
1.9776764880618907
1.9776764880618978
1.9776764880618984
1.977676488061904
1.9776764880619049
1.9776764880619082
1.977676488061909
1.977676488061914
1.9776764880619149
1.9776764880619166
1.977676488061918
1.9776764880619193
1.977676488061921
1.9776764880619224
1.9776764880619224
1.9776764880619224
1.9776764880619226
1.9776764880619233
1.9776764880619235
1.9776764880619235
1.9776764880619235
1.9776764880619238
1.9776764880619238
1.977676488061924
1.9776764880619242
1.9776764880619242
1.9776764880619242
1.9776764880619242
1.9776764880619242
1.9776764880619242
1.9776764880619242
1.9776764880619242
1.9776764880619242
1.9776764880619242
1.9776764880619242
1.9776764880619242
1.9776764880619242
1.9776764880619242
1.9776764880619242
1.9776764880619242
1.9776764880619242
1.9776764880619242
1.9776764880619242
1.9776764880619242
1.9776764880619242
