1.9238776573786351
1.9238776573786351
1.9238776573786351
1.9238776573786351
1.9238776573786351
1.9238776573786351
1.9238776573786351
1.9238776573786351
1.9238776573786351
1.9238776573786351
1.9238776573786351
1.9238776573786351
1.9238776573786351
1.9238776573786351
1.9238776573786351
1.9238776573786351
1.9238776573786351
1.9238776573786351
1.9238776573786351
1.9238776573786351
1.9238776573786351
1.9238776573786351
1.9238776573786351
1.9238776573786351
1.9238776573786351
1.9238776573786351
1.9238776573786351
1.9238776573786351
1.9238776573786351
1.9238776573786351
1.9238776573786351
1.9238776573786351
1.9238776573786351
1.9238776573786351
1.9238776573786351
1.9238776573786351
1.9238776573786351
1.9238776573786351
1.9238776573786351
1.9238776573786351
1.9238776573786351
1.9238776573786351
1.9238776573786351
1.9238776573786351
1.9238776573786351
1.9238776573786351
1.9238776573786351
1.9238776573786351
1.9238776573786351
1.9238776573786351
1.9238776573786351
1.9238776573786351
1.9238776573786351
1.923877961698064
1.923877961698064
1.923877961698064
1.923877961698064
1.9238791057486462
1.9238792395087374
1.9238797266412944
1.9238805418961118
1.9238807672468825
1.9238811657035668
1.9238816303840298
1.923881719449335
1.923882278571516
1.9238827819857849
1.9238830840344086
1.9238833296824156
1.923883780913883
1.923884027585709
1.9238843534330816
1.9238846186338308
1.9238847315548466
1.923884973449972
1.923885118587053
1.923885230368164
1.923885262708142
1.9238853841487602
1.9238854714528015
1.9238855238352262
1.9238855896055784
1.9238856234430077
1.9238856475621564
1.9238856659834813
1.9238856659834813
1.9238856714066233
1.9238856730850968
1.9238856838889198
1.923885687174243
1.923885689145437
1.9238856916418583
1.9238856958416695
1.9238857020757139
1.9238857059222207
1.923885708230125
1.9238857096148676
1.9238857138873984
1.9238857173352428
1.9238857194039491
1.9238857206451734
1.9238857213899072
1.9238857218367482
1.9238857221048524
1.9238857226369424
1.92388572348192
1.9238857239889062
1.9238857242930985
1.9238857246907832
1.923885725091256
1.9238857253315396
1.9238857254757102
1.9238857255622126
1.9238857256141135
1.923885725645922
1.9238857257240924
1.9238857257822206
1.923885725817098
1.9238857258380242
1.92388572585058
1.9238857258623767
1.9238857259070512
1.9238857259338562
1.923885725949939
1.9238857259595887
1.9238857259653783
1.9238857259879154
1.9238857260045648
1.9238857260145557
1.9238857260205495
1.9238857260309983
1.9238857260428763
1.9238857260500026
1.923885726054279
1.9238857260571103
1.9238857260609583
1.923885726063267
1.9238857260646527
1.9238857260654834
1.9238857260666085
1.923885726067684
1.9238857260683295
1.9238857260687448
1.9238857260693227
1.9238857260696698
1.9238857260698776
1.9238857260700868
1.9238857260702975
1.9238857260704232
1.923885726070499
1.9238857260705602
1.9238857260706164
1.9238857260706503
1.9238857260706703
1.9238857260706825
1.9238857260707
1.9238857260707116
1.9238857260707187
1.9238857260707227
1.9238857260707256
1.9238857260707312
1.9238857260707356
1.9238857260707374
1.9238857260707387
1.9238857260707423
1.9238857260707445
1.9238857260707463
1.9238857260707474
1.923885726070748
1.923885726070749
1.9238857260707498
1.92388572607075
1.9238857260707505
1.9238857260707507
1.923885726070751
1.923885726070751
1.923885726070751
1.923885726070751
1.923885726070751
1.923885726070751
1.923885726070751
1.923885726070751
1.923885726070751
1.923885726070751
1.923885726070751
1.923885726070751
1.923885726070751
1.923885726070751
