2.989926889489842
2.989926889489842
2.989926889489842
2.989926889489842
2.989926889489842
2.989926889489842
2.989926889489842
2.989926889489842
2.989926889489842
2.989926889489842
2.989926889489842
2.989926889489842
2.989926889489842
2.989926889489842
2.989926889489842
2.989926889489842
2.989926889489842
2.989926889489842
2.989926889489842
2.989926889489842
2.989926889489842
2.989926889489842
2.989926889489842
2.989926889489842
2.989926889489842
2.989926889489842
2.989926889489842
2.989926889489842
2.989926889489842
2.989926889489842
2.989926889489842
2.989926889489842
2.989926889489842
2.989926889489842
2.989926889489842
2.989926889489842
2.989926889489842
2.989926889489842
2.989926889489842
2.989926889489842
2.989926889489842
2.989926889489842
2.989926889489842
2.989926889489842
2.989926889489842
2.989926889489842
2.989926889489842
2.989926889489842
2.9899392455873968
2.9899392455873968
2.9899392455873968
2.9899392455873968
2.9899407778475418
2.9899407778475418
2.9899410001710898
2.9899410001710898
2.9899422024955085
2.9899437908618323
2.9899448058576166
2.9899455059740356
2.98994657934535
2.9899480611715594
2.989949308403942
2.9899501969935094
2.9899507201052247
2.9899510781982195
2.9899515251682587
2.989951719280087
2.989952056247378
2.9899521734209173
2.9899522947088712
2.989952398006112
2.989952544304686
2.989952649440213
2.9899527125215286
2.989952759829701
2.989952788034132
2.9899528108146898
2.9899528244830242
2.9899528326840255
2.9899528453440816
2.9899528533154864
2.9899528580983294
2.9899528609680357
2.9899529036274624
2.9899529248559507
2.989952929538392
2.989952929538392
2.989952939757152
2.989952945182679
2.9899529466609125
2.9899529499126523
2.9899529501904563
2.989952952979971
2.989952957577464
2.9899529588910077
2.989952960865126
2.989952961125043
2.9899529629416657
2.9899529646638108
2.9899529656403954
2.9899529662439654
2.989952967405666
2.9899529680907597
2.9899529686831916
2.989952969089608
2.9899529692619136
2.9899529693958713
2.989952969476247
2.9899529695406937
2.9899529697120757
2.9899529698257217
2.9899529699015903
2.9899529699509757
2.989952970052798
2.9899529701173138
2.9899529701560246
2.9899529701792495
2.989952970207214
2.989952970257809
2.9899529702830305
2.989952970301832
2.9899529703167214
2.9899529703399756
2.989952970352551
2.9899529703600947
2.9899529703646213
2.9899529703682064
2.9899529703743224
2.989952970378448
2.9899529703809304
2.9899529703822756
2.9899529703831096
2.9899529703847425
2.989952970386021
2.9899529703868515
2.9899529703875998
2.9899529703885426
2.9899529703889365
2.9899529703894276
2.989952970389581
2.989952970389701
2.9899529703899854
2.9899529703901675
2.9899529703903
2.9899529703904038
2.989952970390468
2.9899529703905587
2.9899529703906125
2.989952970390645
2.9899529703906658
2.989952970390691
2.9899529703907124
2.9899529703907257
2.9899529703907346
2.9899529703907426
2.9899529703907537
2.989952970390761
2.9899529703907652
2.9899529703907697
2.9899529703907746
2.9899529703907763
2.989952970390778
2.989952970390781
2.9899529703907826
2.989952970390784
2.989952970390784
2.989952970390785
2.989952970390785
2.989952970390785
2.989952970390785
2.989952970390785
2.989952970390785
2.989952970390785
2.989952970390785
2.989952970390785
2.989952970390785
2.989952970390785
2.989952970390785
2.989952970390785
2.989952970390785
2.989952970390785
2.989952970390785
2.989952970390785
2.989952970390785
2.989952970390785
2.989952970390785
2.989952970390785
