2.2322221590394298
2.2322221590394298
2.2322221590394298
2.2322221590394298
2.2322221590394298
2.2322221590394298
2.2322221590394298
2.2322221590394298
2.2322221590394298
2.2322221590394298
2.2322221590394298
2.2322221590394298
2.2322221590394298
2.2322221590394298
2.2322221590394298
2.2322221590394298
2.2322221590394298
2.2322221590394298
2.2322221590394298
2.2322221590394298
2.2322221590394298
2.2322221590394298
2.2322221590394298
2.2322221590394298
2.2322221590394298
2.2322221590394298
2.235668769608375
2.235668769608375
2.235668769608375
2.235668769608375
2.235668769608375
2.235668769608375
2.235668769608375
2.235668769608375
2.235668769608375
2.235668769608375
2.235668769608375
2.235668769608375
2.235668769608375
2.235668769608375
2.235668769608375
2.235668769608375
2.235668769608375
2.235668769608375
2.235668769608375
2.235668769608375
2.235668769608375
2.235668769608375
2.235668769608375
2.235668769608375
2.2356704302213224
2.2356704302213224
2.2356704302213224
2.2356704302213224
2.2356744212775577
2.2356744212775577
2.2356744212775577
2.2356744212775577
2.2356744212775577
2.235675346851511
2.2356766433497337
2.235678865829064
2.2356796684596962
2.2356801500380343
2.235680818258872
2.2356817267564457
2.2356825494818877
2.235683489345193
2.2356838735502333
2.2356840834498812
2.2356843941940863
2.235684775420121
2.2356850420684085
2.23568522590551
2.235685382547204
2.2356855956225417
2.2356857532463503
2.2356858478206307
2.235685933832944
2.235686054954952
2.235686116412188
2.23568616830025
2.2356861971470794
2.235686238188591
2.2356862677694798
2.235686285518012
2.2356862961671315
2.235686309691171
2.235686333654104
2.2356863480318645
2.2356863566585203
2.2356863642689824
2.235686372488234
2.2356863777626645
2.2356863817326937
2.2356863860262823
2.2356863888539533
2.2356863905505557
2.235686391568518
2.235686392383789
2.235686392966947
2.235686393341299
2.235686393847755
2.2356863941516294
2.2356863943474172
2.235686394500615
2.235686394500615
2.2356863946161014
2.2356863946210717
2.2356863946381633
2.235686394662924
2.235686394678366
2.235686394687631
2.2356863946931895
2.2356863946973866
2.235686394704208
2.23568639471137
2.2356863947166414
2.2356863947216064
2.235686394724586
2.2356863947263728
2.2356863947285395
2.2356863947319034
2.235686394733923
2.2356863947353682
2.235686394736691
2.2356863947374848
2.235686394738337
2.2356863947389147
2.235686394739263
2.2356863947395427
2.235686394739776
2.2356863947400014
2.2356863947401675
2.2356863947402665
2.2356863947404246
2.235686394740521
2.2356863947405787
2.2356863947406134
2.235686394740634
2.2356863947406587
2.2356863947406915
2.2356863947407133
2.2356863947407266
2.2356863947407337
2.2356863947407457
2.2356863947407564
2.235686394740763
2.235686394740767
2.2356863947407692
2.2356863947407706
2.2356863947407737
2.2356863947407764
2.235686394740778
2.2356863947407786
2.235686394740779
2.2356863947407795
2.23568639474078
2.23568639474078
2.23568639474078
2.23568639474078
2.23568639474078
2.23568639474078
2.23568639474078
2.23568639474078
2.23568639474078
2.23568639474078
2.23568639474078
2.23568639474078
2.23568639474078
2.23568639474078
2.23568639474078
2.23568639474078
2.23568639474078
2.23568639474078
2.23568639474078
2.23568639474078
2.23568639474078
2.23568639474078
2.23568639474078
2.23568639474078
2.23568639474078
2.23568639474078
2.23568639474078
2.23568639474078
2.23568639474078
2.23568639474078
2.23568639474078
2.23568639474078
