1.8561347236703993
1.8561347236703993
1.8561347236703993
1.8561347236703993
1.8561347236703993
1.8561347236703993
1.8561347236703993
1.8561347236703993
1.8561347236703993
1.8561347236703993
1.8561347236703993
1.8561347236703993
1.8561347236703993
1.8561347236703993
1.8561347236703993
1.8561347236703993
1.8561347236703993
1.8561347236703993
1.8561347236703993
1.8561347236703993
1.8561347236703993
1.8561347236703993
1.8561347236703993
1.8561347236703993
1.8561347236703993
1.8561347236703993
1.8561347236703993
1.8561347236703993
1.8561347236703993
1.8561347236703993
1.8561347236703993
1.8561347236703993
1.8561347236703993
1.8561347236703993
1.8561347236703993
1.8561347236703993
1.8561347236703993
1.8561347236703993
1.8561347236703993
1.8561347236703993
1.8561347236703993
1.8561347236703993
1.8561347236703993
1.8561347236703993
1.8561347236703993
1.8561347236703993
1.8561347236703993
1.8561347236703993
1.8561347236703993
1.8561347236703993
1.8561347236703993
1.8561347236703993
1.8561481168001008
1.8561481168001008
1.8561481168001008
1.8561481168001008
1.8561481168001008
1.856148697871321
1.8561495142347348
1.856150004051637
1.856150297941363
1.8561504742750508
1.8561505800752105
1.8561506435552866
1.856150681643325
1.856155802460758
1.856155802460758
1.8561576430632438
1.8561594417646128
1.8561610028385434
1.8561621337416467
1.8561633032466298
1.8561648242603863
1.8561659966090323
1.8561661425255298
1.856166606362654
1.856166688771867
1.8561671422592565
1.8561673329492032
1.8561675637325838
1.856167742692056
1.856167865175906
1.8561679670966262
1.856168030675767
1.8561680713286886
1.8561681268907038
1.85616816887567
1.8561682054673954
1.8561682356584877
1.856168269963459
1.8561682975567961
1.8561683297248135
1.8561683297248135
1.8561683339572335
1.8561683509234712
1.856168363883039
1.856168363883039
1.856168369337456
1.8561683741630708
1.8561683759499608
1.8561683772044046
1.8561683779570712
1.8561683793561825
1.8561683802145925
1.8561683836399483
1.856168385967862
1.8561683873646102
1.8561683886572269
1.8561683904714814
1.856168391560034
1.8561683922265022
1.8561683927046075
1.8561683929914705
1.8561683932516244
1.8561683935141466
1.85616839370057
1.8561683938473441
1.8561683940145897
1.8561683941379215
1.8561683942146807
1.8561683942705949
1.8561683943333516
1.8561683943333516
1.8561683943333516
1.8561683943573324
1.8561683943643765
1.8561683943689486
1.8561683943716925
1.856168394373573
1.8561683943756149
1.856168394377602
1.856168394381586
1.8561683943856022
1.8561683943882392
1.8561683943898224
1.8561683943907712
1.8561683943913407
1.8561683943933942
1.8561683943949445
1.856168394395927
1.8561683943966412
1.856168394397266
1.8561683943977034
1.8561683943980085
1.8561683943981901
1.856168394398323
1.8561683943984644
1.8561683943985552
1.856168394398614
1.8561683943986933
1.856168394398754
1.8561683943987919
1.856168394398819
1.8561683943988363
1.8561683943988583
1.8561683943988714
1.8561683943988796
1.8561683943988885
1.8561683943988947
1.8561683943989
1.8561683943989047
1.8561683943989078
1.8561683943989102
1.8561683943989113
1.8561683943989131
1.8561683943989138
1.856168394398914
1.856168394398914
1.856168394398914
1.856168394398914
1.856168394398914
1.856168394398914
1.856168394398914
1.856168394398914
1.856168394398914
1.856168394398914
1.856168394398914
1.856168394398914
1.856168394398914
1.856168394398914
1.856168394398914
1.856168394398914
1.856168394398914
1.856168394398914
1.856168394398914
1.856168394398914
1.856168394398914
1.856168394398914
1.856168394398914
1.856168394398914
1.856168394398914
1.856168394398914
1.856168394398914
1.856168394398914
1.856168394398914
