1.5712064964792425
1.5712064964792425
1.5712064964792425
1.5712064964792425
1.5712064964792425
1.5712064964792425
1.5712064964792425
1.5712064964792425
1.5712064964792425
1.5712064964792425
1.5712064964792425
1.5712064964792425
1.5712064964792425
1.5712064964792425
1.5712064964792425
1.5712064964792425
1.5712064964792425
1.5712064964792425
1.5712064964792425
1.5712064964792425
1.5712064964792425
1.5712064964792425
1.5712064964792425
1.5712064964792425
1.5712064964792425
1.5712064964792425
1.5712064964792425
1.5712064964792425
1.5712064964792425
1.5712064964792425
1.5712064964792425
1.5712064964792425
1.5712064964792425
1.5712064964792425
1.5712064964792425
1.5712064964792425
1.5712064964792425
1.5712064964792425
1.5712064964792425
1.5712064964792425
1.5712064964792425
1.5712064964792425
1.5712064964792425
1.5712064964792425
1.5712064964792425
1.5712064964792425
1.5712064964792425
1.5712064964792425
1.5712064964792425
1.5712064964792425
1.5712064964792425
1.5712064964792425
1.5712064964792425
1.5712064964792425
1.5712064964792425
1.57120978676705
1.57120978676705
1.57120978676705
1.57120978676705
1.57120978676705
1.5712114756292628
1.5712119440864882
1.5712143628100403
1.5712158140461097
1.5712168149333225
1.5712177807431804
1.5712191658923884
1.5712199975880214
1.5712205922722773
1.57122125464065
1.5712216520619104
1.571222094286433
1.5712225583209
1.5712232745954933
1.571223587391178
1.5712240526398544
1.571224354627635
1.5712245247294276
1.5712245247294276
1.5712247322340935
1.5712248138917007
1.571224835957699
1.5712249040325543
1.5712249040325543
1.5712249611155606
1.571225010523196
1.5712250423295862
1.5712250629851692
1.5712250802490648
1.5712251014041616
1.5712251183978105
1.5712251221503204
1.5712251269821804
1.5712251310364924
1.5712251403451203
1.5712251459302975
1.5712251510385737
1.5712251542786508
1.571225157280373
1.571225157280373
1.5712251589865451
1.5712251595023927
1.571225160240147
1.571225160240147
1.5712251604847776
1.5712251607346168
1.5712251608845205
1.5712251610921084
1.5712251612114512
1.5712251613787431
1.5712251613787431
1.571225161463858
1.5712251615218942
1.5712251615801813
1.5712251616230497
1.5712251616252804
1.5712251616578095
1.5712251616714006
1.5712251616819026
1.5712251617005186
1.5712251617116888
1.571225161718391
1.5712251617224118
1.5712251617274062
1.5712251617353277
1.571225161740081
1.571225161743821
1.571225161749584
1.571225161754053
1.5712251617567343
1.5712251617585988
1.5712251617599076
1.5712251617607838
1.571225161761812
1.5712251617624295
1.5712251617627995
1.5712251617630217
1.5712251617631556
1.571225161763461
1.571225161763801
1.571225161764004
1.5712251617641757
1.5712251617644397
1.5712251617645983
1.571225161764693
1.5712251617647504
1.5712251617648536
1.5712251617649342
1.5712251617649824
1.5712251617650141
1.5712251617650679
1.5712251617651005
1.57122516176512
1.5712251617651316
1.57122516176515
1.571225161765166
1.571225161765176
1.5712251617651851
1.5712251617651956
1.5712251617652018
1.5712251617652058
1.571225161765208
1.5712251617652104
1.5712251617652135
1.5712251617652153
1.5712251617652162
1.571225161765217
1.571225161765218
1.5712251617652184
1.5712251617652189
1.5712251617652193
1.5712251617652193
1.5712251617652193
1.5712251617652193
1.5712251617652193
1.5712251617652193
1.5712251617652193
1.5712251617652193
1.5712251617652193
1.5712251617652193
1.5712251617652193
1.5712251617652193
1.5712251617652193
1.5712251617652193
1.5712251617652193
1.5712251617652193
1.5712251617652193
1.5712251617652193
1.5712251617652193
1.5712251617652193
