2.748191872116833
2.748191872116833
2.748191872116833
2.748191872116833
2.748191872116833
2.748191872116833
2.748191872116833
2.748191872116833
2.748191872116833
2.748191872116833
2.748191872116833
2.748191872116833
2.748191872116833
2.748191872116833
2.748191872116833
2.748191872116833
2.748191872116833
2.748191872116833
2.748191872116833
2.748191872116833
2.748191872116833
2.748191872116833
2.748191872116833
2.748191872116833
2.748191872116833
2.748191872116833
2.748191872116833
2.748191872116833
2.748191872116833
2.748191872116833
2.748191872116833
2.748191872116833
2.748191872116833
2.748191872116833
2.748191872116833
2.748191872116833
2.748191872116833
2.748191872116833
2.748191872116833
2.748191872116833
2.748191872116833
2.748191872116833
2.748191872116833
2.748191872116833
2.748191872116833
2.748191872116833
2.748191872116833
2.748191872116833
2.748191872116833
2.748191872116833
2.748211824255214
2.748211824255214
2.748211824255214
2.748211824255214
2.7482166183559475
2.7482166183559475
2.7482166183559475
2.7482166183559475
2.748217789577283
2.748219517789272
2.748224489343351
2.7482274722761773
2.7482301430123877
2.7482351982159963
2.7482382313384086
2.7482400512119454
2.7482414900694208
2.748243389009347
2.7482455358182363
2.7482466237775256
2.748247276553088
2.7482484490452106
2.748249297792458
2.7482499897976433
2.748250318436969
2.7482507722381033
2.748251229420351
2.748251508299988
2.7482517132865425
2.7482518389758193
2.7482519307765174
2.748251985856935
2.7482521506189648
2.7482521552455275
2.748252158021465
2.7482522148791513
2.748252255444778
2.7482522853600506
2.7482523032376105
2.748252320817537
2.748252331365492
2.748252347136962
2.748252347136962
2.7482523482126564
2.748252351839853
2.748252354418127
2.7482523564813026
2.7482523581424796
2.7482523632812383
2.748252365142427
2.7482523668794223
2.748252367278702
2.7482523674968906
2.7482523685374654
2.7482523688725857
2.7482523694763477
2.748252369724332
2.748252370064506
2.7482523702721466
2.7482523704850395
2.7482523707103304
2.7482523708617332
2.748252370975086
2.748252371099091
2.748252371161085
2.7482523712076987
2.7482523712303344
2.748252371251742
2.748252371262272
2.748252371288367
2.748252371305582
2.748252371323498
2.7482523713325455
2.748252371345276
2.748252371350698
2.748252371355398
2.7482523713586207
2.748252371361507
2.748252371362773
2.748252371363496
2.74825237136736
2.74825237137008
2.748252371371712
2.748252371374039
2.748252371375654
2.748252371376623
2.7482523713772316
2.748252371377619
2.748252371378116
2.748252371378395
2.748252371378397
2.748252371378544
2.748252371378632
2.74825237137868
2.7482523713787588
2.7482523713788063
2.7482523713788742
2.7482523713790066
2.748252371379087
2.748252371379135
2.748252371379135
2.7482523713791687
2.7482523713792038
2.7482523713792246
2.748252371379245
2.7482523713792513
2.7482523713792633
2.748252371379274
2.748252371379285
2.7482523713792917
2.7482523713792957
2.7482523713792997
2.748252371379306
2.748252371379309
2.7482523713793103
2.748252371379312
2.7482523713793143
2.748252371379315
2.748252371379316
2.748252371379316
2.7482523713793174
2.7482523713793183
2.7482523713793183
2.7482523713793183
2.7482523713793183
2.7482523713793183
2.7482523713793183
2.7482523713793183
2.7482523713793183
2.7482523713793183
2.7482523713793183
2.7482523713793183
2.7482523713793183
2.7482523713793183
2.7482523713793183
2.7482523713793183
2.7482523713793183
2.7482523713793183
2.7482523713793183
2.7482523713793183
2.7482523713793183
