1.3898536586396748
1.3898536586396748
1.3898536586396748
1.3898536586396748
1.3898536586396748
1.3898536586396748
1.3898536586396748
1.3898536586396748
1.3898536586396748
1.3898536586396748
1.3898536586396748
1.3898536586396748
1.3898536586396748
1.3898536586396748
1.3898536586396748
1.3898536586396748
1.3898536586396748
1.3898536586396748
1.3898536586396748
1.3898536586396748
1.3898536586396748
1.3898536586396748
1.3898536586396748
1.3898536586396748
1.3898536586396748
1.3898536586396748
1.3898536586396748
1.3898536586396748
1.3898536586396748
1.3898536586396748
1.3898536586396748
1.3898536586396748
1.3898536586396748
1.3898536586396748
1.3898536586396748
1.3898536586396748
1.3898536586396748
1.3898536586396748
1.3898536586396748
1.3898536586396748
1.3898536586396748
1.3898536586396748
1.3898536586396748
1.3898536586396748
1.3898536586396748
1.3898536586396748
1.3898536586396748
1.3898536586396748
1.3898536586396748
1.3898536586396748
1.3898553037412849
1.3898553037412849
1.3898553037412849
1.3898566115111592
1.3898566115111592
1.3898566115111592
1.3898574592778512
1.3898576091259842
1.3898576091259842
1.3898576274035983
1.389858033436427
1.3898588814604942
1.3898588814604942
1.389859372508301
1.3898596498434275
1.3898600123939888
1.389860229924319
1.3898603604425146
1.3898604387534308
1.3898604857399801
1.3898605139319098
1.3898606003007785
1.3898606547013386
1.389860717499523
1.389860717499523
1.389860717499523
1.389860745082542
1.389860745082542
1.3898607565759098
1.3898607579635067
1.3898607643095264
1.3898607701476424
1.3898607775425629
1.3898607775425629
1.389860778665871
1.38986078459722
1.389860785391598
1.3898607872525135
1.389860787717528
1.3898607893130122
1.389860790223867
1.3898607920647439
1.3898607920647439
1.3898607921051405
1.389860793144255
1.3898607932551954
1.3898607935502174
1.3898607937440415
1.3898607939752812
1.3898607941833487
1.3898607942502659
1.3898607943640984
1.3898607943640984
1.3898607944488381
1.3898607944801782
1.3898607945045693
1.3898607945327488
1.3898607945656778
1.3898607945947727
1.3898607946130108
1.3898607946195494
1.3898607946258321
1.3898607946406512
1.3898607946435206
1.389860794644456
1.3898607946456702
1.3898607946492283
1.3898607946522614
1.3898607946545394
1.3898607946560533
1.3898607946577979
1.3898607946599104
1.3898607946599104
1.389860794660905
1.3898607946613015
1.3898607946616628
1.389860794661933
1.3898607946620916
1.389860794662195
1.389860794662255
1.3898607946622992
1.3898607946623498
1.3898607946623949
1.3898607946624257
1.389860794662488
1.3898607946625048
1.3898607946625334
1.3898607946625539
1.3898607946625763
1.3898607946625894
1.3898607946626012
1.3898607946626083
1.3898607946626165
1.3898607946626247
1.3898607946626271
1.389860794662632
1.3898607946626333
1.3898607946626365
1.389860794662638
1.3898607946626393
1.3898607946626402
1.3898607946626411
1.389860794662642
1.3898607946626425
1.389860794662643
1.389860794662643
1.389860794662643
1.389860794662643
1.389860794662643
1.389860794662643
1.389860794662643
1.389860794662643
1.389860794662643
1.389860794662643
1.389860794662643
1.389860794662643
1.389860794662643
1.389860794662643
1.389860794662643
1.389860794662643
1.389860794662643
1.389860794662643
1.389860794662643
1.389860794662643
1.389860794662643
1.389860794662643
1.389860794662643
1.389860794662643
