2.3008744796472085
2.3008744796472085
2.3008744796472085
2.3008744796472085
2.3008744796472085
2.3008744796472085
2.3008744796472085
2.3008744796472085
2.3008744796472085
2.3008744796472085
2.3008744796472085
2.3008744796472085
2.3008744796472085
2.3008744796472085
2.3008744796472085
2.3008744796472085
2.3008744796472085
2.3008744796472085
2.3008744796472085
2.3008744796472085
2.3008744796472085
2.3008744796472085
2.3008744796472085
2.3008744796472085
2.3008744796472085
2.3008744796472085
2.3008744796472085
2.3008744796472085
2.3008744796472085
2.301563146759212
2.301563146759212
2.301563146759212
2.301563146759212
2.301563146759212
2.301563146759212
2.301563146759212
2.301563146759212
2.301563146759212
2.301563146759212
2.301563146759212
2.301563146759212
2.301563146759212
2.301563146759212
2.301563146759212
2.301563146759212
2.301563146759212
2.3015659231214634
2.3015681881144374
2.3015695470824813
2.3015703624533206
2.3015708516722286
2.3015711452022796
2.301571321319844
2.3015745282581
2.3015745282581
2.3015751671580995
2.301575565617948
2.301576117432701
2.301576494703702
2.3015771890657932
2.3015774573985404
2.301577850887317
2.301578104519946
2.3015782566995227
2.301578423480682
2.3015786210523252
2.3015787423665817
2.301578792950818
2.301578831744231
2.301578855020278
2.301578888742397
2.3015789328311516
2.30157896335947
2.301578995149754
2.3015790184109934
2.301579025751855
2.3015790453570126
2.3015790453570126
2.3015790474813738
2.3015790520976123
2.301579054867355
2.301579056529201
2.3015790595932724
2.301579063134395
2.301579065914939
2.301579067888539
2.3015790690726994
2.301579070072273
2.3015790709536867
2.3015790723283818
2.3015790725672187
2.301579072710521
2.3015790728811254
2.30157907314743
2.301579073387841
2.301579073561386
2.3015790736655144
2.301579073778428
2.3015790738509714
2.3015790739635666
2.301579073968811
2.3015790739893194
2.3015790740284325
2.301579074060022
2.301579074078976
2.301579074090349
2.301579074116958
2.301579074143675
2.3015790741597044
2.301579074169322
2.301579074175093
2.301579074178555
2.301579074183055
2.301579074188418
2.301579074192957
2.3015790741966975
2.3015790741990796
2.301579074200032
2.3015790742009856
2.301579074201859
2.3015790742037106
2.301579074204186
2.3015790742044713
2.3015790742046427
2.3015790742047453
2.3015790742048066
2.301579074205233
2.30157907420562
2.301579074205892
2.301579074206058
2.3015790742061615
2.3015790742061615
2.301579074206214
2.301579074206214
2.301579074206214
2.301579074206219
2.3015790742062228
2.301579074206231
2.301579074206263
2.301579074206266
2.3015790742062765
2.301579074206288
2.3015790742062894
2.3015790742062974
2.301579074206302
2.3015790742063067
2.301579074206309
2.301579074206311
2.3015790742063142
2.301579074206317
2.3015790742063182
2.3015790742063196
2.3015790742063214
2.3015790742063222
2.3015790742063227
2.3015790742063236
2.301579074206324
2.301579074206324
2.301579074206324
2.301579074206324
2.301579074206324
2.301579074206324
2.301579074206324
2.301579074206324
2.301579074206324
2.301579074206324
2.301579074206324
2.301579074206324
2.301579074206324
2.301579074206324
2.301579074206324
2.301579074206324
2.301579074206324
2.301579074206324
2.301579074206324
2.301579074206324
