2.648348391752558
2.648348391752558
2.648348391752558
2.648348391752558
2.648348391752558
2.648348391752558
2.648348391752558
2.648348391752558
2.648348391752558
2.648348391752558
2.648348391752558
2.648348391752558
2.648348391752558
2.648348391752558
2.648348391752558
2.648348391752558
2.648348391752558
2.648348391752558
2.648348391752558
2.648348391752558
2.648348391752558
2.648348391752558
2.648348391752558
2.648348391752558
2.648348391752558
2.648348391752558
2.648348391752558
2.648348391752558
2.648348391752558
2.648348391752558
2.648348391752558
2.648348391752558
2.648348391752558
2.648348391752558
2.648348391752558
2.648348391752558
2.648348391752558
2.648348391752558
2.648348391752558
2.648348391752558
2.648348391752558
2.648348391752558
2.648348391752558
2.648348391752558
2.648348391752558
2.648348391752558
2.648348391752558
2.648348391752558
2.648348391752558
2.648348391752558
2.648348391752558
2.648348391752558
2.648348391752558
2.648348391752558
2.648348391752558
2.648348391752558
2.648348391752558
2.648351862467756
2.648351862467756
2.648351862467756
2.648353777098294
2.6483557565199107
2.6483574618779566
2.648357894564543
2.648358187695141
2.6483586067005906
2.6483590843793587
2.6483596277429076
2.648360292825925
2.6483607797903357
2.6483612088535526
2.6483613722785497
2.6483617532272947
2.648361952928467
2.6483621562172486
2.648362233327831
2.6483622462143863
2.648362410660615
2.6483624160911705
2.648362440682299
2.6483624450612546
2.648362451121019
2.6483624723041026
2.6483624789841587
2.648362488210879
2.648362493805004
2.6483624971614783
2.6483625009030263
2.6483625009030263
2.648362501691145
2.6483625024249733
2.648362506683616
2.648362510501774
2.648362512792668
2.648362514167205
2.648362516126563
2.648362517629156
2.6483625187111994
2.6483625193684173
2.648362520012304
2.6483625208024484
2.6483625212253985
2.6483625214070248
2.6483625214070248
2.648362521619545
2.6483625218268854
2.6483625218311073
2.648362521918073
2.648362522014061
2.6483625220667917
2.6483625221019316
2.6483625221230156
2.6483625221421776
2.6483625221548452
2.648362522156937
2.648362522174555
2.6483625221749874
2.6483625221799008
2.6483625221847107
2.648362522187642
2.6483625221893488
2.6483625221921416
2.6483625221951255
2.648362522197062
2.648362522198282
2.6483625221995126
2.6483625222004332
2.6483625222010034
2.6483625222013725
2.648362522201594
2.648362522201863
2.6483625222021168
2.6483625222022975
2.648362522202411
2.6483625222025244
2.6483625222026004
2.648362522202646
2.6483625222026737
2.648362522202694
2.6483625222027274
2.6483625222027523
2.6483625222027687
2.648362522202782
2.648362522202796
2.648362522202805
2.648362522202811
2.6483625222028175
2.6483625222028233
2.6483625222028273
2.6483625222028295
2.6483625222028335
2.6483625222028366
2.6483625222028384
2.6483625222028393
2.648362522202841
2.648362522202843
2.6483625222028437
2.648362522202844
2.6483625222028446
2.648362522202845
2.648362522202845
2.6483625222028455
2.6483625222028455
2.648362522202846
2.648362522202846
2.648362522202846
2.648362522202846
2.648362522202846
2.648362522202846
2.648362522202846
2.648362522202846
2.648362522202846
2.648362522202846
2.648362522202846
2.648362522202846
2.648362522202846
2.648362522202846
2.648362522202846
2.648362522202846
2.648362522202846
2.648362522202846
2.648362522202846
