1.6304470043344415
1.6304470043344415
1.6304470043344415
1.6304470043344415
1.6304470043344415
1.6304470043344415
1.6304470043344415
1.6304470043344415
1.6304470043344415
1.6304470043344415
1.6304470043344415
1.6304470043344415
1.6304470043344415
1.6304470043344415
1.6304470043344415
1.6304470043344415
1.6304470043344415
1.6304470043344415
1.6304470043344415
1.6304470043344415
1.6304470043344415
1.6304470043344415
1.6304470043344415
1.6304470043344415
1.6304470043344415
1.6304470043344415
1.6304470043344415
1.6304470043344415
1.6304470043344415
1.6304470043344415
1.6304470043344415
1.6304470043344415
1.6304470043344415
1.6304470043344415
1.6304470043344415
1.6304470043344415
1.6304470043344415
1.6304470043344415
1.6304470043344415
1.6304470043344415
1.6304470043344415
1.6304470043344415
1.6304470043344415
1.6304470043344415
1.6304470043344415
1.6304470043344415
1.6304470043344415
1.6304470043344415
1.6304470043344415
1.6304470043344415
1.6304470043344415
1.6304470043344415
1.6304470043344415
1.6304470043344415
1.6304470043344415
1.6304470043344415
1.6304470043344415
1.6304470043344415
1.6304498683760147
1.6304498683760147
1.6304498683760147
1.6304543107140161
1.6304543107140161
1.6304543107140161
1.6304543107140161
1.6304585302202184
1.630463704693054
1.6304668093727714
1.6304686721791677
1.6304697898624891
1.6304711416312114
1.630471980049253
1.630473289713426
1.6304751186722026
1.630475708978896
1.6304761513481498
1.630476635436748
1.6304771906070574
1.6304776888455694
1.6304778202644727
1.6304781758380142
1.6304783891821077
1.6304785875966807
1.630478722213167
1.630478961191301
1.6304790610010462
1.630479143969541
1.6304791891822157
1.6304793030057407
1.6304794105223408
1.6304794750322977
1.6304795277537503
1.6304795416985132
1.630479592371057
1.6304796766919278
1.6304797272844482
1.6304797685353862
1.6304798312817024
1.630479858256684
1.6304798836358179
1.6304799045072418
1.630479922051797
1.6304799336872002
1.630479942262023
1.6304799507904282
1.630479958517211
1.6304799631532796
1.6304799664267324
1.6304799676433552
1.6304799700880614
1.6304799744330103
1.6304799770399794
1.630479978846121
1.630479981979055
1.630479984002126
1.6304799852159688
1.6304799859442747
1.6304799868301192
1.6304799879964738
1.6304799886962873
1.6304799891161748
1.6304799893681077
1.630479989519267
1.6304799899139193
1.630479990201986
1.6304799903748257
1.6304799904785294
1.6304799905407519
1.630479990625624
1.6304799907296248
1.6304799907920255
1.6304799908294656
1.63047999085193
1.6304799908823688
1.6304799909104393
1.6304799909272816
1.6304799909373868
1.6304799909454373
1.6304799909601686
1.6304799909690066
1.6304799909743102
1.6304799909774919
1.6304799909794012
1.6304799909805467
1.6304799909833303
1.6304799909876255
1.6304799909902028
1.6304799909917493
1.6304799909926775
1.6304799909932342
1.6304799909953156
1.6304799909970098
1.6304799909980263
1.6304799909986365
1.6304799909990024
1.6304799909995937
1.6304799909999985
1.6304799910002412
1.630479991000393
1.6304799910006522
1.6304799910008074
1.6304799910009007
1.6304799910009564
1.6304799910009904
1.6304799910010683
1.6304799910011163
1.6304799910011452
1.6304799910011627
1.6304799910011902
1.6304799910012107
1.630479991001223
1.630479991001231
1.630479991001235
1.6304799910012409
1.6304799910012466
1.6304799910012495
1.630479991001252
1.6304799910012546
1.6304799910012562
1.6304799910012575
1.630479991001258
1.6304799910012584
1.6304799910012584
1.6304799910012586
1.6304799910012586
1.6304799910012586
1.6304799910012586
1.6304799910012586
1.6304799910012586
1.6304799910012586
1.6304799910012586
1.6304799910012586
1.6304799910012586
1.6304799910012586
1.6304799910012586
1.6304799910012586
1.6304799910012586
1.6304799910012586
1.6304799910012586
1.6304799910012586
1.6304799910012586
1.6304799910012586
