1.5843488376191868
1.5843488376191868
1.5843488376191868
1.5843488376191868
1.5843488376191868
1.5843488376191868
1.5843488376191868
1.5843488376191868
1.5843488376191868
1.5843488376191868
1.5843488376191868
1.5843488376191868
1.5843488376191868
1.5843488376191868
1.5843488376191868
1.5843488376191868
1.5843488376191868
1.5843488376191868
1.5843488376191868
1.5843488376191868
1.5843488376191868
1.5843488376191868
1.5843488376191868
1.5843488376191868
1.5843488376191868
1.5843488376191868
1.5843488376191868
1.5843488376191868
1.5843488376191868
1.5843488376191868
1.5843488376191868
1.5843488376191868
1.5843488376191868
1.5843488376191868
1.5843488376191868
1.5843488376191868
1.5843488376191868
1.5843488376191868
1.5843488376191868
1.5843488376191868
1.5843488376191868
1.5843488376191868
1.5843488376191868
1.5843488376191868
1.5843488376191868
1.5843488376191868
1.5843488376191868
1.5843488376191868
1.5843488376191868
1.5843488376191868
1.5843488376191868
1.5843539148458257
1.5843539148458257
1.5843539148458257
1.5843539148458257
1.5843539148458257
1.5843539148458257
1.5843539148458257
1.5843539148458257
1.5843539148458257
1.5843540310970305
1.584355462363856
1.5843557675837567
1.5843565319735826
1.584357248485824
1.584357726128009
1.5843580829122952
1.5843585376109188
1.584359086277736
1.584359420205781
1.584359620562577
1.5843597407766432
1.5843598300988655
1.5843600000563078
1.584360202147255
1.5843603234018182
1.5843604399273317
1.5843605115044035
1.5843605513478336
1.5843605513478336
1.5843605855584846
1.5843605926842608
1.5843605944933143
1.5843605955787463
1.584360599024634
1.5843606035021223
1.58436061265884
1.5843606219734467
1.584360627694022
1.5843606322186734
1.5843606358262834
1.5843606382966298
1.584360640175064
1.5843606410516682
1.5843606418488423
1.5843606425592514
1.5843606432140573
1.5843606432449533
1.5843606434092863
1.5843606436279813
1.5843606438249556
1.584360643969919
1.5843606440290932
1.5843606441558933
1.584360644266789
1.584360644325142
1.5843606443821747
1.5843606444469613
1.584360644485833
1.5843606445091567
1.5843606445398426
1.5843606445664562
1.5843606445832268
1.5843606445939489
1.5843606446003822
1.584360644604242
1.5843606446115635
1.5843606446181506
1.5843606446221026
1.5843606446244745
1.5843606446265237
1.5843606446284424
1.5843606446296103
1.5843606446303111
1.584360644630741
1.5843606446310863
1.584360644631316
1.5843606446316016
1.5843606446319276
1.584360644632141
1.5843606446322693
1.5843606446323752
1.5843606446325285
1.5843606446326373
1.5843606446327039
1.5843606446327476
1.584360644632812
1.5843606446328558
1.5843606446328826
1.5843606446328984
1.5843606446329273
1.584360644632946
1.5843606446329574
1.584360644632964
1.5843606446329683
1.584360644632973
1.5843606446329848
1.5843606446329916
1.5843606446329959
1.5843606446329985
1.5843606446330036
1.584360644633007
1.5843606446330085
1.5843606446330099
1.5843606446330114
1.5843606446330123
1.584360644633013
1.5843606446330136
1.5843606446330143
1.584360644633015
1.5843606446330152
1.5843606446330156
1.5843606446330156
1.584360644633016
1.584360644633016
1.5843606446330163
1.5843606446330163
1.5843606446330165
1.5843606446330165
1.5843606446330165
1.5843606446330165
1.5843606446330165
1.5843606446330165
1.5843606446330165
1.5843606446330165
1.5843606446330165
1.5843606446330165
1.5843606446330165
1.5843606446330165
1.5843606446330165
