1.9735812128068955
1.9735812128068955
1.9735812128068955
1.9735812128068955
1.9735812128068955
1.9735812128068955
1.9735812128068955
1.9735812128068955
1.9735812128068955
1.9735812128068955
1.9735812128068955
1.9735812128068955
1.9735812128068955
1.9735812128068955
1.9735812128068955
1.9735812128068955
1.9735812128068955
1.9735812128068955
1.9735812128068955
1.9735812128068955
1.9735812128068955
1.9735812128068955
1.9735812128068955
1.9735812128068955
1.9735812128068955
1.9735812128068955
1.9735812128068955
1.9735812128068955
1.9735812128068955
1.9735812128068955
1.9735812128068955
1.9735812128068955
1.9735812128068955
1.9735812128068955
1.9735812128068955
1.9735812128068955
1.9735812128068955
1.9735812128068955
1.9735812128068955
1.9735812128068955
1.97365046322712
1.97365046322712
1.97365046322712
1.97365046322712
1.97365046322712
1.97365046322712
1.97365046322712
1.97365046322712
1.97365046322712
1.97365046322712
1.97365046322712
1.97365046322712
1.9736810684833526
1.9736810684833526
1.9736810684833526
1.9736810684833526
1.9736922341381724
1.973699028272395
1.9737094123185137
1.9737137062276762
1.973716282564666
1.973719009187243
1.9737242896722909
1.9737259211802451
1.9737295869963571
1.973732283866454
1.9737324094843967
1.9737340870446929
1.9737353501570294
1.9737361107901659
1.973736647675837
1.9737370791365811
1.9737373676133942
1.9737376629489227
1.973737971933745
1.9737382652846023
1.9737384412951062
1.9737385469014053
1.973738698670471
1.9737389306869901
1.9737390698968962
1.9737391534228381
1.9737392035384023
1.9737392960148983
1.97373939331461
1.9737394516944364
1.9737394867223315
1.9737395077390691
1.9737395662136026
1.9737396020747293
1.9737396264927758
1.9737396421245634
1.9737396515036363
1.973739668781403
1.973739679954709
1.9737396976562187
1.9737396990908405
1.9737397104785728
1.9737397180195186
1.973739723279482
1.973739725404931
1.9737397276241537
1.9737397321667218
1.9737397359992592
1.9737397382987822
1.9737397396784957
1.9737397418920666
1.973739743773531
1.9737397446041494
1.9737397446041494
1.9737397456539825
1.973739745848991
1.973739746131531
1.9737397463089386
1.9737397464153836
1.97373974647925
1.9737397466460038
1.9737397468519673
1.9737397469777396
1.9737397470532028
1.973739747100595
1.9737397471608762
1.9737397472523568
1.973739747307245
1.9737397473401777
1.973739747369668
1.9737397474059297
1.9737397474280165
1.973739747441269
1.9737397474507614
1.9737397474595386
1.9737397474674383
1.973739747472178
1.973739747475187
1.9737397474796186
1.9737397474824838
1.9737397474842027
1.9737397474853773
1.9737397474862444
1.9737397474873373
1.9737397474879925
1.973739747488386
1.973739747488837
1.9737397474893184
1.9737397474896101
1.9737397474897855
1.9737397474899099
1.9737397474900509
1.9737397474901597
1.9737397474902247
1.9737397474902643
1.973739747490288
1.9737397474903153
1.9737397474903537
1.9737397474903768
1.9737397474903906
1.9737397474904
1.9737397474904192
1.973739747490432
1.9737397474904388
1.9737397474904468
1.973739747490454
1.9737397474904579
1.9737397474904608
1.9737397474904632
1.9737397474904659
1.9737397474904679
1.9737397474904685
1.9737397474904697
1.9737397474904708
1.9737397474904712
1.9737397474904717
1.9737397474904719
1.9737397474904723
1.9737397474904723
1.9737397474904723
1.9737397474904723
1.9737397474904723
1.9737397474904723
1.9737397474904723
1.9737397474904723
1.9737397474904723
1.9737397474904723
1.9737397474904723
1.9737397474904723
1.9737397474904723
1.9737397474904723
1.9737397474904723
1.9737397474904723
1.9737397474904723
1.9737397474904723
1.9737397474904723
1.9737397474904723
1.9737397474904723
1.9737397474904723
1.9737397474904723
1.9737397474904723
