1.6321028174702024
1.6321028174702024
1.6321028174702024
1.6321028174702024
1.6321028174702024
1.6321028174702024
1.6321028174702024
1.6321028174702024
1.6321028174702024
1.6321028174702024
1.6321028174702024
1.6321028174702024
1.6321028174702024
1.6321028174702024
1.6321028174702024
1.6321028174702024
1.6321028174702024
1.6321028174702024
1.6321028174702024
1.6321028174702024
1.6321028174702024
1.6321028174702024
1.6321028174702024
1.6321028174702024
1.6321028174702024
1.6321028174702024
1.6321028174702024
1.6321028174702024
1.6321028174702024
1.6321028174702024
1.6321028174702024
1.6321028174702024
1.6321028174702024
1.6321028174702024
1.6321028174702024
1.6321028174702024
1.6321028174702024
1.6321028174702024
1.6321028174702024
1.6321028174702024
1.6321028174702024
1.6321028174702024
1.6321028174702024
1.6321028174702024
1.6321028174702024
1.6321028174702024
1.6321028174702024
1.6321028174702024
1.6321028174702024
1.6321028174702024
1.6321028174702024
1.6321028174702024
1.6321028174702024
1.6321028174702024
1.6321028174702024
1.63210315033455
1.63210315033455
1.63210315033455
1.63210315033455
1.632104063904121
1.6321042899023679
1.6321053715194713
1.6321055359729686
1.6321058055351187
1.6321065464178988
1.6321069919099322
1.6321072592051133
1.632107511208267
1.6321077072818626
1.6321079223316843
1.632108062026077
1.6321081761482015
1.6321082680070107
1.6321083589766083
1.6321084544822844
1.6321085078623023
1.632108525541976
1.6321085637184916
1.6321085881123347
1.6321086058576622
1.6321086205773792
1.6321086342727174
1.632108639911381
1.6321086449837099
1.632108651573511
1.632108652942127
1.6321086568554366
1.6321086592238003
1.632108662137537
1.632108663784612
1.6321086649720142
1.632108665380432
1.6321086660878372
1.632108666325466
1.6321086667130484
1.6321086668328237
1.632108666904689
1.6321086673234166
1.6321086673234166
1.6321086674725451
1.6321086677568513
1.632108667852886
1.6321086679913233
1.6321086680586028
1.632108668107068
1.6321086682387944
1.6321086683084112
1.6321086683501815
1.6321086683752437
1.632108668390281
1.6321086684240322
1.632108668454074
1.6321086684787796
1.6321086684787796
1.632108668490581
1.632108668494626
1.6321086685012105
1.6321086685044517
1.6321086685063966
1.6321086685082273
1.6321086685140538
1.632108668517589
1.6321086685197101
1.6321086685209827
1.6321086685217732
1.6321086685217732
1.632108668522532
1.6321086685232953
1.6321086685235457
1.6321086685236958
1.6321086685239237
1.6321086685239572
1.632108668524575
1.6321086685249715
1.6321086685252095
1.6321086685253523
1.632108668525438
1.6321086685254895
1.6321086685256425
1.632108668525793
1.6321086685258832
1.6321086685259376
1.6321086685260346
1.6321086685261692
1.6321086685262496
1.632108668526298
1.6321086685263382
1.6321086685264055
1.6321086685264456
1.6321086685264696
1.6321086685264845
1.632108668526493
1.6321086685265165
1.6321086685265436
1.63210866852656
1.6321086685265696
1.6321086685265758
1.6321086685265875
1.6321086685265949
1.6321086685265995
1.6321086685266022
1.6321086685266075
1.6321086685266109
1.6321086685266128
1.6321086685266144
1.632108668526617
1.6321086685266186
1.63210866852662
1.6321086685266204
1.632108668526621
1.632108668526622
1.6321086685266222
1.6321086685266224
1.6321086685266228
1.6321086685266228
1.6321086685266228
1.6321086685266228
1.6321086685266228
1.6321086685266228
1.6321086685266228
1.6321086685266228
