2.3999331762373446
2.3999331762373446
2.3999331762373446
2.3999331762373446
2.3999331762373446
2.3999331762373446
2.3999331762373446
2.3999331762373446
2.3999331762373446
2.3999331762373446
2.3999331762373446
2.3999331762373446
2.3999331762373446
2.3999331762373446
2.3999331762373446
2.3999331762373446
2.3999331762373446
2.3999331762373446
2.3999331762373446
2.3999331762373446
2.3999331762373446
2.3999331762373446
2.3999331762373446
2.3999331762373446
2.3999331762373446
2.3999331762373446
2.3999331762373446
2.3999331762373446
2.3999331762373446
2.3999331762373446
2.3999331762373446
2.3999331762373446
2.3999331762373446
2.3999331762373446
2.3999331762373446
2.3999331762373446
2.3999331762373446
2.3999331762373446
2.3999331762373446
2.399945064102578
2.4000099913239783
2.4000489482869543
2.4000723226915577
2.4000863474159666
2.4000947622800046
2.4000998112090075
2.4001028405702183
2.400104658188316
2.400105748759669
2.4001064031026575
2.4001067957085147
2.4001070312720523
2.4001071726101832
2.4001097016334256
2.4001111995821174
2.4001111995821174
2.400111484336006
2.4001130669591144
2.400114106727484
2.4001150192348017
2.400115566739203
2.4001166857490057
2.4001183875719874
2.400119408665916
2.400120021322323
2.4001214892575127
2.400123105713925
2.4001240755877142
2.4001246575119666
2.400125065644985
2.4001255381548035
2.4001261366264486
2.400126654029836
2.400126964471859
2.4001271507370685
2.4001272624961936
2.4001273721787255
2.4001275267691606
2.4001276341072897
2.4001276985101643
2.4001277371518883
2.4001277603369227
2.400127774247943
2.40012781740694
2.4001278846116088
2.400127916162938
2.400127916162938
2.400127945072048
2.400127968424452
2.4001279728974994
2.400127981402522
2.4001279906093353
2.4001279994250693
2.400128005049278
2.40012801017745
2.4001280156330562
2.4001280234363076
2.400128029001801
2.400128029001801
2.400128032255177
2.400128036441269
2.4001280389638437
2.4001280411957766
2.400128041547277
2.400128043225565
2.4001280448938473
2.4001280457549226
2.4001280461088474
2.4001280461088474
2.4001280468102175
2.400128046904756
2.400128047145058
2.4001280473423865
2.40012804749804
2.400128047614964
2.4001280477467586
2.400128047749544
2.4001280477796825
2.4001280478016334
2.4001280478530354
2.4001280478530354
2.40012804785865
2.4001280478741536
2.4001280478834564
2.400128047889038
2.400128047889038
2.400128047889038
2.400128047889038
2.400128047889038
2.400128047889038
2.400128047889038
2.400128047889038
2.400128047889038
2.4001280478911395
2.4001280478911395
2.4001280478911395
2.4001280478911395
2.4001280478915525
2.4001280478915525
2.4001280478915525
2.4001280478915525
2.4001280478915525
2.4001280478916276
2.4001280478916276
2.4001280478916276
2.400128047891755
2.400128047891755
2.400128047891755
2.4001280478917653
2.400128047891872
2.400128047891888
2.400128047891894
2.4001280478919202
2.4001280478919362
2.4001280478919362
2.4001280478919442
2.400128047891945
2.400128047891953
2.4001280478919558
2.4001280478919753
2.400128047891986
2.4001280478919913
2.4001280478919913
2.400128047891998
2.4001280478919993
2.4001280478919993
2.400128047892
2.400128047892001
2.400128047892001
2.400128047892001
2.4001280478920033
2.4001280478920033
2.4001280478920033
2.4001280478920033
2.4001280478920033
2.4001280478920033
2.4001280478920033
2.4001280478920033
2.4001280478920033
2.4001280478920033
2.4001280478920033
2.4001280478920033
2.4001280478920033
2.4001280478920033
2.4001280478920033
2.4001280478920033
2.4001280478920033
2.4001280478920033
