1.9721172956552275
1.9721172956552275
1.9721172956552275
1.9721172956552275
1.9721172956552275
1.9721172956552275
1.9721172956552275
1.9721172956552275
1.9721172956552275
1.9721172956552275
1.9721172956552275
1.9721172956552275
1.9721172956552275
1.9721172956552275
1.9721172956552275
1.9721172956552275
1.9721172956552275
1.9721172956552275
1.9721172956552275
1.9721172956552275
1.9721172956552275
1.9721172956552275
1.9721172956552275
1.9721172956552275
1.9721172956552275
1.9721172956552275
1.9721172956552275
1.9721172956552275
1.9721172956552275
1.9721172956552275
1.9721172956552275
1.9721172956552275
1.9721172956552275
1.9721172956552275
1.9721172956552275
1.9721172956552275
1.9721172956552275
1.9721172956552275
1.9721172956552275
1.9721172956552275
1.9721172956552275
1.9721172956552275
1.9721172956552275
1.9721172956552275
1.9721172956552275
1.9721172956552275
1.972119145793328
1.972119145793328
1.972119145793328
1.972119145793328
1.972119145793328
1.972119145793328
1.972119145793328
1.972119145793328
1.972119145793328
1.972119145793328
1.972119145793328
1.972119145793328
1.972119145793328
1.9721197938768749
1.9721197938768749
1.9721197938768749
1.9721197938768749
1.9721219385698436
1.9721219385698436
1.9721225223318914
1.9721232557980701
1.9721247902683923
1.9721247902683923
1.9721252438761836
1.9721257832735417
1.972126106911971
1.972126833190228
1.9721275582425966
1.9721282051436657
1.972128348111982
1.9721286667494973
1.9721290379950294
1.9721295568866328
1.9721295572513238
1.9721298271652121
1.9721299553281317
1.9721300639698753
1.9721301102371689
1.9721301520642094
1.972130193979778
1.972130210944827
1.9721302288020734
1.9721302463852863
1.9721302700283203
1.9721302909858542
1.9721303093477458
1.9721303216825727
1.9721303352837658
1.972130346268091
1.9721303592158894
1.9721303672627224
1.9721303720908219
1.9721303746218888
1.972130376726285
1.972130377988922
1.9721303796861667
1.9721303799704677
1.9721303806512376
1.9721303812260857
1.972130381570994
1.9721303817977365
1.9721303822061735
1.9721303824157985
1.9721303824788448
1.972130382483501
1.972130382600978
1.9721303826334042
1.9721303826656795
1.97213038270267
1.97213038280739
1.9721303828800691
1.9721303829274153
1.9721303829614703
1.9721303829821697
1.9721303830146444
1.9721303830365466
1.9721303830519257
1.9721303830611525
1.9721303830706087
1.972130383080816
1.9721303830878147
1.9721303830920143
1.9721303830945336
1.9721303830960453
1.9721303830969523
1.9721303830974966
1.9721303830981092
1.9721303831000585
1.9721303831018941
1.9721303831029957
1.9721303831036563
1.9721303831040526
1.9721303831047738
1.972130383105332
1.9721303831056678
1.972130383105869
1.9721303831060315
1.9721303831063224
1.9721303831065133
1.9721303831066281
1.9721303831066967
1.9721303831067383
1.9721303831067631
1.9721303831067776
1.9721303831068278
1.9721303831068677
1.972130383106892
1.972130383106907
1.9721303831069155
1.972130383106921
1.9721303831069366
1.972130383106946
1.972130383106952
1.972130383106956
1.9721303831069579
1.9721303831069594
1.9721303831069639
1.972130383106968
1.9721303831069703
1.9721303831069716
1.9721303831069728
1.9721303831069736
1.9721303831069747
1.972130383106976
1.972130383106977
1.9721303831069776
1.9721303831069779
1.972130383106979
1.9721303831069794
1.9721303831069796
1.97213038310698
1.97213038310698
1.97213038310698
1.97213038310698
1.97213038310698
1.97213038310698
1.97213038310698
1.97213038310698
1.97213038310698
1.97213038310698
1.97213038310698
1.97213038310698
1.97213038310698
1.97213038310698
1.97213038310698
1.97213038310698
1.97213038310698
1.97213038310698
1.97213038310698
