2.2596784095107463
2.2596784095107463
2.2596784095107463
2.2596784095107463
2.2596784095107463
2.2596784095107463
2.2596784095107463
2.2596784095107463
2.2596784095107463
2.2596784095107463
2.2596784095107463
2.2596784095107463
2.2596784095107463
2.2596784095107463
2.2596784095107463
2.2596784095107463
2.2596784095107463
2.2596784095107463
2.2596784095107463
2.2596784095107463
2.2596784095107463
2.2596784095107463
2.2596784095107463
2.2596784095107463
2.2596784095107463
2.2596784095107463
2.2596784095107463
2.2596784095107463
2.2596784095107463
2.2596784095107463
2.2596784095107463
2.2596784095107463
2.2596784095107463
2.2596784095107463
2.2596784095107463
2.2596784095107463
2.2596784095107463
2.2596784095107463
2.2596784095107463
2.2596784095107463
2.2596784095107463
2.2596784095107463
2.259824276380512
2.2599630930489916
2.2599630930489916
2.2599630930489916
2.2600086023309527
2.260401158561804
2.260401158561804
2.260401158561804
2.260401158561804
2.260480344578815
2.260527376978477
2.26061628459737
2.2606305794547894
2.260653784413955
2.260688138319632
2.260709327805496
2.2607294962235844
2.2607368693764305
2.2607513981424416
2.2607624408847116
2.260775173270761
2.260793432407691
2.2608043879344835
2.260810961266628
2.2608173611476383
2.2608241278457384
2.2608282889701075
2.2608307856452714
2.2608324346582784
2.2608343804510738
2.2608359919073524
2.2608370413979433
2.260837671092251
2.2608382108089042
2.2608392792019205
2.2608399299095896
2.260840320334177
2.26084060362447
2.2608409451510587
2.26084118189887
2.2608413239475538
2.260841409176762
2.260841460314287
2.260841507471151
2.2608415456609374
2.2608415702358227
2.260841587959831
2.2608416038362082
2.2608416138727283
2.2608416214322036
2.260841628759132
2.26084163315529
2.2608416365507336
2.260841639226257
2.260841640919334
2.260841642067727
2.2608416431076503
2.260841644500748
2.2608416453805473
2.260841646050183
2.2608416466225094
2.260841646965905
2.2608416471934776
2.2608416473833404
2.260841647497258
2.260841647572878
2.2608416476471502
2.2608416477629283
2.2608416478341287
2.260841647878062
2.2608416479170272
2.2608416479552838
2.260841647988659
2.2608416480100284
2.260841648024309
2.2608416480391953
2.260841648050546
2.2608416480575886
2.26084164806471
2.260841648069968
2.260841648073339
2.2608416480757776
2.260841648077239
2.2608416480782965
2.260841648080162
2.2608416480814544
2.2608416480822298
2.2608416480826956
2.2608416480831184
2.260841648084122
2.260841648084752
2.260841648085131
2.260841648085357
2.2608416480857043
2.260841648086061
2.260841648086275
2.260841648086403
2.260841648086621
2.2608416480867835
2.260841648086881
2.2608416480869398
2.2608416480869766
2.2608416480870206
2.2608416480870495
2.2608416480870672
2.2608416480870774
2.2608416480870837
2.260841648087088
2.2608416480870943
2.2608416480870983
2.2608416480871023
2.2608416480871036
2.260841648087105
2.2608416480871054
2.2608416480871054
2.2608416480871054
2.2608416480871054
2.2608416480871054
2.2608416480871054
2.2608416480871054
2.2608416480871054
2.2608416480871054
2.2608416480871054
2.2608416480871054
2.2608416480871054
2.2608416480871054
2.2608416480871054
2.2608416480871054
2.2608416480871054
2.2608416480871054
2.2608416480871054
2.2608416480871054
2.2608416480871054
2.2608416480871054
2.2608416480871054
2.2608416480871054
2.2608416480871054
2.2608416480871054
2.2608416480871054
2.2608416480871054
2.2608416480871054
2.2608416480871054
2.2608416480871054
2.2608416480871054
2.2608416480871054
2.2608416480871054
2.2608416480871054
2.2608416480871054
