1.5826285117755479
1.5826285117755479
1.5826285117755479
1.5826285117755479
1.5826285117755479
1.5826285117755479
1.5826285117755479
1.5826285117755479
1.5826285117755479
1.5826285117755479
1.5826285117755479
1.5826285117755479
1.5826285117755479
1.5826285117755479
1.5826285117755479
1.5826285117755479
1.5826285117755479
1.5826285117755479
1.5826285117755479
1.5826285117755479
1.5826285117755479
1.5826285117755479
1.5826285117755479
1.5826285117755479
1.5826285117755479
1.5826285117755479
1.5826285117755479
1.5826285117755479
1.5826285117755479
1.5826285117755479
1.5826285117755479
1.5826285117755479
1.5826285117755479
1.5826285117755479
1.5826285117755479
1.5826285117755479
1.5826285117755479
1.5826285117755479
1.5826285117755479
1.5826285117755479
1.5826285117755479
1.5826285117755479
1.5826285117755479
1.5826285117755479
1.5826285117755479
1.5826285117755479
1.5826285117755479
1.5826285117755479
1.5826285117755479
1.5826285117755479
1.5826285117755479
1.5826285117755479
1.5826285117755479
1.5826285117755479
1.5826285117755479
1.5826285117755479
1.5826285117755479
1.5826285117755479
1.5826285117755479
1.5826285117755479
1.5826285117755479
1.5826285117755479
1.5826285117755479
1.5826285117755479
1.5826289182507998
1.5826289182507998
1.5826304288242956
1.5826305808865258
1.5826325325007313
1.5826340096960714
1.5826348960132666
1.5826354278035806
1.582635746877768
1.5826362723328433
1.5826368864965312
1.5826373511205887
1.5826375415127671
1.5826378195947644
1.5826379520662275
1.582638081427631
1.5826382104268721
1.5826382627245592
1.5826383709376028
1.5826384432737153
1.5826384971991412
1.5826385880409821
1.582638653026843
1.5826386920183604
1.5826387154132706
1.5826387574929235
1.5826387890984532
1.5826388092408963
1.5826388197735113
1.5826388287417645
1.5826388379006606
1.5826388447709963
1.582638848893198
1.5826388513665188
1.5826388528505115
1.5826388548954624
1.5826388567219423
1.5826388578178299
1.5826388585209292
1.5826388591838791
1.5826388597711902
1.5826388604779578
1.5826388606401056
1.5826388610989368
1.5826388614330815
1.5826388615605085
1.5826388616949414
1.582638861859746
1.5826388621270673
1.5826388621679226
1.5826388621924352
1.5826388622071434
1.582638862228178
1.5826388622956564
1.582638862327425
1.582638862327425
1.582638862327425
1.582638862327425
1.5826388623349112
1.5826388623353982
1.5826388623353982
1.5826388623353982
1.5826388623362253
1.5826388623403511
1.5826388623418313
1.582638862343426
1.5826388623445307
1.5826388623451932
1.5826388623455905
1.5826388623458292
1.5826388623459722
1.582638862346058
1.5826388623463208
1.5826388623466525
1.5826388623467682
1.5826388623469048
1.5826388623470082
1.5826388623471284
1.5826388623471284
1.5826388623471557
1.582638862347191
1.582638862347212
1.5826388623472278
1.5826388623472556
1.5826388623472687
1.5826388623472867
1.5826388623472867
1.5826388623472978
1.5826388623473024
1.5826388623473087
1.5826388623473118
1.5826388623473147
1.582638862347318
1.5826388623473209
1.582638862347322
1.5826388623473253
1.5826388623473266
1.582638862347328
1.5826388623473289
1.5826388623473289
1.5826388623473293
1.5826388623473295
1.58263886234733
1.58263886234733
1.58263886234733
1.58263886234733
1.58263886234733
1.58263886234733
1.58263886234733
1.58263886234733
1.58263886234733
1.58263886234733
1.58263886234733
1.58263886234733
1.58263886234733
1.58263886234733
1.58263886234733
1.58263886234733
1.58263886234733
1.58263886234733
1.58263886234733
1.58263886234733
1.58263886234733
1.58263886234733
1.58263886234733
1.58263886234733
1.58263886234733
1.58263886234733
