1.6037278384847913
1.6037278384847913
1.6037278384847913
1.6037278384847913
1.6037278384847913
1.6037278384847913
1.6037278384847913
1.6037278384847913
1.6037278384847913
1.6037278384847913
1.6037278384847913
1.6037278384847913
1.6037278384847913
1.6037278384847913
1.6037278384847913
1.6037278384847913
1.6037278384847913
1.6037278384847913
1.6037278384847913
1.6037278384847913
1.6037278384847913
1.6037278384847913
1.6037278384847913
1.6037278384847913
1.6037278384847913
1.6037278384847913
1.6037278384847913
1.6037278384847913
1.6037278384847913
1.6037278384847913
1.6037278384847913
1.6037278384847913
1.6037278384847913
1.6037278384847913
1.6037278384847913
1.6037278384847913
1.6037278384847913
1.6037278384847913
1.6037278384847913
1.6037278384847913
1.6037278384847913
1.6037278384847913
1.6037278384847913
1.6037278384847913
1.6037356444345632
1.6037356444345632
1.6037356444345632
1.6037356444345632
1.6037356444345632
1.6037356444345632
1.603736756065998
1.603736756065998
1.603736756065998
1.603736756065998
1.6037375047564728
1.6037375047564728
1.6037375047564728
1.6037375047564728
1.6037392005750517
1.6037392005750517
1.6037392005750517
1.6037392005750517
1.6037404114384521
1.6037408522376382
1.6037415127487147
1.603742891025557
1.6037433519483553
1.6037436285019557
1.6037440357824415
1.6037448191420105
1.6037455277894017
1.603745981205025
1.6037460043436687
1.6037463081022962
1.6037464340835739
1.603746749430443
1.603746954186147
1.6037470770395643
1.603747194308261
1.6037473567262592
1.603747454177057
1.6037475126475353
1.6037475772898715
1.603747645700335
1.6037476762430896
1.6037477035513261
1.6037477286062207
1.6037477487919496
1.6037477694115214
1.603747773836496
1.603747790134636
1.6037478007945525
1.603747807190502
1.6037478110280725
1.6037478133306144
1.603747815001846
1.6037478194534907
1.6037478221305892
1.6037478237368477
1.6037478247006036
1.6037478259721731
1.6037478272753536
1.6037478280572623
1.6037478285264075
1.6037478289994527
1.6037478296802032
1.6037478300886536
1.6037478303337236
1.6037478305720916
1.6037478308612019
1.6037478310346676
1.6037478311387472
1.6037478312011948
1.6037478312386635
1.6037478312611448
1.6037478313221492
1.6037478314333269
1.603747831500034
1.6037478315400582
1.6037478315640727
1.6037478316055362
1.603747831673344
1.6037478317140286
1.6037478317384395
1.6037478317771516
1.6037478318110105
1.6037478318313259
1.6037478318435152
1.603747831850829
1.6037478318609835
1.603747831869868
1.6037478318751988
1.603747831878397
1.6037478318819849
1.6037478318861829
1.6037478318887017
1.603747831890213
1.6037478318913645
1.603747831892476
1.6037478318931426
1.6037478318935428
1.6037478318937826
1.603747831893961
1.6037478318943015
1.603747831894506
1.6037478318946283
1.603747831894702
1.6037478318948313
1.6037478318949283
1.603747831894986
1.6037478318950207
1.603747831895084
1.603747831895155
1.6037478318951974
1.6037478318952227
1.6037478318952498
1.6037478318952754
1.6037478318952905
1.6037478318952998
1.60374783189531
1.6037478318953207
1.6037478318953273
1.6037478318953313
1.603747831895337
1.6037478318953422
1.603747831895345
1.603747831895347
1.6037478318953504
1.6037478318953533
1.6037478318953553
1.603747831895356
1.6037478318953575
1.6037478318953584
1.6037478318953589
1.6037478318953593
1.6037478318953595
1.60374783189536
1.60374783189536
1.60374783189536
1.60374783189536
1.60374783189536
1.60374783189536
1.60374783189536
1.60374783189536
1.60374783189536
1.60374783189536
1.60374783189536
1.60374783189536
1.60374783189536
1.60374783189536
1.60374783189536
