2.365606303324344
2.365606303324344
2.365606303324344
2.365606303324344
2.365606303324344
2.365606303324344
2.365606303324344
2.365606303324344
2.365606303324344
2.365606303324344
2.365606303324344
2.365606303324344
2.365606303324344
2.365606303324344
2.365606303324344
2.365606303324344
2.365606303324344
2.365606303324344
2.365606303324344
2.365606303324344
2.365606303324344
2.365606303324344
2.365606303324344
2.365606303324344
2.365606303324344
2.365606303324344
2.365606303324344
2.365606303324344
2.365606303324344
2.365606303324344
2.365606303324344
2.365606303324344
2.365606303324344
2.365606303324344
2.365606303324344
2.365606303324344
2.365606303324344
2.365606303324344
2.365606303324344
2.365606303324344
2.365606303324344
2.365606303324344
2.365606303324344
2.365606303324344
2.365606303324344
2.365659519602321
2.365659519602321
2.365659519602321
2.365712068809013
2.365712068809013
2.365712068809013
2.365712068809013
2.365806417867537
2.365806417867537
2.365806417867537
2.365889547642576
2.3658967888899376
2.3659075199135318
2.3659668535876373
2.3660189021046745
2.366059792873865
2.3660894179547824
2.3661144531097107
2.366134119240575
2.366145919254581
2.366164725121099
2.3661727844301748
2.366181685603973
2.366191528615554
2.3661954387584463
2.3662073928539002
2.3662153349473805
2.366227295549204
2.366227295549204
2.366232172591453
2.366235862241521
2.366237598711352
2.3662384592672465
2.3662394469172945
2.3662406606762887
2.366241838136237
2.3662429807302114
2.3662442378555695
2.366245303808997
2.366246170004152
2.3662469606290264
2.366247207675914
2.3662478134142115
2.36624800091893
2.3662481134217637
2.366248352190192
2.3662485748204682
2.366248708398658
2.3662487885455716
2.3662488464354374
2.366248941855851
2.366249010152078
2.366249050988229
2.366249080022437
2.3662490974429553
2.3662491008112467
2.3662491096736065
2.3662491252532902
2.366249132648016
2.3662491413711506
2.3662491471622085
2.3662491526999565
2.366249157853925
2.3662491610139096
2.3662491629099005
2.366249165350858
2.3662491685397233
2.3662491704530426
2.3662491716010248
2.366249173184029
2.3662491747720655
2.3662491757248767
2.3662491762965665
2.3662491771461243
2.366249177787753
2.3662491781727177
2.3662491784058677
2.366249178656332
2.3662491788544333
2.366249178973813
2.3662491790544085
2.3662491791443614
2.3662491791983333
2.3662491792307145
2.366249179252486
2.36624917927653
2.366249179294826
2.3662491793062896
2.3662491793131726
2.3662491793216427
2.3662491793306453
2.366249179336044
2.366249179339283
2.3662491793432965
2.3662491793462688
2.3662491793481073
2.366249179349209
2.3662491793508162
2.3662491793518656
2.3662491793524922
2.3662491793530904
2.3662491793535967
2.3662491793539036
2.3662491793541016
2.366249179354264
2.3662491793544005
2.3662491793544853
2.366249179354536
2.3662491793546168
2.366249179354688
2.366249179354729
2.3662491793547566
2.366249179354771
2.366249179354799
2.366249179354816
2.3662491793548304
2.3662491793548304
2.3662491793548375
2.366249179354846
2.3662491793548526
2.3662491793548526
2.3662491793548526
2.3662491793548632
2.3662491793548632
2.3662491793548632
2.3662491793548632
2.3662491793548632
2.3662491793548646
2.3662491793548655
2.3662491793548655
2.3662491793548655
2.3662491793548655
2.3662491793548655
2.3662491793548655
2.3662491793548655
2.3662491793548655
2.3662491793548655
2.3662491793548655
2.3662491793548655
2.3662491793548655
2.3662491793548655
2.3662491793548655
2.3662491793548655
2.3662491793548655
2.3662491793548655
2.3662491793548655
2.3662491793548655
2.3662491793548655
2.3662491793548655
2.3662491793548655
2.3662491793548655
2.3662491793548655
2.3662491793548655
2.3662491793548655
2.3662491793548655
2.3662491793548655
2.3662491793548655
