1.6340678253138354
1.6340678253138354
1.6340678253138354
1.6340678253138354
1.6340678253138354
1.6340678253138354
1.6340678253138354
1.6340678253138354
1.6340678253138354
1.6340678253138354
1.6340678253138354
1.6340678253138354
1.6340678253138354
1.6340678253138354
1.6340678253138354
1.6340678253138354
1.6340678253138354
1.6340678253138354
1.6340678253138354
1.6340678253138354
1.6340678253138354
1.6340678253138354
1.6340678253138354
1.6340678253138354
1.6340678253138354
1.6340678253138354
1.6340678253138354
1.6340678253138354
1.6340678253138354
1.6340678253138354
1.6340678253138354
1.6340678253138354
1.6340678253138354
1.6340678253138354
1.6340678253138354
1.6340678253138354
1.6340678253138354
1.6340678253138354
1.6340678253138354
1.6340678253138354
1.6340678253138354
1.6340678253138354
1.6340678253138354
1.6340678253138354
1.6340678253138354
1.6340678253138354
1.6340678253138354
1.6340678253138354
1.6340678253138354
1.6340678253138354
1.6340678253138354
1.6340678253138354
1.6340678253138354
1.6340678253138354
1.6340678253138354
1.6340678253138354
1.6340704948545635
1.6340704948545635
1.6340704948545635
1.6340704948545635
1.6340711246483575
1.6340731085039182
1.6340743439716834
1.634075605977021
1.6340764577950795
1.63407858271757
1.6340802080980885
1.6340811833266615
1.6340826798345363
1.6340828093809932
1.634083355639724
1.6340840562147763
1.6340844849769955
1.6340850815953532
1.6340854291137008
1.6340858212921487
1.6340861702194955
1.6340863323587551
1.6340865901289465
1.6340865901289465
1.6340866700977086
1.6340867277731779
1.6340869242030769
1.6340870376577201
1.6340871656713267
1.6340872017882049
1.6340872388090926
1.6340872617613083
1.6340872862013904
1.6340873208053763
1.634087337556728
1.6340873429052267
1.6340873429052267
1.6340873429052267
1.6340873498773258
1.6340873498773258
1.6340873498773258
1.6340873498773258
1.6340873498773258
1.634087350020928
1.634087350020928
1.634087350020928
1.6340873503623694
1.6340873503623694
1.6340873503623694
1.6340873503623694
1.6340873503623694
1.6340873503817857
1.634087350593255
1.634087350593255
1.6340873506576294
1.6340873507239386
1.6340873507239386
1.6340873507639453
1.6340873507804696
1.6340873507804696
1.6340873507804696
1.6340873508190936
1.6340873508489053
1.6340873508673688
1.6340873508673688
1.634087350874379
1.6340873508780012
1.6340873508872609
1.634087350896713
1.6340873509005904
1.634087350905913
1.6340873509100444
1.6340873509128426
1.6340873509152452
1.6340873509174434
1.6340873509201306
1.634087350920386
1.6340873509213378
1.634087350922002
1.6340873509224205
1.6340873509226932
1.6340873509228964
1.6340873509229976
1.6340873509232012
1.6340873509232587
1.6340873509233815
1.6340873509234322
1.6340873509234897
1.6340873509235248
1.6340873509235454
1.6340873509235645
1.6340873509236036
1.6340873509236282
1.6340873509236533
1.6340873509236968
1.6340873509237193
1.6340873509237193
1.6340873509237193
1.6340873509237193
1.6340873509237193
1.6340873509237193
1.6340873509237193
1.6340873509237193
1.6340873509237193
1.6340873509237193
1.6340873509237193
1.6340873509237193
1.6340873509237193
1.63408735092372
1.63408735092372
1.63408735092372
1.63408735092372
1.63408735092372
1.6340873509237206
1.6340873509237213
1.6340873509237213
1.6340873509237213
1.6340873509237213
1.6340873509237213
1.6340873509237213
1.6340873509237213
1.6340873509237213
1.6340873509237213
1.6340873509237213
1.6340873509237213
1.6340873509237213
1.6340873509237213
1.6340873509237213
1.6340873509237213
1.6340873509237213
1.6340873509237213
1.6340873509237213
1.6340873509237213
1.6340873509237213
