2.2424681326129434
2.2424681326129434
2.2424681326129434
2.2424681326129434
2.2424681326129434
2.2424681326129434
2.2424681326129434
2.2424681326129434
2.2424681326129434
2.2424681326129434
2.2424681326129434
2.2424681326129434
2.2424681326129434
2.2424681326129434
2.2424681326129434
2.2424681326129434
2.2424681326129434
2.2424681326129434
2.2424681326129434
2.2424681326129434
2.2424681326129434
2.2424681326129434
2.2424681326129434
2.2424681326129434
2.2424681326129434
2.2424681326129434
2.2424681326129434
2.2424681326129434
2.2424681326129434
2.2424681326129434
2.2424681326129434
2.2424681326129434
2.2424681326129434
2.2424681326129434
2.2424681326129434
2.2424681326129434
2.2424681326129434
2.2424681326129434
2.2424681326129434
2.2424681326129434
2.2424681326129434
2.2424681326129434
2.2424681326129434
2.2424681326129434
2.2424681326129434
2.2424681326129434
2.2424681326129434
2.2424681326129434
2.2424681326129434
2.2424681326129434
2.2424681326129434
2.242468599839121
2.242468599839121
2.242468599839121
2.242468599839121
2.242468599839121
2.242468599839121
2.242468599839121
2.242468599839121
2.242468599839121
2.242468599839121
2.242468599839121
2.242468599839121
2.242468599839121
2.242468599839121
2.242468599839121
2.24246883938067
2.24246883938067
2.24246883938067
2.2424693447090944
2.2424693447090944
2.2424693447090944
2.2424693447090944
2.2424693447090944
2.2424696347435895
2.2424702039755724
2.2424709028558745
2.2424709028558745
2.2424709028558745
2.2424710921916438
2.2424712169502845
2.2424712833072444
2.2424714908637093
2.2424716371376694
2.242471846035223
2.242471997635899
2.242472137308344
2.24247224294537
2.2424722750742747
2.242472329203914
2.242472379517374
2.2424724320754246
2.2424724533422298
2.242472466102313
2.2424724779737573
2.2424724873523747
2.24247249656766
2.2424725069435114
2.2424725163297734
2.2424725225363757
2.242472528581658
2.242472532208827
2.242472536363344
2.2424725394451923
2.2424725421431972
2.24247254435698
2.2424725456890098
2.242472546811762
2.242472546811762
2.242472547408178
2.2424725478021257
2.2424725480384944
2.2424725481803156
2.2424725483107713
2.2424725484565067
2.2424725485601176
2.2424725486466657
2.242472548698595
2.2424725487611954
2.2424725488025348
2.242472548842218
2.2424725488794923
2.242472548908631
2.242472548929231
2.2424725489439887
2.2424725489543973
2.242472548962873
2.242472548972822
2.2424725489807513
2.242472548985846
2.2424725489906927
2.242472548994954
2.2424725489979593
2.2424725489998805
2.2424725490017474
2.2424725490033137
2.2424725490042534
2.2424725490048174
2.2424725490053596
2.2424725490062976
2.242472549006888
2.242472549007243
2.2424725490074557
2.242472549007712
2.242472549008103
2.2424725490083386
2.242472549008479
2.242472549008564
2.2424725490087045
2.242472549008835
2.2424725490089137
2.24247254900896
2.2424725490089896
2.24247254900903
2.242472549009057
2.2424725490090736
2.242472549009089
2.2424725490091033
2.242472549009112
2.242472549009117
2.2424725490091233
2.2424725490091277
2.2424725490091304
2.2424725490091313
2.2424725490091326
2.242472549009134
2.2424725490091344
2.2424725490091344
2.2424725490091344
2.2424725490091344
2.2424725490091344
2.2424725490091344
2.2424725490091344
2.2424725490091344
2.2424725490091344
2.2424725490091344
2.2424725490091344
2.2424725490091344
2.2424725490091344
2.2424725490091344
2.2424725490091344
2.2424725490091344
2.2424725490091344
2.2424725490091344
2.2424725490091344
2.2424725490091344
2.2424725490091344
2.2424725490091344
2.2424725490091344
2.2424725490091344
2.2424725490091344
2.2424725490091344
2.2424725490091344
2.2424725490091344
2.2424725490091344
2.2424725490091344
2.2424725490091344
