1.7508773136276483
1.7508773136276483
1.7508773136276483
1.7508773136276483
1.7508773136276483
1.7508773136276483
1.7508773136276483
1.7508773136276483
1.7508773136276483
1.7508773136276483
1.7508773136276483
1.7508773136276483
1.7508773136276483
1.7508773136276483
1.7508773136276483
1.7508773136276483
1.7508773136276483
1.7508773136276483
1.7508773136276483
1.7508773136276483
1.7508773136276483
1.7508773136276483
1.7508773136276483
1.7508773136276483
1.7508773136276483
1.7508773136276483
1.7508773136276483
1.7508773136276483
1.7508773136276483
1.7508773136276483
1.7508773136276483
1.7508773136276483
1.7508773136276483
1.7508773136276483
1.7508773136276483
1.7508773136276483
1.7508773136276483
1.7508773136276483
1.7508773136276483
1.7508773136276483
1.7508773136276483
1.7508773136276483
1.7508773136276483
1.7508773136276483
1.7508773136276483
1.7508949916132668
1.7508949916132668
1.7508949916132668
1.7508949916132668
1.7509071063212038
1.7509071063212038
1.7509071063212038
1.7509071063212038
1.7509213226704725
1.7509213226704725
1.7509213226704725
1.7509213226704725
1.7509214488278402
1.7509256131478537
1.7509281857907184
1.7509297335799159
1.7509307588191514
1.7509315897740934
1.7509332340083237
1.7509343027054538
1.7509349751913232
1.750935633064053
1.750936588530241
1.750937104372389
1.7509374620759066
1.7509377344475374
1.7509380166917892
1.7509381654885556
1.7509382592970646
1.7509383701573227
1.7509384422696996
1.7509384858044228
1.750938512598401
1.7509385298968339
1.7509385661539623
1.7509385906347306
1.7509386068408805
1.7509386169585721
1.7509386344273747
1.7509386496694808
1.7509386590050515
1.750938664257889
1.750938667555211
1.7509386768266013
1.7509386829820772
1.7509386866753622
1.750938688891333
1.750938690220916
1.7509386962292472
1.7509387001581973
1.7509387025155676
1.750938703955705
1.7509387063736013
1.7509387095917277
1.750938711357637
1.7509387125843656
1.7509387133201961
1.7509387144723465
1.7509387153108793
1.7509387157648233
1.7509387160179914
1.7509387166508943
1.7509387170217936
1.7509387172732196
1.750938717424075
1.7509387175339473
1.7509387177255944
1.750938717834318
1.7509387179047133
1.7509387179554152
1.750938718008486
1.7509387180864997
1.7509387181117733
1.7509387181269382
1.7509387181541944
1.7509387181837586
1.7509387182018836
1.7509387182130227
1.7509387182315999
1.750938718245886
1.7509387182552547
1.7509387182604588
1.750938718263522
1.750938718267735
1.7509387182715812
1.7509387182738583
1.750938718275346
1.7509387182763012
1.7509387182767924
1.7509387182775527
1.7509387182783172
1.750938718278788
1.7509387182790903
1.750938718279282
1.7509387182795355
1.7509387182796867
1.7509387182797889
1.7509387182798508
1.7509387182799245
1.7509387182799758
1.7509387182800067
1.7509387182800298
1.7509387182800662
1.7509387182800913
1.7509387182801042
1.7509387182801126
1.7509387182801126
1.750938718280117
1.7509387182801286
1.7509387182801297
1.7509387182801297
1.7509387182801335
1.7509387182801377
1.7509387182801397
1.7509387182801424
1.7509387182801452
1.7509387182801466
1.750938718280148
1.7509387182801486
1.7509387182801506
1.7509387182801517
1.7509387182801524
1.7509387182801526
1.750938718280153
1.7509387182801535
1.7509387182801535
1.7509387182801535
1.7509387182801535
1.7509387182801535
1.7509387182801535
1.7509387182801535
1.7509387182801535
1.7509387182801535
1.7509387182801535
1.7509387182801535
1.7509387182801535
1.7509387182801535
1.7509387182801535
1.7509387182801535
