2.3045198441051844
2.3045198441051844
2.3045198441051844
2.3045198441051844
2.3045198441051844
2.3045198441051844
2.3045198441051844
2.3045198441051844
2.3045198441051844
2.3045198441051844
2.3045198441051844
2.3045198441051844
2.3045198441051844
2.3045198441051844
2.3045198441051844
2.3045198441051844
2.3045198441051844
2.3045198441051844
2.3045198441051844
2.3045198441051844
2.3045198441051844
2.3045198441051844
2.3045198441051844
2.3045198441051844
2.3045198441051844
2.3045198441051844
2.3045198441051844
2.3045198441051844
2.3045198441051844
2.3045198441051844
2.3045198441051844
2.3045198441051844
2.3045198441051844
2.3045198441051844
2.3045198441051844
2.3045198441051844
2.3045198441051844
2.304634934669986
2.304634934669986
2.304634934669986
2.304634934669986
2.304675878432029
2.304675878432029
2.304675878432029
2.304675878432029
2.304675878432029
2.304681818539407
2.304681818539407
2.304685325718759
2.304685325718759
2.304685325718759
2.304685325718759
2.304685325718759
2.304685325718759
2.304685664863907
2.304685664863907
2.304686343595774
2.3046882666571853
2.304689413235436
2.304690316969022
2.304690892530342
2.3046915101536856
2.3046921683558956
2.304692468672539
2.304692738817535
2.304693123608682
2.3046933544833808
2.3046933600247583
2.3046934752470385
2.304693544380409
2.304693585860433
2.304693659727925
2.3046936703562557
2.3046936703562557
2.304693676840619
2.304693699424946
2.3046937129755425
2.3046937211059
2.3046937220137402
2.3046937385583166
2.304693748033011
2.304693748033011
2.3046937490444996
2.304693752595826
2.30469375781531
2.304693764216466
2.304693768057159
2.304693770648687
2.3046937772767544
2.304693780061814
2.3046937835499857
2.304693784880454
2.3046937860957
2.3046937873807667
2.304693788368787
2.304693788961599
2.304693789317287
2.3046937895918
2.30469379040949
2.304693790953993
2.3046937912740724
2.3046937912740724
2.3046937912740724
2.3046937914286447
2.3046937914286447
2.3046937914286447
2.3046937914286447
2.3046937914340746
2.3046937914629213
2.3046937914830963
2.3046937914830963
2.3046937914830963
2.30469379148748
2.30469379148748
2.30469379148748
2.30469379148748
2.30469379148748
2.30469379148748
2.304693791490863
2.304693791490863
2.304693791490863
2.304693791490863
2.3046937914915056
2.304693791492341
2.3046937914928423
2.304693791494313
2.3046937914948957
2.3046937914956636
2.3046937914958923
2.30469379149626
2.3046937914966183
2.304693791496809
2.304693791497027
2.304693791497237
2.304693791497351
2.3046937914975185
2.3046937914975922
2.304693791497636
2.304693791497691
2.304693791497741
2.304693791497772
2.3046937914977934
2.304693791497816
2.3046937914978307
2.3046937914978396
2.304693791497849
2.3046937914978556
2.3046937914978596
2.304693791497863
2.304693791497865
2.3046937914978676
2.304693791497869
2.3046937914978693
2.3046937914978702
2.3046937914978707
2.304693791497871
2.304693791497871
2.3046937914978725
2.3046937914978725
2.3046937914978725
2.3046937914978725
2.3046937914978725
2.3046937914978725
2.3046937914978725
2.3046937914978725
2.3046937914978725
2.3046937914978725
2.3046937914978725
2.3046937914978725
2.3046937914978725
2.3046937914978725
2.3046937914978725
2.3046937914978725
2.3046937914978725
2.3046937914978725
2.3046937914978725
2.3046937914978725
2.3046937914978725
2.3046937914978725
