0.9153289529933664
0.9153289529933664
0.9153289529933664
0.9153289529933664
0.9153289529933664
0.9153289529933664
0.9153289529933664
0.9153289529933664
0.9153289529933664
0.9153289529933664
0.9153289529933664
0.9153289529933664
0.9153289529933664
0.9153289529933664
0.9153289529933664
0.9153289529933664
0.9153289529933664
0.9153289529933664
0.9153289529933664
0.9153289529933664
0.9153289529933664
0.9153289529933664
0.9153289529933664
0.9153289529933664
0.9153289529933664
0.9153289529933664
0.9153289529933664
0.9153289529933664
0.9153289529933664
0.9153289529933664
0.9153289529933664
0.9153289529933664
0.9153289529933664
0.9153289529933664
0.9153289529933664
0.9153289529933664
0.9153289529933664
0.9153289529933664
0.9153289529933664
0.9153289529933664
0.9153289529933664
0.9153289529933664
0.9153289529933664
0.9153289529933664
0.9153291860323749
0.9153291860323749
0.9153291860323749
0.9153291860323749
0.9153291860323749
0.9153291860323749
0.9153291860323749
0.9153291860323749
0.9153299391865896
0.9153299391865896
0.9153299391865896
0.9153352173511085
0.9153352173511085
0.9153352173511085
0.9153352173511085
0.9153352173511085
0.9153372866873497
0.9153385381971034
0.9153392891082757
0.9153398322199997
0.9153400563332859
0.9153406101877738
0.9153406101877738
0.9153406101877738
0.9153406101877738
0.9153407096328341
0.915340825162299
0.915340935757856
0.9153410021152227
0.9153410695189274
0.9153412503898671
0.9153414110496596
0.9153416011490818
0.9153416764930573
0.9153417796391354
0.9153418541437001
0.9153418988464417
0.9153419281489704
0.9153419772063792
0.9153420345006931
0.9153421195070782
0.9153421326686003
0.9153421326686003
0.9153421646739847
0.9153422091372151
0.9153422358088573
0.9153422548938762
0.9153422663448874
0.9153422771064237
0.9153422987538844
0.9153423118780175
0.9153423118780175
0.9153423148997369
0.9153423272855453
0.9153423398253454
0.9153423473492253
0.9153423518635531
0.9153423553151012
0.9153423610463186
0.9153423665965789
0.9153423679071993
0.9153423704660745
0.9153423730717278
0.9153423753694644
0.9153423770694231
0.9153423780893981
0.9153423787804753
0.915342379491198
0.9153423798616549
0.9153423802899838
0.915342380511216
0.9153423808734238
0.9153423810523329
0.9153423811442395
0.9153423812719095
0.9153423813250406
0.9153423814095247
0.9153423814555085
0.9153423814865312
0.9153423815196994
0.9153423815533414
0.9153423815683144
0.915342381570399
0.915342381595996
0.9153423815979462
0.9153423816032501
0.9153423816093967
0.9153423816135583
0.9153423816160553
0.9153423816175534
0.9153423816190597
0.9153423816219552
0.9153423816238357
0.9153423816250743
0.9153423816267551
0.9153423816282267
0.9153423816291534
0.9153423816297213
0.915342381630062
0.9153423816302664
0.9153423816304117
0.9153423816307396
0.9153423816309747
0.9153423816311282
0.9153423816312389
0.9153423816313948
0.915342381631507
0.9153423816315744
0.9153423816316147
0.9153423816316388
0.9153423816316549
0.9153423816316862
0.9153423816317119
0.9153423816317273
0.9153423816317376
0.915342381631752
0.9153423816317615
0.9153423816317672
0.9153423816317715
0.9153423816317784
0.9153423816317826
0.9153423816317852
0.9153423816317879
0.9153423816317903
0.9153423816317917
0.9153423816317926
0.9153423816317935
0.9153423816317942
0.9153423816317946
0.9153423816317949
0.9153423816317952
0.9153423816317954
0.9153423816317955
0.9153423816317956
0.9153423816317956
0.9153423816317957
0.9153423816317957
0.9153423816317957
0.9153423816317957
0.9153423816317957
0.9153423816317957
0.9153423816317957
0.9153423816317957
0.9153423816317957
0.9153423816317957
0.9153423816317957
0.9153423816317957
0.9153423816317957
0.9153423816317957
0.9153423816317957
0.9153423816317957
0.9153423816317957
0.9153423816317957
0.9153423816317957
