1.3556150663810809
1.3556150663810809
1.3556150663810809
1.3556150663810809
1.3556150663810809
1.3556150663810809
1.3556150663810809
1.3556150663810809
1.3556150663810809
1.3556150663810809
1.3556150663810809
1.3556150663810809
1.3556150663810809
1.3556150663810809
1.3556150663810809
1.3556150663810809
1.3556150663810809
1.3556150663810809
1.3556150663810809
1.3556150663810809
1.3556150663810809
1.3556150663810809
1.3556150663810809
1.3556150663810809
1.3556150663810809
1.3556150663810809
1.3556150663810809
1.3556150663810809
1.3556150663810809
1.3556150663810809
1.3556150663810809
1.3556150663810809
1.3556150663810809
1.3556150663810809
1.3556150663810809
1.3556150663810809
1.3556150663810809
1.3556150663810809
1.3556150663810809
1.3556150663810809
1.3556150663810809
1.3556150663810809
1.3556150663810809
1.3556150663810809
1.3556150663810809
1.3556161282594743
1.3556161282594743
1.3556161282594743
1.3556161282594743
1.3556161282594743
1.3556161282594743
1.3556161282594743
1.355616220787595
1.355616220787595
1.355616220787595
1.355616220787595
1.3556167962888979
1.3556167962888979
1.35561687476497
1.3556172682195748
1.355617774030468
1.3556182551438956
1.3556187022668085
1.3556188445014876
1.3556190207391219
1.3556192681448176
1.3556196601308659
1.355619840126911
1.355619980479761
1.3556202036251497
1.3556203968769196
1.3556204984909068
1.3556205594593018
1.3556205963354926
1.3556206315196726
1.3556206780436046
1.3556207087675607
1.355620730165693
1.3556207464637557
1.3556207652540864
1.3556207824482847
1.3556207939782352
1.3556208008962054
1.3556208092541964
1.3556208175378466
1.355620822508752
1.3556208263451486
1.355620829913008
1.3556208321641583
1.3556208335148483
1.3556208345716318
1.3556208358187865
1.355620837177446
1.355620837992642
1.3556208384817592
1.3556208387868158
1.3556208390429947
1.355620839256747
1.3556208393961
1.3556208395186942
1.3556208396080613
1.35562083966394
1.35562083972606
1.3556208397725018
1.3556208398003664
1.355620839820188
1.3556208398417418
1.3556208398620733
1.3556208398765208
1.3556208398860174
1.35562083989921
1.3556208399074166
1.3556208399123402
1.3556208399165217
1.3556208399217906
1.3556208399250858
1.3556208399272514
1.3556208399292016
1.355620839931687
1.3556208399331782
1.355620839934073
1.3556208399350773
1.355620839936054
1.3556208399366447
1.3556208399370175
1.3556208399372416
1.3556208399375294
1.355620839937823
1.355620839937999
1.3556208399381227
1.355620839938304
1.3556208399384133
1.3556208399384801
1.3556208399385268
1.3556208399386092
1.355620839938659
1.3556208399386889
1.3556208399387066
1.355620839938717
1.3556208399387262
1.3556208399387397
1.355620839938748
1.355620839938753
1.3556208399387562
1.3556208399387586
1.3556208399387641
1.3556208399387677
1.35562083993877
1.3556208399387721
1.355620839938776
1.3556208399387784
1.3556208399387797
1.3556208399387806
1.3556208399387808
1.3556208399387826
1.3556208399387835
1.3556208399387843
1.3556208399387846
1.355620839938785
1.3556208399387855
1.355620839938786
1.355620839938786
1.355620839938786
1.3556208399387861
1.3556208399387863
1.3556208399387863
1.3556208399387863
1.3556208399387863
1.3556208399387863
1.3556208399387863
1.3556208399387863
1.3556208399387863
1.3556208399387863
1.3556208399387863
1.3556208399387863
1.3556208399387863
1.3556208399387863
1.3556208399387863
1.3556208399387863
1.3556208399387863
1.3556208399387863
