2.2913536541953428
2.2913536541953428
2.2913536541953428
2.2913536541953428
2.2913536541953428
2.2913536541953428
2.2913536541953428
2.2913536541953428
2.2913536541953428
2.2913536541953428
2.2913536541953428
2.2913536541953428
2.2913536541953428
2.2913536541953428
2.2913536541953428
2.2913536541953428
2.2913536541953428
2.2913536541953428
2.2913536541953428
2.2913536541953428
2.2913536541953428
2.2913536541953428
2.2913536541953428
2.2913536541953428
2.2913536541953428
2.2913536541953428
2.2913536541953428
2.2913536541953428
2.2913536541953428
2.2913536541953428
2.2913536541953428
2.2913536541953428
2.2913536541953428
2.2913536541953428
2.2913536541953428
2.2913536541953428
2.2913536541953428
2.2913536541953428
2.2913536541953428
2.2913536541953428
2.2913536541953428
2.2913787475563265
2.2913818162101047
2.291383657421639
2.2913847621554977
2.2914011083282024
2.291401527084732
2.291404984449348
2.2914070588750377
2.291410151016421
2.291416117752758
2.291424277926918
2.291426137573229
2.291433893639535
2.2914386095941115
2.291441494911587
2.2914437517208324
2.291445105807851
2.291446941668688
2.291449005216291
2.291450243346163
2.291450986224558
2.2914517137560857
2.2914524395211617
2.291452769207968
2.2914532877033515
2.2914535067937916
2.2914538835039475
2.291454044396916
2.291454213572512
2.2914543385401025
2.291454452072005
2.2914545254711722
2.291454572790421
2.29145459833074
2.2914546440300305
2.2914546745128304
2.2914547004200623
2.291454762512778
2.2914547778199053
2.291454804267245
2.291454828024615
2.291454833947244
2.291454838247344
2.2914548521991804
2.2914548584072496
2.291454862713973
2.2914548657947846
2.291454872267064
2.2914548756340807
2.291454879925887
2.2914548810445305
2.291454884031487
2.291454885841065
2.291454886926811
2.29145488766876
2.2914548882587775
2.2914548886691093
2.2914548890470425
2.291454889278306
2.291454889495192
2.291454889648105
2.291454889735686
2.291454889772657
2.291454889867305
2.2914548899480405
2.2914548899987617
2.291454890015105
2.291454890034103
2.29145489004932
2.291454890060644
2.291454890070391
2.2914548900805234
2.2914548900875737
2.2914548900944047
2.2914548900954226
2.291454890100449
2.2914548901019276
2.2914548901056873
2.2914548901084952
2.2914548901101797
2.2914548901113987
2.291454890112581
2.291454890113447
2.291454890114109
2.291454890115042
2.291454890115096
2.2914548901154412
2.29145489011565
2.291454890115858
2.2914548901160443
2.2914548901162157
2.291454890116273
2.291454890116465
2.2914548901165794
2.291454890116652
2.291454890116675
2.291454890116748
2.2914548901167766
2.2914548901167815
2.2914548901167957
2.2914548901168166
2.2914548901168335
2.2914548901168463
2.291454890116856
2.291454890116866
2.2914548901168716
2.2914548901168716
2.2914548901168716
2.2914548901168734
2.2914548901168734
2.2914548901168734
2.2914548901168734
2.2914548901168734
2.2914548901168734
2.2914548901168743
2.2914548901168743
2.2914548901168743
2.2914548901168743
2.2914548901168743
2.2914548901168743
2.2914548901168743
2.2914548901168743
2.2914548901168743
2.2914548901168743
2.2914548901168743
2.2914548901168743
2.2914548901168743
2.2914548901168743
2.2914548901168743
2.2914548901168743
2.2914548901168743
2.2914548901168743
2.2914548901168743
2.2914548901168743
2.2914548901168743
2.2914548901168743
2.2914548901168743
2.2914548901168743
2.2914548901168743
2.2914548901168743
2.2914548901168743
2.2914548901168743
2.2914548901168743
