1.5820803113941815
1.5820803113941815
1.5820803113941815
1.5820803113941815
1.5820803113941815
1.5820803113941815
1.5820803113941815
1.5820803113941815
1.5820803113941815
1.5820803113941815
1.5820803113941815
1.5820803113941815
1.5820803113941815
1.5820803113941815
1.5820803113941815
1.5820803113941815
1.5820803113941815
1.5820803113941815
1.5820803113941815
1.5820803113941815
1.5820803113941815
1.5820803113941815
1.5820803113941815
1.5820803113941815
1.5820803113941815
1.5820803113941815
1.5820803113941815
1.5820803113941815
1.5820803113941815
1.5820803113941815
1.5820803113941815
1.5820803113941815
1.5820803113941815
1.5820803113941815
1.5820803113941815
1.5820803113941815
1.5820803113941815
1.5820803113941815
1.5820803113941815
1.5820803113941815
1.5820803113941815
1.5820803113941815
1.5820803113941815
1.5820803113941815
1.5820803113941815
1.5820803113941815
1.5820803113941815
1.5820803113941815
1.5820803113941815
1.5820803113941815
1.5820803113941815
1.5820803113941815
1.5820803113941815
1.5820803113941815
1.5820803113941815
1.5820803113941815
1.5820803113941815
1.5820803113941815
1.5820804918247622
1.5820804918247622
1.5820804918247622
1.5820840613338265
1.5820840613338265
1.5820840613338265
1.5820840613338265
1.5820840613338265
1.5820846482780682
1.5820852120998778
1.5820852120998778
1.5820853696111739
1.5820855173792328
1.582085606040077
1.5820858297539648
1.5820858348666573
1.5820858379342737
1.5820858397748438
1.5820858470946246
1.582085904610175
1.5820859680441435
1.582086033797359
1.5820860732492887
1.5820861033332447
1.5820861370792652
1.5820861503078318
1.582086162853051
1.5820861730332594
1.5820861793490895
1.5820861847558425
1.582086187999894
1.582086189946325
1.5820861940195685
1.5820861940195685
1.5820861972854363
1.5820861975921832
1.5820861993688922
1.5820862007703302
1.5820862007703302
1.5820862007703302
1.5820862012128598
1.5820862012128598
1.5820862012128598
1.5820862012128598
1.5820862012526777
1.582086201404128
1.582086201404128
1.582086201404128
1.5820862014107249
1.5820862014504853
1.5820862014542083
1.5820862014542083
1.5820862014542083
1.582086201457192
1.582086201457192
1.582086201465029
1.582086201465029
1.582086201465029
1.582086201465029
1.582086201465029
1.582086201465029
1.582086201465029
1.582086201465029
1.582086201465029
1.582086201465029
1.582086201465029
1.5820862014657842
1.5820862014657842
1.582086201465928
1.5820862014659731
1.582086201466386
1.582086201466386
1.582086201466386
1.582086201466386
1.5820862014665236
1.5820862014665236
1.5820862014665236
1.5820862014665302
1.5820862014665302
1.5820862014665746
1.5820862014666301
1.582086201466795
1.582086201466795
1.5820862014668637
1.5820862014668968
1.582086201466901
1.582086201466934
1.5820862014669368
1.5820862014669472
1.5820862014669643
1.5820862014669745
1.5820862014669805
1.5820862014669854
1.5820862014669965
1.5820862014670007
1.5820862014670047
1.582086201467008
1.5820862014670096
1.5820862014670107
1.5820862014670127
1.5820862014670132
1.582086201467014
1.5820862014670152
1.5820862014670156
1.582086201467016
1.5820862014670163
1.5820862014670165
1.582086201467017
1.582086201467017
1.5820862014670172
1.5820862014670176
1.5820862014670176
1.5820862014670178
1.5820862014670178
1.5820862014670178
1.5820862014670178
1.5820862014670178
1.5820862014670178
1.5820862014670178
1.5820862014670178
1.5820862014670178
1.5820862014670178
1.5820862014670178
1.5820862014670178
1.5820862014670178
1.5820862014670178
1.5820862014670178
