1.8917321814048664
1.8917321814048664
1.8917321814048664
1.8917321814048664
1.8917321814048664
1.8917321814048664
1.8917321814048664
1.8917321814048664
1.8917321814048664
1.8917321814048664
1.8917321814048664
1.8917321814048664
1.8917321814048664
1.8917321814048664
1.8917321814048664
1.8917321814048664
1.8917321814048664
1.8917321814048664
1.8917321814048664
1.8917321814048664
1.8917321814048664
1.8917321814048664
1.8917321814048664
1.8917321814048664
1.8917321814048664
1.8917321814048664
1.8917321814048664
1.8917321814048664
1.8917321814048664
1.8917321814048664
1.8917321814048664
1.8917321814048664
1.8917321814048664
1.8917321814048664
1.8917321814048664
1.8917321814048664
1.8917321814048664
1.8917321814048664
1.8917321814048664
1.8917321814048664
1.8917321814048664
1.8917321814048664
1.8917321814048664
1.8917321814048664
1.8917321814048664
1.8917321814048664
1.8917321814048664
1.8917321814048664
1.8917321814048664
1.8917321814048664
1.8917321814048664
1.8917321814048664
1.8917321814048664
1.8917321814048664
1.8917321814048664
1.891732529636979
1.8917342106116477
1.8917342106116477
1.8917342106116477
1.8917352923974313
1.8917352923974313
1.8917352923974313
1.8917352923974313
1.891735421518555
1.8917355113470287
1.89173565701877
1.8917357865227622
1.8917359960780105
1.8917360236979592
1.8917360880019116
1.8917361740754723
1.8917361740754723
1.891736240391635
1.891736344218502
1.8917364926293676
1.8917365871053944
1.8917366205119492
1.891736704644791
1.8917367996722105
1.8917367996722105
1.8917367996722105
1.8917368141744282
1.8917368286380345
1.8917368371620722
1.891736842340649
1.8917368454477954
1.8917368523766012
1.8917368552193015
1.891736859448381
1.8917368635853509
1.8917368650071378
1.89173686586021
1.8917368668453791
1.8917368679104005
1.891736868787755
1.8917368695288228
1.8917368695288228
1.8917368698286587
1.8917368707147937
1.8917368707147937
1.8917368710501101
1.8917368710501101
1.8917368712093916
1.8917368713400573
1.8917368714502463
1.8917368715481588
1.8917368716069063
1.8917368717709242
1.8917368718141323
1.8917368718840137
1.8917368719089223
1.8917368719202339
1.8917368719202339
1.8917368719202339
1.8917368719374368
1.8917368719374368
1.8917368719374368
1.8917368719374368
1.8917368719412357
1.8917368719452827
1.8917368719456806
1.8917368719456806
1.8917368719478955
1.8917368719478955
1.8917368719478955
1.8917368719478955
1.8917368719478955
1.8917368719479246
1.8917368719483192
1.891736871948606
1.8917368719487158
1.8917368719487158
1.8917368719487158
1.8917368719488592
1.8917368719488643
1.891736871948867
1.8917368719488763
1.8917368719488927
1.8917368719489154
1.8917368719489285
1.8917368719489367
1.8917368719489414
1.8917368719489458
1.891736871948982
1.8917368719490055
1.8917368719490197
1.891736871949032
1.8917368719490584
1.8917368719490744
1.891736871949082
1.8917368719490857
1.8917368719490937
1.8917368719491003
1.8917368719491041
1.8917368719491099
1.8917368719491108
1.8917368719491174
1.8917368719491217
1.891736871949125
1.891736871949128
1.891736871949133
1.8917368719491345
1.8917368719491352
1.8917368719491365
1.8917368719491379
1.8917368719491388
1.8917368719491394
1.8917368719491396
1.89173687194914
1.8917368719491403
1.8917368719491405
1.8917368719491405
1.8917368719491408
1.8917368719491408
1.8917368719491408
1.8917368719491408
1.8917368719491408
1.8917368719491408
1.8917368719491408
1.8917368719491408
1.8917368719491408
1.8917368719491408
