2.2732307093577093
2.2732307093577093
2.2732307093577093
2.2732307093577093
2.2732307093577093
2.2732307093577093
2.2732307093577093
2.2732307093577093
2.2732307093577093
2.2732307093577093
2.2732307093577093
2.2732307093577093
2.2732307093577093
2.2732307093577093
2.2732307093577093
2.2732307093577093
2.2732307093577093
2.2732307093577093
2.2732307093577093
2.2732307093577093
2.2732307093577093
2.2732307093577093
2.2732307093577093
2.2732307093577093
2.2732307093577093
2.2732307093577093
2.2732307093577093
2.2732307093577093
2.2732307093577093
2.2732307093577093
2.2732307093577093
2.2732307093577093
2.2732307093577093
2.2732307093577093
2.2732307093577093
2.2732307093577093
2.2732307093577093
2.2732307093577093
2.2732307093577093
2.2732307093577093
2.2732307093577093
2.2732307093577093
2.2732307093577093
2.2732557953406323
2.2732557953406323
2.2732557953406323
2.273314104782522
2.273314104782522
2.273314104782522
2.273314104782522
2.2733320455392305
2.2733320455392305
2.2733320455392305
2.2733416812369165
2.2733416812369165
2.2733474842762846
2.273351482373047
2.273355048344436
2.2733552535195187
2.2733578828020695
2.273359490469683
2.2733604550704385
2.2733610338309593
2.2733618100286073
2.273362524238719
2.2733628905279333
2.2733633299716485
2.273363718375048
2.2733639514171013
2.2733641624299117
2.273364344818187
2.273364461669514
2.273364589228555
2.273364714124138
2.273364791220825
2.2733648374788378
2.273364865233645
2.273364881886531
2.2733649005545837
2.2733649593809444
2.273364998174437
2.273365022658198
2.273365039121333
2.273365069942902
2.273365088445651
2.273365099259873
2.273365099259873
2.273365110484257
2.2733651135023463
2.273365116380477
2.2733651187077606
2.2733651187443105
2.273365119059735
2.2733651204492373
2.2733651217332254
2.273365122503619
2.2733651229658545
2.273365123281198
2.273365124186598
2.2733651247625115
2.273365125140692
2.273365125446799
2.2733651255420946
2.2733651255420946
2.2733651255420946
2.2733651255420946
2.273365125588614
2.273365125588614
2.273365125588614
2.2733651256002867
2.273365125649137
2.2733651256749092
2.2733651256749092
2.2733651256749092
2.2733651256749092
2.2733651256867344
2.2733651256869223
2.2733651256869223
2.2733651256869223
2.273365125688217
2.2733651256894616
2.2733651256897933
2.2733651256911713
2.273365125691668
2.2733651256922744
2.2733651256925262
2.273365125692941
2.2733651256932537
2.273365125693601
2.27336512569381
2.273365125693936
2.273365125694135
2.2733651256943688
2.273365125694469
2.2733651256945753
2.273365125694674
2.273365125694762
2.2733651256948026
2.2733651256948417
2.273365125694886
2.273365125694922
2.2733651256949394
2.273365125694947
2.273365125694965
2.2733651256949834
2.273365125694991
2.273365125694999
2.273365125695003
2.273365125695013
2.2733651256950216
2.2733651256950265
2.27336512569503
2.273365125695032
2.2733651256950322
2.273365125695034
2.2733651256950345
2.2733651256950353
2.273365125695036
2.273365125695036
2.2733651256950367
2.2733651256950367
2.2733651256950367
2.2733651256950367
2.2733651256950367
2.2733651256950367
2.2733651256950367
2.2733651256950367
2.2733651256950367
2.2733651256950367
2.2733651256950367
2.2733651256950367
2.2733651256950367
2.2733651256950367
2.2733651256950367
2.2733651256950367
2.2733651256950367
2.2733651256950367
2.2733651256950367
2.2733651256950367
2.2733651256950367
2.2733651256950367
2.2733651256950367
2.2733651256950367
2.2733651256950367
2.2733651256950367
2.2733651256950367
2.2733651256950367
