2.0481847270576923
2.0481847270576923
2.0481847270576923
2.0481847270576923
2.0481847270576923
2.0481847270576923
2.0481847270576923
2.0481847270576923
2.0481847270576923
2.0481847270576923
2.0481847270576923
2.0481847270576923
2.0481847270576923
2.0481847270576923
2.0481847270576923
2.0481847270576923
2.0481847270576923
2.0481847270576923
2.0481847270576923
2.0481847270576923
2.0481847270576923
2.0481847270576923
2.0481847270576923
2.0481847270576923
2.0481847270576923
2.0481847270576923
2.0481847270576923
2.0481847270576923
2.0481847270576923
2.0481847270576923
2.0481847270576923
2.0481847270576923
2.0481847270576923
2.0481847270576923
2.0481847270576923
2.0481847270576923
2.0481847270576923
2.0481847270576923
2.0481847270576923
2.0481847270576923
2.0481847270576923
2.0481847270576923
2.0481847270576923
2.0481847270576923
2.0481847270576923
2.0481847270576923
2.0481847270576923
2.0481847270576923
2.0481847270576923
2.0481847270576923
2.0481847270576923
2.0481847270576923
2.0481847270576923
2.0481847270576923
2.0481847270576923
2.0481847270576923
2.0481847270576923
2.0481847270576923
2.0481847270576923
2.0481847270576923
2.0481847270576923
2.0481847270576923
2.0481847270576923
2.0481847270576923
2.0481847270576923
2.0481847270576923
2.0481855475276083
2.0481862000231463
2.0481862000231463
2.048188187328749
2.048188187328749
2.0481892641057966
2.0481903104291144
2.048191008001361
2.0481917346806777
2.048192353519522
2.0481928961679525
2.0481934057656868
2.048193595154584
2.048194043338418
2.0481944742274023
2.048194801862948
2.0481949780578583
2.0481952386821423
2.0481954867980288
2.048195639583012
2.0481957312540104
2.0481958609452824
2.048195993770238
2.0481960751174086
2.048196125013753
2.048196180773548
2.0481962309096016
2.0481962646036047
2.0481962913950884
2.048196319831736
2.048196339124078
2.0481963510243126
2.0481963643715546
2.0481963754072288
2.048196382028632
2.0481963860014747
2.0481963892985036
2.048196396343713
2.0481964006550433
2.048196403284691
2.0481964048624803
2.0481964062382265
2.048196409843094
2.048196412006014
2.0481964133037667
2.0481964151568697
2.0481964168816003
2.048196417916439
2.0481964185373425
2.048196418909885
2.0481964191729354
2.048196419687899
2.048196419996877
2.048196420182264
2.048196420293496
2.048196420365937
2.048196420466608
2.048196420527905
2.048196420564683
2.048196420606514
2.0481964206361796
2.0481964206539796
2.0481964206646595
2.048196420671451
2.048196420679815
2.0481964206851297
2.0481964206883188
2.0481964206908754
2.0481964206950147
2.0481964206974985
2.048196420698989
2.048196420699883
2.0481964207013608
2.0481964207025634
2.0481964207032846
2.0481964207037175
2.0481964207039773
2.048196420704133
2.048196420704616
2.0481964207049175
2.048196420705098
2.0481964207052066
2.048196420705366
2.048196420705504
2.048196420705587
2.048196420705637
2.0481964207056667
2.04819642070574
2.0481964207057954
2.0481964207058283
2.048196420705848
2.0481964207058603
2.0481964207059087
2.048196420705942
2.048196420705962
2.0481964207059877
2.048196420706008
2.0481964207060206
2.048196420706028
2.048196420706033
2.0481964207060352
2.0481964207060384
2.048196420706042
2.0481964207060432
2.048196420706044
2.048196420706045
2.048196420706047
2.0481964207060477
2.0481964207060477
2.0481964207060486
2.0481964207060495
2.0481964207060495
2.0481964207060495
2.0481964207060495
2.0481964207060503
2.0481964207060503
2.0481964207060503
2.0481964207060503
2.0481964207060503
2.0481964207060503
2.0481964207060503
2.0481964207060503
2.0481964207060503
2.0481964207060503
2.0481964207060503
2.0481964207060503
2.0481964207060503
2.0481964207060503
2.0481964207060503
2.0481964207060503
2.0481964207060503
2.0481964207060503
2.0481964207060503
