3.5110863346977057
3.5110863346977057
3.5110863346977057
3.5110863346977057
3.5110863346977057
3.5110863346977057
3.5110863346977057
3.5110863346977057
3.5110863346977057
3.5110863346977057
3.5110863346977057
3.5110863346977057
3.5110863346977057
3.5110863346977057
3.5110863346977057
3.5110863346977057
3.5110863346977057
3.5110863346977057
3.5110863346977057
3.5110863346977057
3.5110863346977057
3.5110863346977057
3.5110863346977057
3.5110863346977057
3.5110863346977057
3.5110863346977057
3.5110863346977057
3.5110863346977057
3.5110863346977057
3.5110863346977057
3.5110863346977057
3.5110863346977057
3.5110863346977057
3.5110863346977057
3.5110863346977057
3.5110863346977057
3.5110863346977057
3.5110863346977057
3.5110863346977057
3.5110863346977057
3.5110863346977057
3.5110863346977057
3.5110863346977057
3.5110863346977057
3.5110863346977057
3.5110863346977057
3.5110863346977057
3.5110863346977057
3.5110863346977057
3.5110863346977057
3.5110863346977057
3.5110863346977057
3.5110863346977057
3.5110870487290735
3.5110870487290735
3.5110888873146915
3.511089237239867
3.511089237239867
3.511089307320117
3.5110915526115036
3.5110937499394375
3.51109506833682
3.511095859375471
3.511096440957535
3.511097176224453
3.511098440745324
3.5110993450061216
3.5110998428409483
3.511100395871939
3.511101007205175
3.5111012817473917
3.5111016343615375
3.5111017742455783
3.5111020212111574
3.5111022434784904
3.511102357087167
3.5111024538952544
3.5111025125151314
3.5111026245631436
3.5111027333848455
3.511102798677867
3.5111028378536817
3.5111028613591695
3.5111028982272323
3.5111029332462964
3.5111029554210402
3.5111029687258872
3.5111029767087936
3.5111029814985386
3.5111029852775553
3.5111029892759906
3.5111029944776315
3.511102997598614
3.5111029994712055
3.5111030007420596
3.51110300177678
3.511103003717514
3.511103004991637
3.5111030058289225
3.511103006331293
3.511103006632715
3.511103006928874
3.511103007233758
3.511103007478482
3.511103007678918
3.511103007807235
3.5111030078842274
3.511103007930423
3.511103007989679
3.5111030080428955
3.5111030080900156
3.511103008121926
3.511103008148927
3.5111030081738828
3.511103008190593
3.5111030082020003
3.5111030082111268
3.511103008217132
3.5111030082221073
3.5111030082261743
3.51110300822884
3.5111030082304415
3.5111030082314
3.5111030082321886
3.511103008233278
3.511103008234296
3.5111030082350667
3.511103008235529
3.5111030082358043
3.5111030082359713
3.511103008236289
3.5111030082365517
3.5111030082367183
3.5111030082368795
3.5111030082370083
3.511103008237084
3.51110300823713
3.5111030082371766
3.511103008237241
3.5111030082372827
3.5111030082373076
3.511103008237324
3.5111030082373382
3.5111030082373507
3.511103008237358
3.5111030082373635
3.5111030082373698
3.5111030082373764
3.5111030082373786
3.5111030082373818
3.511103008237385
3.511103008237388
3.511103008237388
3.5111030082373897
3.5111030082373897
3.5111030082373906
3.511103008237392
3.511103008237393
3.511103008237393
3.511103008237393
3.511103008237393
3.511103008237393
3.511103008237393
3.511103008237393
3.511103008237393
3.511103008237393
3.511103008237393
3.511103008237393
3.511103008237393
3.511103008237393
3.511103008237393
3.511103008237393
3.511103008237393
3.511103008237393
3.511103008237393
3.511103008237393
3.511103008237393
3.511103008237393
3.511103008237393
3.511103008237393
3.511103008237393
3.511103008237393
3.511103008237393
3.511103008237393
3.511103008237393
3.511103008237393
