1.887451491187241
1.887451491187241
1.887451491187241
1.887451491187241
1.887451491187241
1.887451491187241
1.887451491187241
1.887451491187241
1.887451491187241
1.887451491187241
1.887451491187241
1.887451491187241
1.887451491187241
1.887451491187241
1.887451491187241
1.887451491187241
1.887451491187241
1.887451491187241
1.887451491187241
1.887451491187241
1.887451491187241
1.887451491187241
1.887451491187241
1.887451491187241
1.887451491187241
1.887451491187241
1.887451491187241
1.887451491187241
1.887451491187241
1.887451491187241
1.887451491187241
1.887451491187241
1.887451491187241
1.887451491187241
1.887451491187241
1.887451491187241
1.887451491187241
1.887451491187241
1.887451491187241
1.887451491187241
1.887451491187241
1.887451491187241
1.887451491187241
1.887451491187241
1.887451491187241
1.887451491187241
1.887451491187241
1.887451491187241
1.887451491187241
1.887451491187241
1.887451491187241
1.887451491187241
1.887451491187241
1.8874526113718135
1.8874526113718135
1.8874526113718135
1.8874526113718135
1.8874532513543847
1.8874544207564192
1.8874565076762342
1.8874571407656429
1.8874578935690778
1.887459105767632
1.8874598330867756
1.8874603365440388
1.8874607151947684
1.8874611356950137
1.8874615665088985
1.8874618188864012
1.8874623334328766
1.8874626421607628
1.8874626421607628
1.8874627532755976
1.887462862678246
1.887463029751405
1.8874631043766958
1.8874631491518699
1.8874631760169742
1.8874632611082462
1.8874633370323046
1.8874633825867393
1.8874634099193999
1.887463444955974
1.8874634774912207
1.8874634868176317
1.8874634868176317
1.8874634978309937
1.8874635029799047
1.8874635077019482
1.8874635105351745
1.8874635122351098
1.887463520166391
1.8874635273535396
1.887463533048219
1.8874635364650263
1.8874635389029912
1.8874635416979422
1.8874635438357832
1.8874635451184878
1.8874635458881104
1.887463546571902
1.8874635471720502
1.8874635475321386
1.8874635479553565
1.8874635479553565
1.8874635480085407
1.8874635481457218
1.8874635482458644
1.8874635483059499
1.8874635483420015
1.887463548388802
1.8874635484152376
1.887463548449415
1.8874635484834845
1.887463548507277
1.8874635485190905
1.887463548532176
1.887463548544496
1.8874635485550881
1.8874635485626938
1.887463548571964
1.8874635485784461
1.8874635485825444
1.8874635485853444
1.8874635485870253
1.8874635485880333
1.8874635485895288
1.8874635485919413
1.887463548593389
1.8874635485942572
1.8874635485949787
1.8874635485960571
1.887463548596745
1.8874635485971574
1.8874635485974054
1.887463548597726
1.8874635485979907
1.8874635485981501
1.8874635485982503
1.8874635485983933
1.887463548598491
1.8874635485985496
1.8874635485985847
1.8874635485986497
1.8874635485986972
1.887463548598726
1.887463548598743
1.8874635485987532
1.8874635485987723
1.8874635485988038
1.8874635485988227
1.8874635485988345
1.8874635485988482
1.8874635485988625
1.887463548598872
1.8874635485988769
1.8874635485988802
1.8874635485988853
1.8874635485988918
1.887463548598895
1.8874635485988975
1.8874635485988986
1.8874635485989002
1.8874635485989033
1.8874635485989046
1.8874635485989055
1.8874635485989064
1.887463548598907
1.887463548598908
1.8874635485989086
1.8874635485989089
1.8874635485989093
1.8874635485989095
1.8874635485989102
1.8874635485989102
1.8874635485989104
1.8874635485989106
1.8874635485989106
1.8874635485989106
1.8874635485989106
1.8874635485989106
1.8874635485989106
1.8874635485989106
1.8874635485989106
1.8874635485989106
1.8874635485989106
