1.3973792180826143
1.3973792180826143
1.3973792180826143
1.3973792180826143
1.3973792180826143
1.3973792180826143
1.3973792180826143
1.3973792180826143
1.3973792180826143
1.3973792180826143
1.3973792180826143
1.3973792180826143
1.3973792180826143
1.3973792180826143
1.3973792180826143
1.3973792180826143
1.3973792180826143
1.3973792180826143
1.3973792180826143
1.3973792180826143
1.3973792180826143
1.3973792180826143
1.3973792180826143
1.3973792180826143
1.3973792180826143
1.3973792180826143
1.3973792180826143
1.3973792180826143
1.3973792180826143
1.3973792180826143
1.3973792180826143
1.3973792180826143
1.3973792180826143
1.3973792180826143
1.3973792180826143
1.3973792180826143
1.3973792180826143
1.3973792180826143
1.3973792180826143
1.3973792180826143
1.3973792180826143
1.3973792180826143
1.3973792180826143
1.3973792180826143
1.3973792180826143
1.3973792180826143
1.3973792180826143
1.3973792180826143
1.3973792180826143
1.3973792180826143
1.3973792180826143
1.3973792180826143
1.3973792180826143
1.3973792180826143
1.3973792180826143
1.3973792180826143
1.3973792180826143
1.3973792180826143
1.3973792180826143
1.3973792180826143
1.397380187554146
1.397380187554146
1.397380187554146
1.397380187554146
1.3973816474009753
1.3973835715477916
1.3973847260369219
1.3973855484118263
1.397385923523035
1.3973872382251813
1.397388058807133
1.3973885586325965
1.3973892150674008
1.39738993854233
1.3973903806131012
1.3973906458555696
1.3973910018163544
1.3973912775826929
1.3973915265213017
1.3973916089596656
1.3973917215241225
1.3973918276878903
1.397391884058873
1.397391938439756
1.3973919717002194
1.3973920054938411
1.397392029767892
1.3973920474674628
1.3973920511217086
1.397392064244728
1.3973920722321813
1.3973920798784059
1.3973920850079462
1.397392088514093
1.3973920904929606
1.3973920939865523
1.3973920949709393
1.397392096375679
1.397392097246081
1.3973920983551675
1.397392099045379
1.3973920994345852
1.397392099866736
1.3973921000694958
1.3973921004441847
1.3973921005824257
1.3973921007427288
1.397392100940836
1.3973921010092187
1.3973921010770365
1.3973921011234607
1.397392101159226
1.3973921011806854
1.397392101202349
1.3973921012124473
1.3973921012216715
1.3973921012305912
1.3973921012358963
1.3973921012474257
1.3973921012494417
1.3973921012558355
1.3973921012610087
1.3973921012649337
1.3973921012666841
1.397392101267999
1.3973921012694739
1.3973921012705426
1.397392101271205
1.3973921012718862
1.3973921012722956
1.39739210127258
1.3973921012731738
1.3973921012733685
1.3973921012736594
1.3973921012736594
1.3973921012737982
1.3973921012739112
1.397392101273941
1.39739210127396
1.3973921012739707
1.3973921012740018
1.3973921012740782
1.3973921012741013
1.3973921012741293
1.3973921012741397
1.3973921012741504
1.3973921012741646
1.3973921012741692
1.3973921012741692
1.3973921012741728
1.3973921012741786
1.3973921012741821
1.3973921012741841
1.3973921012741888
1.3973921012741946
1.3973921012741954
1.3973921012741968
1.3973921012741968
1.3973921012741983
1.3973921012741988
1.3973921012741988
1.3973921012741988
1.3973921012741988
1.3973921012741994
1.3973921012741994
1.3973921012741994
1.3973921012741994
1.3973921012741994
1.3973921012741994
1.3973921012741994
1.3973921012741994
1.3973921012741994
1.3973921012741994
1.3973921012741994
1.3973921012741994
1.3973921012741994
1.3973921012741994
1.3973921012741994
1.3973921012741994
1.3973921012741994
1.3973921012741994
1.3973921012741994
1.3973921012741994
1.3973921012741994
1.3973921012741994
1.3973921012741994
1.3973921012741994
1.3973921012741994
1.3973921012741994
