2.0245978747269477
2.0245978747269477
2.0245978747269477
2.0245978747269477
2.0245978747269477
2.0245978747269477
2.0245978747269477
2.0245978747269477
2.0245978747269477
2.0245978747269477
2.0245978747269477
2.0245978747269477
2.0245978747269477
2.0245978747269477
2.0245978747269477
2.0245978747269477
2.0245978747269477
2.0245978747269477
2.0245978747269477
2.0245978747269477
2.0245978747269477
2.0245978747269477
2.0245978747269477
2.0245978747269477
2.0245978747269477
2.0245978747269477
2.0245978747269477
2.0245978747269477
2.0245978747269477
2.0245978747269477
2.0245978747269477
2.0245978747269477
2.0245978747269477
2.0245978747269477
2.0245978747269477
2.0245978747269477
2.0245978747269477
2.0245978747269477
2.0245978747269477
2.0245978747269477
2.0245978747269477
2.0245978747269477
2.0245978747269477
2.0245978747269477
2.0245978747269477
2.0245978747269477
2.0245978747269477
2.0245978747269477
2.0245978747269477
2.0245978747269477
2.0245978747269477
2.0245978747269477
2.0245978747269477
2.0245978747269477
2.0245978747269477
2.0245978747269477
2.0245978747269477
2.0245978747269477
2.0245978747269477
2.0245978747269477
2.024599114110048
2.024601383644822
2.024602745365157
2.0246035623971665
2.0246042169172354
2.0246042169172354
2.0246055520421793
2.024606506046195
2.0246075417873404
2.0246082506043606
2.0246087750397836
2.0246095727767717
2.0246100440126433
2.0246102046265344
2.024610494597767
2.0246106735748515
2.0246107456858518
2.024610897370387
2.024611009216654
2.0246110763244105
2.0246111807032836
2.0246112624621446
2.024611328968608
2.024611367229096
2.0246114079892576
2.02461142333239
2.0246114389508603
2.0246114505899766
2.0246114652592615
2.0246114754531184
2.024611481569433
2.024611485239222
2.0246114894826683
2.024611495341615
2.0246114987553736
2.0246114987553736
2.024611500954397
2.024611502710689
2.024611503215968
2.024611503624253
2.0246115043432815
2.0246115048680795
2.0246115050700464
2.0246115052193274
2.024611505423564
2.024611505567977
2.0246115055992164
2.024611505673276
2.024611505736905
2.0246115057750824
2.0246115058153547
2.02461150584618
2.024611505852634
2.024611505869588
2.02461150587976
2.024611505886778
2.024611505893848
2.024611505898088
2.024611505900633
2.0246115059144785
2.0246115059237577
2.0246115059293257
2.0246115059369996
2.0246115059448337
2.02461150594973
2.024611505952776
2.0246115059566363
2.0246115059598844
2.024611505961833
2.0246115059630023
2.024611505963704
2.024611505964677
2.024611505965496
2.024611505966016
2.0246115059664116
2.0246115059669263
2.024611505967235
2.024611505967421
2.0246115059675858
2.024611505967754
2.02461150596786
2.0246115059679237
2.0246115059679624
2.024611505967999
2.0246115059680276
2.024611505968044
2.0246115059680543
2.0246115059680623
2.0246115059680703
2.0246115059680756
2.0246115059680796
2.024611505968082
2.024611505968084
2.0246115059680854
2.0246115059680863
2.0246115059680876
2.024611505968088
2.0246115059680885
2.0246115059680885
2.024611505968089
2.0246115059680894
2.0246115059680894
2.02461150596809
2.0246115059680903
2.0246115059680903
2.0246115059680903
2.0246115059680903
2.0246115059680903
2.0246115059680903
2.0246115059680903
2.0246115059680903
2.0246115059680903
2.0246115059680903
2.0246115059680903
2.0246115059680903
2.0246115059680903
2.0246115059680903
2.0246115059680903
2.0246115059680903
2.0246115059680903
2.0246115059680903
2.0246115059680903
2.0246115059680903
2.0246115059680903
2.0246115059680903
2.0246115059680903
2.0246115059680903
2.0246115059680903
2.0246115059680903
