2.0825861357512077
2.0825861357512077
2.0825861357512077
2.0825861357512077
2.0825861357512077
2.0825861357512077
2.0825861357512077
2.0825861357512077
2.0825861357512077
2.0825861357512077
2.0825861357512077
2.0825861357512077
2.0825861357512077
2.0825861357512077
2.0825861357512077
2.0825861357512077
2.0825861357512077
2.0825861357512077
2.0825861357512077
2.0825861357512077
2.0825861357512077
2.0825861357512077
2.0825861357512077
2.0825861357512077
2.0825861357512077
2.0825861357512077
2.0825861357512077
2.0825861357512077
2.0825861357512077
2.0825861357512077
2.0825861357512077
2.0825861357512077
2.0825861357512077
2.0825861357512077
2.0825861357512077
2.0825861357512077
2.0825861357512077
2.0825861357512077
2.0825861357512077
2.0825861357512077
2.0825861357512077
2.0825861357512077
2.0825861357512077
2.0825861357512077
2.0825861357512077
2.0825861357512077
2.0825861357512077
2.0825861357512077
2.0825861357512077
2.0825861357512077
2.0825861357512077
2.0825861357512077
2.0825861357512077
2.0825861357512077
2.0825861357512077
2.0825861357512077
2.0825861357512077
2.0825872455444334
2.0825872455444334
2.0825872455444334
2.0825872455444334
2.0825876604910247
2.0825876604910247
2.082587666529879
2.0825877668221846
2.082588171971899
2.0825884667967216
2.0825888991176535
2.0825889887611306
2.0825891327655808
2.0825891652297863
2.082589180858281
2.082589426426857
2.0825894512936833
2.0825895505040237
2.0825896212222763
2.082589709156755
2.082589752933325
2.082589770684611
2.0825897708094665
2.0825898010557626
2.082589816580838
2.08258983734457
2.0825898388066824
2.0825898502461335
2.082589854840656
2.082589861833803
2.0825898620435046
2.0825898633432103
2.082589864123033
2.0825898704430172
2.0825898704430172
2.0825898704430172
2.0825898718795606
2.0825898728066643
2.0825898728066643
2.0825898728066643
2.0825898735623993
2.0825898735623993
2.0825898735623993
2.082589874060181
2.082589874231273
2.082589874231273
2.082589874231273
2.082589874231273
2.0825898743308753
2.0825898743308753
2.0825898743308753
2.0825898743308753
2.0825898743931117
2.0825898743931117
2.0825898743931117
2.0825898743931117
2.0825898743934075
2.082589874395638
2.082589874395638
2.082589874395638
2.0825898744022675
2.0825898744131903
2.082589874418133
2.082589874418133
2.0825898744206786
2.0825898744225757
2.082589874426191
2.0825898744262665
2.082589874427636
2.0825898744290683
2.0825898744300164
2.082589874430749
2.082589874431189
2.0825898744313567
2.082589874432085
2.082589874432523
2.0825898744327853
2.0825898744331837
2.082589874433227
2.082589874433339
2.0825898744336255
2.082589874433833
2.082589874433957
2.0825898744342064
2.0825898744343925
2.0825898744343965
2.082589874434469
2.082589874434512
2.0825898744345372
2.0825898744346096
2.0825898744346203
2.0825898744346545
2.082589874434685
2.0825898744347002
2.082589874434726
2.0825898744347433
2.0825898744347535
2.08258987443476
2.0825898744347664
2.0825898744347704
2.082589874434776
2.082589874434776
2.0825898744347797
2.082589874434782
2.0825898744347833
2.082589874434785
2.082589874434788
2.0825898744347904
2.0825898744347913
2.0825898744347913
2.0825898744347913
2.0825898744347926
2.0825898744347926
2.0825898744347926
2.0825898744347926
2.0825898744347926
2.0825898744347926
2.0825898744347926
2.0825898744347926
2.0825898744347926
2.0825898744347926
2.0825898744347926
2.0825898744347926
2.0825898744347926
2.0825898744347926
2.0825898744347926
2.0825898744347926
