2.263264188563199
2.263264188563199
2.263264188563199
2.263264188563199
2.263264188563199
2.263264188563199
2.263264188563199
2.263264188563199
2.263264188563199
2.263264188563199
2.263264188563199
2.263264188563199
2.263264188563199
2.263264188563199
2.263264188563199
2.263264188563199
2.263264188563199
2.263264188563199
2.263264188563199
2.263264188563199
2.263264188563199
2.263264188563199
2.263264188563199
2.263264188563199
2.263264188563199
2.263264188563199
2.263264188563199
2.263264188563199
2.263264188563199
2.263264188563199
2.263264188563199
2.263264188563199
2.263264188563199
2.263264188563199
2.263264188563199
2.263264188563199
2.263264188563199
2.263264188563199
2.263264188563199
2.263264188563199
2.263264188563199
2.263264188563199
2.263264188563199
2.263264188563199
2.263264188563199
2.263287679556535
2.2633064915550483
2.2633177776873166
2.2633245489826166
2.2633286116215343
2.263343492016919
2.263343492016919
2.2633490071557523
2.2633519898111456
2.263354862740499
2.2633593904885845
2.2633658087123822
2.263371371165163
2.2633747086247826
2.263377081807967
2.263380626799271
2.263383311578635
2.2633848240648176
2.263385731556225
2.263386276050961
2.2633866781672505
2.263387653577779
2.263388704575985
2.263389339757669
2.263389720866705
2.2633899517969263
2.26339008679155
2.2633902346988206
2.263390611144378
2.26339086693745
2.2633910233400685
2.263391236840357
2.263391400414258
2.2633914985585974
2.2633915574452
2.263391592777162
2.263391614061051
2.2633916893554455
2.263391737128937
2.26339176589812
2.2633917836326782
2.2633918002126086
2.2633918204608463
2.2633918326097886
2.2633918398991537
2.2633918442834986
2.263391852099472
2.2633918570669946
2.2633918600626415
2.263391861894635
2.2633918629938314
2.2633918636533497
2.263391864291842
2.2633918652053953
2.2633918657535275
2.2633918660832335
2.2633918663771846
2.263391866708884
2.2633918669165864
2.2633918670560784
2.2633918672575115
2.263391867378973
2.2633918674518494
2.2633918674955753
2.26339186752185
2.2633918675859275
2.263391867630151
2.2633918676569156
2.2633918676729743
2.2633918676837874
2.263391867697297
2.2633918677055513
2.263391867710504
2.2633918677134757
2.2633918677152587
2.2633918677163285
2.2633918677184717
2.2633918677203995
2.2633918677215554
2.2633918677222726
2.2633918677237412
2.2633918677247644
2.263391867725378
2.2633918677259115
2.2633918677267206
2.263391867727206
2.2633918677274973
2.2633918677276723
2.2633918677279774
2.2633918677282083
2.2633918677283464
2.26339186772843
2.2633918677284797
2.263391867728558
2.2633918677286164
2.263391867728651
2.2633918677286795
2.263391867728713
2.263391867728733
2.2633918677287452
2.2633918677287523
2.26339186772876
2.263391867728767
2.263391867728771
2.2633918677287728
2.2633918677287745
2.2633918677287754
2.2633918677287763
2.263391867728778
2.263391867728779
2.2633918677287794
2.26339186772878
2.26339186772878
2.263391867728781
2.2633918677287816
2.2633918677287816
2.2633918677287825
2.2633918677287825
2.2633918677287825
2.2633918677287825
2.2633918677287825
2.2633918677287825
2.2633918677287825
2.2633918677287825
2.2633918677287825
2.2633918677287825
2.2633918677287825
2.2633918677287825
2.2633918677287825
2.2633918677287825
2.2633918677287825
2.2633918677287825
2.2633918677287825
2.2633918677287825
2.2633918677287825
2.2633918677287825
2.2633918677287825
2.2633918677287825
2.2633918677287825
2.2633918677287825
2.2633918677287825
2.2633918677287825
2.2633918677287825
