1.1977541343804663
1.1977541343804663
1.1977541343804663
1.1977541343804663
1.1977541343804663
1.1977541343804663
1.1977541343804663
1.1977541343804663
1.1977541343804663
1.1977541343804663
1.1977541343804663
1.1977541343804663
1.1977541343804663
1.1977541343804663
1.1977541343804663
1.1977541343804663
1.1977541343804663
1.1977541343804663
1.1977541343804663
1.1977541343804663
1.1977541343804663
1.1977541343804663
1.1977541343804663
1.1977541343804663
1.1977541343804663
1.1977541343804663
1.1977541343804663
1.1977541343804663
1.1977541343804663
1.1977541343804663
1.1977541343804663
1.1977541343804663
1.1977541343804663
1.1977541343804663
1.1977541343804663
1.1977541343804663
1.1977541343804663
1.1977541343804663
1.1977541343804663
1.1977541343804663
1.1977541343804663
1.1977541343804663
1.1977541343804663
1.1977541343804663
1.1977541343804663
1.1977588497988687
1.1977588497988687
1.1977588497988687
1.1977588497988687
1.1977588497988687
1.1977588497988687
1.1977588497988687
1.1977797909685317
1.1978064933565935
1.1978225169724335
1.1978225169724335
1.1978225169724335
1.1978225169724335
1.1978225169724335
1.1978225169724335
1.1978459229987999
1.1978459229987999
1.1978459229987999
1.19785248812057
1.197856843763881
1.197856843763881
1.197856843763881
1.19785835171992
1.19785865202909
1.19785865202909
1.19785865202909
1.19785865202909
1.19785865202909
1.1978592982620062
1.1978602657684008
1.1978611098196685
1.1978616162511313
1.1978619201102612
1.1978622331398177
1.197862567986306
1.1978630416161606
1.1978634385647946
1.1978636767339936
1.1978638196355198
1.1978640332950192
1.1978641935122163
1.1978641935122163
1.1978641935122163
1.1978641935122163
1.197864270016205
1.197864270016205
1.197864270016205
1.197864270016205
1.197864270016205
1.197864270016205
1.1978642964599384
1.197864303248471
1.197864303248471
1.197864303248471
1.197864314290024
1.197864315252852
1.197864315252852
1.197864315252852
1.1978643164044183
1.1978643170491274
1.197864318124487
1.197864318772932
1.1978643191619993
1.1978643194013376
1.1978643199916543
1.1978643204908304
1.1978643207295299
1.1978643210944586
1.1978643213542572
1.1978643216770313
1.1978643220293403
1.1978643222034138
1.1978643223581402
1.1978643225141299
1.1978643226272752
1.1978643226794017
1.197864322729438
1.1978643227653267
1.1978643227931425
1.1978643228256862
1.1978643228493822
1.197864322882717
1.1978643229120478
1.1978643229286323
1.1978643229410217
1.1978643229538757
1.1978643229621753
1.1978643229694144
1.1978643229726307
1.197864322975831
1.1978643229804533
1.1978643229842612
1.1978643229868626
1.1978643229886314
1.1978643229901786
1.1978643229917518
1.1978643229931343
1.1978643229940584
1.1978643229946133
1.1978643229949648
1.1978643229957562
1.1978643229963335
1.1978643229965988
1.1978643229965988
1.1978643229965988
1.1978643229967967
1.1978643229967967
1.1978643229967967
1.1978643229967967
1.1978643229967967
1.1978643229968045
1.1978643229968662
1.1978643229969168
1.1978643229969343
1.1978643229969343
1.197864322996955
1.1978643229969632
1.1978643229969679
1.1978643229969719
1.1978643229969732
1.197864322996982
1.1978643229969936
1.1978643229970007
1.1978643229970058
1.197864322997013
1.1978643229970172
1.1978643229970203
1.1978643229970216
1.1978643229970227
1.1978643229970236
1.1978643229970243
1.197864322997025
1.1978643229970256
1.1978643229970263
1.1978643229970263
1.1978643229970265
1.1978643229970265
1.1978643229970272
1.1978643229970272
1.1978643229970272
1.1978643229970272
1.1978643229970272
1.1978643229970272
1.1978643229970272
1.1978643229970272
1.1978643229970272
1.1978643229970272
1.1978643229970272
1.1978643229970272
1.1978643229970272
1.1978643229970272
1.1978643229970272
1.1978643229970272
1.1978643229970272
