1.5875751408264844
1.5875751408264844
1.5875751408264844
1.5875751408264844
1.5875751408264844
1.5875751408264844
1.5875751408264844
1.5875751408264844
1.5875751408264844
1.5875751408264844
1.5875751408264844
1.5875751408264844
1.5875751408264844
1.5875751408264844
1.5875751408264844
1.5875751408264844
1.5875751408264844
1.5875751408264844
1.5875751408264844
1.5875751408264844
1.5875751408264844
1.5875751408264844
1.5875751408264844
1.5875751408264844
1.5875751408264844
1.5875751408264844
1.5875751408264844
1.5875751408264844
1.5875751408264844
1.5875751408264844
1.5875751408264844
1.5875751408264844
1.5875751408264844
1.5875751408264844
1.5875751408264844
1.5875751408264844
1.5875751408264844
1.5875751408264844
1.5875751408264844
1.5875751408264844
1.5875751408264844
1.5875751408264844
1.5875751408264844
1.5875751408264844
1.5875751408264844
1.5875751408264844
1.5875751408264844
1.5875751408264844
1.5875751408264844
1.5875751408264844
1.5875751408264844
1.5875751408264844
1.5875751408264844
1.5875751408264844
1.5875767586671818
1.5875767586671818
1.5875767586671818
1.5875767586671818
1.5875767586671818
1.5875767586671818
1.5875767586671818
1.5875797593825542
1.5875797593825542
1.5875797593825542
1.5875847703862023
1.5875847703862023
1.5875875258682601
1.5875913347668629
1.5875913347668629
1.5875926893876013
1.5875946469131708
1.5875969319654102
1.587598105308812
1.5875988093147826
1.5875992317183392
1.5875994851604633
1.587600074571153
1.5876009025614553
1.5876013993556182
1.587601697432109
1.5876020707900584
1.58760239262847
1.587602564422968
1.587602723519307
1.5876028148228567
1.5876029457505265
1.5876030487203943
1.5876031169679155
1.5876031950092069
1.5876032656243582
1.5876033204152002
1.5876033532897058
1.587603374606689
1.5876034007671331
1.587603426861882
1.5876034441672027
1.5876034533960222
1.5876034674353356
1.587603482843625
1.5876034922955704
1.5876034922955704
1.5876035018587291
1.5876035060527542
1.587603508569169
1.5876035100790178
1.587603514100707
1.5876035167849307
1.5876035183954647
1.5876035195268656
1.587603521024532
1.5876035221680627
1.5876035229903804
1.587603523675157
1.587603524095479
1.587603524095479
1.587603524095479
1.5876035244054458
1.5876035244054458
1.5876035244054458
1.5876035244054458
1.5876035244095403
1.5876035244752082
1.5876035244752082
1.5876035244752082
1.5876035244752082
1.5876035244911575
1.5876035244921256
1.5876035244989368
1.5876035244989368
1.5876035244989368
1.5876035245044815
1.587603524515912
1.5876035245212896
1.587603524525689
1.5876035245279854
1.58760352453253
1.587603524537091
1.5876035245389966
1.5876035245401812
1.5876035245433964
1.5876035245456417
1.5876035245469893
1.5876035245479239
1.5876035245491114
1.5876035245498417
1.5876035245502853
1.5876035245507023
1.5876035245510172
1.5876035245512239
1.5876035245513644
1.58760352455146
1.5876035245515534
1.587603524551615
1.5876035245516344
1.5876035245516538
1.5876035245516682
1.5876035245516849
1.5876035245517
1.5876035245517102
1.5876035245517164
1.5876035245517248
1.5876035245517357
1.5876035245517426
1.5876035245517466
1.587603524551751
1.587603524551757
1.5876035245517606
1.5876035245517626
1.5876035245517641
1.587603524551766
1.5876035245517683
1.58760352455177
1.587603524551771
1.5876035245517715
1.5876035245517726
1.5876035245517732
1.5876035245517734
1.587603524551774
1.5876035245517746
1.5876035245517748
1.5876035245517748
1.587603524551775
1.5876035245517752
1.5876035245517754
1.5876035245517757
1.5876035245517757
1.5876035245517757
1.5876035245517757
1.5876035245517757
1.5876035245517757
1.5876035245517757
1.5876035245517757
1.5876035245517757
1.5876035245517757
1.5876035245517757
1.5876035245517757
1.5876035245517757
1.5876035245517757
