2.1945062598866505
2.1945062598866505
2.1945062598866505
2.1945062598866505
2.1945062598866505
2.1945062598866505
2.1945062598866505
2.1945062598866505
2.1945062598866505
2.1945062598866505
2.1945062598866505
2.1945062598866505
2.1945062598866505
2.1945062598866505
2.1945062598866505
2.1945062598866505
2.1945062598866505
2.1945062598866505
2.1945062598866505
2.1945062598866505
2.1945062598866505
2.1945062598866505
2.1945062598866505
2.1945062598866505
2.1945062598866505
2.1945062598866505
2.1945062598866505
2.1945062598866505
2.1945062598866505
2.1945062598866505
2.1945062598866505
2.1945062598866505
2.1945062598866505
2.1945062598866505
2.1945062598866505
2.1945062598866505
2.1945062598866505
2.1945062598866505
2.1945062598866505
2.1945062598866505
2.1945062598866505
2.1945062598866505
2.1945062598866505
2.1945062598866505
2.1945062598866505
2.1945062598866505
2.1945062598866505
2.1945062598866505
2.1945062598866505
2.1945064134165153
2.1945064134165153
2.1945064134165153
2.1945064134165153
2.1945064134165153
2.1945064134165153
2.1945064134165153
2.1945064134165153
2.194507177542932
2.194509040600949
2.1945117843595123
2.1945117843595123
2.1945119461413447
2.194512680606736
2.194513282257697
2.194513651401049
2.1945145366131036
2.1945145366131036
2.1945150205093538
2.1945152499158835
2.1945158261287268
2.194515842808138
2.1945162538858054
2.194516547570166
2.194516723780828
2.1945167690390828
2.1945168951930834
2.194517085389006
2.194517085389006
2.1945171333982683
2.1945171840875033
2.194517204787357
2.1945172172386123
2.1945172265360715
2.194517231157323
2.194517235503579
2.1945172440513603
2.1945172440513603
2.194517247797792
2.194517251175334
2.194517254448192
2.194517255591946
2.194517255591946
2.1945172558809602
2.1945172581965715
2.194517258646933
2.1945172593263518
2.1945172599558243
2.194517260797516
2.1945172611166086
2.1945172611166086
2.1945172612861525
2.194517261566583
2.194517261615044
2.194517261696836
2.1945172617486426
2.194517261844994
2.1945172619207427
2.1945172619837567
2.1945172619837567
2.1945172619983455
2.1945172620369715
2.194517262069219
2.194517262088567
2.1945172621107263
2.1945172621319315
2.194517262149406
2.194517262160116
2.194517262166543
2.194517262176123
2.194517262183732
2.1945172621883193
2.194517262192096
2.194517262196226
2.194517262198834
2.1945172622004265
2.1945172622015345
2.1945172622022797
2.1945172622027553
2.1945172622032887
2.194517262203709
2.1945172622039606
2.194517262204111
2.194517262204208
2.194517262204459
2.194517262204643
2.194517262204756
2.1945172622048235
2.1945172622048643
2.1945172622049207
2.194517262205049
2.194517262205126
2.1945172622051725
2.194517262205201
2.194517262205218
2.194517262205227
2.1945172622052604
2.194517262205284
2.194517262205298
2.194517262205307
2.194517262205319
2.19451726220533
2.1945172622053377
2.194517262205342
2.1945172622053444
2.194517262205347
2.194517262205349
2.19451726220535
2.194517262205351
2.1945172622053515
2.194517262205352
2.1945172622053524
2.194517262205353
2.194517262205353
2.194517262205353
2.194517262205353
2.194517262205353
2.194517262205353
2.194517262205353
2.194517262205353
2.194517262205353
2.194517262205353
2.194517262205353
2.194517262205353
2.194517262205353
2.194517262205353
2.194517262205353
2.194517262205353
2.194517262205353
2.194517262205353
2.194517262205353
2.194517262205353
