1.5124453600023795
1.5124453600023795
1.5124453600023795
1.5124453600023795
1.5124453600023795
1.5124453600023795
1.5124453600023795
1.5124453600023795
1.5124453600023795
1.5124453600023795
1.5124453600023795
1.5124453600023795
1.5124453600023795
1.5124453600023795
1.5124453600023795
1.5124453600023795
1.5124453600023795
1.5124453600023795
1.5124453600023795
1.5124453600023795
1.5124453600023795
1.5124453600023795
1.5124453600023795
1.5124453600023795
1.5124453600023795
1.5124453600023795
1.5124453600023795
1.5124453600023795
1.5124453600023795
1.5124453600023795
1.5124453600023795
1.5124453600023795
1.5124453600023795
1.5124453600023795
1.5124453600023795
1.5124453600023795
1.5124453600023795
1.5124453600023795
1.5124453600023795
1.5124453600023795
1.5124453600023795
1.5124453600023795
1.5124453600023795
1.5124453600023795
1.5124453600023795
1.5124453600023795
1.5124453600023795
1.5124488577205037
1.5124488577205037
1.5124488577205037
1.5124488577205037
1.5124488577205037
1.5124488577205037
1.5124488577205037
1.5124488577205037
1.512449363648221
1.5124510158753905
1.5124539803192933
1.5124557589881682
1.5124568261904048
1.5124574665120751
1.512458360860693
1.5124601452783273
1.5124620336733532
1.5124631667121877
1.5124638465361433
1.5124645333688012
1.512465371697773
1.512466232047261
1.51246678277993
1.512467170062055
1.5124674024313918
1.5124675418530156
1.5124676255059981
1.5124676756977904
1.5124677383608212
1.5124679585651972
1.5124681484511884
1.5124681831544482
1.5124682422016271
1.5124682776299363
1.5124683837889659
1.5124684943020918
1.5124685606099735
1.5124686003947048
1.5124686242655443
1.5124686625940598
1.5124687057668802
1.5124687316705738
1.51246874721279
1.5124687571469482
1.5124687633385423
1.5124687737460287
1.512468786897934
1.5124687947890771
1.5124687995237633
1.512468802364575
1.5124688078869581
1.5124688139333797
1.5124688175612324
1.5124688197766165
1.5124688211108284
1.5124688237785995
1.512468825751965
1.5124688269359845
1.5124688276463958
1.5124688285854992
1.5124688294604365
1.5124688299853988
1.5124688303003762
1.5124688304899365
1.5124688306474419
1.5124688311643257
1.512468831474456
1.5124688316605341
1.5124688317721813
1.51246883191919
1.512468832137782
1.5124688322689372
1.5124688323684026
1.5124688325019857
1.5124688325821352
1.5124688326302254
1.5124688326885212
1.5124688327370068
1.5124688327660982
1.5124688327835534
1.512468832794026
1.5124688328154396
1.5124688328321234
1.5124688328421334
1.5124688328481397
1.5124688328533102
1.5124688328604419
1.5124688328647211
1.5124688328672884
1.5124688328688285
1.5124688328699083
1.5124688328717584
1.5124688328728682
1.5124688328735338
1.5124688328739335
1.512468832874639
1.512468832875171
1.5124688328754903
1.512468832875682
1.512468832875847
1.5124688328760931
1.5124688328762403
1.5124688328763287
1.512468832876382
1.512468832876429
1.5124688328764788
1.5124688328765086
1.5124688328765263
1.5124688328765379
1.512468832876559
1.5124688328765714
1.512468832876579
1.5124688328765836
1.5124688328765907
1.5124688328765958
1.5124688328765987
1.5124688328766003
1.5124688328766027
1.5124688328766047
1.5124688328766058
1.512468832876607
1.5124688328766078
1.5124688328766087
1.5124688328766094
1.5124688328766096
1.5124688328766098
1.5124688328766103
1.5124688328766105
1.5124688328766112
1.5124688328766112
1.5124688328766112
1.5124688328766112
1.5124688328766112
1.5124688328766112
1.5124688328766112
1.5124688328766112
1.5124688328766112
1.5124688328766112
1.5124688328766112
1.5124688328766112
1.5124688328766112
1.5124688328766112
1.5124688328766112
1.5124688328766112
1.5124688328766112
1.5124688328766112
