15.675910491055829
15.675910491055829
15.675910491055829
15.675910491055829
15.675910491055829
15.675910491055829
15.675910491055829
15.675910491055829
15.675910491055829
15.675910491055829
15.675910491055829
15.675910491055829
15.675910491055829
15.675910491055829
15.675910491055829
15.675910491055829
15.675910491055829
15.675910491055829
15.675910491055829
15.675910491055829
15.675910491055829
15.675910491055829
15.675910491055829
15.675910491055829
15.675910491055829
15.675910491055829
15.675910491055829
15.675910491055829
15.675910491055829
15.675910491055829
15.675910491055829
15.675910491055829
15.675910491055829
15.675910491055829
15.676548314066068
15.676548314066068
15.676548314066068
15.676548314066068
15.676548314066068
15.676548314066068
15.676548314066068
15.676548314066068
15.676548314066068
15.676548314066068
15.676548314066068
15.676548314066068
15.677275441571389
15.677275441571389
15.677275441571389
15.677275441571389
15.677275441571389
15.677279067161159
15.677413826851236
15.677413826851236
15.677413826851236
15.677413826851236
15.677413826851236
15.677413826851236
15.677413826851236
15.677413826851236
15.677413826851236
15.677413826851236
15.677431315687821
15.677431315687821
15.677431315687821
15.677452955377378
15.677462712563948
15.677462712563948
15.677467813293777
15.677483988219416
15.677489453591633
15.677493057319499
15.677509605467426
15.67751839386094
15.677527374302548
15.677539102175858
15.67754613890036
15.677550922767006
15.677554455850693
15.677558791393619
15.677561650263197
15.67756270877391
15.677563709655487
15.677564322414
15.67756515767818
15.677566431597493
15.677567071362517
15.67756760310868
15.677568155834859
15.677568487470557
15.677568686451979
15.677568805840837
15.67756887957469
15.677569081865789
15.677569197269143
15.677569274351113
15.677569363059332
15.677569450198463
15.67756950705287
15.677569541180947
15.677569589569833
15.677569623317593
15.677569653185147
15.67756967407227
15.67756969246583
15.677569706165826
15.67756971438582
15.67756971976238
15.67756972736373
15.677569732589141
15.677569735724392
15.67756973760554
15.677569738734222
15.677569741039576
15.677569741485938
15.677569741964042
15.677569742822731
15.677569743219387
15.677569743606638
15.677569743892425
15.677569744233733
15.677569744638166
15.677569744654667
15.677569744837768
15.677569744947627
15.677569745052361
15.67756974513851
15.677569745184357
15.677569745215134
15.677569745260747
15.677569745290336
15.677569745308082
15.67756974531969
15.677569745340802
15.67756974536183
15.67756974537442
15.677569745378884
15.677569745378884
15.677569745378884
15.67756974538108
15.67756974538108
15.67756974538108
15.67756974538108
15.677569745381161
15.677569745381993
15.67756974538246
15.67756974538246
15.67756974538246
15.677569745382671
15.677569745382671
15.677569745382671
15.677569745382671
15.677569745382687
15.677569745382687
15.677569745382687
15.677569745382744
15.677569745382744
15.677569745382746
15.677569745382755
15.677569745382758
15.677569745382762
15.67756974538278
15.677569745382792
15.677569745382801
15.677569745382806
15.677569745382812
15.677569745382812
15.677569745382813
15.677569745382813
15.677569745382817
15.677569745382817
15.677569745382819
15.677569745382822
15.677569745382822
15.677569745382822
15.677569745382822
15.677569745382822
15.677569745382822
15.677569745382822
15.677569745382822
15.677569745382822
15.677569745382822
15.677569745382822
15.677569745382822
15.677569745382822
15.677569745382822
15.677569745382822
15.677569745382822
15.677569745382822
15.677569745382822
15.677569745382822
15.677569745382822
15.677569745382822
15.677569745382822
15.677569745382822
15.677569745382822
15.677569745382822
15.677569745382822
15.677569745382822
15.677569745382822
15.677569745382822
15.677569745382822
15.677569745382822
15.677569745382822
15.677569745382822
