1.447363929864401
1.447363929864401
1.447363929864401
1.447363929864401
1.447363929864401
1.447363929864401
1.447363929864401
1.447363929864401
1.447363929864401
1.447363929864401
1.447363929864401
1.447363929864401
1.447363929864401
1.447363929864401
1.447363929864401
1.447363929864401
1.447363929864401
1.447363929864401
1.447363929864401
1.447363929864401
1.447363929864401
1.447363929864401
1.447363929864401
1.447363929864401
1.447363929864401
1.447363929864401
1.447363929864401
1.447363929864401
1.447363929864401
1.447363929864401
1.447363929864401
1.447363929864401
1.447363929864401
1.447363929864401
1.447363929864401
1.447363929864401
1.447363929864401
1.447363929864401
1.447363929864401
1.447363929864401
1.447363929864401
1.447363929864401
1.447363929864401
1.447363929864401
1.447363929864401
1.447363929864401
1.447363929864401
1.447363929864401
1.447363929864401
1.447363929864401
1.447363929864401
1.447363929864401
1.447363929864401
1.447363929864401
1.4473642027435287
1.4473642027435287
1.4473642027435287
1.4473671796222107
1.4473671796222107
1.4473671796222107
1.4473701693524852
1.4473701693524852
1.4473707213031688
1.4473731154035951
1.447374598162846
1.447374598162846
1.4473750679897557
1.4473762434818354
1.4473769537014087
1.4473775367998702
1.4473776313237887
1.4473777744259262
1.4473781852314933
1.4473785869023508
1.447378720018538
1.447378840453623
1.447378929590782
1.447379032823413
1.4473791141989423
1.4473791546537664
1.4473792010010103
1.4473792308929379
1.4473792617680241
1.4473792675989332
1.44737928694152
1.4473793021848687
1.4473793163912623
1.4473793275436762
1.4473793305402962
1.4473793369381625
1.447379342514541
1.4473793448396746
1.4473793472469978
1.4473793501154824
1.447379351707711
1.4473793530625272
1.4473793547378775
1.4473793560275547
1.4473793568013604
1.4473793574110627
1.4473793580239684
1.4473793583807182
1.4473793586927017
1.4473793588573283
1.4473793591769937
1.4473793593411017
1.4473793594505728
1.4473793595162563
1.4473793595682656
1.4473793596293094
1.4473793596816333
1.4473793597135742
1.447379359729324
1.4473793597532025
1.4473793597695581
1.4473793597764217
1.447379359783866
1.4473793597923224
1.4473793597978326
1.4473793598024312
1.4473793598042057
1.4473793598078328
1.44737935980904
1.4473793598099778
1.4473793598105391
1.4473793598122167
1.4473793598139666
1.4473793598150329
1.4473793598156721
1.4473793598164588
1.447379359817643
1.4473793598183715
1.4473793598188067
1.4473793598195621
1.447379359820161
1.4473793598205196
1.4473793598207365
1.447379359820869
1.4473793598209583
1.4473793598210258
1.4473793598211544
1.447379359821237
1.4473793598212865
1.447379359821356
1.4473793598214018
1.4473793598214288
1.447379359821446
1.4473793598214644
1.4473793598214855
1.4473793598214988
1.4473793598215055
1.4473793598215112
1.4473793598215208
1.447379359821527
1.4473793598215308
1.447379359821533
1.4473793598215343
1.4473793598215354
1.4473793598215363
1.4473793598215376
1.447379359821539
1.44737935982154
1.44737935982154
1.4473793598215412
1.4473793598215423
1.4473793598215423
1.4473793598215423
1.4473793598215423
1.4473793598215423
1.4473793598215423
1.4473793598215423
1.4473793598215423
1.4473793598215423
1.4473793598215423
1.4473793598215423
1.4473793598215423
1.4473793598215423
1.4473793598215423
1.4473793598215423
1.4473793598215423
1.4473793598215423
1.4473793598215423
1.4473793598215423
1.4473793598215423
1.4473793598215423
1.4473793598215423
1.4473793598215423
