2.993042336203603
2.993042336203603
2.993042336203603
2.993042336203603
2.993042336203603
2.993042336203603
2.993042336203603
2.993042336203603
2.993042336203603
2.993042336203603
2.993042336203603
2.993042336203603
2.993042336203603
2.993042336203603
2.993042336203603
2.993042336203603
2.993042336203603
2.993042336203603
2.993042336203603
2.993042336203603
2.993042336203603
2.993042336203603
2.993042336203603
2.993042336203603
2.993042336203603
2.993042336203603
2.993042336203603
2.993042336203603
2.993042336203603
2.993042336203603
2.993042336203603
2.993042336203603
2.993042336203603
2.993042336203603
2.993042336203603
2.993042336203603
2.993042336203603
2.993042336203603
2.993042336203603
2.993042336203603
2.993042336203603
2.9930700468566727
2.9930700468566727
2.9930700468566727
2.9930700468566727
2.9930731380661992
2.9930731380661992
2.9930731380661992
2.993093089938678
2.993093089938678
2.993093089938678
2.993099568987282
2.9931046506784256
2.9931125699778565
2.993115267540339
2.9931201055393246
2.9931235484402583
2.9931265930339084
2.9931287609444928
2.993130061692144
2.993131557390624
2.9931328229989673
2.9931337306667554
2.993134823791755
2.9931355251418124
2.993135848860959
2.99313626100317
2.993136542965584
2.993136756453858
2.993136865297383
2.9931370329576947
2.993137157627904
2.9931372011350192
2.9931372801112137
2.9931373300644775
2.993137379987438
2.993137411461415
2.9931374239275557
2.99313743650898
2.9931374444523366
2.993137447796987
2.993137454439041
2.993137454439041
2.9931374574840675
2.9931374580029044
2.9931374580029044
2.9931374580029044
2.993137459179615
2.993137459179615
2.993137459179615
2.993137459369721
2.9931374595056504
2.9931374595056504
2.9931374595056504
2.9931374595056504
2.9931374595056504
2.9931374595056504
2.9931374595056504
2.9931374595056504
2.9931374595056504
2.9931374595056504
2.993137459562433
2.993137459562433
2.993137459562433
2.993137459562433
2.9931374595686324
2.9931374595686324
2.9931374595686324
2.9931374595686324
2.9931374595686324
2.993137459584244
2.9931374595869147
2.9931374595869147
2.9931374595869147
2.9931374595869147
2.993137459591859
2.993137459591859
2.993137459591859
2.993137459591859
2.993137459591859
2.993137459592035
2.993137459592035
2.9931374595928153
2.9931374595928153
2.9931374595928153
2.993137459592829
2.9931374595928975
2.9931374595935285
2.9931374595947444
2.993137459594901
2.9931374595950975
2.993137459595294
2.9931374595953626
2.993137459595636
2.9931374595956903
2.9931374595956903
2.9931374595958014
2.9931374595958173
2.9931374595958786
2.9931374595959057
2.9931374595959204
2.9931374595959457
2.993137459595971
2.993137459595977
2.9931374595959848
2.9931374595959848
2.993137459596011
2.99313745959602
2.9931374595960265
2.9931374595960327
2.99313745959604
2.993137459596044
2.993137459596047
2.9931374595960496
2.9931374595960496
2.9931374595960514
2.993137459596052
2.9931374595960527
2.9931374595960527
2.9931374595960527
2.9931374595960527
2.9931374595960536
2.9931374595960536
2.9931374595960536
2.993137459596054
2.9931374595960545
2.9931374595960545
2.9931374595960545
2.993137459596055
2.993137459596055
2.993137459596055
2.993137459596055
2.993137459596055
2.993137459596055
2.993137459596055
2.993137459596055
2.993137459596055
2.993137459596055
