1.912784978480307
1.912784978480307
1.912784978480307
1.912784978480307
1.912784978480307
1.912784978480307
1.912784978480307
1.912784978480307
1.912784978480307
1.912784978480307
1.912784978480307
1.912784978480307
1.912784978480307
1.912784978480307
1.912784978480307
1.912784978480307
1.912784978480307
1.912784978480307
1.912784978480307
1.912784978480307
1.912784978480307
1.912784978480307
1.912784978480307
1.912784978480307
1.912784978480307
1.912784978480307
1.912784978480307
1.912784978480307
1.912784978480307
1.912784978480307
1.912784978480307
1.912784978480307
1.912784978480307
1.912784978480307
1.912784978480307
1.912784978480307
1.912784978480307
1.912784978480307
1.912784978480307
1.912784978480307
1.912784978480307
1.912784978480307
1.912784978480307
1.912784978480307
1.912784978480307
1.912784978480307
1.912784978480307
1.912784978480307
1.9127882310501656
1.9127882310501656
1.9127882310501656
1.9127882310501656
1.9127890224452857
1.9127890224452857
1.912789447285666
1.9127903905415249
1.9127921269356056
1.9127928877244689
1.9127928877244689
1.9127946293530795
1.9127950842733166
1.9127958378861152
1.9127962327420385
1.912796551625508
1.9127967429555794
1.9127968577536192
1.9127971327741755
1.9127974022124634
1.9127975732767972
1.9127977450856348
1.912797953455903
1.9127980796786574
1.9127981623800017
1.9127982147252978
1.912798309326943
1.9127983682649543
1.9127984036277605
1.9127984271089353
1.9127984439245211
1.9127984614353986
1.9127984719419246
1.9127984795360382
1.9127984870450512
1.9127984925732995
1.9127984958902484
1.912798497880418
1.9127985012224413
1.9127985041950473
1.912798505978611
1.9127985070487492
1.9127985077200982
1.9127985085847155
1.912798509287906
1.9127985097098201
1.9127985099629683
1.912798510114858
1.9127985103532203
1.9127985106400915
1.912798510812214
1.9127985109154881
1.9127985109774521
1.9127985110390258
1.912798511124184
1.9127985111752792
1.912798511205936
1.9127985112381283
1.912798511264061
1.9127985112796209
1.9127985112889565
1.9127985112947254
1.9127985113019514
1.912798511307898
1.9127985113114656
1.9127985113136068
1.9127985113148909
1.9127985113156618
1.9127985113164108
1.912798511317845
1.9127985113187056
1.9127985113192219
1.9127985113195316
1.9127985113197177
1.9127985113201504
1.9127985113204862
1.9127985113206871
1.912798511320808
1.9127985113208807
1.9127985113209491
1.912798511321026
1.9127985113210717
1.9127985113210997
1.9127985113211172
1.912798511321129
1.9127985113211463
1.9127985113211599
1.9127985113211676
1.9127985113211732
1.912798511321181
1.9127985113211865
1.9127985113211898
1.912798511321192
1.9127985113211956
1.9127985113211976
1.9127985113211992
1.9127985113212005
1.9127985113212018
1.9127985113212027
1.9127985113212034
1.9127985113212036
1.9127985113212038
1.912798511321204
1.912798511321204
1.912798511321204
1.912798511321204
1.912798511321204
1.912798511321204
1.912798511321204
1.912798511321204
1.912798511321204
1.912798511321204
1.912798511321204
1.912798511321204
1.912798511321204
1.912798511321204
1.912798511321204
1.912798511321204
1.912798511321204
1.912798511321204
1.912798511321204
1.912798511321204
1.912798511321204
1.912798511321204
1.912798511321204
1.912798511321204
1.912798511321204
1.912798511321204
1.912798511321204
1.912798511321204
1.912798511321204
1.912798511321204
