1.4233314420679617
1.4233314420679617
1.4233314420679617
1.4233314420679617
1.4233314420679617
1.4233314420679617
1.4233314420679617
1.4233314420679617
1.4233314420679617
1.4233314420679617
1.4233314420679617
1.4233314420679617
1.4233314420679617
1.4233314420679617
1.4233314420679617
1.4233314420679617
1.4233314420679617
1.4233314420679617
1.4233314420679617
1.4233314420679617
1.4233314420679617
1.4233314420679617
1.4233314420679617
1.4233314420679617
1.4233314420679617
1.4233314420679617
1.4233314420679617
1.4233314420679617
1.4233314420679617
1.4233314420679617
1.4233314420679617
1.4233314420679617
1.4233314420679617
1.4233314420679617
1.4233314420679617
1.4233314420679617
1.4233314420679617
1.4233314420679617
1.4233314420679617
1.4233314420679617
1.4233314420679617
1.4233314420679617
1.4233314420679617
1.4233314420679617
1.4233314420679617
1.4233314420679617
1.4233314420679617
1.4233314420679617
1.4233314420679617
1.4233314420679617
1.4233314420679617
1.4233314420679617
1.4233314420679617
1.4233314420679617
1.4233314420679617
1.4233314420679617
1.4233314420679617
1.4233314420679617
1.4233314420679617
1.4233314420679617
1.4233321995877861
1.4233321995877861
1.4233321995877861
1.4233321995877861
1.423332448118323
1.4233329499277494
1.4233329499277494
1.4233329499277494
1.4233329747150634
1.4233332512144616
1.4233332702434967
1.423333383963609
1.4233334521956647
1.4233335071090114
1.4233337218073538
1.4233338970113385
1.4233338970113385
1.4233339093198007
1.4233340769816167
1.4233341329884939
1.423334227940158
1.4233343220722894
1.4233343254329562
1.423334351378475
1.4233344293649937
1.4233344359486266
1.4233344678124438
1.4233345163381457
1.4233345163381457
1.4233345220505431
1.4233345387932423
1.4233345515295268
1.4233345615386972
1.4233345656280916
1.423334568919883
1.423334573221524
1.4233345782845834
1.4233345798845554
1.4233345824337613
1.4233345846186733
1.4233345863408242
1.4233345869332252
1.4233345876947139
1.423334588662225
1.4233345893685636
1.4233345897001075
1.4233345899176866
1.423334590160656
1.423334590398173
1.423334590589676
1.4233345907162833
1.423334590792248
1.4233345908378263
1.4233345909899542
1.4233345911238156
1.4233345912041322
1.423334591252326
1.4233345913188384
1.4233345913805457
1.4233345914175706
1.4233345914397855
1.4233345914601934
1.4233345914930728
1.4233345915128004
1.4233345915246374
1.4233345915317397
1.423334591543015
1.4233345915542934
1.4233345915610611
1.4233345915651217
1.4233345915675584
1.4233345915734785
1.4233345915775777
1.4233345915800368
1.4233345915828608
1.4233345915855857
1.4233345915872206
1.4233345915882014
1.4233345915887898
1.4233345915897924
1.4233345915906586
1.4233345915911781
1.4233345915914901
1.4233345915917341
1.4233345915921796
1.4233345915924471
1.4233345915926072
1.4233345915928155
1.4233345915929567
1.4233345915930413
1.4233345915930922
1.4233345915931226
1.4233345915931555
1.423334591593186
1.423334591593204
1.4233345915932152
1.4233345915932243
1.4233345915932334
1.4233345915932387
1.4233345915932418
1.4233345915932458
1.4233345915932494
1.4233345915932516
1.423334591593253
1.4233345915932538
1.423334591593255
1.4233345915932565
1.4233345915932576
1.423334591593258
1.4233345915932585
1.4233345915932594
1.42333459159326
1.4233345915932605
1.4233345915932607
1.423334591593261
1.4233345915932611
1.4233345915932611
1.4233345915932611
1.4233345915932611
1.4233345915932611
1.4233345915932611
1.4233345915932611
1.4233345915932611
1.4233345915932611
1.4233345915932611
1.4233345915932611
1.4233345915932611
1.4233345915932611
1.4233345915932611
1.4233345915932611
1.4233345915932611
1.4233345915932611
