1.7659641887050102
1.7659641887050102
1.7659641887050102
1.7659641887050102
1.7659641887050102
1.7659641887050102
1.7659641887050102
1.7659641887050102
1.7659641887050102
1.7659641887050102
1.7659641887050102
1.7659641887050102
1.7659641887050102
1.7659641887050102
1.7659641887050102
1.7659641887050102
1.7659641887050102
1.7659641887050102
1.7659641887050102
1.7659641887050102
1.7659641887050102
1.7659641887050102
1.7659641887050102
1.7659641887050102
1.7659641887050102
1.7659641887050102
1.7659641887050102
1.7659641887050102
1.7659641887050102
1.7659641887050102
1.7659641887050102
1.7659641887050102
1.7659641887050102
1.7659641887050102
1.7659641887050102
1.7659641887050102
1.7659641887050102
1.7659641887050102
1.7659641887050102
1.7659641887050102
1.7659641887050102
1.7659641887050102
1.7659641887050102
1.7659641887050102
1.7659641887050102
1.7659641887050102
1.7659641887050102
1.7659641887050102
1.7659641887050102
1.7659641887050102
1.7659641887050102
1.7659641887050102
1.7659652620030588
1.7659652620030588
1.7659652620030588
1.765967725586671
1.765967725586671
1.7659700920465031
1.7659700920465031
1.7659716892839332
1.7659728469162332
1.7659742287660973
1.7659754451762555
1.7659762283606648
1.765976738671674
1.7659770077569974
1.7659774346356754
1.7659774834971296
1.765977746740553
1.7659777861247334
1.7659779006734482
1.7659780448277929
1.7659780929489866
1.7659781773842127
1.7659782389787722
1.7659782889752322
1.7659783034994152
1.7659783287791195
1.7659783463374172
1.7659783605546624
1.7659783663232296
1.7659783734330587
1.7659783831520066
1.765978390639993
1.76597839672741
1.7659784043775224
1.7659784100255378
1.765978413850377
1.7659784163484569
1.7659784187258525
1.7659784204657614
1.7659784204657614
1.7659784204657614
1.765978420572539
1.765978420572539
1.765978420572539
1.765978420572539
1.7659784207886504
1.7659784208309826
1.7659784208309826
1.7659784209055385
1.7659784209747247
1.765978421012384
1.7659784210349792
1.7659784210904528
1.7659784211371135
1.7659784211691953
1.7659784211864438
1.7659784212075735
1.765978421224979
1.7659784212306702
1.7659784212378786
1.7659784212459528
1.7659784212510667
1.7659784212569003
1.7659784212592524
1.7659784212599134
1.765978421261317
1.765978421262262
1.7659784212628227
1.7659784212641272
1.7659784212644922
1.7659784212647112
1.7659784212651537
1.7659784212656802
1.7659784212658616
1.765978421266113
1.765978421266158
1.7659784212663656
1.7659784212665444
1.7659784212666345
1.7659784212666878
1.7659784212667953
1.7659784212668488
1.7659784212668805
1.765978421266915
1.7659784212669454
1.7659784212669636
1.7659784212669745
1.7659784212669811
1.7659784212670135
1.7659784212670242
1.7659784212670242
1.7659784212670315
1.7659784212670373
1.7659784212670382
1.7659784212670382
1.7659784212670382
1.7659784212670382
1.7659784212670386
1.765978421267041
1.765978421267042
1.765978421267042
1.765978421267042
1.7659784212670426
1.7659784212670426
1.7659784212670426
1.7659784212670426
1.765978421267043
1.765978421267043
1.765978421267043
1.765978421267043
1.765978421267043
1.765978421267043
1.765978421267043
1.765978421267043
1.765978421267043
1.765978421267043
1.765978421267043
1.765978421267043
1.765978421267043
1.765978421267043
1.765978421267043
1.765978421267043
1.765978421267043
1.765978421267043
1.765978421267043
1.765978421267043
1.765978421267043
