1.1495831797573053
1.1495831797573053
1.1495831797573053
1.1495831797573053
1.1495831797573053
1.1495831797573053
1.1495831797573053
1.1495831797573053
1.1495831797573053
1.1495831797573053
1.1495831797573053
1.1495831797573053
1.1495831797573053
1.1495831797573053
1.1495831797573053
1.1495831797573053
1.1495831797573053
1.1495831797573053
1.1495831797573053
1.1495831797573053
1.1495831797573053
1.1495831797573053
1.1495831797573053
1.1495831797573053
1.1495831797573053
1.1495831797573053
1.1495831797573053
1.1495831797573053
1.1495831797573053
1.1495831797573053
1.1495831797573053
1.1495831797573053
1.1495831797573053
1.1495831797573053
1.1495831797573053
1.1495831797573053
1.1495831797573053
1.1495831797573053
1.1495831797573053
1.1495831797573053
1.1495831797573053
1.1495831797573053
1.1495831797573053
1.1495831797573053
1.1495831797573053
1.1495831797573053
1.1495831797573053
1.1495831797573053
1.1495831797573053
1.1495831797573053
1.1495840292773565
1.1495845185825961
1.1495858402442893
1.1495858402442893
1.1495859399257973
1.1495892823339529
1.1495892823339529
1.1495898403042717
1.1495907968320864
1.1495916034175122
1.1495931527826078
1.1495931527826078
1.1495931527826078
1.1495937385275703
1.1495943548671248
1.1495947384940173
1.14959499755541
1.1495952608683195
1.1495957263112648
1.1495960055774392
1.1495961731372908
1.1495962779932256
1.1495964125399931
1.1495965245067996
1.1495966035381964
1.1495966509570474
1.1495966811858902
1.149596738124051
1.1495967864914698
1.149596815511926
1.1495968329242017
1.1495968433715675
1.1495968496399875
1.149596854891185
1.149596870301875
1.1495968799149103
1.1495968857170433
1.1495968892713406
1.1495968914039194
1.1495968943066956
1.1495968963583525
1.1495968975893471
1.1495968983279432
1.1495968988005394
1.1495968994673846
1.1495969001050077
1.1495969004984212
1.1495969007344684
1.1495969011194334
1.1495969014014724
1.149596901570696
1.1495969016722305
1.1495969017542498
1.1495969018710839
1.149596901942479
1.1495969019853174
1.149596902011019
1.1495969020431658
1.149596902089203
1.1495969021168253
1.1495969021333983
1.149596902150674
1.149596902169502
1.1495969021807995
1.1495969021875774
1.1495969021928523
1.1495969021980776
1.1495969022012136
1.1495969022030939
1.149596902204223
1.1495969022050951
1.149596902205963
1.1495969022065577
1.1495969022069252
1.149596902207145
1.1495969022074262
1.1495969022076868
1.1495969022078432
1.149596902207937
1.1495969022079935
1.1495969022080343
1.149596902208118
1.1495969022081736
1.1495969022082075
1.149596902208227
1.1495969022082402
1.1495969022082477
1.1495969022082517
1.1495969022083048
1.1495969022083394
1.1495969022083605
1.1495969022083787
1.1495969022083985
1.1495969022084105
1.149596902208417
1.149596902208428
1.1495969022084345
1.149596902208438
1.1495969022084402
1.1495969022084416
1.1495969022084447
1.149596902208446
1.1495969022084471
1.1495969022084482
1.1495969022084482
1.1495969022084487
1.149596902208449
1.1495969022084496
1.1495969022084496
1.1495969022084498
1.1495969022084498
1.1495969022084498
1.1495969022084498
1.1495969022084498
1.1495969022084498
1.1495969022084498
1.1495969022084498
1.1495969022084498
1.1495969022084498
1.1495969022084498
1.1495969022084498
1.1495969022084498
1.1495969022084498
1.1495969022084498
1.1495969022084498
1.1495969022084498
1.1495969022084498
1.1495969022084498
1.1495969022084498
1.1495969022084498
1.1495969022084498
1.1495969022084498
1.1495969022084498
1.1495969022084498
