1.260008272029517
1.260008272029517
1.260008272029517
1.260008272029517
1.260008272029517
1.260008272029517
1.260008272029517
1.260008272029517
1.260008272029517
1.260008272029517
1.260008272029517
1.260008272029517
1.260008272029517
1.260008272029517
1.260008272029517
1.260008272029517
1.260008272029517
1.260008272029517
1.260008272029517
1.260008272029517
1.260008272029517
1.260008272029517
1.260008272029517
1.260008272029517
1.260008272029517
1.260008272029517
1.260008272029517
1.260008272029517
1.260008272029517
1.260008272029517
1.260008272029517
1.260008272029517
1.260008272029517
1.260008272029517
1.260008272029517
1.260008272029517
1.260008272029517
1.260008272029517
1.260008272029517
1.260008272029517
1.260008272029517
1.260008272029517
1.260008272029517
1.260008272029517
1.260008272029517
1.260008272029517
1.260008272029517
1.260008272029517
1.260008272029517
1.260008272029517
1.260008272029517
1.260008272029517
1.260008272029517
1.260008272029517
1.2600084098251128
1.2600084098251128
1.2600084098251128
1.2600084098251128
1.2600084098251128
1.260008519767543
1.260008519767543
1.260008519767543
1.260008519767543
1.2600086721164747
1.2600086721164747
1.2600086721164747
1.2600086721164747
1.2600087639944033
1.2600087639944033
1.2600087639944033
1.2600087639944033
1.2600088642346867
1.2600089344208696
1.2600090438242517
1.2600090781944466
1.2600091423797533
1.260009207651453
1.2600092240736995
1.260009275599836
1.2600093416387086
1.2600093928840348
1.2600094118500031
1.2600094452095307
1.2600094660528036
1.2600094770322579
1.2600094866366423
1.2600094950020064
1.2600095006492227
1.2600095040375523
1.2600095145161194
1.2600095145161194
1.2600095171474883
1.2600095221816776
1.260009525801442
1.260009527879744
1.2600095293990423
1.2600095318040851
1.2600095331432617
1.260009533946768
1.2600095345930789
1.2600095372993563
1.260009538401954
1.2600095392301245
1.2600095395778534
1.260009539930799
1.2600095403638312
1.260009540716249
1.2600095408359495
1.2600095408359495
1.260009540855282
1.260009540890708
1.2600095409119636
1.2600095409525787
1.2600095410634797
1.2600095411622054
1.2600095412214407
1.2600095412849766
1.2600095413435637
1.260009541378716
1.2600095414007135
1.2600095414167984
1.2600095414343235
1.2600095414493424
1.2600095414583539
1.2600095414637609
1.2600095414722947
1.2600095414798076
1.2600095414843155
1.26000954148702
1.2600095414907688
1.2600095414966197
1.26000954150013
1.260009541502236
1.2600095415034998
1.2600095415047312
1.2600095415058623
1.2600095415065407
1.2600095415070178
1.2600095415076553
1.260009541508038
1.260009541508267
1.2600095415084047
1.260009541508578
1.2600095415088597
1.2600095415090284
1.2600095415091301
1.260009541509191
1.2600095415092276
1.2600095415093044
1.260009541509359
1.2600095415093922
1.2600095415094117
1.2600095415094312
1.2600095415094572
1.2600095415094723
1.2600095415094816
1.260009541509487
1.2600095415094907
1.2600095415094974
1.260009541509502
1.260009541509505
1.2600095415095076
1.26000954150951
1.2600095415095114
1.2600095415095125
1.2600095415095132
1.2600095415095145
1.260009541509515
1.2600095415095156
1.2600095415095158
1.2600095415095163
1.260009541509517
1.2600095415095172
1.2600095415095172
1.2600095415095172
1.2600095415095172
1.2600095415095172
1.2600095415095172
1.2600095415095172
1.2600095415095172
1.2600095415095172
1.2600095415095172
1.2600095415095172
1.2600095415095172
1.2600095415095172
1.2600095415095172
1.2600095415095172
1.2600095415095172
1.2600095415095172
