1.6193802875635483
1.6193802875635483
1.6193802875635483
1.6193802875635483
1.6193802875635483
1.6193802875635483
1.6193802875635483
1.6193802875635483
1.6193802875635483
1.6193802875635483
1.6193802875635483
1.6193802875635483
1.6193802875635483
1.6193802875635483
1.6193802875635483
1.6193802875635483
1.6193802875635483
1.6193802875635483
1.6193802875635483
1.6193802875635483
1.6193802875635483
1.6193802875635483
1.6193802875635483
1.6193802875635483
1.6193802875635483
1.6193802875635483
1.6193802875635483
1.6193802875635483
1.6193802875635483
1.6193802875635483
1.6193802875635483
1.6193802875635483
1.6193802875635483
1.6193802875635483
1.6193802875635483
1.6193802875635483
1.6193802875635483
1.6193802875635483
1.6193802875635483
1.6193802875635483
1.6193802875635483
1.6193802875635483
1.6193802875635483
1.6193802875635483
1.6193802875635483
1.6193802875635483
1.6194118649207272
1.6194118649207272
1.6194118649207272
1.6194118649207272
1.6194118649207272
1.6194140525718654
1.619416379738614
1.6194236316075805
1.6194279827453117
1.619431112272156
1.6194324551979011
1.6194335722573383
1.61943424249336
1.6194366675019858
1.6194368529951289
1.6194368529951289
1.619437381671031
1.6194378713142261
1.6194380634119623
1.6194383490906237
1.6194386636135782
1.6194388523273173
1.619439746171068
1.619439746171068
1.6194398551180114
1.6194400721881062
1.619440300094838
1.6194405602840183
1.6194408320624192
1.619440981385584
1.6194410796652234
1.619441138633012
1.61944118793551
1.619441276201815
1.6194413595813473
1.6194413951570783
1.6194414187562987
1.6194414817815388
1.6194415504972124
1.6194415917266183
1.6194416164642618
1.6194416313068483
1.6194416423772198
1.6194416524755495
1.6194416638841331
1.6194416638841331
1.6194416638841331
1.6194416682675046
1.6194416689943558
1.6194416713184836
1.6194416720222233
1.6194416733698076
1.6194416747077063
1.6194416756831067
1.6194416764637587
1.6194416768516953
1.6194416773808378
1.6194416778545675
1.6194416780496503
1.6194416781769143
1.6194416783831107
1.6194416786307904
1.6194416788001003
1.6194416789016868
1.6194416789626382
1.6194416790645938
1.619441679181994
1.6194416792410802
1.6194416792410802
1.6194416793055555
1.6194416793252864
1.6194416793371242
1.6194416793464679
1.6194416793627453
1.6194416793749504
1.6194416793861202
1.6194416793928226
1.6194416794004636
1.6194416794068096
1.6194416794106175
1.6194416794129016
1.6194416794142725
1.6194416794150952
1.6194416794156905
1.6194416794177595
1.6194416794191187
1.619441679419983
1.6194416794205015
1.6194416794208126
1.619441679421922
1.6194416794226294
1.6194416794230533
1.619441679423308
1.6194416794236606
1.619441679423902
1.6194416794240512
1.6194416794241406
1.6194416794243167
1.6194416794244526
1.6194416794245334
1.6194416794246045
1.619441679424668
1.6194416794247075
1.6194416794247315
1.619441679424746
1.6194416794247546
1.619441679424769
1.6194416794247783
1.6194416794247835
1.6194416794247872
1.6194416794247892
1.619441679424793
1.6194416794247963
1.6194416794247988
1.6194416794248
1.6194416794248014
1.6194416794248028
1.6194416794248037
1.619441679424804
1.6194416794248048
1.619441679424805
1.6194416794248054
1.6194416794248059
1.6194416794248059
1.6194416794248059
1.6194416794248059
1.6194416794248059
1.6194416794248059
1.6194416794248059
1.6194416794248059
1.6194416794248059
1.6194416794248059
1.6194416794248059
1.6194416794248059
1.6194416794248059
1.6194416794248059
1.6194416794248059
1.6194416794248059
1.6194416794248059
1.6194416794248059
1.6194416794248059
1.6194416794248059
1.6194416794248059
1.6194416794248059
