1.5021955729260867
1.5021955729260867
1.5021955729260867
1.5021955729260867
1.5021955729260867
1.5021955729260867
1.5021955729260867
1.5021955729260867
1.5021955729260867
1.5021955729260867
1.5021955729260867
1.5021955729260867
1.5021955729260867
1.5021955729260867
1.5021955729260867
1.5021955729260867
1.5021955729260867
1.5021955729260867
1.5021955729260867
1.5021955729260867
1.5021955729260867
1.5021955729260867
1.5021955729260867
1.5021955729260867
1.5021955729260867
1.5021955729260867
1.5021955729260867
1.5021955729260867
1.5021955729260867
1.5021955729260867
1.5021955729260867
1.5021955729260867
1.5021955729260867
1.5021955729260867
1.5021955729260867
1.5021955729260867
1.5021955729260867
1.5021955729260867
1.5021955729260867
1.5021955729260867
1.5021955729260867
1.5021955729260867
1.5021955729260867
1.5021955729260867
1.5021955729260867
1.5021955729260867
1.5021955729260867
1.5021955729260867
1.5021955729260867
1.5021955729260867
1.5021955729260867
1.5021955729260867
1.5021955729260867
1.5021955729260867
1.5021955729260867
1.5021955729260867
1.5021955729260867
1.5021955729260867
1.5021955729260867
1.5021955729260867
1.5021955729260867
1.5022029483800647
1.5022029483800647
1.5022029483800647
1.5022029483800647
1.5022042294041393
1.5022042294041393
1.5022042294041393
1.502206798163677
1.502206798163677
1.5022078632305202
1.5022091074534762
1.5022101794672225
1.5022137004388492
1.5022158130305927
1.5022170805887942
1.5022178411248532
1.5022210730020245
1.5022232383470617
1.5022246222710556
1.5022246222710556
1.5022256424929437
1.5022264638623695
1.5022273003565416
1.502227654564219
1.502228102887562
1.5022283760957293
1.502228695415032
1.502228887006607
1.502229013720027
1.502229106040952
1.5022291266833283
1.5022291433255475
1.5022291628142217
1.5022291843120286
1.5022292342562353
1.502229267050969
1.5022293002263365
1.5022293002263365
1.5022293289369253
1.5022293572296013
1.5022293726294396
1.5022293818693426
1.5022293906975217
1.5022294003178673
1.5022294061550967
1.5022294109311283
1.5022294143999426
1.5022294192186936
1.5022294222831019
1.5022294241278162
1.502229426217133
1.5022294276081622
1.502229428954587
1.502229429962886
1.5022294307249668
1.5022294312365754
1.5022294315714446
1.5022294318572946
1.5022294320059246
1.5022294321881389
1.5022294323040486
1.502229432412395
1.5022294325006247
1.5022294325906376
1.5022294326446455
1.5022294326770493
1.5022294327004746
1.5022294327316625
1.5022294327669121
1.5022294327884114
1.5022294328020347
1.5022294328116044
1.5022294328270276
1.50222943283744
1.502229432843688
1.502229432847851
1.5022294328505532
1.5022294328521761
1.5022294328557264
1.5022294328583328
1.5022294328599588
1.5022294328609371
1.5022294328615229
1.5022294328619172
1.5022294328629313
1.502229432863595
1.5022294328639927
1.502229432864232
1.5022294328647026
1.5022294328650665
1.5022294328652863
1.5022294328654169
1.5022294328654953
1.5022294328655428
1.5022294328655716
1.5022294328657118
1.5022294328657992
1.5022294328658523
1.5022294328659107
1.5022294328659787
1.5022294328660202
1.5022294328660444
1.5022294328660675
1.5022294328660917
1.5022294328661054
1.5022294328661134
1.5022294328661192
1.502229432866123
1.5022294328661319
1.5022294328661374
1.5022294328661423
1.502229432866145
1.5022294328661483
1.502229432866153
1.5022294328661554
1.5022294328661565
1.502229432866157
1.5022294328661594
1.502229432866161
1.5022294328661618
1.5022294328661623
1.5022294328661634
1.5022294328661634
1.5022294328661634
1.5022294328661634
1.5022294328661634
1.5022294328661647
1.5022294328661647
1.5022294328661647
1.5022294328661647
1.5022294328661647
1.5022294328661647
1.5022294328661647
1.5022294328661647
1.5022294328661647
1.5022294328661647
1.5022294328661647
1.5022294328661647
1.5022294328661647
1.5022294328661647
