1.0803752095169616
1.0803752095169616
1.0803752095169616
1.0803752095169616
1.0803752095169616
1.0803752095169616
1.0803752095169616
1.0803752095169616
1.0803752095169616
1.0803752095169616
1.0803752095169616
1.0803752095169616
1.0803752095169616
1.0803752095169616
1.0803752095169616
1.0803752095169616
1.0803752095169616
1.0803752095169616
1.0803752095169616
1.0803752095169616
1.0803752095169616
1.0803752095169616
1.0803752095169616
1.0803752095169616
1.0803752095169616
1.0803752095169616
1.0803752095169616
1.0803752095169616
1.0803752095169616
1.0803752095169616
1.0803752095169616
1.0803752095169616
1.0803752095169616
1.0803752095169616
1.0803752095169616
1.0803752095169616
1.0803852669938827
1.0803852669938827
1.0803852669938827
1.0803852669938827
1.080391155833614
1.080399515592508
1.080399515592508
1.080399515592508
1.080399515592508
1.0804021367297638
1.0804021367297638
1.0804021367297638
1.0804074062111553
1.0804074062111553
1.0804074062111553
1.0804074297881616
1.080408418590584
1.0804095393484296
1.0804111127572187
1.0804120568103077
1.0804126232449747
1.0804134764946876
1.0804141960084968
1.0804147236640531
1.0804153223763127
1.0804155966876967
1.0804160922195303
1.08041640268134
1.0804166984261643
1.0804168785176353
1.0804170824898598
1.0804172070373883
1.0804172756553494
1.0804173468797766
1.0804174019477906
1.0804174690833166
1.0804175197380566
1.0804175515550656
1.0804175763438872
1.0804176196151036
1.080417647052639
1.0804176635151592
1.0804176752941976
1.0804176752941976
1.0804176752941976
1.0804176799066332
1.0804176799066332
1.0804176799066332
1.0804176799066332
1.080417680135442
1.080417680135442
1.080417680135442
1.080417680135442
1.080417680218642
1.080417680218642
1.080417680218642
1.080417680218642
1.080417680218642
1.0804176802716485
1.0804176802716485
1.0804176802716485
1.0804176802716485
1.080417680332561
1.080417680332561
1.080417680332561
1.0804176803577457
1.080417680373089
1.080417680373089
1.080417680373089
1.0804176803855676
1.080417680391408
1.0804176803928816
1.0804176803937655
1.0804176803967356
1.080417680400018
1.0804176804026144
1.080417680404371
1.0804176804056145
1.0804176804056145
1.0804176804061938
1.0804176804067884
1.0804176804071173
1.0804176804073145
1.0804176804075116
1.080417680407942
1.0804176804083245
1.080417680408554
1.0804176804086916
1.0804176804087322
1.0804176804088013
1.080417680408937
1.080417680409032
1.0804176804090948
1.0804176804091326
1.080417680409202
1.080417680409278
1.0804176804093235
1.080417680409351
1.0804176804094103
1.0804176804094754
1.0804176804095103
1.0804176804095338
1.080417680409548
1.0804176804095627
1.0804176804095853
1.0804176804096017
1.0804176804096135
1.0804176804096262
1.0804176804096326
1.0804176804096395
1.0804176804096426
1.0804176804096477
1.08041768040965
1.0804176804096517
1.0804176804096532
1.0804176804096546
1.080417680409656
1.0804176804096568
1.0804176804096575
1.0804176804096577
1.0804176804096581
1.0804176804096584
1.0804176804096586
1.0804176804096588
1.0804176804096588
1.0804176804096588
1.0804176804096588
1.0804176804096588
1.0804176804096588
1.080417680409659
1.080417680409659
1.080417680409659
1.080417680409659
1.080417680409659
1.080417680409659
1.080417680409659
1.080417680409659
1.080417680409659
1.080417680409659
1.080417680409659
1.080417680409659
1.080417680409659
