1.7499637382614557
1.7499637382614557
1.7499637382614557
1.7499637382614557
1.7499637382614557
1.7499637382614557
1.7499637382614557
1.7499637382614557
1.7499637382614557
1.7499637382614557
1.7499637382614557
1.7499637382614557
1.7499637382614557
1.7499637382614557
1.7499637382614557
1.7499637382614557
1.7499637382614557
1.7499637382614557
1.7499637382614557
1.7499637382614557
1.7499637382614557
1.7499637382614557
1.7499637382614557
1.7499637382614557
1.7499637382614557
1.7499637382614557
1.7499637382614557
1.7499637382614557
1.7499637382614557
1.7499637382614557
1.7499637382614557
1.7499637382614557
1.7499637382614557
1.7499637382614557
1.7499637382614557
1.7499637382614557
1.7499637382614557
1.7499637382614557
1.7499637382614557
1.7499637382614557
1.7499637382614557
1.7499637382614557
1.7499637382614557
1.7499637382614557
1.7499637382614557
1.7499637382614557
1.7499637382614557
1.7499637382614557
1.7499637382614557
1.7499637382614557
1.749966493251176
1.749966493251176
1.749966493251176
1.749966493251176
1.749966493251176
1.749967123675811
1.749967123675811
1.749967123675811
1.749967123675811
1.7499672399215664
1.7499672399215664
1.7499672399215664
1.749967448228918
1.749967448228918
1.7499676068024288
1.749968341459416
1.749968341459416
1.749968366785209
1.7499689025344838
1.7499692239840268
1.7499694225472353
1.7499698792074514
1.7499701739423554
1.7499703507832887
1.7499704568878454
1.7499705138080324
1.7499705163420278
1.7499705557889724
1.7499706111908973
1.7499706114271676
1.7499706288808523
1.7499706404724618
1.7499706535977968
1.7499706615234176
1.7499706694222665
1.7499706967918267
1.7499707132135622
1.749970717801851
1.7499707255981651
1.749970728240047
1.749970729378877
1.7499707322896367
1.749970734279699
1.7499707350833373
1.7499707350833373
1.7499707361154422
1.749970737337855
1.7499707383498153
1.749970739078937
1.7499707400622493
1.749970740652237
1.7499707410409016
1.7499707414789443
1.7499707417634562
1.7499707419356705
1.7499707420421176
1.7499707421618609
1.7499707423166697
1.7499707424290294
1.7499707424964448
1.749970742536894
1.749970742561164
1.7499707425757254
1.7499707426128401
1.7499707426511064
1.749970742674066
1.7499707426891085
1.7499707426999977
1.749970742716244
1.7499707427259918
1.7499707427304392
1.7499707427304392
1.7499707427347473
1.7499707427348479
1.7499707427364726
1.7499707427364726
1.7499707427365725
1.7499707427377778
1.749970742738501
1.7499707427394784
1.7499707427400657
1.7499707427404991
1.7499707427406512
1.749970742741051
1.7499707427412368
1.7499707427414504
1.7499707427415965
1.7499707427417424
1.7499707427418556
1.749970742741926
1.7499707427420217
1.7499707427421158
1.749970742742141
1.7499707427421731
1.749970742742191
1.7499707427422286
1.7499707427422468
1.7499707427422597
1.749970742742281
1.7499707427422908
1.7499707427422944
1.7499707427423004
1.7499707427423048
1.7499707427423115
1.7499707427423201
1.7499707427423201
1.7499707427423221
1.7499707427423261
1.7499707427423281
1.7499707427423314
1.7499707427423326
1.7499707427423339
1.7499707427423348
1.7499707427423372
1.7499707427423374
1.749970742742338
1.7499707427423388
1.7499707427423392
1.7499707427423392
1.7499707427423392
1.7499707427423394
1.7499707427423394
1.7499707427423399
1.7499707427423399
1.7499707427423403
1.7499707427423403
1.7499707427423403
1.7499707427423403
1.7499707427423403
1.7499707427423403
1.7499707427423403
1.7499707427423403
1.7499707427423403
1.7499707427423403
1.7499707427423403
1.7499707427423403
