1.3499327441301845
1.3499327441301845
1.3499327441301845
1.3499327441301845
1.3499327441301845
1.3499327441301845
1.3499327441301845
1.3499327441301845
1.3499327441301845
1.3499327441301845
1.3499327441301845
1.3499327441301845
1.3499327441301845
1.3499327441301845
1.3499327441301845
1.3499327441301845
1.3499327441301845
1.3499327441301845
1.3499327441301845
1.3499327441301845
1.3499327441301845
1.3499327441301845
1.3499327441301845
1.3499327441301845
1.3499327441301845
1.3499327441301845
1.3499327441301845
1.3499327441301845
1.3499327441301845
1.3499327441301845
1.3499327441301845
1.3499327441301845
1.3499327441301845
1.3499327441301845
1.3499327441301845
1.3499327441301845
1.3499327441301845
1.3499327441301845
1.3499327441301845
1.3499327441301845
1.3499327441301845
1.3499327441301845
1.3499327441301845
1.3499327441301845
1.3499327441301845
1.3499327441301845
1.3499327441301845
1.3499327441301845
1.3499327441301845
1.3499327441301845
1.3499327441301845
1.3499327441301845
1.3499327441301845
1.3499327441301845
1.3499327441301845
1.3499327441301845
1.3499327441301845
1.3499327441301845
1.3499327441301845
1.3499327441301845
1.3499327441301845
1.3499332350706184
1.3499334524360045
1.3499337443395516
1.349934340644686
1.349934340644686
1.3499344679814262
1.3499345436327743
1.349934687614592
1.3499348648386293
1.349934971172949
1.3499350349735038
1.3499350894052782
1.3499351655925285
1.3499352109008322
1.3499352109008322
1.349935239097699
1.3499352418098158
1.3499352630972323
1.3499352649858256
1.3499352661189812
1.3499352677082486
1.3499352703451293
1.349935283475365
1.349935291253301
1.3499352942225857
1.3499352942225857
1.3499352942225857
1.3499352986765218
1.3499352999415786
1.3499353002333634
1.349935300479017
1.3499353006358241
1.349935300817809
1.3499353020104574
1.349935302732836
1.349935303166263
1.3499353034263195
1.3499353035823531
1.349935303764091
1.3499353040808142
1.349935304215051
1.3499353043271276
1.3499353043943734
1.349935304451138
1.3499353046106235
1.3499353047064029
1.3499353047638702
1.3499353048309095
1.3499353048912592
1.349935304927469
1.3499353049491951
1.3499353049720182
1.3499353049968406
1.3499353050102578
1.3499353050183083
1.3499353050231386
1.3499353050260368
1.3499353050332055
1.3499353050414964
1.349935305046471
1.349935305049456
1.3499353050512946
1.349935305053345
1.3499353050558929
1.3499353050573788
1.3499353050573788
1.3499353050573788
1.3499353050583043
1.3499353050583043
1.3499353050583043
1.3499353050583043
1.3499353050584952
1.3499353050584952
1.3499353050585672
1.3499353050586111
1.3499353050586615
1.3499353050586815
1.3499353050586937
1.349935305058703
1.3499353050587162
1.3499353050587557
1.34993530505878
1.3499353050587943
1.3499353050588032
1.34993530505881
1.3499353050588232
1.3499353050588316
1.3499353050588367
1.3499353050588396
1.349935305058842
1.3499353050588458
1.3499353050588483
1.3499353050588496
1.3499353050588507
1.349935305058852
1.3499353050588527
1.3499353050588532
1.3499353050588536
1.3499353050588543
1.3499353050588543
1.3499353050588543
1.3499353050588545
1.3499353050588545
1.3499353050588545
1.3499353050588545
1.3499353050588545
1.3499353050588545
1.3499353050588545
1.3499353050588545
1.3499353050588545
1.3499353050588545
1.3499353050588545
1.3499353050588545
1.3499353050588545
1.3499353050588545
1.3499353050588545
1.3499353050588545
1.3499353050588545
1.3499353050588545
1.3499353050588545
1.3499353050588545
1.3499353050588545
