1.9423330937935923
1.9423330937935923
1.9423330937935923
1.9423330937935923
1.9423330937935923
1.9423330937935923
1.9423330937935923
1.9423330937935923
1.9423330937935923
1.9423330937935923
1.9423330937935923
1.9423330937935923
1.9423330937935923
1.9423330937935923
1.9423330937935923
1.9423330937935923
1.9423330937935923
1.9423330937935923
1.9423330937935923
1.9423330937935923
1.9423330937935923
1.9423330937935923
1.9423330937935923
1.9423330937935923
1.9423330937935923
1.9423330937935923
1.9423330937935923
1.9423330937935923
1.9423330937935923
1.9423330937935923
1.9423330937935923
1.9423330937935923
1.9423330937935923
1.9423330937935923
1.9423330937935923
1.9423330937935923
1.9423330937935923
1.9423330937935923
1.9423330937935923
1.9423330937935923
1.9423330937935923
1.9423330937935923
1.9423330937935923
1.9423330937935923
1.9423330937935923
1.9423330937935923
1.9423330937935923
1.9423330937935923
1.9423330937935923
1.9423330937935923
1.9423330937935923
1.9423330937935923
1.9423330937935923
1.9423330937935923
1.9423330937935923
1.9423330937935923
1.9423330937935923
1.9423330937935923
1.9423330937935923
1.9423402528843856
1.9423452648902924
1.942347053529106
1.9423504635442475
1.9423504635442475
1.9423507724800404
1.9423517005022033
1.9423518083121496
1.942352236523679
1.9423529496142478
1.9423533774689465
1.9423536341818943
1.9423541930015056
1.9423547663043514
1.9423552490432021
1.9423554228457607
1.9423556516874536
1.9423558882778709
1.9423560577621424
1.9423561594527126
1.9423562265216567
1.942356287001718
1.9423563530438945
1.942356398694884
1.9423564181812927
1.9423564504742203
1.9423564955879393
1.9423565245924144
1.942356545235187
1.9423565633076298
1.9423565781722716
1.9423565911803444
1.9423565964806673
1.942356599987424
1.9423566040268068
1.9423566070029223
1.9423566109315968
1.9423566127752765
1.9423566134690542
1.9423566143409794
1.9423566153970158
1.9423566160845855
1.9423566169320343
1.942356617173697
1.9423566178541474
1.9423566183822125
1.9423566185490768
1.942356618735071
1.9423566188521475
1.9423566189869903
1.94235661913502
1.942356619180339
1.9423566192806592
1.9423566193462642
1.9423566193888415
1.942356619439931
1.9423566194505117
1.9423566194766027
1.942356619496511
1.9423566195084554
1.9423566195175288
1.9423566195212307
1.9423566195356852
1.942356619543583
1.942356619549359
1.9423566195543633
1.942356619555643
1.9423566195618165
1.9423566195662108
1.9423566195689437
1.9423566195713455
1.9423566195744573
1.9423566195768005
1.942356619578207
1.942356619579228
1.9423566195804012
1.9423566195811337
1.9423566195815967
1.9423566195820618
1.9423566195822206
1.9423566195823647
1.9423566195823647
1.9423566195825144
1.9423566195825144
1.9423566195825297
1.942356619582533
1.942356619582535
1.942356619582536
1.9423566195825706
1.942356619582596
1.94235661958261
1.942356619582622
1.942356619582628
1.9423566195826407
1.9423566195826445
1.9423566195826503
1.9423566195826563
1.9423566195826603
1.9423566195826623
1.9423566195826643
1.9423566195826667
1.942356619582668
1.942356619582668
1.9423566195826687
1.9423566195826687
1.9423566195826687
1.9423566195826687
1.9423566195826687
1.9423566195826687
1.9423566195826687
1.9423566195826687
1.9423566195826687
1.9423566195826687
1.9423566195826687
1.9423566195826687
1.9423566195826687
1.9423566195826687
1.9423566195826687
1.9423566195826687
1.9423566195826687
1.9423566195826687
1.9423566195826687
1.9423566195826687
1.9423566195826687
1.9423566195826687
1.9423566195826687
1.9423566195826687
1.9423566195826687
1.9423566195826687
1.9423566195826687
1.9423566195826687
