1.4283741638686254
1.4283741638686254
1.4283741638686254
1.4283741638686254
1.4283741638686254
1.4283741638686254
1.4283741638686254
1.4283741638686254
1.4283741638686254
1.4283741638686254
1.4283741638686254
1.4283741638686254
1.4283741638686254
1.4283741638686254
1.4283741638686254
1.4283741638686254
1.4283741638686254
1.4283741638686254
1.4283741638686254
1.4283741638686254
1.4283741638686254
1.4283741638686254
1.4283741638686254
1.4283741638686254
1.4283741638686254
1.4283741638686254
1.4283741638686254
1.4283741638686254
1.4283741638686254
1.4283741638686254
1.4283741638686254
1.4283741638686254
1.4283741638686254
1.4283741638686254
1.4283741638686254
1.4283741638686254
1.4283741638686254
1.4283741638686254
1.4283741638686254
1.4283741638686254
1.4283741638686254
1.4283741638686254
1.4283741638686254
1.4283741638686254
1.4283741638686254
1.4283741638686254
1.4283741638686254
1.4283741638686254
1.4283741638686254
1.4283741638686254
1.4283741638686254
1.4283741638686254
1.4283741638686254
1.4283741638686254
1.4283741638686254
1.4283741638686254
1.4283741638686254
1.4283741638686254
1.4283741638686254
1.4283741638686254
1.4283741638686254
1.4283741638686254
1.4283741638686254
1.4283756391177196
1.4283756391177196
1.4283756391177196
1.4283757437570854
1.4283763364747541
1.4283765261595263
1.4283766931462931
1.4283769320525277
1.4283771249828048
1.428377231584645
1.428377326112961
1.428377429873462
1.428377496009388
1.4283775356909418
1.428377610659779
1.4283776872741312
1.428377734418742
1.4283777842594543
1.4283778123178907
1.4283778477034677
1.4283778689348134
1.4283778816736208
1.4283778893338537
1.4283778989573785
1.4283779079146268
1.4283779156231702
1.4283779176021563
1.4283779229596163
1.4283779273037605
1.4283779299102466
1.4283779315604384
1.4283779334673328
1.4283779352620893
1.428377936303984
1.4283779371823382
1.4283779378770023
1.4283779387661153
1.4283779393318858
1.428377939762055
1.4283779398913774
1.4283779403280483
1.4283779407115935
1.4283779409533282
1.4283779410985067
1.428377941272405
1.4283779414254083
1.4283779414357929
1.4283779414626427
1.4283779414966151
1.4283779415359663
1.428377941555795
1.428377941567692
1.428377941586329
1.4283779416272384
1.428377941633727
1.428377941633727
1.4283779416568547
1.428377941663396
1.4283779416674518
1.428377941669752
1.428377941673587
1.4283779416777256
1.4283779416817493
1.4283779416841633
1.4283779416856124
1.4283779416858737
1.4283779416878761
1.4283779416879312
1.4283779416888567
1.4283779416896765
1.4283779416902753
1.4283779416914695
1.4283779416921487
1.4283779416925986
1.428377941692702
1.428377941692702
1.4283779416928106
1.4283779416928601
1.4283779416929159
1.4283779416929159
1.428377941692979
1.428377941692979
1.428377941693011
1.428377941693034
1.4283779416930429
1.428377941693061
1.428377941693065
1.428377941693077
1.4283779416930886
1.428377941693091
1.4283779416930984
1.4283779416931013
1.428377941693105
1.4283779416931053
1.428377941693107
1.4283779416931082
1.4283779416931093
1.4283779416931102
1.4283779416931106
1.428377941693111
1.4283779416931113
1.4283779416931117
1.4283779416931117
1.4283779416931117
1.4283779416931117
1.4283779416931117
1.4283779416931117
1.4283779416931117
1.4283779416931117
1.4283779416931117
1.4283779416931117
1.4283779416931117
1.4283779416931117
1.4283779416931117
1.4283779416931117
1.4283779416931117
1.4283779416931117
1.4283779416931117
1.4283779416931117
1.4283779416931117
1.4283779416931117
