1.7163415246775482
1.7163415246775482
1.7163415246775482
1.7163415246775482
1.7163415246775482
1.7163415246775482
1.7163415246775482
1.7163415246775482
1.7163415246775482
1.7163415246775482
1.7163415246775482
1.7163415246775482
1.7163415246775482
1.7163415246775482
1.7163415246775482
1.7163415246775482
1.7163415246775482
1.7163415246775482
1.7163415246775482
1.7163415246775482
1.7163415246775482
1.7163415246775482
1.7163415246775482
1.7163415246775482
1.7163415246775482
1.7163415246775482
1.7163415246775482
1.7163415246775482
1.7163415246775482
1.7163415246775482
1.7163415246775482
1.7163415246775482
1.7163415246775482
1.7163415246775482
1.7163415246775482
1.7163415246775482
1.7163415246775482
1.7163415246775482
1.7163415246775482
1.7163415246775482
1.7163415246775482
1.7163415246775482
1.7163415246775482
1.7163415246775482
1.7163415246775482
1.7163415246775482
1.7163415246775482
1.7163415246775482
1.7163415246775482
1.7163415246775482
1.7163415246775482
1.7163415246775482
1.7163415246775482
1.7163415246775482
1.7163415246775482
1.7163415246775482
1.7163415246775482
1.7163415246775482
1.7163415246775482
1.7163415246775482
1.7163415246775482
1.7163415246775482
1.7163415246775482
1.7163415246775482
1.7163420870138895
1.7163420870138895
1.7163420870138895
1.7163420870138895
1.7163425753300137
1.7163425753300137
1.7163425753300137
1.7163425753300137
1.7163426169473472
1.7163432486832984
1.7163435458854723
1.716343724206776
1.7163438428142987
1.7163440378528054
1.7163443247970729
1.7163445086460094
1.716344618955365
1.7163446740091683
1.71634473770594
1.7163448309417357
1.716344914124779
1.7163449503282355
1.7163450143452184
1.7163450554460622
1.7163450837215732
1.7163451006868797
1.7163451142893014
1.716345135791589
1.716345152073209
1.7163451566092818
1.7163451631702153
1.7163451690308211
1.7163451738085844
1.7163451766752427
1.7163451799463982
1.7163451801103558
1.7163451808260608
1.7163451818456026
1.7163451829481324
1.7163451836614547
1.7163451847015763
1.7163451848129445
1.7163451853216447
1.7163451856492542
1.7163451858269752
1.7163451860305945
1.7163451861096402
1.7163451862388894
1.7163451863381585
1.7163451863977195
1.7163451864536523
1.716345186478997
1.7163451865089336
1.7163451865461454
1.7163451865599926
1.7163451865655626
1.7163451865700865
1.7163451865776322
1.7163451865842196
1.7163451865881718
1.7163451865917674
1.7163451865935322
1.7163451865969233
1.7163451865992831
1.7163451866006996
1.7163451866030293
1.7163451866047577
1.7163451866059494
1.7163451866066624
1.7163451866075685
1.7163451866081842
1.7163451866085535
1.7163451866088537
1.7163451866092676
1.716345186609522
1.7163451866096449
1.7163451866097594
1.7163451866098063
1.71634518660984
1.716345186609854
1.716345186609897
1.716345186609908
1.716345186609908
1.716345186609908
1.716345186609908
1.716345186609908
1.7163451866099142
1.7163451866099142
1.7163451866099186
1.7163451866099186
1.7163451866099186
1.7163451866099195
1.716345186609921
1.7163451866099222
1.7163451866099222
1.7163451866099224
1.716345186609923
1.716345186609923
1.7163451866099235
1.7163451866099244
1.7163451866099244
1.7163451866099244
1.7163451866099246
1.716345186609925
1.716345186609925
1.7163451866099255
1.7163451866099255
1.7163451866099255
1.7163451866099255
1.7163451866099255
1.7163451866099255
1.7163451866099255
1.7163451866099255
1.7163451866099255
1.7163451866099255
1.7163451866099255
1.7163451866099255
1.7163451866099255
1.7163451866099255
1.7163451866099255
1.7163451866099255
1.7163451866099255
1.7163451866099255
1.7163451866099255
1.7163451866099255
1.7163451866099255
1.7163451866099255
1.7163451866099255
