1.1299019801436319
1.1299019801436319
1.1299019801436319
1.1299019801436319
1.1299019801436319
1.1299019801436319
1.1299019801436319
1.1299019801436319
1.1299019801436319
1.1299019801436319
1.1299019801436319
1.1299019801436319
1.1299019801436319
1.1299019801436319
1.1299019801436319
1.1299019801436319
1.1299019801436319
1.1299019801436319
1.1299019801436319
1.1299019801436319
1.1299019801436319
1.1299019801436319
1.1299019801436319
1.1299019801436319
1.1299019801436319
1.1299019801436319
1.1299019801436319
1.1299019801436319
1.1299019801436319
1.1299019801436319
1.1299019801436319
1.1299019801436319
1.1299019801436319
1.1299019801436319
1.1299019801436319
1.1299019801436319
1.1299019801436319
1.1299019801436319
1.1299019801436319
1.1299019801436319
1.1299019801436319
1.1299019801436319
1.1299019801436319
1.1299019801436319
1.1299019801436319
1.1299019801436319
1.1299019801436319
1.1299019801436319
1.1299019801436319
1.1299019801436319
1.1299019801436319
1.1299028199264607
1.1299028199264607
1.1299028199264607
1.1299028199264607
1.129903808714732
1.1299038770258838
1.1299039838441203
1.1299042645938107
1.1299044330435606
1.1299046634699528
1.1299053833576014
1.1299057427570345
1.129906479632214
1.1299066727207785
1.1299072109040225
1.1299075035162944
1.1299078157046858
1.1299078769889934
1.1299079626153223
1.1299082101754931
1.1299082737952055
1.1299084704530846
1.129908588447831
1.1299086592446859
1.1299087500710987
1.1299087743955463
1.1299088046587977
1.1299088228167498
1.1299088674021405
1.1299088674021405
1.129908895538138
1.1299089168783092
1.1299089269643132
1.1299089364696693
1.1299089448708362
1.1299089552163217
1.1299089552163217
1.129908956113062
1.1299089578774941
1.1299089598999152
1.129908961113368
1.1299089618414393
1.1299089624228589
1.1299089634155668
1.1299089641239446
1.1299089645489715
1.1299089646902223
1.1299089646902223
1.1299089646902223
1.1299089648162934
1.1299089648162934
1.1299089648162934
1.1299089648162934
1.1299089648629184
1.1299089648629184
1.1299089648629184
1.1299089648629184
1.1299089648629184
1.1299089648629184
1.1299089648629184
1.1299089648629184
1.1299089648629184
1.1299089648629184
1.1299089648629184
1.1299089648629184
1.1299089648629184
1.1299089648629184
1.1299089648629184
1.1299089648629184
1.1299089648629184
1.1299089648629184
1.1299089648629184
1.1299089648654779
1.1299089648654779
1.1299089648654779
1.1299089648654779
1.1299089648658216
1.1299089648658216
1.1299089648658216
1.1299089648658216
1.1299089648659824
1.1299089648659824
1.1299089648661713
1.1299089648661713
1.1299089648662268
1.129908964866282
1.129908964866317
1.129908964866338
1.1299089648663507
1.1299089648664329
1.1299089648665357
1.1299089648665517
1.1299089648665854
1.1299089648665968
1.1299089648666116
1.1299089648666116
1.129908964866638
1.129908964866647
1.1299089648666523
1.1299089648666554
1.1299089648666596
1.1299089648666645
1.1299089648666671
1.12990896486667
1.1299089648666731
1.1299089648666765
1.1299089648666787
1.1299089648666802
1.129908964866682
1.1299089648666834
1.1299089648666845
1.1299089648666847
1.1299089648666856
1.129908964866686
1.1299089648666865
1.1299089648666865
1.1299089648666867
1.129908964866687
1.129908964866687
1.129908964866687
1.129908964866687
1.129908964866687
1.129908964866687
1.129908964866687
1.129908964866687
1.129908964866687
1.129908964866687
1.129908964866687
1.129908964866687
1.129908964866687
1.129908964866687
1.129908964866687
1.129908964866687
1.129908964866687
1.129908964866687
