2.6375649674656256
2.6375649674656256
2.6375649674656256
2.6375649674656256
2.6375649674656256
2.6375649674656256
2.6375649674656256
2.6375649674656256
2.6375649674656256
2.6375649674656256
2.6375649674656256
2.6375649674656256
2.6375649674656256
2.6375649674656256
2.6375649674656256
2.6375649674656256
2.6375649674656256
2.6375649674656256
2.6375649674656256
2.6375649674656256
2.6375649674656256
2.6375649674656256
2.6375649674656256
2.6375649674656256
2.6375649674656256
2.6375649674656256
2.6375649674656256
2.6375649674656256
2.6375649674656256
2.6375649674656256
2.6375649674656256
2.6375649674656256
2.6375649674656256
2.6375649674656256
2.6375649674656256
2.6375649674656256
2.6375649674656256
2.6375649674656256
2.6375649674656256
2.6375649674656256
2.6375649674656256
2.6375649674656256
2.6375649674656256
2.6375649674656256
2.6375649674656256
2.6375649674656256
2.6375649674656256
2.6375649674656256
2.6375649674656256
2.6375649674656256
2.6375649674656256
2.6375649674656256
2.6375649674656256
2.6375699106712425
2.6375699691800882
2.6375699691800882
2.6375699691800882
2.6375723833289872
2.6375723833289872
2.6375730940160347
2.6375739875004895
2.637574386981835
2.6375764035797347
2.6375764078451462
2.637579913445453
2.637582016805561
2.637583278821599
2.6375847215778796
2.637587771099616
2.6375890285469725
2.637590326799219
2.6375911316998413
2.637592186033107
2.6375928414410135
2.6375932346857627
2.637593470632615
2.637593618505799
2.6375938540505155
2.6375940164704286
2.6375941300799224
2.6375941861600016
2.6375941861600016
2.6375941861600016
2.6375942687000897
2.6375943181727846
2.6375943181727846
2.6375943181727846
2.637594349770165
2.6375943672473063
2.637594378042007
2.6375943859959583
2.637594400741392
2.6375944138289062
2.637594421681417
2.637594426392922
2.637594430865372
2.6375944366667183
2.6375944401475286
2.6375944422360127
2.63759444500954
2.637594447465673
2.6375944489393532
2.6375944498235606
2.63759445128328
2.6375944524734782
2.637594453187596
2.637594453616067
2.6375944538951153
2.637594454592622
2.6375944550240553
2.6375944552829154
2.63759445543823
2.6375944558315774
2.6375944560951337
2.637594456253269
2.637594456365511
2.637594456558184
2.6375944566737908
2.6375944567431526
2.637594456827666
2.6375944569086567
2.637594456957251
2.6375944569864087
2.637594457022775
2.6375944570545538
2.637594457073624
2.6375944570850645
2.6375944570919274
2.637594457104069
2.637594457111623
2.637594457116156
2.6375944571188765
2.637594457120508
2.6375944571217986
2.6375944571236456
2.637594457124754
2.6375944571254175
2.6375944571258803
2.6375944571268266
2.6375944571273933
2.6375944571277343
2.6375944571279395
2.6375944571280616
2.637594457128221
2.6375944571284298
2.637594457128557
2.6375944571286305
2.6375944571286767
2.6375944571287455
2.6375944571288237
2.637594457128873
2.6375944571289147
2.6375944571289653
2.637594457128997
2.637594457129015
2.6375944571290293
2.637594457129044
2.637594457129053
2.6375944571290577
2.6375944571290613
2.6375944571290675
2.637594457129071
2.6375944571290746
2.6375944571290764
2.6375944571290777
2.6375944571290795
2.6375944571290795
2.6375944571290812
2.6375944571290817
2.637594457129082
2.637594457129082
2.637594457129082
2.637594457129082
2.637594457129082
2.637594457129082
2.637594457129082
2.637594457129082
2.637594457129082
2.637594457129082
2.637594457129082
2.637594457129082
2.637594457129082
2.637594457129082
2.637594457129082
2.637594457129082
2.637594457129082
2.637594457129082
2.637594457129082
2.637594457129082
2.637594457129082
2.637594457129082
2.637594457129082
