1.2336566713589516
1.2336566713589516
1.2336566713589516
1.2336566713589516
1.2336566713589516
1.2336566713589516
1.2336566713589516
1.2336566713589516
1.2336566713589516
1.2336566713589516
1.2336566713589516
1.2336566713589516
1.2336566713589516
1.2336566713589516
1.2336566713589516
1.2336566713589516
1.2336566713589516
1.2336566713589516
1.2336566713589516
1.2336566713589516
1.2336566713589516
1.2336566713589516
1.2336566713589516
1.2336566713589516
1.2336566713589516
1.2336566713589516
1.2336566713589516
1.2336566713589516
1.2336566713589516
1.2336566713589516
1.2336566713589516
1.2336566713589516
1.2336566713589516
1.2336566713589516
1.2336566713589516
1.2336566713589516
1.2336566713589516
1.2336711733748982
1.2336711733748982
1.2336711733748982
1.2336711733748982
1.2336711733748982
1.2336711733748982
1.2336711733748982
1.2336711733748982
1.2336711733748982
1.2336711733748982
1.2336711733748982
1.2336715045552464
1.2336813704481648
1.2336813704481648
1.2336866847186778
1.233687704038887
1.2336891298775976
1.233690582060213
1.233691606696501
1.2336917474924562
1.2336931846135983
1.2336937941003758
1.233694611795582
1.2336950735057073
1.233695579946993
1.2336958838120466
1.2336960661311804
1.233696175522697
1.2336963714454845
1.2336967605902178
1.2336969940772327
1.2336970696818406
1.2336971933983476
1.2336973029040388
1.233697389686165
1.233697442196408
1.2336974737030613
1.2336975038484996
1.2336975554721907
1.2336975554721907
1.2336975701907924
1.2336975823854415
1.233697598095634
1.2336976079171582
1.2336976138100733
1.233697621973898
1.233697640435034
1.2336976515117157
1.233697658157725
1.2336976621453308
1.2336976642978055
1.2336976695706827
1.2336976751436879
1.2336976780396145
1.2336976797771702
1.2336976809523106
1.2336976821557861
1.2336976833193398
1.2336976842774954
1.233697684888123
1.233697685530553
1.2336976860553288
1.2336976863701943
1.2336976866196119
1.2336976869172978
1.2336976871459842
1.233697687283196
1.233697687376535
1.2336976875113121
1.2336976875947467
1.2336976876448074
1.2336976876748438
1.2336976877091992
1.2336976877415073
1.2336976877625363
1.2336976877771941
1.2336976877979409
1.233697687810389
1.233697687817858
1.2336976878223391
1.2336976878273758
1.233697687834333
1.233697687838515
1.2336976878410244
1.2336976878433332
1.2336976878467432
1.2336976878487893
1.233697687850017
1.2336976878507535
1.2336976878511956
1.2336976878514607
1.2336976878524153
1.2336976878530426
1.2336976878534187
1.2336976878536445
1.2336976878538413
1.2336976878542079
1.2336976878544277
1.2336976878545594
1.2336976878546386
1.2336976878548338
1.2336976878549926
1.2336976878550878
1.233697687855145
1.2336976878552348
1.233697687855314
1.2336976878553614
1.2336976878553962
1.2336976878554393
1.233697687855465
1.2336976878554806
1.23369768785549
1.233697687855504
1.233697687855517
1.2336976878555246
1.2336976878555326
1.233697687855542
1.2336976878555477
1.2336976878555508
1.2336976878555528
1.2336976878555548
1.2336976878555561
1.233697687855557
1.2336976878555577
1.2336976878555581
1.2336976878555586
1.2336976878555588
1.233697687855559
1.2336976878555592
1.2336976878555594
1.2336976878555597
1.2336976878555599
1.2336976878555599
1.2336976878555599
1.2336976878555599
1.23369768785556
1.23369768785556
1.23369768785556
1.23369768785556
1.23369768785556
1.23369768785556
1.23369768785556
1.23369768785556
1.23369768785556
1.23369768785556
1.23369768785556
1.23369768785556
