2.046277746611806
2.046277746611806
2.046277746611806
2.046277746611806
2.046277746611806
2.046277746611806
2.046277746611806
2.046277746611806
2.046277746611806
2.046277746611806
2.046277746611806
2.046277746611806
2.046277746611806
2.046277746611806
2.046277746611806
2.046277746611806
2.046277746611806
2.046277746611806
2.046277746611806
2.046277746611806
2.046277746611806
2.046277746611806
2.046277746611806
2.046277746611806
2.046277746611806
2.046277746611806
2.046277746611806
2.046277746611806
2.046277746611806
2.046277746611806
2.046277746611806
2.046277746611806
2.046277746611806
2.046277746611806
2.046277746611806
2.046277746611806
2.046277746611806
2.046277746611806
2.046277746611806
2.046277746611806
2.046277746611806
2.046277746611806
2.046321902390211
2.046321902390211
2.046321902390211
2.046321902390211
2.046321902390211
2.046321902390211
2.046321902390211
2.046321902390211
2.046321902390211
2.046321902390211
2.046321902390211
2.046321902390211
2.046321902390211
2.0463298848127867
2.0463298848127867
2.0463381164767083
2.0463381164767083
2.0463381164767083
2.0463424119986526
2.0463424119986526
2.0463437917715273
2.046345582150969
2.0463463536090742
2.046347148260733
2.046347675919352
2.0463483524465724
2.0463497263549533
2.0463503624199135
2.046350717077805
2.046350862525534
2.046351192676571
2.0463512307737064
2.046351408452843
2.046351633022568
2.0463516959611487
2.046351823771764
2.0463519308878366
2.0463520189388458
2.0463520891815965
2.0463521106095075
2.0463521523070924
2.0463521958011084
2.0463522165481653
2.046352234731949
2.0463522522498767
2.0463522579144517
2.046352267933036
2.0463522708802455
2.046352274693473
2.0463522772071574
2.046352279073342
2.0463522799747698
2.046352281599879
2.0463522830920526
2.0463522830920526
2.0463522839157515
2.0463522847471998
2.0463522852460705
2.0463522855453933
2.0463522858780117
2.046352286352976
2.0463522866417647
2.0463522868386033
2.0463522869580975
2.04635228705224
2.046352287077886
2.0463522871915925
2.046352287337391
2.046352287469457
2.0463522875445115
2.046352287666233
2.046352287666233
2.0463522876839404
2.0463522877189213
2.0463522877302234
2.046352287737002
2.0463522877410716
2.04635228774601
2.0463522877602736
2.0463522877727462
2.0463522877727462
2.0463522877727462
2.04635228777658
2.0463522877782547
2.0463522877801528
2.0463522877813327
2.0463522877820397
2.0463522877850457
2.0463522877888263
2.046352287791094
2.046352287792455
2.0463522877932716
2.046352287795565
2.046352287796414
2.0463522877969296
2.0463522877972316
2.0463522877975415
2.0463522877979243
2.0463522877981717
2.046352287798482
2.0463522877987863
2.0463522877990097
2.0463522877991687
2.0463522877992446
2.0463522877993006
2.0463522877993547
2.046352287799425
2.046352287799425
2.0463522877994684
2.046352287799491
2.046352287799502
2.046352287799517
2.046352287799518
2.046352287799528
2.0463522877995364
2.0463522877995395
2.046352287799543
2.046352287799552
2.0463522877995604
2.046352287799562
2.0463522877995666
2.0463522877995675
2.0463522877995675
2.0463522877995697
2.0463522877995706
2.0463522877995706
2.0463522877995706
2.0463522877995706
2.0463522877995706
2.0463522877995706
2.0463522877995706
2.0463522877995706
2.0463522877995706
2.0463522877995706
2.0463522877995706
2.0463522877995706
2.0463522877995706
2.0463522877995706
2.0463522877995706
2.0463522877995706
2.0463522877995706
2.0463522877995706
2.0463522877995706
2.0463522877995706
2.0463522877995706
2.0463522877995706
