1.5832162196761086
1.5832162196761086
1.5832162196761086
1.5832162196761086
1.5832162196761086
1.5832162196761086
1.5832162196761086
1.5832162196761086
1.5832162196761086
1.5832162196761086
1.5832162196761086
1.5832162196761086
1.5832162196761086
1.5832162196761086
1.5832162196761086
1.5832162196761086
1.5832162196761086
1.5832162196761086
1.5832162196761086
1.5832162196761086
1.5832162196761086
1.5832162196761086
1.5832162196761086
1.5832162196761086
1.5832162196761086
1.5832162196761086
1.5832162196761086
1.5832162196761086
1.5832162196761086
1.5832162196761086
1.5832162196761086
1.5832162196761086
1.5832162196761086
1.5832162196761086
1.5832265121348479
1.5832265121348479
1.5832265121348479
1.5832265121348479
1.5832265121348479
1.5832265121348479
1.5832265121348479
1.5832265121348479
1.5832304740336327
1.5832359371203604
1.583239214953453
1.583239214953453
1.583239214953453
1.5832397708907173
1.5832450465562145
1.5832450465562145
1.5832467175161582
1.58324861487262
1.583252316942719
1.583252316942719
1.583252316942719
1.5832523969464856
1.5832527753825991
1.5832530024444478
1.5832534389201571
1.5832563554479566
1.5832565128114955
1.5832572475029962
1.5832588663201748
1.5832594514722969
1.5832602497481099
1.5832610647873528
1.5832616414575233
1.583261993605925
1.5832623560223928
1.5832627300903894
1.583262911706473
1.5832629970426386
1.5832630742886762
1.5832631335206704
1.5832631820069103
1.5832632110986544
1.5832632285537003
1.583263243014345
1.5832632622808778
1.5832633025936949
1.5832633300556307
1.5832633300556307
1.5832633436205095
1.5832633487344199
1.583263362616061
1.5832633708003483
1.5832633726003578
1.5832633821502653
1.5832633850884614
1.5832633891737036
1.5832633916725478
1.5832633931106186
1.5832633958929252
1.5832633968891898
1.5832633977214121
1.5832633980479986
1.5832633990643061
1.5832633994575573
1.5832633997693248
1.5832634000796377
1.5832634002196064
1.5832634005742248
1.58326340072861
1.5832634008284632
1.583263400954691
1.5832634011024385
1.5832634012021622
1.583263401261996
1.583263401316947
1.583263401391108
1.583263401449322
1.5832634014842504
1.5832634015271787
1.583263401563336
1.5832634015852223
1.5832634015983538
1.5832634016168496
1.5832634016356266
1.5832634016479599
1.5832634016571236
1.5832634016672327
1.5832634016732978
1.5832634016774028
1.5832634016795328
1.583263401682737
1.583263401688485
1.5832634016908622
1.5832634016933458
1.583263401695165
1.5832634016973088
1.5832634016977662
1.5832634016991047
1.5832634017000222
1.5832634017005724
1.5832634017009033
1.5832634017013967
1.5832634017013967
1.5832634017017948
1.5832634017017948
1.5832634017018337
1.5832634017019975
1.5832634017021117
1.5832634017021885
1.5832634017023308
1.583263401702434
1.583263401702496
1.583263401702533
1.5832634017025666
1.583263401702605
1.5832634017026392
1.5832634017026548
1.5832634017026728
1.58326340170268
1.583263401702697
1.5832634017027105
1.583263401702719
1.5832634017027238
1.5832634017027276
1.583263401702732
1.5832634017027367
1.5832634017027394
1.5832634017027414
1.5832634017027438
1.583263401702746
1.583263401702747
1.583263401702748
1.5832634017027487
1.5832634017027498
1.5832634017027507
1.5832634017027507
1.5832634017027516
1.5832634017027516
1.5832634017027516
1.5832634017027518
1.583263401702752
1.583263401702752
1.583263401702752
1.583263401702752
1.583263401702752
1.583263401702752
1.583263401702752
1.583263401702752
1.583263401702752
1.583263401702752
