1.449602972643541
1.449602972643541
1.449602972643541
1.449602972643541
1.449602972643541
1.449602972643541
1.449602972643541
1.449602972643541
1.449602972643541
1.449602972643541
1.449602972643541
1.449602972643541
1.449602972643541
1.449602972643541
1.449602972643541
1.449602972643541
1.449602972643541
1.449602972643541
1.449602972643541
1.449602972643541
1.449602972643541
1.449602972643541
1.449602972643541
1.449602972643541
1.449602972643541
1.449602972643541
1.449602972643541
1.449602972643541
1.449602972643541
1.449602972643541
1.449602972643541
1.449602972643541
1.449602972643541
1.449602972643541
1.449602972643541
1.449602972643541
1.449602972643541
1.449602972643541
1.449602972643541
1.449602972643541
1.449602972643541
1.449602972643541
1.449602972643541
1.449602972643541
1.449602972643541
1.449602972643541
1.449602972643541
1.449602972643541
1.449602972643541
1.449602972643541
1.449602972643541
1.449602972643541
1.449602972643541
1.449602972643541
1.449602972643541
1.449602972643541
1.449602972643541
1.449602972643541
1.449602972643541
1.449602972643541
1.449602972643541
1.449602972643541
1.449602972643541
1.4496053082005451
1.4496053082005451
1.4496053082005451
1.4496067223630609
1.4496068452238868
1.449607935049588
1.4496088116542625
1.4496093376167274
1.4496096531940847
1.449609842540455
1.4496101875471872
1.4496106560220092
1.4496111040274828
1.4496113464338678
1.4496114838803371
1.4496116751584978
1.44961180711932
1.449611908847873
1.449612008529844
1.4496120950937779
1.4496121533389272
1.4496122006230556
1.4496122419620112
1.4496122707615147
1.4496122837809557
1.449612296964022
1.4496123029986445
1.4496123119265771
1.4496123173649913
1.4496123206280396
1.449612322585869
1.4496123237605667
1.4496123244653851
1.4496123268889032
1.4496123284125013
1.449612329904434
1.4496123307995934
1.4496123337830569
1.4496123355515362
1.4496123367789573
1.4496123375154097
1.4496123377222676
1.4496123385600859
1.4496123391587117
1.449612339835497
1.449612339975827
1.4496123401546617
1.4496123404545103
1.449612340728011
1.449612340894976
1.4496123411694244
1.4496123412927404
1.4496123414198328
1.4496123414938415
1.449612341561837
1.4496123416303228
1.449612341651088
1.449612341688993
1.4496123417202373
1.4496123417389841
1.4496123417502322
1.449612341755115
1.449612341759879
1.4496123417624471
1.4496123417627413
1.4496123417664821
1.4496123417671858
1.4496123417683462
1.4496123417690474
1.4496123417697575
1.4496123417702311
1.4496123417717566
1.4496123417725912
1.4496123417733153
1.4496123417733153
1.4496123417734383
1.4496123417734383
1.4496123417735631
1.449612341773717
1.449612341773717
1.449612341773717
1.4496123417737816
1.4496123417738704
1.4496123417739204
1.4496123417739204
1.449612341773949
1.449612341773972
1.449612341773989
1.449612341773989
1.449612341773994
1.4496123417739981
1.4496123417740043
1.4496123417740117
1.4496123417740165
1.4496123417740192
1.4496123417740192
1.4496123417740192
1.4496123417740208
1.4496123417740208
1.4496123417740208
1.4496123417740208
1.4496123417740208
1.4496123417740208
1.4496123417740208
1.4496123417740208
1.4496123417740208
1.4496123417740208
1.4496123417740208
1.4496123417740208
1.4496123417740208
1.4496123417740208
1.4496123417740208
1.4496123417740208
1.4496123417740208
1.4496123417740208
1.4496123417740208
1.4496123417740208
1.4496123417740208
1.4496123417740208
1.4496123417740208
1.4496123417740208
1.4496123417740208
1.4496123417740208
1.4496123417740208
1.4496123417740208
