1.7337296398533117
1.7337296398533117
1.7337296398533117
1.7337296398533117
1.7337296398533117
1.7337296398533117
1.7337296398533117
1.7337296398533117
1.7337296398533117
1.7337296398533117
1.7337296398533117
1.7337296398533117
1.7337296398533117
1.7337296398533117
1.7337296398533117
1.7337296398533117
1.7337296398533117
1.7337296398533117
1.7337296398533117
1.7337296398533117
1.7337296398533117
1.7337296398533117
1.7337296398533117
1.7337296398533117
1.7337296398533117
1.7337296398533117
1.7337296398533117
1.7337296398533117
1.7337296398533117
1.7337296398533117
1.7337296398533117
1.7337296398533117
1.7337296398533117
1.7337296398533117
1.7337296398533117
1.7337296398533117
1.7337296398533117
1.7337296398533117
1.7337296398533117
1.7337296398533117
1.7337755453834267
1.7337755453834267
1.7337755453834267
1.7337755453834267
1.7337755453834267
1.7337755453834267
1.7337755453834267
1.7337755453834267
1.733775885435298
1.733775885435298
1.733775885435298
1.7337776847792685
1.7337802326759038
1.7337847688945687
1.7337874906363864
1.7337891236852996
1.7337926400499195
1.733800100136588
1.733805438692669
1.7338072679976897
1.733809148853778
1.7338131489067847
1.733815515732385
1.7338173015720437
1.7338192445325604
1.7338208808141218
1.7338219262265384
1.7338225393694113
1.7338229163656216
1.7338231391265284
1.7338233763963364
1.733823696620379
1.7338239594132951
1.7338241243954997
1.7338242381093358
1.7338243768560422
1.7338245689788196
1.733824684252496
1.7338247285939274
1.7338247761758887
1.7338248738830448
1.7338249352954946
1.7338249750966952
1.7338249978655351
1.733825009098782
1.7338250182736263
1.7338250488142144
1.7338250682774787
1.7338250817891983
1.7338250898962302
1.7338250947604492
1.7338250978698175
1.7338251070952106
1.7338251165319891
1.7338251221940566
1.7338251256010033
1.7338251276612595
1.7338251315099302
1.733825134505591
1.7338251363029873
1.7338251374173919
1.7338251391047814
1.7338251402023903
1.733825140860956
1.733825141256095
1.7338251414504002
1.7338251415853903
1.7338251415853903
1.7338251419004518
1.7338251419915691
1.7338251420467956
1.733825142148338
1.733825142220631
1.733825142264007
1.7338251422900326
1.7338251423058204
1.7338251423548383
1.7338251423943696
1.7338251424183686
1.733825142440542
1.733825142459527
1.7338251424747049
1.7338251424838114
1.7338251424892754
1.7338251424938063
1.7338251424999713
1.7338251425036704
1.7338251425058897
1.733825142507811
1.7338251425107416
1.7338251425126472
1.7338251425137907
1.7338251425144768
1.7338251425148883
1.7338251425157634
1.733825142516489
1.7338251425169242
1.7338251425171851
1.7338251425173419
1.7338251425176745
1.7338251425179603
1.7338251425181315
1.7338251425182347
1.733825142518335
1.7338251425184337
1.7338251425184927
1.7338251425185314
1.7338251425185789
1.7338251425186086
1.7338251425186264
1.7338251425186377
1.733825142518648
1.7338251425186608
1.733825142518669
1.7338251425186737
1.7338251425186773
1.7338251425186817
1.7338251425186844
1.7338251425186861
1.7338251425186877
1.733825142518689
1.7338251425186901
1.7338251425186904
1.733825142518691
1.733825142518691
1.733825142518691
1.7338251425186915
1.7338251425186915
1.7338251425186917
1.7338251425186921
1.7338251425186924
1.7338251425186924
1.7338251425186926
1.7338251425186926
1.7338251425186926
1.7338251425186926
1.7338251425186926
1.7338251425186926
1.7338251425186926
1.7338251425186926
1.7338251425186926
1.7338251425186926
1.7338251425186926
1.7338251425186926
1.7338251425186926
1.7338251425186926
1.7338251425186926
1.7338251425186926
