2.1350800381469623
2.1350800381469623
2.1350800381469623
2.1350800381469623
2.1350800381469623
2.1350800381469623
2.1350800381469623
2.1350800381469623
2.1350800381469623
2.1350800381469623
2.1350800381469623
2.1350800381469623
2.1350800381469623
2.1350800381469623
2.1350800381469623
2.1350800381469623
2.1350800381469623
2.1350800381469623
2.1350800381469623
2.1350800381469623
2.1350800381469623
2.1350800381469623
2.1350800381469623
2.1350800381469623
2.1350800381469623
2.1350800381469623
2.1350800381469623
2.1350800381469623
2.1350800381469623
2.1350800381469623
2.1350800381469623
2.1350800381469623
2.1350800381469623
2.1350800381469623
2.1350800381469623
2.1350800381469623
2.1350800381469623
2.1350800381469623
2.1350800381469623
2.1350800381469623
2.1350800381469623
2.1350800381469623
2.1350800381469623
2.1350800381469623
2.1350800381469623
2.1350800381469623
2.1350800381469623
2.1350800381469623
2.1350800381469623
2.1350800381469623
2.1350800381469623
2.1350800381469623
2.1350801561858646
2.1350801561858646
2.1350801561858646
2.1350801561858646
2.13508094027305
2.13508094027305
2.13508094027305
2.13508094027305
2.135081309443138
2.135081309443138
2.135081447185621
2.135081905202079
2.135083356646286
2.135083356646286
2.135083356646286
2.1350840553078485
2.1350841605046242
2.135084535594896
2.135084760649066
2.1350848956815702
2.1350850567941793
2.135085341400632
2.135085968528931
2.135086128171223
2.1350863791590573
2.1350865297517587
2.135086620107379
2.135086777051888
2.1350869447725276
2.1350870454049105
2.1350871232938924
2.135087151017921
2.1350872614270253
2.135087357418672
2.1350874046471002
2.1350874336027963
2.135087467642067
2.135087497005093
2.135087515427232
2.135087526480515
2.1350875381023378
2.1350875534788103
2.135087563284222
2.1350875691674687
2.135087572697417
2.1350875849627156
2.135087598407134
2.135087607337462
2.1350876099544904
2.1350876143862063
2.1350876183704455
2.135087621640314
2.135087624256152
2.1350876253291307
2.135087626878581
2.1350876286570784
2.1350876294997163
2.1350876298427943
2.135087630539536
2.1350876309580604
2.1350876312428637
2.135087631471932
2.1350876316581613
2.1350876318496916
2.1350876319552494
2.1350876320025125
2.135087632121815
2.1350876321956824
2.1350876322400034
2.135087632266596
2.135087632283417
2.1350876323131365
2.1350876323333092
2.1350876323454124
2.135087632352694
2.135087632361035
2.135087632371022
2.135087632377983
2.135087632377983
2.135087632377983
2.135087632377983
2.135087632380137
2.135087632380137
2.135087632380137
2.135087632380137
2.135087632380137
2.135087632380137
2.1350876323805132
2.1350876323805132
2.1350876323805132
2.1350876323805132
2.1350876323805132
2.1350876323805132
2.1350876323805132
2.1350876323805132
2.1350876323805132
2.1350876323805132
2.1350876323805132
2.1350876323805132
2.1350876323805132
2.1350876323805132
2.1350876323805132
2.1350876323805132
2.13508763238052
2.13508763238052
2.13508763238052
2.1350876323805212
2.1350876323805212
2.1350876323805212
2.1350876323805212
2.1350876323805212
2.1350876323805212
2.1350876323805212
2.1350876323805217
2.1350876323805217
2.1350876323805217
2.1350876323805217
2.135087632380522
2.135087632380522
2.135087632380522
2.1350876323805226
2.135087632380523
2.1350876323805235
2.1350876323805235
2.135087632380524
2.135087632380524
2.135087632380524
2.135087632380524
2.135087632380524
2.135087632380524
2.135087632380524
2.135087632380524
2.135087632380524
2.135087632380524
2.135087632380524
2.135087632380524
2.135087632380524
2.135087632380524
2.135087632380524
2.135087632380524
2.135087632380524
2.135087632380524
2.135087632380524
2.135087632380524
2.135087632380524
2.135087632380524
