1.7965477564765187
1.7965477564765187
1.7965477564765187
1.7965477564765187
1.7965477564765187
1.7965477564765187
1.7965477564765187
1.7965477564765187
1.7965477564765187
1.7965477564765187
1.7965477564765187
1.7965477564765187
1.7965477564765187
1.7965477564765187
1.7965477564765187
1.7965477564765187
1.7965477564765187
1.7965477564765187
1.7965477564765187
1.7965477564765187
1.7965477564765187
1.7965477564765187
1.7965477564765187
1.7965477564765187
1.7965477564765187
1.7965477564765187
1.7965477564765187
1.7965477564765187
1.7965477564765187
1.7965477564765187
1.7965477564765187
1.7965477564765187
1.7965477564765187
1.7965477564765187
1.7965477564765187
1.7965477564765187
1.7965477564765187
1.7965477564765187
1.7965807988773361
1.7965807988773361
1.7965807988773361
1.7965807988773361
1.7965807988773361
1.7965807988773361
1.7965807988773361
1.7965807988773361
1.7965849331821413
1.7965932814875505
1.7965982905022997
1.7966012959224908
1.7966012959224908
1.7966085801961094
1.7966085801961094
1.7966085801961094
1.7966085801961094
1.7966085801961094
1.7966085801961094
1.7966087055483333
1.796608931083953
1.796608931083953
1.796608931083953
1.7966092867333736
1.796609887879056
1.7966106832670543
1.7966113995986899
1.796611631976712
1.7966120832109789
1.7966125861995066
1.7966128879926995
1.796613238158643
1.7966134661751887
1.7966136422360601
1.796613767008195
1.7966138511441094
1.7966139406724455
1.7966140344739225
1.7966140907548116
1.7966141459135165
1.7966142023641192
1.7966142346498282
1.7966142628470847
1.7966142777797467
1.7966142983282103
1.7966143127337353
1.7966143127337353
1.7966143174985332
1.7966143192848416
1.796614322181491
1.796614326526349
1.796614329352234
1.7966143318413983
1.7966143331511848
1.796614336259646
1.7966143384557505
1.796614339773413
1.796614340824278
1.796614342274327
1.796614343256977
1.7966143438465672
1.7966143442841078
1.7966143448052911
1.7966143451180008
1.796614345321508
1.7966143454536765
1.7966143456489283
1.796614345898363
1.7966143460480237
1.7966143461378203
1.7966143461929567
1.7966143462651125
1.796614346296762
1.7966143463243462
1.7966143463258195
1.796614346343964
1.7966143463577204
1.7966143463660302
1.7966143463710158
1.7966143463821311
1.796614346392696
1.7966143464003528
1.796614346406148
1.7966143464121431
1.796614346415815
1.796614346415815
1.7966143464186248
1.796614346420459
1.7966143464206925
1.7966143464208326
1.796614346421085
1.7966143464215152
1.796614346421884
1.7966143464221684
1.796614346422357
1.7966143464225235
1.7966143464226825
1.7966143464228146
1.7966143464229218
1.7966143464229951
1.7966143464230777
1.7966143464231623
1.7966143464232145
1.7966143464232454
1.7966143464232809
1.7966143464232942
1.7966143464233044
1.7966143464233169
1.7966143464233217
1.7966143464233268
1.7966143464233302
1.7966143464233322
1.7966143464233335
1.7966143464233348
1.796614346423336
1.7966143464233364
1.796614346423337
1.7966143464233373
1.7966143464233382
1.7966143464233382
1.7966143464233384
1.7966143464233386
1.7966143464233386
1.7966143464233388
1.7966143464233388
1.7966143464233388
1.7966143464233388
1.7966143464233388
1.7966143464233388
1.7966143464233388
1.7966143464233388
1.7966143464233388
1.7966143464233388
1.7966143464233388
1.7966143464233388
1.7966143464233388
1.7966143464233388
1.7966143464233388
1.7966143464233388
1.7966143464233388
1.7966143464233388
1.7966143464233388
1.7966143464233388
1.7966143464233388
1.7966143464233388
