4.93592794155944
4.93592794155944
4.93592794155944
4.93592794155944
4.93592794155944
4.93592794155944
4.93592794155944
4.93592794155944
4.93592794155944
4.93592794155944
4.93592794155944
4.93592794155944
4.93592794155944
4.93592794155944
4.93592794155944
4.93592794155944
4.93592794155944
4.93592794155944
4.93592794155944
4.93592794155944
4.93592794155944
4.93592794155944
4.93592794155944
4.93592794155944
4.93592794155944
4.93592794155944
4.93592794155944
4.93592794155944
4.93592794155944
4.93592794155944
4.93592794155944
4.93592794155944
4.93592794155944
4.93592794155944
4.93592794155944
4.93592794155944
4.93592794155944
4.93592794155944
4.93592794155944
4.93592794155944
4.93592794155944
4.93592794155944
4.93592794155944
4.93592794155944
4.936391883522625
4.936391883522625
4.936391883522625
4.936391883522625
4.936871811745396
4.936871811745396
4.936871811745396
4.936871811745396
4.936871811745396
4.936971973494788
4.937011717896419
4.937097088770738
4.937117192413208
4.937156111460121
4.937160791203428
4.9371999755388165
4.9371999755388165
4.9371999755388165
4.937208300256318
4.937215177362549
4.9372271521113875
4.9372271521113875
4.9372291220790006
4.93723189194866
4.937236488690252
4.937239211212643
4.937245589249157
4.9372494160731435
4.937251712168285
4.937253089825639
4.937253916420149
4.937255435049541
4.937257362185332
4.937258652544584
4.937259631399998
4.937260220051211
4.937260937795828
4.9372617566262536
4.937262256763825
4.937262583445769
4.937263082448871
4.93726356696018
4.937263863444547
4.937264054539029
4.937264237070216
4.937264451782763
4.937264584517557
4.937264664158432
4.937264738692704
4.937264812640657
4.937264858694321
4.93726488777439
4.9372649052224284
4.937264918174533
4.937264935741155
4.937264946603176
4.937264953308125
4.937264959082741
4.937264963780211
4.937264967475974
4.937264970106203
4.937264972057747
4.937264973606812
4.937264974643552
4.937264975265597
4.937264975638826
4.937264975862762
4.937264975997124
4.93726497608904
4.937264976390092
4.93726497662617
4.937264976767816
4.937264976852806
4.937264976909306
4.937264976981911
4.937264977055372
4.937264977099447
4.937264977125894
4.93726497714176
4.937264977164269
4.9372649771942205
4.937264977212265
4.937264977223466
4.9372649772404404
4.9372649772527
4.937264977260055
4.9372649772644674
4.9372649772674295
4.937264977272394
4.9372649772755866
4.9372649772775015
4.937264977278651
4.93726497727941
4.937264977280979
4.937264977281954
4.93726497728254
4.937264977282892
4.937264977283332
4.937264977283983
4.937264977284374
4.937264977284607
4.937264977284747
4.937264977284858
4.937264977284976
4.937264977285044
4.937264977285085
4.937264977285111
4.937264977285137
4.937264977285158
4.93726497728517
4.937264977285179
4.937264977285183
4.937264977285189
4.93726497728519
4.937264977285191
4.937264977285194
4.937264977285195
4.937264977285197
4.9372649772851975
4.937264977285198
4.937264977285198
4.937264977285199
4.937264977285199
4.937264977285199
4.937264977285199
4.937264977285199
4.937264977285199
4.937264977285199
4.937264977285199
4.937264977285199
4.937264977285199
4.937264977285199
4.937264977285199
4.937264977285199
4.937264977285199
4.937264977285199
4.937264977285199
4.937264977285199
4.937264977285199
4.937264977285199
4.937264977285199
4.937264977285199
4.937264977285199
4.937264977285199
4.937264977285199
4.937264977285199
4.937264977285199
4.937264977285199
4.937264977285199
4.937264977285199
4.937264977285199
4.937264977285199
4.937264977285199
4.937264977285199
4.937264977285199
