1.6526886367569649
1.6526886367569649
1.6526886367569649
1.6526886367569649
1.6526886367569649
1.6526886367569649
1.6526886367569649
1.6526886367569649
1.6526886367569649
1.6526886367569649
1.6526886367569649
1.6526886367569649
1.6526886367569649
1.6526886367569649
1.6526886367569649
1.6526886367569649
1.6526886367569649
1.6526886367569649
1.6526886367569649
1.6526886367569649
1.6526886367569649
1.6526886367569649
1.6526886367569649
1.6526886367569649
1.6526886367569649
1.6526886367569649
1.6526886367569649
1.6526886367569649
1.6526886367569649
1.6526886367569649
1.6526886367569649
1.6526886367569649
1.6526886367569649
1.6526886367569649
1.6526886367569649
1.6526886367569649
1.6526886367569649
1.6526886367569649
1.6526886367569649
1.6526886367569649
1.6526886367569649
1.6526886367569649
1.6526886367569649
1.6526886367569649
1.6526886367569649
1.6526886367569649
1.6526886367569649
1.6526886367569649
1.6526886367569649
1.6526886367569649
1.6526886367569649
1.6526886367569649
1.6526886367569649
1.6526886367569649
1.6526886367569649
1.6526886367569649
1.6526886367569649
1.6526886367569649
1.6526886367569649
1.6526886367569649
1.6526886367569649
1.6526889304792667
1.6526889304792667
1.6526889304792667
1.6526889304792667
1.6526894032715722
1.6526894032715722
1.6526894032715722
1.6526894032715722
1.6526894032715722
1.6526895352800446
1.6526901693445655
1.6526906186961803
1.6526908883071416
1.6526910500737155
1.6526918029526592
1.6526923527099073
1.6526927101112128
1.6526929245519972
1.6526930816160115
1.6526934409675402
1.6526937133704147
1.6526938768121393
1.652693974877174
1.652694033716195
1.6526940690196077
1.6526941012738618
1.652694155943493
1.6526942038637475
1.6526942353174157
1.6526942717298905
1.652694295626496
1.652694313404274
1.652694329912644
1.6526943448534854
1.6526943563404446
1.6526943634285713
1.6526943730007502
1.6526943790287223
1.6526943826455058
1.6526943848155755
1.6526943881516771
1.6526943913373568
1.6526943934252571
1.6526943947145605
1.6526943957027416
1.6526943970929444
1.652694397927066
1.652694398427539
1.6526943987525275
1.652694399278714
1.6526943996258316
1.6526943998385186
1.6526943999671344
1.6526944000446382
1.6526944000911408
1.652694400119042
1.6526944001357828
1.652694400207399
1.6526944002563329
1.652694400285693
1.652694400315292
1.6526944003565092
1.6526944003813173
1.6526944003962023
1.652694400405133
1.6526944004158588
1.6526944004240824
1.652694400429017
1.652694400431977
1.6526944004337534
1.6526944004359008
1.6526944004381585
1.6526944004395172
1.6526944004403326
1.6526944004408222
1.6526944004413506
1.6526944004418427
1.6526944004421378
1.652694400442315
1.6526944004424446
1.6526944004426551
1.6526944004427908
1.652694400442872
1.652694400442921
1.6526944004429505
1.6526944004429776
1.6526944004430413
1.6526944004430795
1.6526944004431026
1.6526944004431259
1.652694400443149
1.6526944004431627
1.652694400443171
1.652694400443176
1.6526944004431832
1.6526944004431878
1.6526944004431907
1.6526944004431925
1.6526944004431954
1.6526944004431974
1.6526944004431985
1.6526944004431996
1.6526944004431998
1.6526944004432005
1.652694400443201
1.6526944004432014
1.6526944004432014
1.652694400443202
1.6526944004432023
1.6526944004432025
1.6526944004432025
1.6526944004432027
1.6526944004432027
1.652694400443203
1.652694400443203
1.6526944004432031
1.6526944004432031
1.6526944004432034
1.6526944004432034
1.6526944004432034
1.6526944004432034
1.6526944004432034
1.6526944004432034
1.6526944004432034
1.6526944004432034
1.6526944004432034
1.6526944004432034
1.6526944004432034
1.6526944004432034
1.6526944004432034
1.6526944004432034
1.6526944004432034
1.6526944004432034
1.6526944004432034
