1.1441215171252184
1.1441215171252184
1.1441215171252184
1.1441215171252184
1.1441215171252184
1.1441215171252184
1.1441215171252184
1.1441215171252184
1.1441215171252184
1.1441215171252184
1.1441215171252184
1.1441215171252184
1.1441215171252184
1.1441215171252184
1.1441215171252184
1.1441215171252184
1.1441215171252184
1.1441215171252184
1.1441215171252184
1.1441215171252184
1.1441215171252184
1.1441215171252184
1.1441215171252184
1.1441215171252184
1.1441215171252184
1.1441215171252184
1.1441215171252184
1.1441215171252184
1.1441215171252184
1.1441215171252184
1.1441215171252184
1.1441215171252184
1.1441215171252184
1.1441215171252184
1.1441215171252184
1.1441215171252184
1.1441215171252184
1.1441215171252184
1.1441215171252184
1.1441215171252184
1.1441215171252184
1.1441215171252184
1.1441215171252184
1.1441215171252184
1.1441215171252184
1.1441215171252184
1.1441215171252184
1.1441215171252184
1.1441215171252184
1.1441215171252184
1.1441217029746504
1.1441217029746504
1.1441217029746504
1.1441217029746504
1.1441217029746504
1.1441217029746504
1.1441217029746504
1.1441217029746504
1.1441217029746504
1.144122904908126
1.144122904908126
1.144122904908126
1.144122904908126
1.144123888506416
1.144123888506416
1.1441242096830195
1.14412450726324
1.1441251074008776
1.1441257715796307
1.1441266258960137
1.1441271384855358
1.144127664513834
1.1441282493244305
1.1441286129224588
1.1441289186639074
1.1441290907850294
1.1441293153314998
1.1441294610185373
1.144129548430755
1.1441296008780846
1.1441296525045204
1.1441297164054007
1.1441297692909442
1.1441298010222698
1.1441298123301342
1.1441298443918368
1.1441298528588897
1.1441298657880645
1.1441298777771856
1.1441298844285583
1.1441298863224423
1.1441298897561056
1.1441298919331595
1.144129895349783
1.1441298966751217
1.1441298976270153
1.1441299014918136
1.1441299017302184
1.1441299032884498
1.1441299040084707
1.144129904700063
1.144129905350377
1.1441299056332952
1.1441299059218921
1.1441299061044732
1.1441299062895494
1.1441299064005952
1.1441299066184674
1.1441299067064172
1.1441299067978474
1.1441299067978474
1.144129906860417
1.1441299068663757
1.1441299068739563
1.1441299069146813
1.144129906919298
1.1441299069263997
1.1441299069263997
1.1441299069263997
1.1441299069267679
1.1441299069292954
1.144129906932332
1.144129906932332
1.144129906932332
1.1441299069328383
1.144129906933532
1.144129906933532
1.144129906933997
1.1441299069341286
1.144129906934261
1.1441299069343405
1.1441299069344633
1.1441299069347524
1.1441299069348365
1.1441299069349171
1.144129906935132
1.1441299069351896
1.1441299069352255
1.1441299069352748
1.1441299069353308
1.1441299069353845
1.144129906935402
1.144129906935402
1.1441299069354558
1.1441299069354558
1.1441299069354558
1.1441299069354598
1.1441299069354598
1.1441299069354647
1.1441299069354685
1.1441299069354705
1.144129906935474
1.144129906935476
1.1441299069354773
1.1441299069354782
1.1441299069354787
1.1441299069354804
1.1441299069354818
1.1441299069354827
1.1441299069354836
1.1441299069354844
1.1441299069354849
1.1441299069354853
1.1441299069354856
1.1441299069354856
1.1441299069354856
1.1441299069354858
1.1441299069354858
1.1441299069354858
1.1441299069354858
1.1441299069354858
1.1441299069354858
1.1441299069354858
1.1441299069354858
1.1441299069354858
1.1441299069354858
1.1441299069354858
1.1441299069354858
1.1441299069354858
1.1441299069354858
1.1441299069354858
1.1441299069354858
1.1441299069354858
1.1441299069354858
1.1441299069354858
1.1441299069354858
1.1441299069354858
1.1441299069354858
