1.3039774363885654
1.3039774363885654
1.3039774363885654
1.3039774363885654
1.3039774363885654
1.3039774363885654
1.3039774363885654
1.3039774363885654
1.3039774363885654
1.3039774363885654
1.3039774363885654
1.3039774363885654
1.3039774363885654
1.3039774363885654
1.3039774363885654
1.3039774363885654
1.3039774363885654
1.3039774363885654
1.3039774363885654
1.3039774363885654
1.3039774363885654
1.3039774363885654
1.3039774363885654
1.3039774363885654
1.3039774363885654
1.3039774363885654
1.3039774363885654
1.3039774363885654
1.3039774363885654
1.3039774363885654
1.3039774363885654
1.3039774363885654
1.3039774363885654
1.3039774363885654
1.3039774363885654
1.3039774363885654
1.3039774363885654
1.3039774363885654
1.3039774363885654
1.3039774363885654
1.3039774363885654
1.3039774363885654
1.3039774363885654
1.3039774363885654
1.3039774363885654
1.3039912835379437
1.3039912835379437
1.3039912835379437
1.3039985767557727
1.3040024678288915
1.3040024678288915
1.30400493654176
1.304008623072369
1.3040095711849204
1.304011380609911
1.3040127031566293
1.3040142832509818
1.3040153012315236
1.3040162793735786
1.3040166927899577
1.304017016881912
1.304017362224669
1.304017672724649
1.3040178590245768
1.3040179768089564
1.3040181704389373
1.3040184199264575
1.3040186049924887
1.304018726000993
1.3040188832758153
1.3040190042431965
1.3040190768236226
1.3040191249751354
1.3040192285614094
1.3040192925061875
1.3040193308730537
1.304019368411964
1.3040194068364792
1.3040194358422434
1.3040194466295028
1.3040194638606235
1.3040194792694317
1.3040194852985996
1.3040194889161003
1.3040194950401918
1.3040195001936317
1.304019502308044
1.3040195038377762
1.3040195054299764
1.3040195066073994
1.3040195086833672
1.3040195093912466
1.304019509815974
1.3040195102817809
1.3040195110565074
1.3040195116407625
1.3040195120095572
1.304019512230834
1.3040195123414835
1.3040195124776308
1.3040195125848688
1.304019512676324
1.3040195127343233
1.304019512801335
1.3040195128821555
1.3040195129306478
1.304019512959743
1.3040195129771999
1.3040195129876746
1.3040195129939591
1.3040195129987886
1.3040195130076544
1.304019513017634
1.3040195130236214
1.304019513030029
1.3040195130347048
1.3040195130391619
1.3040195130419239
1.3040195130435814
1.3040195130449213
1.3040195130462493
1.3040195130472056
1.3040195130477894
1.304019513048754
1.3040195130493322
1.3040195130496792
1.3040195130499044
1.3040195130501375
1.3040195130505585
1.3040195130508114
1.3040195130509629
1.304019513051054
1.3040195130511636
1.3040195130513796
1.304019513051509
1.3040195130515868
1.3040195130516337
1.3040195130516992
1.304019513051786
1.304019513051838
1.3040195130518693
1.304019513051888
1.3040195130519165
1.3040195130519625
1.30401951305199
1.3040195130520063
1.3040195130520356
1.3040195130520724
1.3040195130520937
1.304019513052107
1.3040195130521148
1.3040195130521286
1.304019513052138
1.3040195130521437
1.3040195130521492
1.304019513052154
1.3040195130521566
1.3040195130521592
1.3040195130521617
1.304019513052163
1.304019513052164
1.3040195130521646
1.3040195130521652
1.304019513052166
1.3040195130521661
1.3040195130521663
1.304019513052167
1.304019513052167
1.304019513052167
1.304019513052167
1.304019513052167
1.304019513052167
1.304019513052167
1.304019513052167
1.304019513052167
1.304019513052167
1.304019513052167
1.304019513052167
1.304019513052167
1.304019513052167
1.304019513052167
