1.8352195272725538
1.8352195272725538
1.8352195272725538
1.8352195272725538
1.8352195272725538
1.8352195272725538
1.8352195272725538
1.8352195272725538
1.8352195272725538
1.8352195272725538
1.8352195272725538
1.8352195272725538
1.8352195272725538
1.8352195272725538
1.8352195272725538
1.8352195272725538
1.8352195272725538
1.8352195272725538
1.8352195272725538
1.8352195272725538
1.8352195272725538
1.8352195272725538
1.8352195272725538
1.8352195272725538
1.8352195272725538
1.8352195272725538
1.8352195272725538
1.8352195272725538
1.8352195272725538
1.8352195272725538
1.8352195272725538
1.8352195272725538
1.8352195272725538
1.8352195272725538
1.8352195272725538
1.8352195272725538
1.8352195272725538
1.8352195272725538
1.8352195272725538
1.8352195272725538
1.8352195272725538
1.8352195272725538
1.8352195272725538
1.8352195272725538
1.8352195272725538
1.8352195272725538
1.8352195272725538
1.8352195272725538
1.8352195272725538
1.8352195272725538
1.8352195272725538
1.8352195272725538
1.8352227048968954
1.8352227048968954
1.8352227048968954
1.8352227048968954
1.8352240592694657
1.8352240592694657
1.835224689118654
1.835224689118654
1.8352251729204536
1.8352253275718156
1.8352254148160017
1.8352270815350678
1.83522715366608
1.835227797452562
1.8352281852949939
1.835228862658815
1.8352290529446351
1.8352293305467855
1.835229492972264
1.835229630383749
1.835229854299178
1.8352300012646245
1.8352300683491236
1.8352301664856214
1.8352302372783398
1.8352302666580242
1.8352303111673467
1.8352303340343836
1.835230371642979
1.8352303829080598
1.8352303923139288
1.8352304020498054
1.8352304078913313
1.8352304160184176
1.8352304233941632
1.835230428229502
1.8352304368581938
1.8352304420354086
1.8352304451417385
1.8352304477754933
1.8352304517451736
1.835230453170905
1.8352304541927063
1.835230455278047
1.835230455978823
1.8352304565141353
1.8352304566764353
1.8352304568102282
1.835230457068736
1.8352304571990108
1.8352304573746054
1.8352304576171987
1.8352304576924745
1.8352304579326697
1.8352304580767875
1.835230458163258
1.83523045817762
1.8352304582857297
1.8352304583189043
1.8352304583677015
1.8352304583677015
1.835230458381996
1.8352304584062473
1.8352304584252934
1.835230458436721
1.835230458444655
1.8352304584573562
1.8352304584596815
1.8352304584615853
1.8352304584699803
1.8352304584699803
1.8352304584717645
1.8352304584737287
1.8352304584818
1.8352304584846393
1.8352304584855115
1.8352304584882893
1.835230458488503
1.8352304584899009
1.8352304584903525
1.835230458490734
1.8352304584913843
1.8352304584917747
1.8352304584922228
1.835230458492541
1.8352304584929213
1.8352304584931636
1.835230458493355
1.8352304584935177
1.835230458493698
1.8352304584938417
1.8352304584938417
1.835230458493864
1.8352304584939432
1.8352304584940038
1.8352304584940402
1.835230458494063
1.8352304584941277
1.835230458494178
1.8352304584942074
1.8352304584942383
1.8352304584942711
1.8352304584942876
1.8352304584943
1.8352304584943073
1.8352304584943115
1.83523045849432
1.8352304584943258
1.8352304584943293
1.835230458494331
1.8352304584943329
1.8352304584943342
1.835230458494336
1.8352304584943366
1.8352304584943373
1.835230458494338
1.835230458494338
1.8352304584943384
1.8352304584943384
1.8352304584943384
1.8352304584943384
1.8352304584943384
1.8352304584943384
1.8352304584943384
1.8352304584943384
1.8352304584943384
1.8352304584943384
1.8352304584943384
1.8352304584943384
