2.3802926244169016
2.3802926244169016
2.3802926244169016
2.3802926244169016
2.3802926244169016
2.3802926244169016
2.3802926244169016
2.3802926244169016
2.3802926244169016
2.3802926244169016
2.3802926244169016
2.3802926244169016
2.3802926244169016
2.3802926244169016
2.3802926244169016
2.3802926244169016
2.3802926244169016
2.3802926244169016
2.3802926244169016
2.3802926244169016
2.3802926244169016
2.3802926244169016
2.3802926244169016
2.3802926244169016
2.3802926244169016
2.3802926244169016
2.3802926244169016
2.3802926244169016
2.3802926244169016
2.3802926244169016
2.3802926244169016
2.3802926244169016
2.3802926244169016
2.3802926244169016
2.3802926244169016
2.3802926244169016
2.3802926244169016
2.3802926244169016
2.3802926244169016
2.3802926244169016
2.3802926244169016
2.3802926244169016
2.3802926244169016
2.3802926244169016
2.3802926244169016
2.3802926244169016
2.3802926244169016
2.3802926244169016
2.3802926244169016
2.3802926244169016
2.380300111296536
2.380300111296536
2.380300111296536
2.380305890001398
2.380317834420591
2.380317834420591
2.380317834420591
2.380317834420591
2.380317834420591
2.38031875959303
2.3803199754864095
2.3803215961376343
2.3803229625221856
2.380324259320071
2.380325037398834
2.380326464814877
2.3803268731655245
2.3803275844117926
2.3803280259317443
2.380328473747245
2.3803288014198722
2.380329021627803
2.3803291282768417
2.380329265115987
2.3803293704400756
2.3803294274960343
2.380329449493023
2.38032949083301
2.3803295108621985
2.3803295357898047
2.380329551445293
2.3803295646961926
2.380329578398465
2.3803295895128147
2.3803296004059735
2.380329606941869
2.3803296119219723
2.3803296195323895
2.3803296247794345
2.38032962796445
2.3803296308736437
2.380329632988849
2.380329634389951
2.3803296360051207
2.380329637208654
2.380329638152919
2.380329638855465
2.380329639478493
2.380329639943658
2.380329640222756
2.3803296404049266
2.3803296405951277
2.380329640757488
2.380329640874258
2.380329640944318
2.380329640999083
2.3803296410483403
2.3803296410905013
2.380329641119538
2.3803296411462336
2.3803296411622505
2.380329641171861
2.3803296411791863
2.3803296411839825
2.380329641187242
2.380329641190178
2.3803296411951775
2.380329641198378
2.380329641200299
2.3803296412014507
2.3803296412021426
2.3803296412025574
2.3803296412037676
2.380329641204935
2.3803296412056367
2.380329641206066
2.3803296412068145
2.3803296412073185
2.380329641207622
2.3803296412079322
2.380329641208278
2.380329641208487
2.3803296412086126
2.380329641208688
2.3803296412089043
2.380329641209066
2.380329641209163
2.380329641209221
2.380329641209278
2.3803296412094257
2.380329641209515
2.3803296412095682
2.380329641209601
2.380329641209668
2.3803296412097175
2.3803296412097468
2.380329641209765
2.3803296412097925
2.3803296412098165
2.3803296412098294
2.380329641209838
2.380329641209846
2.380329641209852
2.3803296412098556
2.3803296412098596
2.3803296412098622
2.3803296412098645
2.3803296412098667
2.3803296412098676
2.380329641209868
2.3803296412098693
2.3803296412098707
2.380329641209871
2.3803296412098716
2.3803296412098716
2.3803296412098716
2.3803296412098716
2.3803296412098716
2.3803296412098716
2.3803296412098716
2.3803296412098716
2.3803296412098716
2.3803296412098716
2.3803296412098716
2.3803296412098716
2.3803296412098716
2.3803296412098716
2.3803296412098716
2.3803296412098716
2.3803296412098716
2.3803296412098716
2.3803296412098716
2.3803296412098716
2.3803296412098716
