1.1618285596319238
1.1618285596319238
1.1618285596319238
1.1618285596319238
1.1618285596319238
1.1618285596319238
1.1618285596319238
1.1618285596319238
1.1618285596319238
1.1618285596319238
1.1618285596319238
1.1618285596319238
1.1618285596319238
1.1618285596319238
1.1618285596319238
1.1618285596319238
1.1618285596319238
1.1618285596319238
1.1618285596319238
1.1618285596319238
1.1618285596319238
1.1618285596319238
1.1618285596319238
1.1618285596319238
1.1618285596319238
1.1618285596319238
1.1618285596319238
1.1618285596319238
1.1618285596319238
1.1618285596319238
1.1618285596319238
1.1618285596319238
1.1618285596319238
1.1618285596319238
1.1618285596319238
1.1618285596319238
1.1618285596319238
1.1618285596319238
1.1618285596319238
1.1618285596319238
1.1618285596319238
1.1618285596319238
1.1618285596319238
1.1618285596319238
1.1618285596319238
1.1618285596319238
1.1618285596319238
1.1618285596319238
1.1618285596319238
1.1618285596319238
1.1618285596319238
1.1618285596319238
1.1618285596319238
1.1618294886371614
1.1618309851095867
1.1618330607314464
1.1618330607314464
1.1618335463873932
1.1618345792233495
1.1618354441351324
1.1618354441351324
1.161835609908369
1.1618359093066857
1.1618362990786204
1.1618367312308118
1.1618373072361687
1.1618375419523388
1.1618376963915766
1.1618378750925822
1.1618381028100264
1.161838332560479
1.1618384439622522
1.1618385407529217
1.1618386925794828
1.1618387657436553
1.1618388171375647
1.1618389077465392
1.1618389590700329
1.1618389947581114
1.1618390138527483
1.1618390286704698
1.1618390433236392
1.161839055463303
1.1618390772997114
1.161839085746686
1.1618390925622926
1.1618391064364713
1.1618391149046663
1.1618391207321987
1.1618391218646262
1.1618391242967523
1.1618391257560283
1.16183912868211
1.1618391316511725
1.1618391339045961
1.1618391348254253
1.161839135520997
1.1618391372049763
1.1618391388211138
1.1618391396500718
1.1618391403923876
1.161839140707091
1.1618391408959132
1.1618391411253575
1.1618391417288827
1.1618391421524186
1.1618391424024617
1.161839142550398
1.16183914285877
1.1618391430517638
1.1618391431601869
1.1618391432333945
1.1618391432718536
1.16183914330015
1.1618391433416089
1.1618391433979482
1.1618391434327502
1.1618391434536313
1.1618391434859172
1.1618391435125968
1.1618391435290472
1.161839143541516
1.1618391435469464
1.1618391435502042
1.1618391435521593
1.1618391435533324
1.1618391435545208
1.1618391435622721
1.1618391435673479
1.1618391435703934
1.1618391435719315
1.1618391435719315
1.1618391435738615
1.1618391435752984
1.161839143575676
1.1618391435758786
1.161839143576003
1.161839143576085
1.1618391435761621
1.1618391435763085
1.1618391435764757
1.1618391435765758
1.1618391435766369
1.1618391435766793
1.1618391435767639
1.1618391435768307
1.1618391435768751
1.1618391435769035
1.1618391435769355
1.1618391435769582
1.1618391435769724
1.1618391435769815
1.161839143576987
1.1618391435769935
1.161839143576997
1.1618391435769992
1.1618391435770008
1.1618391435770021
1.1618391435770037
1.1618391435770052
1.1618391435770061
1.1618391435770066
1.1618391435770068
1.1618391435770075
1.161839143577008
1.161839143577008
1.1618391435770083
1.1618391435770086
1.1618391435770086
1.1618391435770088
1.1618391435770088
1.1618391435770088
1.1618391435770088
1.1618391435770088
1.1618391435770088
1.1618391435770088
1.1618391435770088
1.1618391435770088
1.1618391435770088
1.1618391435770088
1.1618391435770088
1.1618391435770088
1.1618391435770088
1.1618391435770088
1.1618391435770088
1.1618391435770088
