1.7561961987200407
1.7561961987200407
1.7561961987200407
1.7561961987200407
1.7561961987200407
1.7561961987200407
1.7561961987200407
1.7561961987200407
1.7561961987200407
1.7561961987200407
1.7561961987200407
1.7561961987200407
1.7561961987200407
1.7561961987200407
1.7561961987200407
1.7561961987200407
1.7561961987200407
1.7561961987200407
1.7561961987200407
1.7561961987200407
1.7561961987200407
1.7561961987200407
1.7561961987200407
1.7561961987200407
1.7561961987200407
1.7561961987200407
1.7561961987200407
1.7561961987200407
1.7561961987200407
1.7561961987200407
1.7561961987200407
1.7561961987200407
1.7561961987200407
1.7561961987200407
1.7561961987200407
1.7561961987200407
1.7561961987200407
1.7561961987200407
1.7561961987200407
1.7561961987200407
1.7561961987200407
1.7561961987200407
1.7561961987200407
1.7561961987200407
1.7561961987200407
1.7561961987200407
1.7561961987200407
1.7561961987200407
1.7561961987200407
1.7561961987200407
1.7561961987200407
1.7561961987200407
1.7561961987200407
1.7561961987200407
1.7561961987200407
1.7561964632988816
1.7561964632988816
1.7561964632988816
1.7561964632988816
1.7561964632988816
1.7561964632988816
1.7561974045260595
1.7561984974834663
1.756199133145839
1.7561995145432006
1.756199876114953
1.756200643672213
1.7562008499728685
1.7562012501779865
1.7562015064659335
1.7562018945242133
1.7562021273591786
1.7562022670601571
1.7562023508807443
1.7562024906457996
1.756202696661102
1.7562028446969433
1.7562029335184468
1.7562030304174998
1.756203151437877
1.7562031924574668
1.7562032401947367
1.756203271393747
1.756203293602768
1.7562033115312319
1.7562033297159043
1.7562033403565056
1.756203353527447
1.7562033610390515
1.75620336383564
1.7562033685307756
1.7562033716725973
1.7562033732221811
1.7562033743467753
1.7562033754195285
1.756203376630592
1.7562033770600431
1.7562033771541186
1.7562033773969425
1.7562033775326436
1.7562033777981398
1.7562033778651365
1.7562033779500765
1.756203378088029
1.7562033781845998
1.7562033782425421
1.7562033782773072
1.75620337833115
1.7562033784127777
1.7562033784354316
1.7562033784481592
1.7562033784723785
1.7562033784910476
1.7562033785019318
1.7562033785051798
1.7562033785102467
1.7562033785132867
1.756203378523913
1.756203378523913
1.7562033785311952
1.7562033785338338
1.7562033785338338
1.7562033785338338
1.7562033785352613
1.7562033785352613
1.7562033785352613
1.7562033785352613
1.7562033785355287
1.7562033785356774
1.7562033785360547
1.7562033785361306
1.7562033785363413
1.7562033785363413
1.756203378536387
1.756203378536387
1.7562033785364335
1.7562033785364335
1.756203378536448
1.7562033785364657
1.7562033785364761
1.7562033785364823
1.7562033785364823
1.7562033785364823
1.756203378536485
1.7562033785364977
1.756203378536498
1.756203378536527
1.7562033785365292
1.7562033785365398
1.756203378536542
1.756203378536545
1.756203378536546
1.7562033785365505
1.7562033785365512
1.7562033785365512
1.7562033785365512
1.756203378536552
1.7562033785365525
1.7562033785365525
1.756203378536553
1.756203378536553
1.7562033785365534
1.7562033785365534
1.7562033785365534
1.7562033785365534
1.7562033785365536
1.7562033785365536
1.7562033785365536
1.7562033785365536
1.7562033785365536
1.7562033785365536
1.7562033785365536
1.7562033785365536
1.7562033785365536
1.7562033785365536
1.7562033785365536
1.7562033785365536
1.7562033785365536
1.7562033785365536
1.7562033785365536
1.7562033785365536
1.7562033785365536
1.7562033785365536
1.7562033785365536
1.7562033785365536
1.7562033785365536
1.7562033785365536
