1.902792625355935
1.902792625355935
1.902792625355935
1.902792625355935
1.902792625355935
1.902792625355935
1.902792625355935
1.902792625355935
1.902792625355935
1.902792625355935
1.902792625355935
1.902792625355935
1.902792625355935
1.902792625355935
1.902792625355935
1.902792625355935
1.902792625355935
1.902792625355935
1.902792625355935
1.902792625355935
1.902792625355935
1.902792625355935
1.902792625355935
1.902792625355935
1.902792625355935
1.902792625355935
1.902792625355935
1.902792625355935
1.902792625355935
1.902792625355935
1.902792625355935
1.902792625355935
1.902792625355935
1.902792625355935
1.902792625355935
1.902792625355935
1.902792625355935
1.902792625355935
1.902792625355935
1.902792625355935
1.902792625355935
1.902792625355935
1.902792625355935
1.902792625355935
1.902792625355935
1.902792625355935
1.902792625355935
1.902792625355935
1.902792625355935
1.902792625355935
1.902792625355935
1.902792625355935
1.9027934216158915
1.9027934216158915
1.9027934216158915
1.9027961751228772
1.9027961751228772
1.9027962765661794
1.902796971910721
1.902796971910721
1.9027978280168507
1.9027983374256552
1.9027988214988294
1.9027991398441928
1.9027993315443041
1.9027994465643674
1.9027997656993492
1.9028000038061341
1.9028001466702036
1.902800249096035
1.9028005051407724
1.9028006684914274
1.9028007665018212
1.9028007760861945
1.9028008422276004
1.9028008783360035
1.9028009258996093
1.9028009584402492
1.902800977964633
1.9028009896792633
1.902801011772886
1.9028010313309365
1.902801053470413
1.9028010579099375
1.9028010658830834
1.9028010765703725
1.902801084495174
1.9028010864435296
1.9028010897218692
1.902801092781336
1.9028010966220468
1.9028010976569238
1.9028010983116401
1.9028010986522297
1.902801099129154
1.9028010998745135
1.9028011005534828
1.9028011010011607
1.9028011012697668
1.9028011015626505
1.9028011018979236
1.9028011021173166
1.9028011022489522
1.9028011023279339
1.9028011024044604
1.902801102574818
1.9028011026787794
1.902801102741156
1.9028011027785823
1.9028011028010383
1.9028011028145115
1.9028011028353613
1.9028011028785636
1.9028011029044847
1.9028011029203213
1.9028011029450895
1.9028011029622085
1.9028011029724798
1.9028011029786427
1.9028011029889724
1.902801102997505
1.9028011030026246
1.9028011030056968
1.9028011030084917
1.902801103011346
1.9028011030130592
1.9028011030142418
1.9028011030156624
1.9028011030165148
1.9028011030170262
1.9028011030174725
1.9028011030179244
1.9028011030181953
1.902801103018358
1.9028011030185552
1.9028011030187595
1.9028011030188818
1.9028011030189549
1.9028011030190017
1.902801103019062
1.902801103019098
1.9028011030191203
1.9028011030191387
1.9028011030191567
1.9028011030191678
1.9028011030191745
1.9028011030191787
1.9028011030191836
1.9028011030191867
1.9028011030191885
1.9028011030191905
1.9028011030191918
1.902801103019193
1.9028011030191938
1.9028011030191938
1.9028011030191947
1.9028011030191947
1.9028011030191947
1.902801103019195
1.902801103019195
1.902801103019195
1.902801103019195
1.902801103019195
1.902801103019195
1.902801103019195
1.902801103019195
1.902801103019195
1.902801103019195
1.902801103019195
1.902801103019195
1.902801103019195
1.902801103019195
1.902801103019195
1.902801103019195
1.902801103019195
1.902801103019195
1.902801103019195
1.902801103019195
1.902801103019195
1.902801103019195
1.902801103019195
1.902801103019195
1.902801103019195
1.902801103019195
1.902801103019195
