1.9884840546195102
1.9884840546195102
1.9884840546195102
1.9884840546195102
1.9884840546195102
1.9884840546195102
1.9884840546195102
1.9884840546195102
1.9884840546195102
1.9884840546195102
1.9884840546195102
1.9884840546195102
1.9884840546195102
1.9884840546195102
1.9884840546195102
1.9884840546195102
1.9884840546195102
1.9884840546195102
1.9884840546195102
1.9884840546195102
1.9884840546195102
1.9884840546195102
1.9884840546195102
1.9884840546195102
1.9884840546195102
1.9884840546195102
1.9884840546195102
1.9884840546195102
1.9884840546195102
1.9884840546195102
1.9884840546195102
1.9884840546195102
1.9884840546195102
1.9884840546195102
1.9884840546195102
1.9884840546195102
1.9884840546195102
1.9884840546195102
1.9884840546195102
1.9884840546195102
1.9884840546195102
1.9884840546195102
1.9884840546195102
1.9884840546195102
1.9884840546195102
1.9884840546195102
1.9884840546195102
1.9884840546195102
1.9884840546195102
1.9884840546195102
1.9884840546195102
1.9884840546195102
1.9884840546195102
1.9884840546195102
1.9884840546195102
1.9884840546195102
1.9884853813721082
1.9884853813721082
1.9884853813721082
1.9884853813721082
1.9884853813721082
1.988485714890576
1.988485714890576
1.988485714890576
1.988485714890576
1.9884869724063527
1.9884869724063527
1.988489744682633
1.988489744682633
1.9884900113151718
1.9884909280945795
1.9884920193059195
1.9884927002515391
1.988493996968477
1.9884949873667814
1.9884955937923667
1.988496273760494
1.9884967336828723
1.9884970975951128
1.988497349893015
1.988497492315938
1.9884977189173916
1.9884978418103527
1.9884979005519323
1.988498040237194
1.9884981187584954
1.9884981747542188
1.9884982072621802
1.988498214734593
1.988498230122664
1.9884982471803552
1.9884982698246363
1.9884982873277948
1.9884982873277948
1.9884982882018418
1.9884982942233977
1.988498299154827
1.988498299154827
1.9884983032560728
1.988498304612284
1.9884983046374785
1.9884983056460719
1.9884983061751054
1.9884983084722787
1.9884983085313448
1.9884983098495101
1.9884983098495101
1.988498311024828
1.9884983113528023
1.9884983115414352
1.988498311723601
1.9884983118643422
1.9884983119542678
1.988498312203004
1.9884983122226025
1.9884983123853595
1.9884983124593842
1.9884983125083933
1.9884983125083933
1.9884983125482543
1.9884983125810012
1.9884983125844655
1.9884983125893563
1.9884983126004239
1.9884983126086062
1.988498312615587
1.9884983126197762
1.9884983126222897
1.9884983126243927
1.9884983126258569
1.9884983126280869
1.9884983126294453
1.9884983126302607
1.9884983126316464
1.9884983126325408
1.9884983126333553
1.988498312633955
1.9884983126343392
1.9884983126345839
1.9884983126348965
1.9884983126351607
1.9884983126353402
1.988498312635448
1.9884983126355913
1.9884983126357125
1.9884983126357847
1.9884983126358324
1.9884983126358888
1.988498312635933
1.9884983126359608
1.988498312635976
1.9884983126359863
1.9884983126360072
1.9884983126360205
1.9884983126360285
1.9884983126360336
1.9884983126360414
1.98849831263605
1.9884983126360558
1.9884983126360583
1.9884983126360622
1.9884983126360658
1.9884983126360685
1.9884983126360696
1.9884983126360707
1.9884983126360711
1.988498312636072
1.9884983126360734
1.988498312636075
1.9884983126360753
1.988498312636076
1.988498312636077
1.9884983126360776
1.9884983126360776
1.9884983126360776
1.9884983126360776
1.9884983126360776
1.9884983126360776
1.9884983126360776
1.9884983126360776
1.9884983126360776
1.9884983126360776
1.9884983126360776
1.9884983126360776
1.9884983126360776
1.9884983126360776
1.9884983126360776
1.9884983126360776
1.9884983126360776
1.9884983126360776
1.9884983126360776
1.9884983126360776
