2.1288525445174287
2.1288525445174287
2.1288525445174287
2.1288525445174287
2.1288525445174287
2.1288525445174287
2.1288525445174287
2.1288525445174287
2.1288525445174287
2.1288525445174287
2.1288525445174287
2.1288525445174287
2.1288525445174287
2.1288525445174287
2.1288525445174287
2.1288525445174287
2.1288525445174287
2.1288525445174287
2.1288525445174287
2.1288525445174287
2.1288525445174287
2.1288525445174287
2.1288525445174287
2.1288525445174287
2.1288525445174287
2.1288525445174287
2.1288525445174287
2.1288525445174287
2.1288525445174287
2.1288525445174287
2.1288525445174287
2.1288525445174287
2.1288525445174287
2.1288525445174287
2.1288525445174287
2.1288525445174287
2.1288525445174287
2.1288525445174287
2.1288525445174287
2.1288525445174287
2.1288525445174287
2.1288525445174287
2.1288525445174287
2.1288525445174287
2.1288525445174287
2.1288525445174287
2.1288525445174287
2.1288525445174287
2.1288525445174287
2.128852999937719
2.128852999937719
2.128852999937719
2.128852999937719
2.1288530355285826
2.1288530355285826
2.1288530355285826
2.1288530355285826
2.1288549740762988
2.1288549740762988
2.1288550448851673
2.128858119086882
2.128858119086882
2.128858119086882
2.128858119086882
2.1288583874516376
2.128859112367193
2.12885940120555
2.1288594267360597
2.12885994895129
2.1288605274379035
2.128860737461865
2.1288608672251788
2.1288612311490107
2.1288614495595675
2.1288615806058977
2.1288616598192838
2.128861769502043
2.128861895723007
2.128861963225677
2.128862013819051
2.128862039548031
2.1288620675192296
2.128862118850404
2.1288621579215627
2.1288621813642576
2.128862198295596
2.128862234930599
2.1288622569116
2.1288622701002007
2.1288622812247624
2.128862292777796
2.1288623013908587
2.1288623068343795
2.128862310100491
2.1288623136295612
2.128862318297877
2.128862321098867
2.1288623227794607
2.1288623248257608
2.1288623266049425
2.128862327672451
2.128862328312956
2.1288623293908358
2.12886232983861
2.1288623301278013
2.1288623304289396
2.1288623307227867
2.1288623309262333
2.1288623311264274
2.128862331218565
2.128862331284548
2.12886233141272
2.1288623314434325
2.1288623315154784
2.1288623315399144
2.128862331549713
2.128862331570844
2.1288623315757436
2.128862331582872
2.1288623315897213
2.1288623315962005
2.1288623316008044
2.1288623316055473
2.1288623316111623
2.1288623316145316
2.1288623316180937
2.128862331621873
2.1288623316241932
2.1288623316257995
2.1288623316270137
2.128862331628394
2.1288623316295157
2.1288623316301893
2.1288623316305926
2.1288623316308892
2.128862331631192
2.128862331631426
2.1288623316315816
2.128862331631691
2.1288623316317703
2.128862331631887
2.1288623316319697
2.1288623316320194
2.128862331632049
2.1288623316320776
2.128862331632126
2.128862331632157
2.1288623316321753
2.128862331632187
2.1288623316321957
2.1288623316322113
2.1288623316322197
2.128862331632225
2.128862331632228
2.1288623316322335
2.1288623316322366
2.128862331632239
2.1288623316322406
2.1288623316322415
2.1288623316322424
2.128862331632244
2.128862331632245
2.1288623316322455
2.1288623316322464
2.1288623316322464
2.1288623316322464
2.128862331632247
2.128862331632247
2.128862331632247
2.128862331632247
2.128862331632247
2.128862331632247
2.128862331632247
2.128862331632247
2.128862331632247
2.128862331632247
2.128862331632247
2.128862331632247
2.128862331632247
2.128862331632247
2.128862331632247
2.128862331632247
2.128862331632247
2.128862331632247
2.128862331632247
2.128862331632247
2.128862331632247
2.128862331632247
2.128862331632247
2.128862331632247
