1.8717210856230253
1.8717210856230253
1.8717210856230253
1.8717210856230253
1.8717210856230253
1.8717210856230253
1.8717210856230253
1.8717210856230253
1.8717210856230253
1.8717210856230253
1.8717210856230253
1.8717210856230253
1.8717210856230253
1.8717210856230253
1.8717210856230253
1.8717210856230253
1.8717210856230253
1.8717210856230253
1.8717210856230253
1.8717210856230253
1.8717210856230253
1.8717210856230253
1.8717210856230253
1.8717210856230253
1.8717210856230253
1.8717210856230253
1.8717210856230253
1.8717210856230253
1.8717210856230253
1.8717210856230253
1.8717210856230253
1.8717210856230253
1.8717210856230253
1.8717210856230253
1.8717210856230253
1.8717210856230253
1.8717210856230253
1.8717210856230253
1.8717210856230253
1.8717210856230253
1.8717210856230253
1.8717210856230253
1.8717210856230253
1.8717210856230253
1.8717210856230253
1.8717210856230253
1.8717210856230253
1.8717378692473234
1.8717378692473234
1.8717378692473234
1.8717378692473234
1.8717378692473234
1.8717425397143213
1.871742610737746
1.871742610737746
1.871742610737746
1.8717481327124361
1.8717481327124361
1.8717526630167336
1.871754255520711
1.8717560632613832
1.8717571902157424
1.871759106630097
1.871760829011273
1.871761889596123
1.8717627047872512
1.8717638572716886
1.8717645487625783
1.87176498532636
1.8717659453758762
1.8717665569309128
1.8717665569309128
1.8717666945115814
1.871766877622958
1.8717671742377533
1.8717674149133154
1.8717675694599323
1.8717675694599323
1.8717675694599323
1.871767712972566
1.871767712972566
1.871767712972566
1.871767712972566
1.871767712972566
1.8717677204062957
1.871767730119143
1.8717677430607984
1.871767751804883
1.8717677596142053
1.8717677642997983
1.8717677671111546
1.8717677754244053
1.8717677804427935
1.8717677834538264
1.8717677912171073
1.8717677929565846
1.8717677955646734
1.871767796878332
1.8717677980932164
1.8717677987831198
1.8717677995193187
1.8717677998490696
1.8717678001661198
1.8717678004209277
1.8717678006385428
1.8717678008600978
1.8717678009930308
1.8717678010799923
1.871767801203808
1.8717678012899324
1.871767801360885
1.8717678014182808
1.8717678014699553
1.8717678015339787
1.871767801572976
1.8717678016014458
1.8717678016354788
1.871767801655899
1.8717678016715031
1.8717678016848864
1.871767801696169
1.871767801703624
1.871767801708097
1.8717678017107808
1.871767801714208
1.871767801716759
1.8717678017183008
1.8717678017196773
1.8717678017207797
1.8717678017216008
1.8717678017222301
1.8717678017226078
1.8717678017229427
1.8717678017232882
1.8717678017234958
1.871767801723637
1.8717678017237767
1.8717678017239288
1.87176780172403
1.8717678017240909
1.8717678017241481
1.871767801724202
1.8717678017242345
1.8717678017242538
1.8717678017242654
1.8717678017242787
1.8717678017242971
1.871767801724309
1.8717678017243162
1.871767801724322
1.8717678017243315
1.8717678017243373
1.8717678017243409
1.8717678017243427
1.8717678017243442
1.8717678017243446
1.8717678017243475
1.8717678017243504
1.871767801724352
1.871767801724353
1.8717678017243535
1.8717678017243546
1.871767801724356
1.8717678017243566
1.8717678017243569
1.871767801724357
1.8717678017243573
1.8717678017243577
1.871767801724358
1.8717678017243584
1.8717678017243584
1.8717678017243584
1.8717678017243584
1.8717678017243584
1.8717678017243584
1.8717678017243584
1.8717678017243584
1.8717678017243584
1.8717678017243584
1.8717678017243584
1.8717678017243584
1.8717678017243584
1.8717678017243584
1.8717678017243584
1.8717678017243584
1.8717678017243584
