1.6135949988716716
1.6135949988716716
1.6135949988716716
1.6135949988716716
1.6135949988716716
1.6135949988716716
1.6135949988716716
1.6135949988716716
1.6135949988716716
1.6135949988716716
1.6135949988716716
1.6135949988716716
1.6135949988716716
1.6135949988716716
1.6135949988716716
1.6135949988716716
1.6135949988716716
1.6135949988716716
1.6135949988716716
1.6135949988716716
1.6135949988716716
1.6135949988716716
1.6135949988716716
1.6135949988716716
1.6135949988716716
1.6135949988716716
1.6135949988716716
1.6135949988716716
1.6135949988716716
1.6135949988716716
1.6135949988716716
1.6135949988716716
1.6135949988716716
1.6135949988716716
1.6135949988716716
1.6135949988716716
1.6135949988716716
1.6135949988716716
1.6135949988716716
1.6135949988716716
1.6135949988716716
1.6135949988716716
1.6135949988716716
1.6135949988716716
1.6135949988716716
1.6135949988716716
1.6135949988716716
1.6135949988716716
1.6135949988716716
1.6135949988716716
1.6135949988716716
1.6135949988716716
1.6135949988716716
1.6135960539316885
1.6135960539316885
1.6135960539316885
1.6135962541655466
1.6135967514335832
1.6135980433251673
1.6135999730524249
1.6136002195234804
1.613600950228926
1.613602352576955
1.6136032134821627
1.613603547903329
1.6136041590298038
1.6136052072157685
1.6136058361275072
1.6136062134746076
1.6136065814280136
1.6136068867528766
1.6136070699478051
1.6136072196645057
1.613607351141725
1.613607469865901
1.6136075473903742
1.6136075939050574
1.6136076735172347
1.613607743700523
1.6136077858104951
1.6136078155438298
1.613607847400515
1.613607847400515
1.613607847400515
1.6136078579953765
1.6136078579953765
1.6136078579953765
1.6136078579953765
1.6136078579953765
1.6136078579953765
1.613607858943686
1.613607860701179
1.613607860701179
1.613607860701179
1.6136078617629863
1.6136078617629863
1.6136078617629863
1.613607861858585
1.6136078619489245
1.6136078621648782
1.6136078621648782
1.6136078623649346
1.6136078623649346
1.6136078623894243
1.6136078624314962
1.613607862452821
1.6136078624820733
1.6136078625101853
1.613607862532504
1.613607862532504
1.6136078625499202
1.6136078625529484
1.613607862557132
1.6136078625600965
1.6136078625627432
1.613607862564666
1.6136078625658201
1.613607862569893
1.6136078625727148
1.6136078625752128
1.6136078625771653
1.6136078625785317
1.613607862580055
1.6136078625810326
1.6136078625817898
1.613607862582795
1.6136078625833983
1.61360786258376
1.6136078625841423
1.613607862584381
1.613607862584528
1.6136078625846282
1.6136078625847037
1.6136078625847508
1.6136078625848247
1.6136078625848924
1.6136078625849333
1.6136078625849575
1.6136078625849946
1.6136078625850416
1.6136078625850696
1.6136078625850878
1.613607862585103
1.6136078625851193
1.6136078625851293
1.613607862585135
1.6136078625851387
1.6136078625851435
1.6136078625851478
1.61360786258515
1.6136078625851513
1.6136078625851524
1.6136078625851538
1.6136078625851555
1.613607862585156
1.6136078625851566
1.6136078625851566
1.6136078625851575
1.6136078625851582
1.6136078625851586
1.6136078625851589
1.6136078625851589
1.6136078625851589
1.613607862585159
1.613607862585159
1.613607862585159
1.613607862585159
1.613607862585159
1.613607862585159
1.613607862585159
1.613607862585159
1.613607862585159
1.613607862585159
1.613607862585159
1.613607862585159
1.613607862585159
1.613607862585159
1.613607862585159
1.613607862585159
1.613607862585159
1.613607862585159
1.613607862585159
1.613607862585159
1.613607862585159
