2.5411246800934975
2.5411246800934975
2.5411246800934975
2.5411246800934975
2.5411246800934975
2.5411246800934975
2.5411246800934975
2.5411246800934975
2.5411246800934975
2.5411246800934975
2.5411246800934975
2.5411246800934975
2.5411246800934975
2.5411246800934975
2.5411246800934975
2.5411246800934975
2.5411246800934975
2.5411246800934975
2.5411246800934975
2.5411246800934975
2.5411246800934975
2.5411246800934975
2.5411246800934975
2.5411246800934975
2.5411246800934975
2.5411246800934975
2.5411246800934975
2.5411246800934975
2.5411246800934975
2.5411246800934975
2.5411246800934975
2.5411246800934975
2.5411246800934975
2.5411246800934975
2.5411246800934975
2.5411246800934975
2.5411246800934975
2.5411246800934975
2.5411246800934975
2.5411246800934975
2.5411246800934975
2.5411246800934975
2.5411246800934975
2.5411246800934975
2.5411246800934975
2.5411246800934975
2.5411246800934975
2.5411246800934975
2.5411246800934975
2.5411354380127307
2.5411354380127307
2.5411354380127307
2.541138293495642
2.541138293495642
2.541138293495642
2.541138293495642
2.5411384071230843
2.5411384071230843
2.5411384071230843
2.5411384071230843
2.5411384071230843
2.5411384071230843
2.5411384071230843
2.5411386699063856
2.5411386699063856
2.5411395557804894
2.541140037739159
2.5411406303098865
2.5411406303098865
2.541141469588789
2.54114176483661
2.5411423137802127
2.541142714276658
2.541143110503634
2.541143350147411
2.5411434595102467
2.5411436751082963
2.5411438617311797
2.5411439918991254
2.541144046051567
2.5411441086992945
2.5411441720543912
2.5411441928431246
2.5411442144483147
2.54114424629132
2.5411442562004116
2.541144275609964
2.541144288399438
2.541144294777011
2.5411442970858125
2.541144301653471
2.541144304034008
2.541144305819029
2.5411443097223403
2.5411443123137176
2.5411443138685437
2.5411443150576623
2.5411443152961644
2.5411443162572738
2.5411443166782006
2.5411443167020713
2.5411443168563106
2.5411443170355623
2.541144317166992
2.541144317264237
2.5411443173634227
2.5411443174554393
2.541144317510648
2.5411443175443287
2.5411443175639747
2.5411443176028574
2.541144317628835
2.5411443176635085
2.54114431767267
2.541144317692342
2.5411443177122415
2.541144317718749
2.5411443177290316
2.541144317736895
2.5411443177416126
2.5411443177444433
2.541144317750718
2.5411443177516118
2.5411443177541067
2.5411443177556037
2.541144317757923
2.541144317757923
2.541144317758771
2.5411443177600046
2.5411443177607462
2.5411443177611903
2.5411443177616584
2.54114431776189
2.5411443177622854
2.541144317762523
2.541144317762717
2.5411443177628597
2.5411443177630715
2.5411443177631985
2.541144317763274
2.5411443177633313
2.5411443177634156
2.5411443177635067
2.541144317763546
2.541144317763569
2.541144317763569
2.541144317763599
2.5411443177636075
2.5411443177636137
2.5411443177636173
2.54114431776362
2.5411443177636235
2.541144317763631
2.5411443177636364
2.5411443177636386
2.5411443177636404
2.541144317763643
2.5411443177636452
2.5411443177636475
2.5411443177636475
2.5411443177636484
2.5411443177636484
2.541144317763649
2.541144317763649
2.541144317763649
2.541144317763649
2.541144317763649
2.541144317763649
2.541144317763649
2.541144317763649
2.541144317763649
2.541144317763649
2.541144317763649
2.541144317763649
2.541144317763649
2.541144317763649
2.541144317763649
2.541144317763649
2.541144317763649
2.541144317763649
2.541144317763649
2.541144317763649
2.541144317763649
2.541144317763649
2.541144317763649
2.541144317763649
2.541144317763649
