2.064142112294237
2.064142112294237
2.064142112294237
2.064142112294237
2.064142112294237
2.064142112294237
2.064142112294237
2.064142112294237
2.064142112294237
2.064142112294237
2.064142112294237
2.064142112294237
2.064142112294237
2.064142112294237
2.064142112294237
2.064142112294237
2.064142112294237
2.064142112294237
2.064142112294237
2.064142112294237
2.064142112294237
2.064142112294237
2.064142112294237
2.064142112294237
2.064142112294237
2.064142112294237
2.064142112294237
2.064142112294237
2.064142112294237
2.064142112294237
2.064142112294237
2.064142112294237
2.064142112294237
2.064142112294237
2.064142112294237
2.064142112294237
2.064142112294237
2.064142112294237
2.064142112294237
2.064142112294237
2.064142112294237
2.064142112294237
2.064142112294237
2.064142112294237
2.064142112294237
2.064142112294237
2.064142112294237
2.064142112294237
2.064142112294237
2.0641483503065188
2.0641483503065188
2.0641483503065188
2.0641514073129006
2.0641514073129006
2.0641514073129006
2.0641514073129006
2.064151840262982
2.064151840262982
2.0641616909705713
2.0641621792520692
2.0641624722209153
2.064162648002205
2.0641627534709714
2.064164455413438
2.064164455413438
2.0641645691304067
2.0641652149200196
2.064166019703529
2.0641668026697455
2.0641673754241507
2.0641682216875408
2.0641682216875408
2.064168469023535
2.064168592878606
2.064168592878606
2.064168881493036
2.0641689513913004
2.0641689513913004
2.064168966533758
2.0641690368691616
2.0641690790704073
2.0641691525196113
2.0641692018810236
2.0641692018810236
2.0641692018810236
2.064169218755939
2.064169218755939
2.064169224962722
2.064169224962722
2.064169224962722
2.064169224962722
2.0641692338801714
2.0641692346116756
2.0641692383094936
2.0641692405281837
2.0641692427226874
2.064169244134641
2.064169244635548
2.0641692451726037
2.064169246891353
2.064169247761323
2.0641692488223224
2.064169249282969
2.064169249995744
2.064169250476341
2.0641692507647
2.0641692509391496
2.0641692511506613
2.0641692513639867
2.0641692514919816
2.064169251585245
2.0641692517020087
2.0641692517766597
2.064169251809431
2.0641692518209984
2.064169251848518
2.064169251872616
2.0641692518904136
2.0641692519010917
2.0641692519184978
2.0641692519350823
2.0641692519436075
2.064169251950244
2.0641692519527477
2.064169251956949
2.064169251961306
2.0641692519634445
2.0641692519650228
2.064169251966239
2.0641692519690436
2.064169251970447
2.0641692519716046
2.064169251972131
2.0641692519724937
2.0641692519729857
2.064169251973518
2.064169251973838
2.064169251974031
2.064169251974349
2.0641692519746337
2.0641692519748043
2.0641692519749126
2.0641692519749726
2.0641692519751045
2.0641692519752066
2.0641692519752692
2.064169251975313
2.0641692519753576
2.06416925197539
2.0641692519754065
2.0641692519754167
2.0641692519754287
2.0641692519754375
2.064169251975442
2.0641692519754464
2.064169251975453
2.0641692519754566
2.064169251975459
2.06416925197546
2.0641692519754624
2.0641692519754633
2.0641692519754637
2.0641692519754637
2.0641692519754637
2.0641692519754637
2.0641692519754637
2.0641692519754637
2.0641692519754637
2.0641692519754637
2.0641692519754637
2.0641692519754637
2.0641692519754637
2.0641692519754637
2.0641692519754637
2.0641692519754637
2.0641692519754637
2.0641692519754637
2.0641692519754637
2.0641692519754637
2.0641692519754637
2.0641692519754637
2.0641692519754637
2.0641692519754637
2.0641692519754637
2.0641692519754637
