2.4870932728482296
2.4870932728482296
2.4870932728482296
2.4870932728482296
2.4870932728482296
2.4870932728482296
2.4870932728482296
2.4870932728482296
2.4870932728482296
2.4870932728482296
2.4870932728482296
2.4870932728482296
2.4870932728482296
2.4870932728482296
2.4870932728482296
2.4870932728482296
2.4870932728482296
2.4870932728482296
2.4870932728482296
2.4870932728482296
2.4870932728482296
2.4870932728482296
2.4870932728482296
2.4870932728482296
2.4870932728482296
2.4870932728482296
2.4870932728482296
2.4870932728482296
2.4870932728482296
2.4870932728482296
2.4870932728482296
2.4870932728482296
2.4870932728482296
2.4870932728482296
2.4870932728482296
2.4870932728482296
2.4870932728482296
2.4870932728482296
2.4870932728482296
2.4870932728482296
2.4870932728482296
2.4870932728482296
2.4870932728482296
2.4870932728482296
2.4870932728482296
2.4870932728482296
2.4870932728482296
2.4870932728482296
2.4870932728482296
2.4870932728482296
2.4870932728482296
2.4870932728482296
2.4870939811976656
2.4870939811976656
2.4870939811976656
2.4870939811976656
2.487094096770008
2.487094096770008
2.487094096770008
2.487094096770008
2.487094096770008
2.487094096770008
2.487094096770008
2.4870943439378674
2.4870943439378674
2.4870943439378674
2.4870943439378674
2.487094689148684
2.487094689148684
2.487094689148684
2.4870951869488853
2.4870951869488853
2.4870951869488853
2.487095227674327
2.487095563635169
2.4870956184041644
2.4870958124362055
2.487095902942357
2.4870959929675633
2.4870960464377565
2.48709608918193
2.4870961234226514
2.487096155558747
2.4870961736226294
2.487096179821078
2.4870961973549455
2.487096201476504
2.487096207184362
2.487096211313375
2.487096215076965
2.487096218506139
2.4870962243390697
2.4870962295149455
2.4870962326204706
2.4870962334902336
2.4870962334902336
2.4870962334902336
2.4870962343882477
2.4870962343882477
2.4870962343882477
2.4870962343882477
2.4870962343882477
2.4870962343882477
2.487096234876632
2.487096234876632
2.487096234876632
2.4870962349995134
2.4870962349995134
2.4870962349995134
2.4870962349995134
2.4870962350493904
2.487096235063391
2.487096235063391
2.4870962350847883
2.487096235084835
2.487096235084835
2.487096235084835
2.487096235084859
2.487096235084859
2.4870962350876074
2.4870962350876074
2.4870962350882135
2.4870962350886994
2.4870962350886994
2.4870962350886994
2.4870962350886994
2.4870962350886994
2.487096235089129
2.487096235089129
2.487096235089129
2.487096235089129
2.4870962350892762
2.4870962350892762
2.4870962350892762
2.4870962350892762
2.4870962350893144
2.487096235089333
2.487096235089333
2.487096235089333
2.4870962350893473
2.4870962350893593
2.4870962350893655
2.487096235089426
2.487096235089465
2.4870962350894663
2.4870962350894663
2.4870962350894903
2.4870962350894903
2.4870962350894903
2.4870962350894907
2.4870962350894965
2.4870962350894965
2.4870962350894974
2.4870962350894983
2.4870962350894996
2.487096235089501
2.487096235089501
2.487096235089501
2.487096235089501
2.487096235089502
2.487096235089502
2.487096235089502
2.487096235089502
2.487096235089502
2.487096235089502
2.487096235089502
2.487096235089502
2.487096235089502
2.487096235089502
2.487096235089502
2.487096235089502
2.487096235089502
2.487096235089502
2.487096235089502
2.487096235089502
2.487096235089502
2.487096235089502
2.487096235089502
2.487096235089502
2.487096235089502
2.487096235089502
2.487096235089502
2.487096235089502
2.487096235089502
2.487096235089502
