2.293192027345049
2.293192027345049
2.293192027345049
2.293192027345049
2.293192027345049
2.293192027345049
2.293192027345049
2.293192027345049
2.293192027345049
2.293192027345049
2.293192027345049
2.293192027345049
2.293192027345049
2.293192027345049
2.293192027345049
2.293192027345049
2.293192027345049
2.293192027345049
2.293192027345049
2.293192027345049
2.293192027345049
2.293192027345049
2.293192027345049
2.293192027345049
2.293192027345049
2.293192027345049
2.293192027345049
2.293192027345049
2.293192027345049
2.293192027345049
2.293192027345049
2.293192027345049
2.293192027345049
2.293192027345049
2.293192027345049
2.293192027345049
2.293192027345049
2.293192027345049
2.293192027345049
2.293192027345049
2.293192027345049
2.293192027345049
2.293192027345049
2.293220059148421
2.293220059148421
2.293220059148421
2.293220059148421
2.293220059148421
2.293220059148421
2.293220059148421
2.293220059148421
2.293221628139495
2.293221628139495
2.293221628139495
2.293221628139495
2.293221628139495
2.293221628139495
2.2932236428057142
2.2932236428057142
2.2932236428057142
2.293223814584477
2.293225273052996
2.2932275452931714
2.293229253998363
2.2932302495610424
2.2932317022558224
2.2932327812335904
2.293233463206936
2.293233872390813
2.2932341179010924
2.293234501536692
2.2932350202234764
2.293235239655131
2.293235460572473
2.2932357555128253
2.2932359685378083
2.293236096352785
2.2932361835060933
2.2932362800573065
2.2932363306974914
2.2932363960168245
2.2932364246475174
2.293236452543631
2.29323647637341
2.2932365005630078
2.2932365150767673
2.2932365237850227
2.293236549580827
2.2932365775623955
2.293236594351336
2.293236604424701
2.293236608163871
2.293236623001406
2.2932366349819726
2.2932366421703128
2.2932366472333134
2.2932366551403405
2.2932366615395643
2.2932366653790983
2.2932366676828186
2.293236669065051
2.293236671357915
2.293236672780723
2.2932366737980674
2.2932366745035786
2.293236674929152
2.293236675376785
2.2932366759144416
2.2932366760720537
2.2932366761666207
2.2932366762504084
2.2932366764222536
2.293236676550167
2.293236676647954
2.293236676733567
2.2932366768093804
2.293236676883245
2.2932366769058996
2.293236676919432
2.293236676941513
2.2932366769609076
2.2932366769690034
2.293236676976107
2.293236676979387
2.2932366769837715
2.2932366769902726
2.293236676994603
2.293236676997201
2.2932366770002206
2.2932366770027834
2.2932366770046397
2.2932366770057695
2.2932366770067425
2.2932366770076373
2.2932366770083012
2.293236677008699
2.2932366770089376
2.293236677009081
2.2932366770092276
2.2932366770094146
2.2932366770095562
2.2932366770096526
2.2932366770097112
2.2932366770097463
2.2932366770097743
2.293236677009848
2.2932366770098924
2.29323667700992
2.2932366770099555
2.293236677009999
2.2932366770100248
2.293236677010041
2.2932366770100505
2.2932366770100616
2.29323667701007
2.293236677010076
2.293236677010079
2.2932366770100807
2.2932366770100847
2.2932366770100874
2.293236677010089
2.29323667701009
2.2932366770100914
2.2932366770100923
2.2932366770100927
2.293236677010093
2.293236677010093
2.293236677010093
2.2932366770100936
2.293236677010094
2.293236677010094
2.293236677010094
2.293236677010094
2.293236677010095
2.293236677010095
2.293236677010095
2.293236677010095
2.293236677010095
2.293236677010095
2.293236677010095
2.293236677010095
2.293236677010095
2.293236677010095
2.293236677010095
2.293236677010095
2.293236677010095
2.293236677010095
2.293236677010095
2.293236677010095
2.293236677010095
2.293236677010095
2.293236677010095
2.293236677010095
