2.5340149363549287
2.5340149363549287
2.5340149363549287
2.5340149363549287
2.5340149363549287
2.5340149363549287
2.5340149363549287
2.5340149363549287
2.5340149363549287
2.5340149363549287
2.5340149363549287
2.5340149363549287
2.5340149363549287
2.5340149363549287
2.5340149363549287
2.5340149363549287
2.5340149363549287
2.5340149363549287
2.5340149363549287
2.5340149363549287
2.5340149363549287
2.5340149363549287
2.5340149363549287
2.5340149363549287
2.5340149363549287
2.5340149363549287
2.5340149363549287
2.5340149363549287
2.5340149363549287
2.5340149363549287
2.5340149363549287
2.5340149363549287
2.5340149363549287
2.5340149363549287
2.5340149363549287
2.5340149363549287
2.5340149363549287
2.5340149363549287
2.5340149363549287
2.5340149363549287
2.5340149363549287
2.5340149363549287
2.5340149363549287
2.5340149363549287
2.5340149363549287
2.5340149363549287
2.5340149363549287
2.5340149363549287
2.5340149363549287
2.5340149363549287
2.5340149363549287
2.5340149363549287
2.5340149363549287
2.5340149363549287
2.5340149363549287
2.5340149363549287
2.5340149363549287
2.5340149363549287
2.5340149363549287
2.5340149363549287
2.5340149363549287
2.5340149363549287
2.5340149363549287
2.5340149363549287
2.5340149363549287
2.5340149363549287
2.5340174920059493
2.5340174920059493
2.5340174920059493
2.5340190206019324
2.534019401146344
2.534019401146344
2.5340194836272603
2.53402008401811
2.53402008401811
2.5340203026253314
2.5340203026253314
2.534020393193877
2.534020841630311
2.534021138142487
2.534021474222076
2.5340219349035027
2.534022477060615
2.534022477060615
2.5340227054092206
2.5340228727297727
2.534023017811046
2.5340231048598287
2.5340232148469837
2.534023280771306
2.5340234305447193
2.534023558115936
2.5340236346586718
2.5340236902622206
2.534023795136742
2.5340238425503334
2.534023889203948
2.5340239807286773
2.534024038014825
2.5340240736498627
2.5340240736498627
2.5340240777066754
2.5340240924182673
2.534024109482946
2.5340241236685257
2.5340241317998355
2.534024144256098
2.53402415591251
2.534024166740216
2.534024172199504
2.534024175882101
2.5340241789290925
2.534024182877941
2.534024183102187
2.5340241838396436
2.534024185850853
2.5340241861108774
2.534024186860489
2.5340241873818212
2.534024187694621
2.534024188428804
2.534024188428804
2.5340241884867885
2.534024188504498
2.534024188646262
2.534024188646262
2.534024188646262
2.534024188646262
2.534024188646262
2.534024188646262
2.534024188646262
2.534024188646262
2.534024188650133
2.534024188650133
2.534024188650133
2.534024188650133
2.534024188650133
2.5340241886503807
2.534024188650535
2.534024188650627
2.534024188651089
2.534024188651089
2.534024188651089
2.5340241886511623
2.5340241886512573
2.534024188651691
2.534024188651691
2.5340241886518027
2.534024188651927
2.5340241886520043
2.534024188652049
2.5340241886521344
2.534024188652217
2.534024188652217
2.534024188652217
2.534024188652222
2.5340241886522454
2.5340241886523462
2.5340241886523547
2.5340241886523645
2.5340241886523813
2.5340241886523898
2.5340241886523915
2.5340241886524137
2.5340241886524146
2.5340241886524257
2.5340241886524337
2.534024188652438
2.5340241886524404
2.5340241886524457
2.5340241886524484
2.5340241886524506
2.534024188652453
2.534024188652455
2.534024188652457
2.534024188652458
2.534024188652458
2.5340241886524586
2.5340241886524586
2.534024188652459
2.534024188652459
2.5340241886524595
2.5340241886524595
2.5340241886524595
2.5340241886524595
2.5340241886524595
2.5340241886524595
2.5340241886524595
2.5340241886524595
2.5340241886524595
2.5340241886524595
2.5340241886524595
2.5340241886524595
2.5340241886524595
2.5340241886524595
2.5340241886524595
2.5340241886524595
2.5340241886524595
2.5340241886524595
2.5340241886524595
2.5340241886524595
2.5340241886524595
2.5340241886524595
2.5340241886524595
2.5340241886524595
2.5340241886524595
2.5340241886524595
2.5340241886524595
