1.498727013042856
1.498727013042856
1.498727013042856
1.498727013042856
1.498727013042856
1.498727013042856
1.498727013042856
1.498727013042856
1.498727013042856
1.498727013042856
1.498727013042856
1.498727013042856
1.498727013042856
1.498727013042856
1.498727013042856
1.498727013042856
1.498727013042856
1.498727013042856
1.498727013042856
1.498727013042856
1.498727013042856
1.498727013042856
1.498727013042856
1.498727013042856
1.498727013042856
1.498727013042856
1.498727013042856
1.498727013042856
1.498727013042856
1.498727013042856
1.498727013042856
1.498727013042856
1.498727013042856
1.498727013042856
1.498727013042856
1.498727013042856
1.498727013042856
1.498727013042856
1.498727013042856
1.498727013042856
1.498727013042856
1.498727013042856
1.498727013042856
1.498727013042856
1.498727013042856
1.498727013042856
1.498727013042856
1.498727013042856
1.498727013042856
1.498727013042856
1.498727013042856
1.498727013042856
1.498727013042856
1.498728128517313
1.498728128517313
1.498728128517313
1.498728128517313
1.498728128517313
1.498728128517313
1.498728128517313
1.498728128517313
1.498728128517313
1.498728128517313
1.498728128517313
1.498728128517313
1.498728128517313
1.498728331404963
1.4987284460954826
1.4987285954173872
1.4987287999329804
1.4987289226423242
1.4987289472556053
1.4987289998406177
1.4987290782888074
1.4987291564949528
1.4987292121932572
1.4987292994150054
1.4987293615248167
1.4987293934518449
1.4987294283227868
1.4987294404259355
1.4987294673190792
1.4987294847799495
1.498729490265628
1.4987295030973127
1.4987295145568607
1.4987295239288443
1.4987295303525134
1.4987295365457802
1.498729541555668
1.498729544018355
1.4987295462911787
1.4987295482721366
1.4987295499265936
1.498729550658033
1.498729551145463
1.4987295523829742
1.4987295529583622
1.4987295534910712
1.4987295534910712
1.49872955379899
1.4987295540391552
1.4987295541832542
1.4987295542697132
1.4987295543215893
1.4987295544857218
1.4987295546548691
1.4987295547563577
1.4987295548172506
1.4987295548720605
1.4987295549773167
1.4987295550331625
1.498729555089186
1.4987295551291382
1.4987295551618562
1.4987295552055488
1.4987295552068256
1.4987295552236788
1.4987295552501199
1.4987295552502857
1.4987295552633908
1.498729555272312
1.4987295552776652
1.4987295552814317
1.4987295552871418
1.4987295552914106
1.498729555293972
1.4987295552960516
1.4987295552981688
1.4987295553000222
1.4987295553011342
1.4987295553018438
1.4987295553042816
1.4987295553046993
1.4987295553057416
1.4987295553063669
1.4987295553067423
1.498729555307102
1.4987295553075373
1.4987295553077984
1.4987295553080289
1.4987295553081885
1.4987295553083337
1.498729555308465
1.4987295553085433
1.498729555308643
1.4987295553087265
1.4987295553087763
1.4987295553088147
1.4987295553088253
1.4987295553088422
1.4987295553088522
1.4987295553088598
1.498729555308865
1.4987295553088689
1.4987295553088789
1.4987295553088844
1.4987295553088844
1.4987295553088844
1.4987295553088844
1.4987295553088875
1.4987295553088893
1.4987295553088904
1.4987295553088908
1.4987295553088915
1.4987295553088924
1.4987295553088933
1.4987295553088933
1.4987295553088942
1.4987295553088942
1.4987295553088942
1.4987295553088942
1.4987295553088942
1.4987295553088942
1.4987295553088942
1.4987295553088942
1.4987295553088942
1.4987295553088942
1.4987295553088942
1.4987295553088944
1.4987295553088944
1.4987295553088944
1.4987295553088944
1.4987295553088944
1.4987295553088944
