2.0374001118824925
2.0374001118824925
2.0374001118824925
2.0374001118824925
2.0374001118824925
2.0374001118824925
2.0374001118824925
2.0374001118824925
2.0374001118824925
2.0374001118824925
2.0374001118824925
2.0374001118824925
2.0374001118824925
2.0374001118824925
2.0374001118824925
2.0374001118824925
2.0374001118824925
2.0374001118824925
2.0374001118824925
2.0374001118824925
2.0374001118824925
2.0374001118824925
2.0374001118824925
2.0374001118824925
2.0374001118824925
2.0374001118824925
2.0374001118824925
2.0374001118824925
2.0374001118824925
2.0374001118824925
2.0374001118824925
2.0374001118824925
2.0374001118824925
2.0374001118824925
2.0374001118824925
2.0374001118824925
2.0374001118824925
2.0374001118824925
2.0374001118824925
2.0374001118824925
2.0374001118824925
2.0374001118824925
2.0374001118824925
2.0374001118824925
2.0374001118824925
2.0374001118824925
2.0374001118824925
2.0374001118824925
2.0374001118824925
2.0374001118824925
2.0374001118824925
2.0374001118824925
2.0374001118824925
2.0374001118824925
2.0374001118824925
2.0374001118824925
2.0374001118824925
2.037401228211229
2.037401228211229
2.037401228211229
2.037401228211229
2.037402201382298
2.0374030252438695
2.037403191285526
2.037404604938738
2.037404805815769
2.037405350716597
2.037405906857637
2.0374062139650473
2.0374065350898563
2.0374067979187163
2.0374070775858755
2.037407222099067
2.0374073488441535
2.0374074746027597
2.037407550057921
2.037407600866741
2.0374076496759956
2.0374076862897126
2.0374077116029157
2.037407722463976
2.037407737748615
2.037407747639863
2.0374077502681094
2.037407751423101
2.0374077564821147
2.0374077592774062
2.037407760935458
2.0374077639094135
2.037407765261073
2.037407766539214
2.0374077681881735
2.037407769139266
2.037407769817371
2.0374077706618148
2.037407771036971
2.0374077714130117
2.037407771756763
2.0374077719656
2.037407772114649
2.0374077721702966
2.0374077722179327
2.037407772268732
2.0374077723266186
2.037407772488159
2.037407772536206
2.0374077725650355
2.037407772582332
2.0374077725927107
2.0374077726577586
2.0374077727278057
2.037407772769833
2.0374077728134234
2.0374077728200657
2.0374077728623945
2.0374077728757523
2.0374077728913638
2.037407772902245
2.037407772927561
2.0374077729504236
2.0374077729644373
2.0374077729740714
2.037407772985838
2.037407772994421
2.0374077729978635
2.0374077730037765
2.037407773008553
2.03740777301142
2.037407773013139
2.037407773014343
2.037407773016531
2.0374077730188374
2.0374077730201825
2.0374077730201825
2.0374077730201825
2.0374077730201825
2.0374077730201825
2.037407773020298
2.037407773020298
2.037407773020298
2.037407773020298
2.037407773020413
2.037407773020413
2.037407773020413
2.037407773020413
2.037407773020413
2.037407773020413
2.037407773020413
2.037407773020413
2.0374077730204436
2.0374077730204436
2.0374077730204436
2.0374077730204436
2.0374077730204436
2.0374077730204436
2.0374077730204436
2.0374077730204436
2.0374077730204436
2.037407773020448
2.037407773020448
2.037407773020448
2.037407773020448
2.037407773020448
2.037407773020448
2.037407773020448
2.037407773020448
2.03740777302045
2.03740777302045
2.03740777302045
2.03740777302045
2.037407773020451
2.037407773020451
2.037407773020451
2.037407773020451
2.037407773020451
2.037407773020451
2.037407773020451
2.037407773020451
2.037407773020451
2.037407773020451
2.037407773020451
