1.8010214456151183
1.8010214456151183
1.8010214456151183
1.8010214456151183
1.8010214456151183
1.8010214456151183
1.8010214456151183
1.8010214456151183
1.8010214456151183
1.8010214456151183
1.8010214456151183
1.8010214456151183
1.8010214456151183
1.8010214456151183
1.8010214456151183
1.8010214456151183
1.8010214456151183
1.8010214456151183
1.8010214456151183
1.8010214456151183
1.8010214456151183
1.8010214456151183
1.8010214456151183
1.8010214456151183
1.8010214456151183
1.8010214456151183
1.8010214456151183
1.8010214456151183
1.8010214456151183
1.8010214456151183
1.8010214456151183
1.8010214456151183
1.8010214456151183
1.8010214456151183
1.8010214456151183
1.8010214456151183
1.8010214456151183
1.8010214456151183
1.8010214456151183
1.8010214456151183
1.8010214456151183
1.8010214456151183
1.8010214456151183
1.8010214456151183
1.8010214456151183
1.8010214456151183
1.8010214456151183
1.8010214456151183
1.8010214456151183
1.8010214456151183
1.8010214456151183
1.801023885544946
1.801023885544946
1.801023885544946
1.801026084822951
1.801026084822951
1.801026084822951
1.8010262634571363
1.8010268363098674
1.8010271800222146
1.8010273862498773
1.801027509986567
1.8010277746549017
1.8010278810495597
1.8010290347522977
1.8010294513674034
1.8010298283381811
1.8010307376677117
1.8010315395235141
1.8010320206376003
1.80103230930627
1.801032634233994
1.8010329837604673
1.801033326444901
1.8010334535922106
1.8010336602905976
1.8010337417033744
1.801033790551044
1.8010338281133356
1.8010338691748304
1.8010338819793739
1.801033921047825
1.8010339267008022
1.8010339411045517
1.8010339497468013
1.8010339572861236
1.801033968769303
1.8010339783614606
1.8010339886206013
1.801033991689915
1.8010340053046812
1.80103401381525
1.8010340189215912
1.801034022702892
1.8010340243812475
1.801034025822834
1.801034027832526
1.8010340284146142
1.8010340287234718
1.8010340292756317
1.8010340296872456
1.8010340301474157
1.8010340305121237
1.8010340308585728
1.8010340310728787
1.8010340312364073
1.8010340314063973
1.8010340315652098
1.8010340316604971
1.8010340317561844
1.801034031813629
1.8010340318480962
1.8010340318875901
1.801034031929658
1.8010340319573264
1.801034031973927
1.8010340319866627
1.801034032001331
1.801034032011094
1.801034032017442
1.801034032023543
1.801034032029465
1.8010340320334102
1.8010340320357774
1.801034032040702
1.8010340320451657
1.8010340320478442
1.8010340320491143
1.801034032050026
1.801034032050026
1.8010340320503704
1.8010340320503704
1.8010340320503704
1.8010340320503704
1.8010340320503704
1.8010340320504055
1.8010340320504739
1.80103403205058
1.80103403205058
1.80103403205058
1.80103403205058
1.80103403205058
1.8010340320505909
1.8010340320505909
1.8010340320505909
1.8010340320505909
1.801034032050596
1.801034032050596
1.801034032050596
1.801034032050596
1.801034032050596
1.801034032050596
1.801034032050596
1.801034032050596
1.801034032050596
1.801034032050596
1.8010340320505964
1.8010340320505964
1.8010340320505964
1.8010340320505964
1.8010340320505966
1.8010340320505966
1.8010340320505966
1.8010340320505966
1.8010340320505966
1.8010340320505966
1.8010340320505966
1.8010340320505966
1.8010340320505966
1.8010340320505966
1.8010340320505966
1.8010340320505966
1.8010340320505966
1.8010340320505966
1.8010340320505966
1.8010340320505966
1.8010340320505966
1.8010340320505966
1.8010340320505966
1.8010340320505966
1.8010340320505966
1.8010340320505966
1.8010340320505966
1.8010340320505966
1.8010340320505966
1.8010340320505966
1.8010340320505966
1.8010340320505966
1.8010340320505966
1.8010340320505966
