1.6344244854959746
1.6344244854959746
1.6344244854959746
1.6344244854959746
1.6344244854959746
1.6344244854959746
1.6344244854959746
1.6344244854959746
1.6344244854959746
1.6344244854959746
1.6344244854959746
1.6344244854959746
1.6344244854959746
1.6344244854959746
1.6344244854959746
1.6344244854959746
1.6344244854959746
1.6344244854959746
1.6344244854959746
1.6344244854959746
1.6344244854959746
1.6344244854959746
1.6344244854959746
1.6344244854959746
1.6344244854959746
1.6344244854959746
1.6344244854959746
1.6344244854959746
1.6344244854959746
1.6344244854959746
1.6344244854959746
1.6344244854959746
1.6344244854959746
1.6344244854959746
1.6344244854959746
1.6344244854959746
1.6344244854959746
1.6344244854959746
1.6344244854959746
1.6344244854959746
1.6344244854959746
1.6344244854959746
1.6344244854959746
1.6344244854959746
1.6344244854959746
1.6344269192282337
1.6344269192282337
1.6344269192282337
1.6344269192282337
1.6344304605873916
1.6344304605873916
1.6344304605873916
1.6344353332350305
1.6344353332350305
1.6344353332350305
1.6344353332350305
1.6344371076218502
1.634440058428873
1.6344423580164977
1.6344437377687566
1.634444835497018
1.6344462060317895
1.634446210581203
1.6344471654610668
1.6344474197046401
1.6344477383058773
1.6344479294665983
1.6344480472927796
1.6344482819589334
1.634448582542533
1.6344490453747091
1.6344492584857508
1.634449328644215
1.6344495205427085
1.6344496512450575
1.6344496598872116
1.6344496864486313
1.6344497668375166
1.6344497931266078
1.6344497931266078
1.6344498173127455
1.6344498327682624
1.6344498399123333
1.6344498399123333
1.6344498399123333
1.634449850100242
1.6344498520091244
1.6344498520091244
1.6344498520091244
1.6344498535474197
1.6344498567944175
1.6344498567944175
1.6344498567944175
1.6344498586918037
1.6344498586918037
1.6344498586918037
1.6344498588192227
1.634449859159242
1.6344498593598487
1.6344498593598487
1.6344498593598487
1.6344498594518828
1.6344498594518828
1.6344498594518828
1.6344498594518828
1.6344498594518828
1.6344498594518828
1.6344498594518828
1.6344498594518828
1.6344498594518828
1.6344498594534176
1.6344498594534176
1.6344498594534176
1.6344498594534176
1.6344498594563033
1.6344498594651695
1.6344498594651695
1.6344498594651695
1.6344498594684294
1.6344498594684294
1.6344498594684294
1.6344498594684294
1.6344498594705152
1.6344498594716232
1.6344498594728643
1.6344498594775598
1.6344498594775598
1.6344498594783485
1.6344498594799337
1.6344498594815084
1.6344498594818255
1.6344498594824557
1.634449859482834
1.6344498594830612
1.6344498594831973
1.6344498594833732
1.6344498594835337
1.6344498594836618
1.634449859484416
1.6344498594853178
1.634449859485859
1.6344498594861838
1.6344498594865495
1.6344498594869261
1.634449859487175
1.634449859487353
1.634449859487512
1.634449859487512
1.634449859487512
1.634449859487512
1.6344498594875256
1.6344498594875256
1.6344498594875256
1.6344498594875256
1.6344498594875378
1.6344498594875527
1.6344498594875616
1.634449859487567
1.634449859487567
1.6344498594875676
1.6344498594875705
1.6344498594875734
1.6344498594875758
1.634449859487578
1.6344498594875796
1.6344498594875811
1.6344498594875825
1.6344498594875836
1.6344498594875843
1.634449859487585
1.6344498594875858
1.6344498594875863
1.6344498594875867
1.6344498594875867
1.6344498594875871
1.6344498594875876
1.6344498594875876
1.6344498594875876
1.6344498594875876
1.634449859487588
1.6344498594875883
1.6344498594875883
1.6344498594875883
1.6344498594875883
1.6344498594875883
