1.6680757475094419
1.6680757475094419
1.6680757475094419
1.6680757475094419
1.6680757475094419
1.6680757475094419
1.6680757475094419
1.6680757475094419
1.6680757475094419
1.6680757475094419
1.6680757475094419
1.6680757475094419
1.6680757475094419
1.6680757475094419
1.6680757475094419
1.6680757475094419
1.6680757475094419
1.6680757475094419
1.6680757475094419
1.6680757475094419
1.6680757475094419
1.6680757475094419
1.6680757475094419
1.6680757475094419
1.6680757475094419
1.6680757475094419
1.6680757475094419
1.6680757475094419
1.6680757475094419
1.6680757475094419
1.6680757475094419
1.6680757475094419
1.6680757475094419
1.6680757475094419
1.6680757475094419
1.6680757475094419
1.6680757475094419
1.6680757475094419
1.6680757475094419
1.6680757475094419
1.6680757475094419
1.6680757475094419
1.6680757475094419
1.6680757475094419
1.6680757475094419
1.6680757475094419
1.6680757475094419
1.6680757475094419
1.6680757475094419
1.6680757475094419
1.6680786252855433
1.6680786252855433
1.6680786252855433
1.6680786252855433
1.6680824834844488
1.6680824834844488
1.6680824834844488
1.6680870147480689
1.6680870147480689
1.6680870147480689
1.6680870147480689
1.6680881545522637
1.6680901140911217
1.6680933264084146
1.668095253803717
1.668096410242672
1.6680971443088104
1.6680979014331274
1.6680991241565148
1.6681007932475855
1.6681013852189126
1.6681025454527252
1.6681034559704544
1.668104002281552
1.6681043758016565
1.6681049884114907
1.668105624413188
1.6681057750297648
1.6681059566631036
1.6681061042374787
1.668106275638372
1.6681064342035647
1.668106512949444
1.6681065799842212
1.6681066680502696
1.6681067394445557
1.6681067658893554
1.6681067949141042
1.668106824072877
1.668106844204032
1.6681068581025262
1.6681068691656962
1.668106875803598
1.6681068797863392
1.6681068821759837
1.6681068836097706
1.6681068884423313
1.6681068907211392
1.668106891555675
1.668106891555675
1.6681068940700907
1.6681068943856814
1.6681068947967956
1.6681068948575382
1.6681068954276104
1.6681068961945082
1.6681068966998154
1.6681068966998154
1.6681068971213076
1.6681068973504574
1.6681068975224174
1.6681068976339746
1.668106897700159
1.6681068978331515
1.6681068979058835
1.6681068979613962
1.6681068979949834
1.66810689802934
1.6681068980980258
1.6681068981424412
1.6681068981653882
1.6681068981809681
1.6681068981924465
1.6681068982055622
1.6681068982136102
1.6681068982220455
1.6681068982274285
1.668106898230972
1.6681068982347447
1.6681068982347447
1.6681068982347447
1.6681068982357143
1.6681068982363216
1.6681068982368663
1.668106898237193
1.6681068982382077
1.6681068982393907
1.6681068982401095
1.6681068982405713
1.6681068982408531
1.6681068982412002
1.668106898241496
1.6681068982416851
1.6681068982417993
1.6681068982420173
1.6681068982422338
1.6681068982423635
1.6681068982424416
1.6681068982424883
1.6681068982425742
1.6681068982426588
1.6681068982427094
1.6681068982427394
1.6681068982427627
1.6681068982427938
1.668106898242812
1.668106898242823
1.668106898242836
1.6681068982428484
1.668106898242856
1.6681068982428602
1.6681068982428657
1.6681068982428735
1.668106898242878
1.6681068982428806
1.6681068982428824
1.6681068982428833
1.668106898242886
1.6681068982428877
1.6681068982428888
1.6681068982428893
1.6681068982428897
1.6681068982428904
1.6681068982428908
1.6681068982428913
1.6681068982428915
1.6681068982428915
1.6681068982428915
1.668106898242892
1.668106898242892
1.668106898242892
1.668106898242892
1.668106898242892
1.668106898242892
1.668106898242892
1.668106898242892
1.668106898242892
1.668106898242892
1.668106898242892
1.668106898242892
1.668106898242892
