2.0847637314339713
2.0847637314339713
2.0847637314339713
2.0847637314339713
2.0847637314339713
2.0847637314339713
2.0847637314339713
2.0847637314339713
2.0847637314339713
2.0847637314339713
2.0847637314339713
2.0847637314339713
2.0847637314339713
2.0847637314339713
2.0847637314339713
2.0847637314339713
2.0847637314339713
2.0847637314339713
2.0847637314339713
2.0847637314339713
2.0847637314339713
2.0847637314339713
2.0847637314339713
2.0847637314339713
2.0847637314339713
2.0847637314339713
2.0847637314339713
2.0847637314339713
2.0847637314339713
2.0847637314339713
2.0847637314339713
2.0847637314339713
2.0847637314339713
2.0847637314339713
2.0847637314339713
2.0847637314339713
2.0847637314339713
2.0847637314339713
2.0847637314339713
2.0847637314339713
2.0847637314339713
2.0847637314339713
2.0847637314339713
2.0847637314339713
2.0847637314339713
2.0847637314339713
2.0847637314339713
2.0847637314339713
2.0847637314339713
2.084766370718466
2.084766370718466
2.084766370718466
2.084766370718466
2.084766370718466
2.084766370718466
2.084766370718466
2.084766370718466
2.084766370718466
2.084766370718466
2.084766370718466
2.084766370718466
2.0847668986404466
2.0847672542271254
2.0847672542271254
2.0847678906536453
2.084768403588641
2.0847687113496236
2.0847689527459248
2.084769289540801
2.084769447429506
2.0847695520953464
2.084769726659391
2.084769793056157
2.0847698474593876
2.0847698801013257
2.084769922660334
2.084769973973354
2.084769998250989
2.084769998250989
2.084770028712715
2.0847700345994777
2.0847700408428196
2.0847700421614714
2.0847700441963255
2.084770048371747
2.0847700574789605
2.0847700631887625
2.0847700666815867
2.084770069343892
2.084770075211932
2.0847700794243877
2.084770081951861
2.084770083468345
2.0847700855260465
2.084770087132336
2.0847700881153504
2.084770088705159
2.084770089059044
2.084770089271375
2.084770089414378
2.0847700896691195
2.08477008990548
2.0847700900493744
2.0847700901357116
2.0847700901875132
2.08477009028883
2.084770090368368
2.0847700904160917
2.0847700904447257
2.0847700904724644
2.0847700904978406
2.0847700905158946
2.0847700905267263
2.0847700905332256
2.0847700905434543
2.0847700905524014
2.08477009055777
2.0847700905609905
2.084770090563434
2.0847700905690743
2.084770090572577
2.0847700905746787
2.0847700905759394
2.084770090576696
2.0847700905777415
2.0847700905786226
2.0847700905791515
2.0847700905794686
2.0847700905796707
2.0847700905800743
2.084770090580336
2.084770090580493
2.0847700905805877
2.0847700905806437
2.0847700905807027
2.0847700905807494
2.0847700905807787
2.084770090580797
2.0847700905808244
2.084770090580843
2.084770090580854
2.084770090580861
2.0847700905808693
2.084770090580876
2.08477009058088
2.084770090580882
2.0847700905808835
2.0847700905808844
2.084770090580887
2.0847700905808897
2.08477009058089
2.084770090580891
2.0847700905808924
2.084770090580893
2.0847700905808937
2.0847700905808937
2.0847700905808937
2.084770090580894
2.084770090580894
2.084770090580894
2.084770090580894
2.084770090580894
2.084770090580894
2.084770090580894
2.084770090580894
2.084770090580894
2.084770090580894
2.084770090580894
2.084770090580894
2.084770090580894
2.084770090580894
2.084770090580894
2.084770090580894
2.084770090580894
2.084770090580894
2.084770090580894
2.084770090580894
2.084770090580894
2.084770090580894
