1.5781614347691855
1.5781614347691855
1.5781614347691855
1.5781614347691855
1.5781614347691855
1.5781614347691855
1.5781614347691855
1.5781614347691855
1.5781614347691855
1.5781614347691855
1.5781614347691855
1.5781614347691855
1.5781614347691855
1.5781614347691855
1.5781614347691855
1.5781614347691855
1.5781614347691855
1.5781614347691855
1.5781614347691855
1.5781614347691855
1.5781614347691855
1.5781614347691855
1.5781614347691855
1.5781614347691855
1.5781614347691855
1.5781614347691855
1.5781614347691855
1.5781614347691855
1.5781614347691855
1.5781614347691855
1.5781614347691855
1.5781614347691855
1.5781614347691855
1.5781614347691855
1.5781614347691855
1.5781614347691855
1.5781614347691855
1.5781614347691855
1.5781614347691855
1.5781614347691855
1.5781614347691855
1.5781614347691855
1.5781614347691855
1.5781614347691855
1.5781614347691855
1.5781614347691855
1.5781614347691855
1.5781614347691855
1.5781614347691855
1.5781614347691855
1.5781614347691855
1.5781663279532852
1.5781663279532852
1.5781663279532852
1.5781755115638534
1.5781755115638534
1.5781755115638534
1.5781755115638534
1.5781756960272937
1.578178575059062
1.578178575059062
1.578178963204996
1.5781795546113608
1.5781799094555582
1.5781801223622125
1.5781808558398376
1.5781815838905016
1.5781822826211844
1.5781823364001712
1.5781829050884824
1.5781830803331867
1.5781831697520505
1.5781832909248479
1.5781833692466412
1.5781834634068816
1.5781835233519723
1.5781835593190288
1.578183623966356
1.5781836653584629
1.5781836807035055
1.5781836992277696
1.5781837269676982
1.5781837410676762
1.5781837509346164
1.5781837612403562
1.578183764384244
1.5781837740126252
1.578183781431895
1.5781837862317911
1.5781837862317911
1.578183789095993
1.5781837913316528
1.5781837919806627
1.5781837934151552
1.578183793879031
1.5781837953230213
1.5781837965387155
1.5781837972681318
1.5781837980611542
1.5781837986099536
1.5781837990406915
1.5781837993607963
1.5781837995883752
1.5781837998098003
1.5781837999426547
1.5781838000484822
1.5781838002190034
1.57818380027233
1.578183800345341
1.5781838003676152
1.5781838003676152
1.5781838003762354
1.5781838004049538
1.5781838004049538
1.5781838004049538
1.578183800413472
1.578183800413472
1.5781838004147677
1.5781838004147677
1.5781838004165716
1.5781838004165716
1.5781838004173112
1.5781838004173112
1.578183800417939
1.5781838004191624
1.5781838004201192
1.5781838004205535
1.5781838004212894
1.5781838004219158
1.5781838004223476
1.5781838004226054
1.5781838004227917
1.578183800422966
1.5781838004231432
1.5781838004232627
1.5781838004232627
1.5781838004233397
1.5781838004234332
1.5781838004235123
1.5781838004235296
1.5781838004235407
1.57818380042356
1.5781838004235835
1.578183800423601
1.5781838004236175
1.5781838004236273
1.5781838004236368
1.5781838004236464
1.5781838004236544
1.5781838004236564
1.5781838004236566
1.5781838004236588
1.5781838004236615
1.5781838004236615
1.5781838004236615
1.5781838004236621
1.5781838004236648
1.5781838004236661
1.5781838004236672
1.5781838004236686
1.57818380042367
1.57818380042367
1.5781838004236712
1.5781838004236712
1.5781838004236717
1.578183800423672
1.578183800423672
1.578183800423672
1.578183800423672
1.578183800423672
1.578183800423672
1.578183800423672
1.578183800423672
1.578183800423672
1.578183800423672
1.578183800423672
1.578183800423672
1.578183800423672
1.578183800423672
1.578183800423672
1.578183800423672
1.578183800423672
1.578183800423672
1.578183800423672
