1.6194792865802474
1.6194792865802474
1.6194792865802474
1.6194792865802474
1.6194792865802474
1.6194792865802474
1.6194792865802474
1.6194792865802474
1.6194792865802474
1.6194792865802474
1.6194792865802474
1.6194792865802474
1.6194792865802474
1.6194792865802474
1.6194792865802474
1.6194792865802474
1.6194792865802474
1.6194792865802474
1.6194792865802474
1.6194792865802474
1.6194792865802474
1.6194792865802474
1.6194792865802474
1.6194792865802474
1.6194792865802474
1.6194792865802474
1.6194792865802474
1.6194792865802474
1.6194792865802474
1.6194792865802474
1.6194792865802474
1.6194792865802474
1.6194792865802474
1.6194792865802474
1.6194792865802474
1.6194792865802474
1.6194792865802474
1.6194792865802474
1.6194792865802474
1.6194792865802474
1.6194792865802474
1.6194792865802474
1.6194792865802474
1.6194792865802474
1.6194792865802474
1.6194792865802474
1.6194792865802474
1.6194792865802474
1.6194792865802474
1.6194792865802474
1.6194792865802474
1.6194848060985518
1.6194848060985518
1.6194848060985518
1.6194848060985518
1.6194860281385766
1.619487082688605
1.6194877150568217
1.6194889816550964
1.6194894946018186
1.6194902397877693
1.6194905926010046
1.6194908821072742
1.6194911032764334
1.6194912936367802
1.6194915460154926
1.6194918418328421
1.6194919444898195
1.6194920174387346
1.6194922009403039
1.6194923472612588
1.619492386667821
1.6194924365318013
1.6194924637629797
1.619492484505229
1.6194925130243496
1.6194925502035376
1.6194925725110507
1.619492585895559
1.6194925960991933
1.6194926053692456
1.619492625199707
1.6194926377061771
1.6194926459023369
1.6194926514284023
1.6194926553431943
1.6194926588017566
1.619492661237789
1.6194926630909279
1.6194926632013682
1.6194926641065206
1.6194926647289951
1.6194926651315469
1.6194926654103126
1.6194926655775719
1.6194926657319784
1.6194926658393103
1.6194926659145346
1.6194926659516504
1.61949266597392
1.6194926660091176
1.6194926660353537
1.6194926660600706
1.619492666089364
1.6194926661036706
1.6194926661620714
1.619492666191409
1.6194926662113616
1.619492666223333
1.6194926662615088
1.6194926662945635
1.6194926663083322
1.6194926663196858
1.619492666331839
1.6194926663470075
1.6194926663565057
1.6194926663565057
1.6194926663655635
1.619492666368967
1.6194926663710092
1.6194926663722347
1.6194926663730038
1.6194926663746447
1.6194926663760307
1.6194926663768625
1.6194926663775155
1.6194926663785332
1.61949266637922
1.6194926663796063
1.61949266638013
1.6194926663804439
1.6194926663806808
1.6194926663807836
1.6194926663808633
1.6194926663809657
1.6194926663810427
1.6194926663810887
1.6194926663811164
1.619492666381137
1.6194926663811573
1.619492666381169
1.6194926663811826
1.6194926663811906
1.6194926663811955
1.6194926663811986
1.6194926663812004
1.619492666381202
1.619492666381206
1.6194926663812084
1.6194926663812101
1.6194926663812108
1.6194926663812115
1.619492666381212
1.6194926663812124
1.619492666381213
1.6194926663812141
1.6194926663812148
1.619492666381215
1.6194926663812155
1.619492666381216
1.6194926663812161
1.6194926663812161
1.6194926663812161
1.6194926663812164
1.6194926663812164
1.6194926663812164
1.6194926663812164
1.6194926663812164
1.6194926663812164
1.6194926663812164
1.6194926663812164
1.6194926663812164
1.6194926663812164
1.6194926663812164
1.6194926663812164
1.6194926663812164
1.6194926663812164
1.6194926663812164
1.6194926663812164
1.6194926663812164
1.6194926663812164
1.6194926663812164
