1.1651092166156505
1.1651092166156505
1.1651092166156505
1.1651092166156505
1.1651092166156505
1.1651092166156505
1.1651092166156505
1.1651092166156505
1.1651092166156505
1.1651092166156505
1.1651092166156505
1.1651092166156505
1.1651092166156505
1.1651092166156505
1.1651092166156505
1.1651092166156505
1.1651092166156505
1.1651092166156505
1.1651092166156505
1.1651092166156505
1.1651092166156505
1.1651092166156505
1.1651092166156505
1.1651092166156505
1.1651092166156505
1.1651092166156505
1.165260624763785
1.165260624763785
1.165260624763785
1.165260624763785
1.165260624763785
1.165260624763785
1.165260624763785
1.165260624763785
1.1652700154460973
1.1652700154460973
1.1653073564854919
1.1653374346669574
1.1653554811672848
1.165366308920408
1.1653728055193366
1.1653767034596338
1.1653790422169505
1.1653804454688703
1.1653812874191332
1.1653865070252674
1.1653876494717967
1.1653877736087142
1.1653881955538052
1.1653925111001886
1.1653939117507655
1.1653943084860647
1.1653962549943986
1.1653976532405363
1.1653984921884526
1.1653989955572863
1.1653996390266796
1.1654002157458418
1.1654006598375861
1.165401098937726
1.1654013623980242
1.1654015204742798
1.165401627246141
1.1654018908575314
1.1654020887794958
1.1654023280616095
1.165402468519269
1.1654027592082317
1.1654029454343484
1.1654030571700515
1.1654031284686452
1.1654033009490035
1.1654033596162419
1.1654034185966984
1.1654034597288994
1.165403480206415
1.1654035191144554
1.1654035588920382
1.1654035827585885
1.165403588098475
1.1654035989696734
1.1654036118254023
1.1654036212277032
1.1654036268690835
1.165403632588346
1.1654036395955751
1.1654036433522172
1.1654036460466244
1.1654036477744203
1.1654036520759192
1.1654036549022928
1.1654036568659676
1.165403658140463
1.1654036600591864
1.165403661317819
1.1654036620729986
1.1654036625261062
1.165403663116972
1.1654036635864953
1.1654036638682095
1.1654036640372378
1.1654036641386547
1.1654036641995051
1.1654036644924228
1.1654036647244115
1.1654036648710266
1.1654036649772386
1.165403665066465
1.1654036651655924
1.1654036652250688
1.1654036652607547
1.1654036653071558
1.1654036653420097
1.1654036653646345
1.165403665378782
1.1654036653895534
1.1654036654072744
1.1654036654179067
1.1654036654242867
1.1654036654317748
1.1654036654371276
1.165403665440565
1.1654036654426276
1.165403665443955
1.1654036654447877
1.165403665446024
1.165403665446766
1.165403665447211
1.165403665447478
1.1654036654476563
1.1654036654480397
1.165403665448321
1.1654036654484896
1.1654036654485909
1.165403665448742
1.1654036654488706
1.165403665448948
1.165403665448994
1.16540366544903
1.165403665449097
1.165403665449138
1.1654036654491629
1.1654036654491773
1.1654036654491937
1.1654036654492161
1.1654036654492295
1.165403665449238
1.1654036654492426
1.1654036654492457
1.1654036654492514
1.1654036654492559
1.1654036654492588
1.1654036654492606
1.165403665449264
1.165403665449267
1.1654036654492688
1.16540366544927
1.1654036654492717
1.1654036654492725
1.1654036654492732
1.1654036654492739
1.165403665449274
1.1654036654492745
1.1654036654492745
1.1654036654492748
1.1654036654492748
1.165403665449275
1.165403665449275
1.165403665449275
1.165403665449275
1.165403665449275
1.165403665449275
1.165403665449275
1.165403665449275
1.165403665449275
1.165403665449275
1.165403665449275
1.165403665449275
1.165403665449275
1.165403665449275
1.165403665449275
