2.115119446416902
2.115119446416902
2.115119446416902
2.115119446416902
2.115119446416902
2.115119446416902
2.115119446416902
2.115119446416902
2.115119446416902
2.115119446416902
2.115119446416902
2.115119446416902
2.115119446416902
2.115119446416902
2.115119446416902
2.115119446416902
2.115119446416902
2.115119446416902
2.115119446416902
2.115119446416902
2.115119446416902
2.115119446416902
2.115119446416902
2.115119446416902
2.115119446416902
2.115119446416902
2.115119446416902
2.115119446416902
2.115119446416902
2.115119446416902
2.115119446416902
2.115119446416902
2.115119446416902
2.115119446416902
2.115119446416902
2.115119446416902
2.115119446416902
2.115119446416902
2.115119446416902
2.115119446416902
2.115119446416902
2.115119446416902
2.115119446416902
2.115119446416902
2.115119446416902
2.115119446416902
2.115119446416902
2.115119446416902
2.115119446416902
2.115119446416902
2.115119446416902
2.115119446416902
2.115119446416902
2.115119446416902
2.115119446416902
2.115119446416902
2.115119446416902
2.115119446416902
2.115119446416902
2.115119446416902
2.115119446416902
2.1151252355663064
2.1151327652738097
2.115137245464688
2.1151399508616415
2.1151415741020174
2.1151461942672762
2.115149475767058
2.1151502932183104
2.115152056248023
2.115153228047081
2.1151549264123104
2.115156271579644
2.115157078679905
2.1151581365162415
2.1151592270397215
2.1151599866962347
2.1151604424899357
2.1151607485994903
2.11516105892166
2.115161326249641
2.115161498350016
2.11516160161023
2.11516170970326
2.1151617926264183
2.1151618423271286
2.1151618423271286
2.1151618737211466
2.1151618805633015
2.1151618922385667
2.1151619005202127
2.115161905489201
2.1151619105216213
2.1151619225684772
2.115161931206623
2.115161936389511
2.115161939499244
2.1151619418519836
2.115161943590957
2.115161945716594
2.1151619475279073
2.115161948614695
2.1151619492667675
2.1151619500081837
2.1151619507474115
2.1151619512225652
2.1151619515076576
2.115161951678713
2.115161951916878
2.115161952279395
2.115161952496905
2.1151619526274112
2.115161952705715
2.1151619527526972
2.1151619529163224
2.115161953058479
2.1151619531437738
2.11516195319495
2.115161953225657
2.115161953306405
2.1151619533594004
2.1151619533911976
2.1151619534241464
2.115161953454688
2.115161953473013
2.115161953484008
2.115161953490605
2.115161953497261
2.1151619535036166
2.115161953507429
2.1151619535097166
2.1151619535110897
2.1151619535119135
2.11516195351272
2.115161953513508
2.115161953513981
2.115161953514265
2.115161953514449
2.1151619535146424
2.115161953514824
2.1151619535149337
2.1151619535149986
2.1151619535150554
2.115161953515122
2.115161953515162
2.1151619535151864
2.115161953515201
2.1151619535152113
2.115161953515219
2.1151619535152317
2.1151619535152397
2.115161953515244
2.1151619535152473
2.115161953515249
2.1151619535152504
2.115161953515253
2.115161953515254
2.115161953515255
2.1151619535152553
2.115161953515256
2.1151619535152566
2.1151619535152566
2.115161953515257
2.115161953515257
2.115161953515257
2.115161953515257
2.115161953515257
2.115161953515257
2.115161953515257
2.115161953515257
2.115161953515257
2.115161953515257
2.115161953515257
2.115161953515257
2.115161953515257
2.115161953515257
2.115161953515257
2.115161953515257
2.115161953515257
2.115161953515257
2.115161953515257
2.115161953515257
2.115161953515257
2.115161953515257
2.115161953515257
2.115161953515257
2.115161953515257
2.115161953515257
2.115161953515257
2.115161953515257
2.115161953515257
2.115161953515257
2.115161953515257
