2.777248142436521
2.777248142436521
2.777248142436521
2.777248142436521
2.777248142436521
2.777248142436521
2.777248142436521
2.777248142436521
2.777248142436521
2.777248142436521
2.777248142436521
2.777248142436521
2.777248142436521
2.777248142436521
2.777248142436521
2.777248142436521
2.777248142436521
2.777248142436521
2.777248142436521
2.777248142436521
2.777248142436521
2.777248142436521
2.777248142436521
2.777248142436521
2.777248142436521
2.777248142436521
2.777248142436521
2.777248142436521
2.777248142436521
2.777248142436521
2.777248142436521
2.777248142436521
2.777248142436521
2.777248142436521
2.777248142436521
2.777248142436521
2.777248142436521
2.777248142436521
2.777248142436521
2.777248142436521
2.777248142436521
2.777248142436521
2.777248142436521
2.777248142436521
2.777248142436521
2.777248142436521
2.777248142436521
2.777248142436521
2.777248142436521
2.777248142436521
2.777248142436521
2.777248142436521
2.777248142436521
2.777248142436521
2.777248142436521
2.777252219996287
2.777252219996287
2.777252219996287
2.777254219159256
2.777255056694166
2.7772565479966635
2.7772574616309726
2.777259184934754
2.777259399189548
2.7772598966800244
2.777260540838223
2.7772609273331668
2.7772611616313947
2.77726149580936
2.7772618284099155
2.777262027970251
2.777262027970251
2.7772620299472024
2.7772621421457218
2.77726220750264
2.777262335390402
2.7772624147584186
2.777262473987028
2.7772625530024992
2.7772626089740013
2.777262644258256
2.7772626560406004
2.777262671831608
2.7772626912751903
2.7772626998835235
2.777262705048524
2.777262708688511
2.777262711500895
2.7772627179168383
2.7772627230478113
2.7772627263811684
2.7772627289812233
2.7772627315738547
2.7772627332627797
2.777262734367789
2.7772627350897148
2.777262735522871
2.7772627359884723
2.7772627364182187
2.777262736676066
2.7772627369133223
2.7772627371691065
2.777262737338403
2.777262737454321
2.7772627375404233
2.7772627376342927
2.7772627376939885
2.777262737729806
2.7772627377512964
2.7772627377641905
2.7772627377719274
2.7772627377924572
2.7772627378308536
2.7772627378538917
2.777262737867715
2.777262737880687
2.7772627378941563
2.777262737902238
2.7772627379070873
2.777262737910964
2.7772627379156765
2.7772627379185053
2.777262737920203
2.7772627379212205
2.7772627379223715
2.77726273792425
2.777262737925378
2.7772627379260544
2.7772627379270896
2.777262737927839
2.777262737928288
2.777262737928558
2.777262737928993
2.777262737929546
2.777262737929878
2.7772627379300765
2.777262737930271
2.7772627379304957
2.7772627379306307
2.7772627379307124
2.7772627379307604
2.7772627379308843
2.77726273793096
2.777262737931005
2.777262737931043
2.777262737931089
2.777262737931116
2.7772627379311325
2.777262737931143
2.7772627379311565
2.7772627379311703
2.7772627379311783
2.7772627379311823
2.777262737931186
2.777262737931194
2.7772627379312
2.777262737931204
2.777262737931207
2.77726273793121
2.7772627379312116
2.7772627379312134
2.7772627379312143
2.7772627379312147
2.777262737931216
2.7772627379312165
2.777262737931217
2.777262737931218
2.7772627379312183
2.7772627379312187
2.7772627379312187
2.777262737931219
2.7772627379312196
2.7772627379312196
2.7772627379312196
2.7772627379312196
2.7772627379312196
2.7772627379312196
2.7772627379312196
2.7772627379312196
2.7772627379312196
2.7772627379312196
2.7772627379312196
2.7772627379312196
