1.6478874365212204
1.6478874365212204
1.6478874365212204
1.6478874365212204
1.6478874365212204
1.6478874365212204
1.6478874365212204
1.6478874365212204
1.6478874365212204
1.6478874365212204
1.6478874365212204
1.6478874365212204
1.6478874365212204
1.6478874365212204
1.6478874365212204
1.6478874365212204
1.6478874365212204
1.6478874365212204
1.6478874365212204
1.6478874365212204
1.6478874365212204
1.6478874365212204
1.6478874365212204
1.6478874365212204
1.6478874365212204
1.6478874365212204
1.6478874365212204
1.6478874365212204
1.6478874365212204
1.6478874365212204
1.6478874365212204
1.6478874365212204
1.6478874365212204
1.6478874365212204
1.6478874365212204
1.6478874365212204
1.6478874365212204
1.6478874365212204
1.6478874365212204
1.6478874365212204
1.6478874365212204
1.6478874365212204
1.6478874365212204
1.6478874365212204
1.6478874365212204
1.6478874365212204
1.6478874365212204
1.6478874365212204
1.6478874365212204
1.6478874365212204
1.6478874365212204
1.6478874365212204
1.6478874365212204
1.6478874365212204
1.6478876916163765
1.6478876916163765
1.6478876916163765
1.6478876916163765
1.6478876916163765
1.6478913091782472
1.6479003837222295
1.6479058284886863
1.647909095362985
1.6479116652575514
1.647915945354209
1.6479188263350386
1.6479206080232713
1.6479223186654357
1.6479232936675938
1.6479232936675938
1.6479248056154638
1.6479250339833653
1.6479252833657976
1.6479255478817507
1.6479256602405574
1.6479258456468782
1.647925939725348
1.6479260943618412
1.6479262294415995
1.6479263104894646
1.6479263781311329
1.6479264328093155
1.647926470059287
1.647926497310327
1.6479265178262907
1.6479265362614652
1.64792654732257
1.6479265539592327
1.6479265609439495
1.6479265616560776
1.647926566941281
1.6479265760329218
1.6479265771205795
1.6479265804898975
1.6479265833204277
1.6479265842662414
1.6479265855907805
1.6479265860706485
1.6479265864987434
1.6479265867556
1.6479265870091797
1.6479265874072213
1.647926588006159
1.6479265884172902
1.6479265886756107
1.6479265890138532
1.6479265893052075
1.6479265895136863
1.6479265896387736
1.647926589713826
1.6479265897886328
1.6479265898979678
1.6479265899635684
1.6479265900036988
1.64792659002831
1.6479265900684619
1.6479265900998925
1.647926590118751
1.6479265901313838
1.6479265901441627
1.6479265901563254
1.647926590163738
1.6479265901681939
1.6479265901708675
1.647926590175192
1.6479265901788303
1.6479265901810136
1.6479265901823232
1.647926590183809
1.6479265901857025
1.6479265901868487
1.6479265901875397
1.6479265901882916
1.6479265901888431
1.6479265901891742
1.6479265901893732
1.647926590189495
1.6479265901896352
1.6479265901897988
1.6479265901898974
1.6479265901899565
1.647926590190022
1.6479265901901148
1.6479265901901703
1.6479265901902045
1.647926590190261
1.6479265901902964
1.6479265901903177
1.647926590190334
1.6479265901903555
1.6479265901903684
1.6479265901903761
1.6479265901903808
1.647926590190385
1.6479265901903903
1.6479265901903932
1.6479265901903952
1.6479265901903974
1.6479265901904
1.6479265901904017
1.6479265901904026
1.6479265901904032
1.647926590190404
1.6479265901904045
1.6479265901904048
1.6479265901904052
1.6479265901904052
1.6479265901904052
1.6479265901904054
1.6479265901904054
1.6479265901904057
1.6479265901904059
1.6479265901904059
1.6479265901904059
1.647926590190406
1.647926590190406
1.6479265901904063
1.6479265901904063
1.6479265901904063
1.6479265901904063
1.6479265901904063
1.6479265901904063
1.6479265901904063
1.6479265901904063
1.6479265901904063
1.6479265901904063
