1.7543683451319325
1.7543683451319325
1.7543683451319325
1.7543683451319325
1.7543683451319325
1.7543683451319325
1.7543683451319325
1.7543683451319325
1.7543683451319325
1.7543683451319325
1.7543683451319325
1.7543683451319325
1.7543683451319325
1.7543683451319325
1.7543683451319325
1.7543683451319325
1.7543683451319325
1.7543683451319325
1.7543683451319325
1.7543683451319325
1.7543683451319325
1.7543683451319325
1.7543683451319325
1.7543683451319325
1.7543683451319325
1.7543683451319325
1.7543683451319325
1.7543683451319325
1.7543683451319325
1.7543683451319325
1.7543683451319325
1.7543683451319325
1.7543683451319325
1.7543683451319325
1.7543683451319325
1.7544013235046378
1.7544013235046378
1.7544013235046378
1.7544013235046378
1.7544013235046378
1.7544013235046378
1.7544013235046378
1.7544013235046378
1.7544013235046378
1.7544013235046378
1.7544013235046378
1.7544013235046378
1.7544013235046378
1.7544013235046378
1.7544013235046378
1.7544013235046378
1.7544013235046378
1.7544013235046378
1.7544131400509908
1.7544131400509908
1.7544160754952771
1.754420884756852
1.7544258833499162
1.7544296755280055
1.7544354721749018
1.7544354721749018
1.7544354721749018
1.7544415437981755
1.7544415437981755
1.7544442722930016
1.7544460250296623
1.754447076672243
1.7544487636549475
1.7544501434014048
1.7544516934578458
1.7544520681983755
1.7544530134175766
1.7544533519057486
1.754454128380238
1.754454128380238
1.7544543463044766
1.7544548026926996
1.7544549511392034
1.7544549511392034
1.7544550145854878
1.754455071478615
1.7544551396755952
1.754455190631985
1.754455241739347
1.7544552724037656
1.7544552871519867
1.754455318230301
1.7544553425720355
1.7544553596644987
1.7544553743769995
1.7544553945233163
1.7544553945233163
1.7544554046164047
1.754455409999364
1.754455413229138
1.754455415167004
1.7544554163297243
1.7544554198520739
1.754455421722969
1.7544554234608325
1.7544554245035502
1.7544554253160043
1.7544554263919443
1.7544554270375088
1.7544554274248476
1.754455427913113
1.754455428222807
1.7544554284601264
1.7544554285613465
1.7544554286431713
1.7544554286981
1.7544554287667675
1.7544554287945615
1.7544554288175247
1.7544554288653205
1.7544554289049454
1.7544554289049454
1.754455428921473
1.754455428932487
1.7544554289417282
1.7544554289513565
1.754455428959118
1.7544554289634355
1.7544554289663965
1.754455428968351
1.7544554289708538
1.754455428971991
1.7544554289733039
1.754455428973739
1.7544554289744803
1.7544554289748342
1.7544554289752745
1.7544554289755105
1.7544554289755325
1.7544554289756504
1.7544554289758472
1.7544554289759489
1.7544554289759873
1.7544554289760357
1.7544554289760785
1.7544554289761076
1.7544554289761316
1.7544554289761498
1.7544554289761598
1.7544554289761727
1.7544554289761871
1.7544554289761976
1.7544554289762024
1.7544554289762098
1.7544554289762133
1.7544554289762175
1.7544554289762204
1.7544554289762244
1.7544554289762289
1.7544554289762289
1.7544554289762333
1.7544554289762342
1.7544554289762369
1.754455428976237
1.7544554289762384
1.754455428976239
1.75445542897624
1.75445542897624
1.754455428976241
1.754455428976241
1.7544554289762413
1.7544554289762413
1.7544554289762413
1.7544554289762413
1.7544554289762413
1.7544554289762413
1.7544554289762413
1.7544554289762413
1.7544554289762413
1.7544554289762413
1.7544554289762413
1.7544554289762413
1.7544554289762413
1.7544554289762413
1.7544554289762413
1.7544554289762413
1.7544554289762413
1.7544554289762413
1.7544554289762413
1.7544554289762413
1.7544554289762413
1.7544554289762413
1.7544554289762413
1.7544554289762413
1.7544554289762413
1.7544554289762413
1.7544554289762413
