2.3944228424148783
2.3944228424148783
2.3944228424148783
2.3944228424148783
2.3944228424148783
2.3944228424148783
2.3944228424148783
2.3944228424148783
2.3944228424148783
2.3944228424148783
2.3944228424148783
2.3944228424148783
2.3944228424148783
2.3944228424148783
2.3944228424148783
2.3944228424148783
2.3944228424148783
2.3944228424148783
2.3944228424148783
2.3944228424148783
2.3944228424148783
2.3944228424148783
2.3944228424148783
2.3944228424148783
2.3944228424148783
2.3944228424148783
2.3944228424148783
2.3944228424148783
2.3944228424148783
2.3944228424148783
2.3944228424148783
2.3944228424148783
2.3944228424148783
2.3944228424148783
2.3944228424148783
2.3944228424148783
2.3944228424148783
2.3944228424148783
2.3944228424148783
2.3944228424148783
2.3944228424148783
2.3944228424148783
2.3944228424148783
2.3944228424148783
2.3944228424148783
2.394468795239843
2.394468795239843
2.394468795239843
2.394468795239843
2.3944765721734944
2.3944765721734944
2.3944765721734944
2.3944765721734944
2.3944765721734944
2.3944765721734944
2.3944765721734944
2.3944765721734944
2.3944765721734944
2.3944908385428003
2.3944908385428003
2.3944908385428003
2.394494889981073
2.394499798192211
2.394499798192211
2.3945034760241333
2.3945092618087935
2.3945164071885077
2.394520694414606
2.394520694414606
2.394521073032014
2.3945228942265313
2.3945256745842496
2.3945283780666125
2.3945288867156793
2.3945299702124494
2.394530620310529
2.3945318857184144
2.394533360880131
2.394534245977125
2.394534777035309
2.3945354551524303
2.3945364860882954
2.394537104649803
2.394537475786704
2.394537746054396
2.3945381040511693
2.3945383353086798
2.3945384740631863
2.3945385573158897
2.3945386138825855
2.3945386566583076
2.394538682323741
2.3945387055923506
2.3945387252025374
2.39453874207764
2.3945387621035317
2.3945387741190665
2.394538785542771
2.394538799668589
2.3945388086159194
2.3945388137038393
2.3945388137038393
2.3945388137038393
2.394538816606987
2.394538816606987
2.394538816606987
2.394538816606987
2.394538816914385
2.394538817622699
2.3945388190175083
2.394538819168288
2.394538819552094
2.3945388198062325
2.394538820148848
2.394538820428131
2.3945388205743963
2.3945388207400202
2.394538820867395
2.3945388209369165
2.3945388210072354
2.39453882107954
2.3945388211198657
2.3945388211458845
2.3945388211642933
2.394538821189142
2.394538821196179
2.394538821215118
2.3945388212203973
2.3945388212328753
2.3945388212439447
2.3945388212478123
2.3945388212522225
2.3945388212563015
2.3945388212590863
2.394538821262971
2.394538821262993
2.3945388212652166
2.3945388212673886
2.394538821268763
2.394538821270205
2.394538821271569
2.394538821272203
2.394538821272203
2.394538821272767
2.3945388212728114
2.3945388212728393
2.394538821272855
2.3945388212730907
2.3945388212730907
2.3945388212730925
2.394538821273248
2.394538821273375
2.394538821273375
2.394538821273375
2.394538821273432
2.39453882127348
2.394538821273508
2.3945388212735255
2.394538821273541
2.3945388212735588
2.3945388212735788
2.3945388212735903
2.3945388212736036
2.3945388212736143
2.3945388212736227
2.394538821273628
2.3945388212736316
2.3945388212736356
2.3945388212736365
2.3945388212736383
2.394538821273639
2.39453882127364
2.394538821273641
2.394538821273641
2.394538821273641
2.3945388212736414
2.3945388212736414
2.3945388212736414
2.3945388212736414
2.3945388212736414
2.3945388212736414
2.3945388212736414
2.3945388212736414
2.3945388212736414
2.3945388212736414
2.3945388212736414
2.3945388212736414
2.3945388212736414
2.3945388212736414
2.3945388212736414
2.3945388212736414
2.3945388212736414
2.3945388212736414
2.3945388212736414
2.3945388212736414
2.3945388212736414
2.3945388212736414
2.3945388212736414
