1.7366101825640246
1.7366101825640246
1.7366101825640246
1.7366101825640246
1.7366101825640246
1.7366101825640246
1.7366101825640246
1.7366101825640246
1.7366101825640246
1.7366101825640246
1.7366101825640246
1.7366101825640246
1.7366101825640246
1.7366101825640246
1.7366101825640246
1.7366101825640246
1.7366101825640246
1.7366101825640246
1.7366101825640246
1.7366101825640246
1.7366101825640246
1.7366101825640246
1.7366101825640246
1.7366101825640246
1.7366101825640246
1.7366101825640246
1.7366101825640246
1.7366101825640246
1.7366101825640246
1.7366101825640246
1.7366101825640246
1.7366101825640246
1.7366101825640246
1.7366101825640246
1.7366101825640246
1.7366101825640246
1.7366101825640246
1.7366101825640246
1.7366101825640246
1.7366101825640246
1.7366101825640246
1.7366101825640246
1.7366101825640246
1.7366101825640246
1.7366101825640246
1.7366101825640246
1.7366101825640246
1.7366101825640246
1.7366101825640246
1.7366101825640246
1.7366126571012057
1.7366126571012057
1.7366126571012057
1.7366126571012057
1.736613759050318
1.736613759050318
1.736613759050318
1.7366145357268044
1.7366145357268044
1.7366145357268044
1.7366145357268044
1.7366148934217611
1.736615527034186
1.7366156919695637
1.7366161650703216
1.7366164489308284
1.7366166192471515
1.736616786308126
1.736616973785684
1.7366172025646234
1.7366172845238284
1.7366178929933036
1.7366183179347536
1.7366185963885483
1.7366189458136703
1.7366192219707262
1.7366194257309757
1.7366195479871323
1.7366197107604107
1.7366197943671575
1.7366198790581202
1.7366199136876683
1.7366199723864655
1.7366200162750782
1.736620042608246
1.7366200584081473
1.736620067888088
1.736620097390199
1.7366201181129262
1.736620130276754
1.7366201436755024
1.7366201528828602
1.736620156468329
1.736620160799652
1.736620163408065
1.7366201666448302
1.7366201676742432
1.7366201693968006
1.7366201701720103
1.7366201709444202
1.7366201714193386
1.7366201718216265
1.7366201719736942
1.7366201722392296
1.736620172465712
1.7366201725692065
1.736620172599235
1.7366201727359611
1.7366201727845016
1.7366201728326354
1.7366201728784827
1.7366201729059907
1.7366201729224955
1.7366201729241146
1.736620172936826
1.7366201729389852
1.7366201729603017
1.7366201729615318
1.7366201729634734
1.736620172971977
1.7366201729785595
1.7366201729825095
1.7366201729858073
1.7366201729878041
1.736620172989394
1.7366201729922652
1.7366201729930775
1.7366201729963766
1.7366201729971487
1.7366201729984372
1.7366201729991595
1.7366201729998463
1.7366201730001911
1.7366201730004802
1.7366201730009032
1.7366201730011874
1.7366201730013575
1.7366201730016613
1.7366201730018316
1.736620173001949
1.7366201730020436
1.7366201730020752
1.7366201730021071
1.7366201730021562
1.736620173002175
1.7366201730022048
1.7366201730022155
1.7366201730022277
1.7366201730022348
1.736620173002236
1.736620173002242
1.7366201730022448
1.7366201730022448
1.7366201730022477
1.7366201730022504
1.7366201730022504
1.7366201730022512
1.7366201730022517
1.7366201730022526
1.7366201730022526
1.7366201730022526
1.736620173002253
1.7366201730022537
1.7366201730022537
1.7366201730022537
1.7366201730022537
1.7366201730022537
1.7366201730022537
1.7366201730022537
1.7366201730022537
1.7366201730022537
1.7366201730022537
1.7366201730022537
1.7366201730022537
1.7366201730022537
1.7366201730022537
1.7366201730022537
1.7366201730022537
1.7366201730022537
1.7366201730022537
1.7366201730022537
1.7366201730022537
1.7366201730022537
1.7366201730022537
1.7366201730022537
1.7366201730022537
1.7366201730022537
1.7366201730022537
1.7366201730022537
1.7366201730022537
