1.5425474384006161
1.5425474384006161
1.5425474384006161
1.5425474384006161
1.5425474384006161
1.5425474384006161
1.5425474384006161
1.5425474384006161
1.5425474384006161
1.5425474384006161
1.5425474384006161
1.5425474384006161
1.5425474384006161
1.5425474384006161
1.5425474384006161
1.5425474384006161
1.5425474384006161
1.5425474384006161
1.5425474384006161
1.5425474384006161
1.5425474384006161
1.5425474384006161
1.5425474384006161
1.5425474384006161
1.5425474384006161
1.5425474384006161
1.5425474384006161
1.5425474384006161
1.5425474384006161
1.5425474384006161
1.5425474384006161
1.5425474384006161
1.5425474384006161
1.5425474384006161
1.5425474384006161
1.5425474384006161
1.5425474384006161
1.5425474384006161
1.5425474384006161
1.5425474384006161
1.5425474384006161
1.5425474384006161
1.5425474384006161
1.5425474384006161
1.5425474384006161
1.5425474384006161
1.5425474384006161
1.5425474384006161
1.5425474384006161
1.5425474384006161
1.5425474384006161
1.5425474384006161
1.5425474384006161
1.5425484175116257
1.5425484175116257
1.5425484175116257
1.5425484175116257
1.5425492547827473
1.5425492547827473
1.5425492547827473
1.5425492547827473
1.5425492547827473
1.5425499334297987
1.5425499334297987
1.5425499334297987
1.5425499482363207
1.542550644290416
1.542550644290416
1.542551204316465
1.5425512092954672
1.5425512520446996
1.5425515075415304
1.5425516205547067
1.5425517280794105
1.5425518668123979
1.5425520225770923
1.5425521160359057
1.542552178965468
1.5425522088749495
1.5425522750485416
1.5425523315901084
1.5425523655150477
1.5425523862718609
1.5425523895938942
1.5425523989126706
1.542552421674899
1.542552425282947
1.5425524264824118
1.5425524320598403
1.5425524399430346
1.5425524449078063
1.5425524478866695
1.5425524496739873
1.542552450746378
1.542552451861428
1.5425524524671803
1.5425524534876531
1.5425524540999365
1.5425524544673068
1.5425524551584142
1.5425524556104693
1.5425524565115745
1.5425524568634157
1.5425524571756652
1.5425524573365847
1.5425524573707285
1.5425524574143707
1.5425524575639906
1.5425524576581306
1.5425524576663376
1.542552457733638
1.5425524578046381
1.5425524578651022
1.542552457901381
1.542552457923148
1.5425524579613483
1.54255245799441
1.54255245801927
1.5425524580255945
1.5425524580372094
1.542552458060924
1.542552458077098
1.5425524580868024
1.542552458092625
1.542552458098185
1.5425524581039431
1.5425524581078556
1.5425524581097623
1.5425524581115637
1.5425524581126444
1.5425524581138144
1.5425524581156174
1.5425524581166987
1.5425524581173475
1.542552458117792
1.542552458118315
1.5425524581187888
1.5425524581190735
1.5425524581192442
1.5425524581193994
1.5425524581196677
1.5425524581198518
1.5425524581199654
1.542552458120075
1.542552458120231
1.5425524581203263
1.542552458120383
1.5425524581204177
1.5425524581204642
1.542552458120484
1.5425524581205072
1.5425524581205252
1.5425524581205308
1.5425524581205445
1.542552458120553
1.5425524581205583
1.5425524581205647
1.5425524581205714
1.5425524581205758
1.54255245812058
1.5425524581205834
1.5425524581205863
1.5425524581205878
1.5425524581205887
1.5425524581205894
1.5425524581205905
1.5425524581205907
1.5425524581205916
1.5425524581205916
1.5425524581205925
1.542552458120593
1.542552458120593
1.542552458120593
1.5425524581205934
1.5425524581205934
1.5425524581205934
1.5425524581205934
1.5425524581205934
1.5425524581205934
1.5425524581205934
1.5425524581205934
1.5425524581205934
1.5425524581205934
1.5425524581205934
1.5425524581205934
