2.0290503327548755
2.0290503327548755
2.0290503327548755
2.0290503327548755
2.0290503327548755
2.0290503327548755
2.0290503327548755
2.0290503327548755
2.0290503327548755
2.0290503327548755
2.0290503327548755
2.0290503327548755
2.0290503327548755
2.0290503327548755
2.0290503327548755
2.0290503327548755
2.0290503327548755
2.0290503327548755
2.0290503327548755
2.0290503327548755
2.0290503327548755
2.0290503327548755
2.0290503327548755
2.0290503327548755
2.0290503327548755
2.0290503327548755
2.0290503327548755
2.0290503327548755
2.0290503327548755
2.0290503327548755
2.0290503327548755
2.0290503327548755
2.0290503327548755
2.0290503327548755
2.0290503327548755
2.0290503327548755
2.0290503327548755
2.0290503327548755
2.0290503327548755
2.0290503327548755
2.0290503327548755
2.0290503327548755
2.0290503327548755
2.0290503327548755
2.0290503327548755
2.0290503327548755
2.029053664025432
2.0291074263837805
2.029141389122343
2.0291617672196898
2.029173994241623
2.029181330513654
2.0291857322980666
2.029188373376344
2.0292068406290746
2.0292068406290746
2.0292068406290746
2.029207364914353
2.029210078984243
2.029211707429198
2.0292161267605353
2.029219899832108
2.0292229261619474
2.0292238600171353
2.0292265482008114
2.0292277937365997
2.0292292569663095
2.029230594204222
2.029231499697937
2.029232449968882
2.029233436244205
2.0292342485421764
2.0292348284996726
2.029235260530028
2.0292355715486377
2.029235868830407
2.0292360266383893
2.0292361290372223
2.029236262888415
2.0292363428060707
2.0292364071950844
2.0292364620438605
2.029236472905925
2.0292365115737514
2.0292365422255414
2.029236560616616
2.0292365804853114
2.0292365973775093
2.0292366118537126
2.0292366210601624
2.0292366261967647
2.029236631287098
2.0292366365463215
2.02923663960079
2.029236642801876
2.029236646972351
2.029236646972351
2.0292366492196834
2.0292366511271345
2.0292366518498794
2.0292366524863525
2.0292366530956634
2.029236653514197
2.0292366535419943
2.029236653806236
2.0292366540305533
2.0292366540884643
2.0292366541484954
2.029236654242237
2.0292366544135354
2.0292366545501537
2.029236654590429
2.02923665464456
2.0292366546836957
2.029236654728532
2.029236654754548
2.0292366547587393
2.029236654780566
2.029236654803429
2.0292366548171477
2.029236654834236
2.02923665484693
2.0292366548578777
2.0292366548635337
2.0292366548638396
2.0292366548669016
2.0292366548699463
2.0292366548699463
2.0292366548711764
2.0292366548722565
2.0292366548729612
2.0292366548733294
2.0292366548735843
2.029236654873737
2.029236654873797
2.029236654873797
2.0292366548738396
2.0292366548738396
2.0292366548738396
2.0292366548738396
2.0292366548738396
2.0292366548738414
2.0292366548738414
2.0292366548738414
2.0292366548738414
2.0292366548738414
2.0292366548738494
2.0292366548738494
2.0292366548738494
2.02923665487385
2.02923665487385
2.0292366548738507
2.0292366548738516
2.0292366548738516
2.0292366548738516
2.0292366548738525
2.0292366548738525
2.0292366548738525
2.0292366548738534
2.0292366548738534
2.0292366548738534
2.0292366548738534
2.0292366548738534
2.0292366548738534
2.0292366548738534
2.0292366548738534
2.0292366548738534
2.0292366548738534
2.0292366548738534
2.0292366548738534
2.0292366548738534
2.0292366548738534
2.0292366548738534
2.0292366548738534
2.0292366548738534
2.0292366548738534
2.0292366548738534
2.0292366548738534
2.0292366548738534
2.0292366548738534
2.0292366548738534
2.0292366548738534
2.0292366548738534
2.0292366548738534
2.0292366548738534
2.0292366548738534
2.0292366548738534
2.0292366548738534
