1.525671988037483
1.525671988037483
1.525671988037483
1.525671988037483
1.525671988037483
1.525671988037483
1.525671988037483
1.525671988037483
1.525671988037483
1.525671988037483
1.525671988037483
1.525671988037483
1.525671988037483
1.525671988037483
1.525671988037483
1.525671988037483
1.525671988037483
1.525671988037483
1.525671988037483
1.525671988037483
1.525671988037483
1.525671988037483
1.525671988037483
1.525671988037483
1.525671988037483
1.525671988037483
1.525671988037483
1.525671988037483
1.525671988037483
1.525671988037483
1.525671988037483
1.525671988037483
1.525671988037483
1.525671988037483
1.525671988037483
1.525671988037483
1.5257039278355358
1.5257039278355358
1.5257039278355358
1.5257039278355358
1.5257039278355358
1.5257039278355358
1.5257039278355358
1.5257039278355358
1.5257039278355358
1.5257039278355358
1.5257039278355358
1.5257039278355358
1.5257039278355358
1.5257039278355358
1.5257055262613506
1.5257055262613506
1.5257084370366787
1.5257084370366787
1.525708928260621
1.5257098456731133
1.5257103961200902
1.5257107263880898
1.5257111009028643
1.525711846861584
1.5257123932632914
1.5257128337047374
1.5257131822205774
1.5257134734529427
1.5257137679677806
1.5257141334174673
1.5257143405730618
1.5257146309906815
1.5257148702250136
1.5257150137656295
1.5257150748242192
1.5257151484839855
1.5257152514189427
1.525715367706436
1.525715382253634
1.5257153998626964
1.5257154213669224
1.5257154495180139
1.5257154792287986
1.5257155014949426
1.5257155109982088
1.5257155109982088
1.5257155217303224
1.5257155339521717
1.525715538740436
1.5257155416133938
1.5257155439447978
1.5257155536171008
1.5257155650215477
1.5257155718642164
1.525715575969817
1.525715578433178
1.5257155799875857
1.52571558372364
1.525715586542357
1.5257155882335873
1.5257155892483254
1.5257155911493532
1.5257155929123685
1.5257155939701776
1.5257155946048626
1.5257155956733521
1.5257155964631322
1.525715596937
1.525715597221321
1.5257155973919134
1.5257155974942689
1.5257155975556822
1.5257155976767247
1.5257155977929144
1.5257155978626282
1.5257155979126589
1.5257155979801242
1.5257155980206034
1.525715598044891
1.5257155980594634
1.525715598068207
1.52571559809885
1.5257155981276225
1.5257155981448862
1.5257155981630135
1.5257155981870183
1.5257155982014214
1.5257155982100632
1.5257155982153054
1.5257155982223023
1.525715598226537
1.5257155982290773
1.5257155982306019
1.5257155982327197
1.525715598234861
1.5257155982361454
1.5257155982369164
1.5257155982375232
1.525715598238312
1.5257155982387858
1.5257155982390695
1.5257155982394084
1.525715598239715
1.525715598239899
1.5257155982400092
1.5257155982400754
1.5257155982401558
1.5257155982402286
1.5257155982402724
1.525715598240307
1.5257155982403519
1.5257155982403787
1.525715598240395
1.525715598240416
1.52571559824043
1.5257155982404378
1.5257155982404431
1.5257155982404498
1.5257155982404542
1.5257155982404567
1.5257155982404582
1.5257155982404604
1.5257155982404622
1.5257155982404633
1.5257155982404642
1.5257155982404647
1.525715598240465
1.5257155982404658
1.5257155982404662
1.5257155982404664
1.5257155982404667
1.5257155982404669
1.525715598240467
1.525715598240467
1.525715598240467
1.525715598240467
1.5257155982404673
1.5257155982404673
1.5257155982404673
1.5257155982404673
1.5257155982404673
1.5257155982404673
1.5257155982404673
1.5257155982404673
1.5257155982404673
1.5257155982404673
1.5257155982404673
1.5257155982404673
1.5257155982404673
1.5257155982404673
1.5257155982404673
1.5257155982404673
