2.005616784858557
2.005616784858557
2.005616784858557
2.005616784858557
2.005616784858557
2.005616784858557
2.005616784858557
2.005616784858557
2.005616784858557
2.005616784858557
2.005616784858557
2.005616784858557
2.005616784858557
2.005616784858557
2.005616784858557
2.005616784858557
2.005616784858557
2.005616784858557
2.005616784858557
2.005616784858557
2.005616784858557
2.005616784858557
2.005616784858557
2.005616784858557
2.005616784858557
2.005616784858557
2.005616784858557
2.005616784858557
2.005616784858557
2.005616784858557
2.005616784858557
2.005616784858557
2.005616784858557
2.005616784858557
2.005616784858557
2.005616784858557
2.005616784858557
2.005616784858557
2.005616784858557
2.005616784858557
2.005616784858557
2.005616784858557
2.005616784858557
2.005616784858557
2.005616784858557
2.005616784858557
2.005616784858557
2.005616784858557
2.005616784858557
2.005630825993685
2.005630825993685
2.005630825993685
2.005630825993685
2.0056366896574076
2.0056366896574076
2.005642211348745
2.0056456874860187
2.0056477731748514
2.005649024590479
2.0056497754406943
2.0056502259511255
2.005652334546618
2.0056525325085843
2.005653636390963
2.005654688814556
2.0056552663584517
2.0056556827014
2.0056562292175912
2.0056569018881882
2.0056572495829044
2.005657512125664
2.005657782669022
2.0056580389170677
2.0056582324548216
2.005658369665082
2.0056584696701845
2.005658556542463
2.0056586086658337
2.005658639939856
2.0056586707903534
2.0056586963730227
2.005658719330504
2.0056587338099012
2.0056587475662777
2.0056587596732167
2.0056587687455862
2.005658772656372
2.0056587771982755
2.005658781383552
2.005658784991151
2.0056587874036147
2.005658788965686
2.005658790983116
2.005658791724637
2.005658792738468
2.0056587933256775
2.005658793904232
2.005658794325004
2.005658794596856
2.0056587947599667
2.005658794884191
2.005658795182927
2.0056587953621685
2.00565879547918
2.005658795557753
2.005658795639494
2.005658795705445
2.005658795745015
2.0056587957687575
2.005658795797951
2.0056587958114926
2.005658795820955
2.0056587958308643
2.005658795839047
2.005658795843957
2.005658795849165
2.0056587958526766
2.00565879585523
2.0056587958575043
2.0056587958596315
2.0056587958617977
2.005658795863152
2.005658795863965
2.005658795864453
2.0056587958647474
2.0056587958649446
2.005658795865494
2.005658795866142
2.0056587958663554
2.0056587958665575
2.0056587958666787
2.0056587958667866
2.005658795866994
2.0056587958671455
2.0056587958672365
2.0056587958672916
2.005658795867324
2.005658795867344
2.0056587958673626
2.0056587958674164
2.0056587958674523
2.005658795867455
2.0056587958674728
2.0056587958674816
2.005658795867494
2.0056587958674994
2.005658795867504
2.0056587958675074
2.0056587958675096
2.005658795867513
2.005658795867516
2.0056587958675176
2.0056587958675194
2.0056587958675207
2.005658795867521
2.005658795867522
2.0056587958675225
2.0056587958675225
2.0056587958675225
2.0056587958675225
2.0056587958675225
2.0056587958675225
2.0056587958675225
2.0056587958675225
2.0056587958675225
2.0056587958675225
2.0056587958675225
2.0056587958675225
2.0056587958675225
2.0056587958675225
2.0056587958675225
2.0056587958675225
2.0056587958675225
2.0056587958675225
2.0056587958675225
2.0056587958675225
2.0056587958675225
2.0056587958675225
2.0056587958675225
2.0056587958675225
2.0056587958675225
2.0056587958675225
2.0056587958675225
2.0056587958675225
