1.966570571166542
1.966570571166542
1.966570571166542
1.966570571166542
1.966570571166542
1.966570571166542
1.966570571166542
1.966570571166542
1.966570571166542
1.966570571166542
1.966570571166542
1.966570571166542
1.966570571166542
1.966570571166542
1.966570571166542
1.966570571166542
1.966570571166542
1.966570571166542
1.966570571166542
1.966570571166542
1.966570571166542
1.966570571166542
1.966570571166542
1.966570571166542
1.966570571166542
1.966570571166542
1.966570571166542
1.966570571166542
1.966570571166542
1.966570571166542
1.966570571166542
1.966570571166542
1.966570571166542
1.966570571166542
1.966570571166542
1.966570571166542
1.966570571166542
1.966570571166542
1.966570571166542
1.966570571166542
1.966570571166542
1.966570571166542
1.966570571166542
1.966570571166542
1.966570571166542
1.966570571166542
1.966570571166542
1.966570571166542
1.966570571166542
1.966570571166542
1.9665768139602873
1.9665768139602873
1.9665768139602873
1.9665768139602873
1.9665768139602873
1.9665923831077725
1.966598714438919
1.9666025132407292
1.9666088854408506
1.966616368451773
1.9666215279762573
1.9666254515852808
1.9666266086357265
1.9666288992663064
1.9666310802679228
1.9666326783789074
1.9666335266242645
1.9666338636260028
1.9666347559395185
1.9666354676256863
1.966636142772177
1.9666366863169213
1.9666369188874853
1.9666371765108954
1.966637424014865
1.9666375684956987
1.9666376986848042
1.966637867826652
1.9666379693117642
1.9666380757056054
1.9666381638870618
1.9666382249737595
1.9666382373938125
1.966638280340737
1.9666383035739952
1.9666383154949876
1.9666383175178705
1.96663832955551
1.9666383339988744
1.9666383398875031
1.9666383449552103
1.9666383488222565
1.9666383511424848
1.9666383522325823
1.9666383542315067
1.966638355430862
1.9666383581141111
1.9666383581141111
1.9666383585844573
1.9666383598473378
1.9666383603101447
1.9666383605418964
1.9666383608289482
1.9666383612264884
1.96663836147053
1.9666383616169547
1.96663836170481
1.9666383617575227
1.9666383617891503
1.9666383618482335
1.9666383621340298
1.9666383623055081
1.9666383624084693
1.9666383625503718
1.966638362671021
1.96663836274341
1.9666383627868433
1.9666383628129038
1.9666383628526218
1.9666383629033721
1.966638362933822
1.9666383629520918
1.9666383629764455
1.9666383629985806
1.9666383630118622
1.9666383630198303
1.9666383630246118
1.9666383630317055
1.9666383630396091
1.9666383630443516
1.9666383630471966
1.966638363048927
1.9666383630522402
1.9666383630542488
1.966638363055454
1.9666383630561777
1.9666383630567594
1.9666383630579232
1.9666383630586213
1.96663836305904
1.9666383630592925
1.9666383630598825
1.9666383630602375
1.9666383630604511
1.966638363060579
1.9666383630606559
1.9666383630608908
1.9666383630610713
1.9666383630611797
1.9666383630612445
1.9666383630612831
1.9666383630613071
1.966638363061343
1.9666383630613795
1.9666383630614015
1.966638363061415
1.9666383630614226
1.9666383630614275
1.9666383630614355
1.966638363061441
1.966638363061444
1.9666383630614466
1.966638363061451
1.9666383630614535
1.966638363061455
1.9666383630614561
1.9666383630614563
1.966638363061457
1.9666383630614583
1.9666383630614592
1.9666383630614601
1.9666383630614606
1.9666383630614606
1.9666383630614612
1.9666383630614612
1.9666383630614617
1.9666383630614617
1.9666383630614617
1.9666383630614617
1.9666383630614617
1.9666383630614617
1.9666383630614617
1.9666383630614617
1.9666383630614617
1.9666383630614617
1.9666383630614617
1.9666383630614617
