1.4933542478657986
1.4933542478657986
1.4933542478657986
1.4933542478657986
1.4933542478657986
1.4933542478657986
1.4933542478657986
1.4933542478657986
1.4933542478657986
1.4933542478657986
1.4933542478657986
1.4933542478657986
1.4933542478657986
1.4933542478657986
1.4933542478657986
1.4933542478657986
1.4933542478657986
1.4933542478657986
1.4933542478657986
1.4933542478657986
1.4933542478657986
1.4933542478657986
1.4933542478657986
1.4933542478657986
1.4933542478657986
1.4933542478657986
1.4933542478657986
1.4933542478657986
1.4933542478657986
1.4933542478657986
1.4933542478657986
1.4933542478657986
1.4933542478657986
1.4933542478657986
1.4933542478657986
1.4933542478657986
1.4933542478657986
1.4933542478657986
1.4933542478657986
1.4933542478657986
1.4933542478657986
1.4933542478657986
1.4933542478657986
1.4933542478657986
1.4933542478657986
1.4933542478657986
1.4933542478657986
1.4933542478657986
1.4933570045333138
1.4933570045333138
1.4933570045333138
1.4933570045333138
1.4933570045333138
1.4933570045333138
1.4933570045333138
1.4933570045333138
1.4933570045333138
1.4933570045333138
1.4933570045333138
1.4933577900681418
1.4933577900681418
1.4933577900681418
1.4933577900681418
1.4933577900681418
1.4933593113377879
1.4933618665892443
1.4933632568899522
1.4933642250473256
1.4933647697731733
1.493365974070774
1.4933667692240757
1.4933672463164314
1.4933675325719795
1.4933678548514435
1.49336830659682
1.4933685581449228
1.4933687195167566
1.493368788177771
1.4933689327109958
1.4933690808996603
1.493369169812873
1.4933692231608062
1.493369260782047
1.4933693085326256
1.4933693426877672
1.4933693624652493
1.4933693746161756
1.4933693819067309
1.4933693871039324
1.4933693925742217
1.4933693997988038
1.4933694064496015
1.4933694108661375
1.4933694141420948
1.4933694178408334
1.4933694201750844
1.493369421626172
1.4933694227398833
1.493369423490891
1.493369423871889
1.4933694244594475
1.4933694251581378
1.4933694254064118
1.4933694255994152
1.4933694257865509
1.4933694260872494
1.4933694262971577
1.4933694264231032
1.4933694265879784
1.49336942671866
1.4933694267930502
1.4933694268242244
1.4933694268287911
1.4933694268642006
1.493369426873266
1.493369426873266
1.493369426873266
1.4933694268770432
1.4933694268824838
1.4933694268885604
1.4933694268886697
1.4933694268886697
1.4933694268911997
1.4933694268920297
1.4933694268920297
1.493369426893914
1.4933694268953492
1.4933694268955442
1.4933694268955442
1.4933694268955442
1.4933694268960627
1.4933694268960627
1.4933694268960627
1.4933694268960627
1.4933694268960627
1.4933694268961306
1.4933694268962838
1.493369426896321
1.4933694268964024
1.4933694268964024
1.4933694268964421
1.4933694268964766
1.4933694268964979
1.4933694268965099
1.4933694268965174
1.4933694268965652
1.493369426896578
1.4933694268965922
1.4933694268966013
1.4933694268966093
1.4933694268966198
1.4933694268966218
1.4933694268966227
1.493369426896625
1.493369426896627
1.4933694268966289
1.4933694268966298
1.493369426896631
1.4933694268966324
1.493369426896633
1.4933694268966333
1.4933694268966342
1.4933694268966349
1.4933694268966349
1.4933694268966353
1.4933694268966353
1.4933694268966353
1.4933694268966353
1.4933694268966353
1.4933694268966353
1.4933694268966353
1.4933694268966353
1.4933694268966353
1.4933694268966353
1.4933694268966353
1.4933694268966353
1.4933694268966353
1.4933694268966353
1.4933694268966353
1.4933694268966353
1.4933694268966353
1.4933694268966353
1.4933694268966353
1.4933694268966353
1.4933694268966353
1.4933694268966353
