1.7320757919725822
1.7320757919725822
1.7320757919725822
1.7320757919725822
1.7320757919725822
1.7320757919725822
1.7320757919725822
1.7320757919725822
1.7320757919725822
1.7320757919725822
1.7320757919725822
1.7320757919725822
1.7320757919725822
1.7320757919725822
1.7320757919725822
1.7320757919725822
1.7320757919725822
1.7320757919725822
1.7320757919725822
1.7320757919725822
1.7320757919725822
1.7320757919725822
1.7320757919725822
1.7320757919725822
1.7320757919725822
1.7320757919725822
1.7320757919725822
1.7320757919725822
1.7320757919725822
1.7320757919725822
1.7320757919725822
1.7320757919725822
1.7320757919725822
1.7320757919725822
1.7320757919725822
1.7320757919725822
1.7320757919725822
1.7320757919725822
1.7320757919725822
1.7320757919725822
1.7320757919725822
1.7320757919725822
1.7320757919725822
1.7320959751262068
1.7320959751262068
1.7320959751262068
1.7320959751262068
1.7320959751262068
1.7320959751262068
1.7320959751262068
1.7320959751262068
1.7320959751262068
1.7320959751262068
1.7321008798794555
1.7321008798794555
1.7321008798794555
1.7321008798794555
1.7321041448777434
1.732106842440769
1.7321081752277685
1.732110564915116
1.7321113685978653
1.7321118482889475
1.7321122621938023
1.7321154682806341
1.732117559286439
1.7321188200639717
1.7321195849817144
1.7321201041345062
1.732120781100558
1.7321216774214612
1.7321221804437947
1.7321221804437947
1.732122956194642
1.7321231530635706
1.7321232848651709
1.7321233557803783
1.7321233983295055
1.7321234579817786
1.732123527701126
1.7321235695327364
1.7321235982841343
1.7321236225283083
1.7321236388915118
1.7321236621960978
1.7321236782690028
1.7321236879127455
1.7321236939539872
1.732123704292357
1.7321237118029467
1.7321237168477495
1.7321237201716864
1.732123725531602
1.732123728812565
1.732123730781143
1.732123733083116
1.7321237348425231
1.7321237359191473
1.7321237366189555
1.7321237376350112
1.7321237385471844
1.7321237390944884
1.7321237395137399
1.7321237399465397
1.7321237402093004
1.7321237403683838
1.7321237404713945
1.7321237405621388
1.7321237406656498
1.7321237407281216
1.732123740765605
1.732123740788095
1.7321237408288654
1.7321237408638395
1.7321237408849905
1.7321237409064594
1.7321237409293644
1.7321237409431076
1.7321237409513535
1.7321237409632526
1.732123740973001
1.7321237409788692
1.7321237409831762
1.7321237409898127
1.7321237409937942
1.7321237409961832
1.7321237409976167
1.7321237409984769
1.7321237409989927
1.7321237410001635
1.7321237410011265
1.7321237410017047
1.7321237410020518
1.7321237410022778
1.7321237410028973
1.7321237410032693
1.7321237410034924
1.732123741003626
1.7321237410038821
1.7321237410040966
1.7321237410042258
1.7321237410043033
1.732123741004362
1.7321237410044736
1.73212374100454
1.7321237410045804
1.7321237410046166
1.7321237410046557
1.732123741004679
1.7321237410046935
1.7321237410047015
1.7321237410047068
1.7321237410047259
1.7321237410047376
1.7321237410047448
1.732123741004749
1.7321237410047574
1.732123741004764
1.732123741004768
1.7321237410047705
1.7321237410047734
1.7321237410047754
1.732123741004777
1.7321237410047774
1.7321237410047787
1.7321237410047794
1.7321237410047798
1.7321237410047803
1.7321237410047805
1.7321237410047805
1.7321237410047812
1.7321237410047814
1.7321237410047816
1.7321237410047818
1.732123741004782
1.7321237410047823
1.7321237410047825
1.7321237410047825
1.7321237410047825
1.732123741004783
1.732123741004783
1.732123741004783
1.732123741004783
1.732123741004783
1.732123741004783
1.732123741004783
1.732123741004783
1.732123741004783
