1.7122201883145578
1.7122201883145578
1.7122201883145578
1.7122201883145578
1.7122201883145578
1.7122201883145578
1.7122201883145578
1.7122201883145578
1.7122201883145578
1.7122201883145578
1.7122201883145578
1.7122201883145578
1.7122201883145578
1.7122201883145578
1.7122201883145578
1.7122201883145578
1.7122201883145578
1.7122201883145578
1.7122201883145578
1.7122201883145578
1.7122201883145578
1.7122201883145578
1.7122201883145578
1.7122201883145578
1.7122201883145578
1.7122201883145578
1.7122201883145578
1.7122201883145578
1.7122201883145578
1.7122201883145578
1.7122201883145578
1.7122201883145578
1.7122201883145578
1.7122201883145578
1.7122201883145578
1.7122201883145578
1.7122201883145578
1.7122201883145578
1.7122201883145578
1.7122201883145578
1.7122201883145578
1.7122201883145578
1.7122201883145578
1.712229250798464
1.712229250798464
1.712229250798464
1.712229250798464
1.7122294384282153
1.7122294384282153
1.7122294384282153
1.7122294384282153
1.7122294384282153
1.7122294384282153
1.7122294384282153
1.7122295160595251
1.7122307043980118
1.7122327972989735
1.712235513707587
1.7122371435537265
1.7122381214617597
1.7122387082067052
1.7122400573833696
1.712240878501513
1.7122415000304017
1.7122418729477928
1.7122420966982483
1.7122422411123184
1.7122426677487403
1.7122430166484421
1.7122430979944485
1.7122432521254218
1.7122433901074212
1.712243616219014
1.7122437400104233
1.7122438314844897
1.7122439033559083
1.7122439746000104
1.7122440431679113
1.7122440831986325
1.7122441103178911
1.7122441240465514
1.7122441549371878
1.7122441730223503
1.7122441906589183
1.712244206440723
1.7122442160273887
1.712244224772839
1.7122442317307973
1.7122442339346602
1.7122442406261202
1.7122442469941375
1.7122442515960825
1.7122442543572496
1.712244256178216
1.7122442577095336
1.7122442595125786
1.7122442607890347
1.7122442615549085
1.7122442623160832
1.7122442626706749
1.7122442632460448
1.712244263635427
1.7122442638396829
1.7122442639782434
1.7122442641920166
1.7122442642512652
1.712244264344741
1.712244264401182
1.7122442644706757
1.712244264474888
1.7122442645135956
1.712244264523875
1.7122442645378153
1.7122442645512541
1.7122442645690958
1.7122442645690958
1.7122442645738125
1.712244264576593
1.7122442645784017
1.7122442645815887
1.7122442645849165
1.7122442645878737
1.7122442645907345
1.7122442645926992
1.7122442645935294
1.7122442645944151
1.712244264594687
1.7122442645951854
1.7122442645955125
1.7122442645957139
1.7122442645958933
1.712244264595997
1.7122442645960867
1.7122442645961409
1.7122442645961977
1.7122442645963005
1.7122442645963547
1.7122442645963771
1.7122442645964242
1.7122442645964606
1.7122442645965041
1.7122442645965057
1.7122442645965184
1.7122442645965368
1.7122442645965483
1.7122442645965794
1.7122442645965863
1.7122442645965936
1.7122442645965936
1.712244264596596
1.7122442645965985
1.7122442645965985
1.7122442645965987
1.7122442645965992
1.712244264596601
1.712244264596601
1.712244264596601
1.7122442645966018
1.712244264596602
1.712244264596602
1.712244264596602
1.712244264596602
1.712244264596602
1.712244264596602
1.712244264596602
1.712244264596602
1.712244264596602
1.712244264596602
1.712244264596602
1.712244264596602
1.712244264596602
1.712244264596602
1.712244264596602
1.712244264596602
1.712244264596602
1.712244264596602
1.712244264596602
1.712244264596602
1.712244264596602
1.712244264596602
1.712244264596602
1.712244264596602
1.712244264596602
1.712244264596602
