2.157755245690867
2.157755245690867
2.157755245690867
2.157755245690867
2.157755245690867
2.157755245690867
2.157755245690867
2.157755245690867
2.157755245690867
2.157755245690867
2.157755245690867
2.157755245690867
2.157755245690867
2.157755245690867
2.157755245690867
2.157755245690867
2.157755245690867
2.157755245690867
2.157755245690867
2.157755245690867
2.157755245690867
2.157755245690867
2.157755245690867
2.157755245690867
2.157755245690867
2.157755245690867
2.157755245690867
2.157755245690867
2.157755245690867
2.157755245690867
2.157755245690867
2.157755245690867
2.157755245690867
2.157755245690867
2.157755245690867
2.157755245690867
2.157755245690867
2.157755245690867
2.157755245690867
2.157755245690867
2.157755245690867
2.157755245690867
2.157769343293309
2.157769343293309
2.157769343293309
2.157769343293309
2.1577716823440634
2.1577716823440634
2.1577716823440634
2.1577716823440634
2.1577753427805337
2.1577809654062334
2.1577843948037145
2.157788537823699
2.1577885707453848
2.157790523665302
2.157791943560816
2.157795118800278
2.157795118800278
2.1577966815018086
2.1577980210949614
2.1577995725890857
2.1578017904809466
2.1578035452128916
2.1578035452128916
2.1578035452128916
2.157803801402097
2.1578043598773062
2.157804664500748
2.157805019950405
2.1578055900614395
2.1578060115537
2.1578069448842245
2.157807530744419
2.157807530744419
2.1578077711251455
2.157808187536479
2.157808437845996
2.157808611511036
2.15780869019861
2.1578088283832724
2.1578089628057935
2.15780907686739
2.15780915999772
2.157809226612482
2.1578092670311504
2.1578093112670507
2.15780935839259
2.157809394683898
2.157809419048841
2.157809433667805
2.157809446548736
2.157809455953612
2.1578094629900284
2.157809468476778
2.157809471916247
2.157809475148614
2.1578094777024037
2.1578094799670615
2.157809481664776
2.1578094831367283
2.1578094845319917
2.15780948536915
2.1578094859186816
2.1578094866913364
2.157809487402421
2.1578094878290712
2.157809488092054
2.157809488493547
2.157809488953862
2.157809489230053
2.157809489395766
2.157809489495194
2.157809489616534
2.157809489782931
2.1578094898827715
2.1578094899426734
2.1578094900177254
2.1578094900909894
2.1578094901349494
2.1578094901613243
2.1578094901939804
2.1578094902196017
2.1578094902349765
2.157809490244333
2.157809490252472
2.1578094902605383
2.157809490265378
2.1578094902682823
2.1578094902708664
2.157809490273416
2.1578094902749454
2.157809490275863
2.157809490276799
2.157809490278078
2.1578094902788454
2.1578094902793064
2.157809490279583
2.1578094902799156
2.1578094902802385
2.1578094902804317
2.1578094902805485
2.157809490280617
2.157809490280663
2.1578094902807403
2.15780949028079
2.15780949028082
2.1578094902808562
2.1578094902808878
2.157809490280906
2.157809490280916
2.157809490280924
2.157809490280935
2.157809490280946
2.1578094902809544
2.1578094902809584
2.157809490280961
2.1578094902809624
2.1578094902809655
2.157809490280967
2.1578094902809677
2.157809490280968
2.157809490280969
2.157809490280969
2.1578094902809695
2.1578094902809704
2.1578094902809712
2.1578094902809712
2.1578094902809712
2.1578094902809712
2.1578094902809712
2.1578094902809712
2.1578094902809712
2.1578094902809712
2.1578094902809712
2.1578094902809712
2.1578094902809712
2.1578094902809712
2.1578094902809712
2.1578094902809712
2.1578094902809712
2.1578094902809712
2.1578094902809712
2.1578094902809712
2.1578094902809712
2.1578094902809712
2.1578094902809712
2.1578094902809712
2.1578094902809712
2.1578094902809712
2.1578094902809712
