1.7467833801471102
1.7467833801471102
1.7467833801471102
1.7467833801471102
1.7467833801471102
1.7467833801471102
1.7467833801471102
1.7467833801471102
1.7467833801471102
1.7467833801471102
1.7467833801471102
1.7467833801471102
1.7467833801471102
1.7467833801471102
1.7467833801471102
1.7467833801471102
1.7467833801471102
1.7467833801471102
1.7467833801471102
1.7467833801471102
1.7467833801471102
1.7467833801471102
1.7467833801471102
1.7467833801471102
1.7467833801471102
1.7467833801471102
1.7467833801471102
1.7467833801471102
1.7467833801471102
1.7467833801471102
1.7467833801471102
1.7467833801471102
1.7467833801471102
1.7467833801471102
1.7467833801471102
1.7467833801471102
1.7467833801471102
1.7467833801471102
1.7467833801471102
1.7467833801471102
1.7467833801471102
1.7467833801471102
1.7467833801471102
1.7467833801471102
1.7467833801471102
1.7467833801471102
1.7467833801471102
1.7467833801471102
1.7467833801471102
1.7467833801471102
1.7467833801471102
1.7467862228055684
1.7467862228055684
1.746790399791302
1.7467924395789183
1.7467924395789183
1.7467924395789183
1.746792627543997
1.7467928579216934
1.7467932852251549
1.7467935514347916
1.7467935514347916
1.7467935514347916
1.7467941041353017
1.7467945280397834
1.7467946012953903
1.7467953945917447
1.7467954257137472
1.7467954443869462
1.746795970702727
1.7467964935289433
1.7467968072246736
1.7467972279818147
1.7467975954515669
1.7467978376418203
1.7467980383266442
1.746798158737539
1.746798249819586
1.7467983246826766
1.7467983788838348
1.7467984373795695
1.7467984585232426
1.7467984951401998
1.7467985217089
1.7467985496341492
1.746798566545267
1.7467985773488206
1.7467985953833112
1.7467986039105432
1.7467986090268823
1.746798613927106
1.746798618105733
1.7467986224666918
1.7467986253586938
1.7467986270691858
1.7467986285587043
1.7467986309234274
1.746798631559583
1.7467986326443952
1.7467986332121463
1.7467986339652457
1.7467986345750353
1.7467986350224407
1.746798635524216
1.7467986359230685
1.7467986361963577
1.7467986363603312
1.7467986364587154
1.7467986365177457
1.7467986365858286
1.7467986367639028
1.7467986368707475
1.746798636934854
1.7467986369740667
1.7467986370620743
1.7467986371378
1.7467986371839164
1.7467986372120203
1.7467986372288826
1.7467986372586095
1.7467986372839395
1.7467986372994606
1.7467986373087736
1.7467986373143614
1.7467986373177136
1.7467986373223379
1.7467986373284532
1.746798637332194
1.7467986373344406
1.7467986373364106
1.746798637340381
1.7467986373427842
1.7467986373442264
1.7467986373456719
1.7467986373473874
1.7467986373484201
1.7467986373490407
1.7467986373494127
1.7467986373496358
1.7467986373500635
1.746798637350608
1.7467986373509352
1.746798637351163
1.7467986373515623
1.7467986373518025
1.7467986373519464
1.746798637352114
1.7467986373522706
1.7467986373523643
1.7467986373524205
1.7467986373525142
1.7467986373525797
1.7467986373526188
1.7467986373526423
1.7467986373526623
1.7467986373526994
1.746798637352722
1.7467986373527356
1.7467986373527544
1.746798637352769
1.7467986373527782
1.7467986373527862
1.746798637352795
1.7467986373528004
1.7467986373528035
1.7467986373528075
1.7467986373528108
1.746798637352813
1.7467986373528146
1.746798637352815
1.7467986373528157
1.7467986373528166
1.7467986373528175
1.7467986373528182
1.7467986373528182
1.7467986373528186
1.7467986373528188
1.746798637352819
1.7467986373528193
1.7467986373528193
1.7467986373528193
1.7467986373528193
1.7467986373528193
1.7467986373528193
1.7467986373528193
1.7467986373528193
1.7467986373528193
