1.274452644329734
1.274452644329734
1.274452644329734
1.274452644329734
1.274452644329734
1.274452644329734
1.274452644329734
1.274452644329734
1.274452644329734
1.274452644329734
1.274452644329734
1.274452644329734
1.274452644329734
1.274452644329734
1.274452644329734
1.274452644329734
1.274452644329734
1.274452644329734
1.274452644329734
1.274452644329734
1.274452644329734
1.274452644329734
1.274452644329734
1.274452644329734
1.274452644329734
1.274452644329734
1.274452644329734
1.274452644329734
1.274452644329734
1.274452644329734
1.274452644329734
1.274452644329734
1.274452644329734
1.274452644329734
1.274452644329734
1.274452644329734
1.274452644329734
1.274452644329734
1.2744672647641133
1.2744672647641133
1.2744672647641133
1.2744672647641133
1.2744672647641133
1.2744672647641133
1.2744672647641133
1.2744672647641133
1.2744759498573477
1.2744759498573477
1.2744759498573477
1.2744759498573477
1.2744759498573477
1.2744759498573477
1.2744779260434664
1.2744787160459634
1.2744808193452655
1.2744820813195326
1.27448283850218
1.2744834361094053
1.2744842459164127
1.274484947211993
1.2744853496001063
1.2744855986180321
1.2744857480287777
1.2744858376752215
1.2744860072334436
1.2744862428585344
1.2744863433707911
1.274486445946862
1.2744866036125941
1.274486605379622
1.2744867093766137
1.2744867138412412
1.274486735500085
1.2744867768164219
1.2744868016062239
1.2744868070106463
1.2744868215751644
1.2744868346032256
1.274486843884467
1.2744868677686785
1.2744868820992052
1.274486890697521
1.2744868966572926
1.2744869062361834
1.2744869156066843
1.2744869188380517
1.2744869188380517
1.2744869238993812
1.2744869251684998
1.2744869254871647
1.2744869270049468
1.2744869279202715
1.2744869284694658
1.2744869284694658
1.2744869284694658
1.2744869284694658
1.2744869284694658
1.2744869284694658
1.2744869284694658
1.2744869284694658
1.2744869284694658
1.2744869285233003
1.274486928573168
1.274486928573168
1.274486928573168
1.274486928573168
1.274486928573168
1.274486928573168
1.274486928573168
1.274486928574044
1.274486928574044
1.274486928574044
1.274486928574044
1.274486928574044
1.274486928574044
1.274486928574044
1.274486928574044
1.2744869285749345
1.274486928575663
1.2744869285761002
1.2744869285769465
1.2744869285769465
1.274486928577262
1.274486928577472
1.2744869285776186
1.2744869285779883
1.274486928577999
1.274486928577999
1.2744869285781266
1.274486928578179
1.274486928578179
1.2744869285781797
1.2744869285782197
1.2744869285782385
1.2744869285782394
1.2744869285782563
1.2744869285782665
1.2744869285782792
1.2744869285782985
1.2744869285783091
1.274486928578317
1.2744869285783216
1.2744869285783311
1.2744869285783342
1.2744869285783373
1.2744869285783373
1.2744869285783385
1.2744869285783387
1.274486928578339
1.2744869285783391
1.2744869285783405
1.274486928578341
1.2744869285783416
1.2744869285783418
1.2744869285783422
1.2744869285783427
1.274486928578343
1.274486928578343
1.2744869285783433
1.2744869285783433
1.2744869285783436
1.2744869285783436
1.2744869285783436
1.2744869285783436
1.2744869285783436
1.2744869285783436
1.2744869285783436
1.2744869285783436
1.2744869285783436
1.2744869285783436
1.2744869285783436
1.2744869285783436
1.2744869285783436
1.2744869285783436
1.2744869285783436
1.2744869285783436
1.2744869285783436
1.2744869285783436
1.2744869285783436
1.2744869285783436
