1.3279351382796403
1.3279351382796403
1.3279351382796403
1.3279351382796403
1.3279351382796403
1.3279351382796403
1.3279351382796403
1.3279351382796403
1.3279351382796403
1.3279351382796403
1.3279351382796403
1.3279351382796403
1.3279351382796403
1.3279351382796403
1.3279351382796403
1.3279351382796403
1.3279351382796403
1.3279351382796403
1.3279351382796403
1.3279351382796403
1.3279351382796403
1.3279351382796403
1.3279351382796403
1.3279351382796403
1.3279351382796403
1.3279351382796403
1.3279351382796403
1.3279351382796403
1.3279351382796403
1.3279351382796403
1.3279351382796403
1.3279351382796403
1.3279351382796403
1.3279351382796403
1.3280741792583837
1.3280741792583837
1.3280741792583837
1.3280741792583837
1.3280741792583837
1.3280741792583837
1.3281910674026083
1.3281910674026083
1.3282608248371754
1.328321089086855
1.3283572498236194
1.3283789470530531
1.3283919656741832
1.3283997769489135
1.3284044637504915
1.3284139205354764
1.3284139205354764
1.3284167299014074
1.328418883498994
1.328420175659989
1.328420950957466
1.3284214161362689
1.3284225774834704
1.3284261133352795
1.3284261133352795
1.3284267699978343
1.3284279321977008
1.328428860647942
1.3284297244018537
1.3284312286757993
1.3284321312414349
1.3284327346770255
1.328433449749213
1.3284340740521574
1.328434510317547
1.328434898471408
1.3284350952409691
1.328435297910778
1.3284355342655074
1.3284356403639936
1.3284357062434489
1.328435784089631
1.328435877800518
1.328435942983212
1.3284359789836486
1.3284360173978298
1.3284360388774044
1.3284360591989486
1.3284360699796558
1.3284360815831602
1.3284360936345958
1.3284360964493418
1.3284361007090746
1.3284361053584903
1.3284361085106848
1.3284361104020015
1.3284361115367913
1.3284361127899005
1.3284361142772656
1.328436115445236
1.328436115658783
1.3284361162603604
1.3284361164914777
1.328436116746451
1.3284361170202348
1.3284361171255954
1.3284361172170707
1.3284361172753527
1.3284361173699577
1.328436117535893
1.3284361176358055
1.328436117724615
1.3284361177545694
1.328436117804104
1.3284361178364725
1.3284361178732862
1.3284361178752127
1.328436117889893
1.3284361179018616
1.3284361179133892
1.3284361179262472
1.328436117935277
1.3284361179429516
1.3284361179476847
1.3284361179515243
1.328436117954458
1.3284361179562185
1.3284361179574793
1.3284361179586195
1.3284361179594901
1.3284361179603574
1.3284361179613937
1.3284361179620578
1.3284361179624564
1.3284361179626956
1.328436117962976
1.3284361179633573
1.3284361179635864
1.3284361179637239
1.328436117963849
1.328436117964038
1.3284361179641526
1.328436117964221
1.3284361179642812
1.3284361179643984
1.3284361179644684
1.3284361179645103
1.3284361179645363
1.32843611796457
1.3284361179645952
1.3284361179646111
1.3284361179646205
1.328436117964627
1.328436117964636
1.3284361179646411
1.3284361179646447
1.3284361179646473
1.3284361179646507
1.3284361179646524
1.3284361179646536
1.3284361179646544
1.3284361179646549
1.328436117964656
1.328436117964657
1.3284361179646575
1.328436117964658
1.3284361179646587
1.3284361179646587
1.3284361179646587
1.3284361179646587
1.328436117964659
1.328436117964659
1.3284361179646595
1.3284361179646595
1.3284361179646595
1.3284361179646595
1.3284361179646595
1.3284361179646595
1.3284361179646595
1.3284361179646595
1.3284361179646595
1.3284361179646595
1.3284361179646595
1.3284361179646595
1.3284361179646595
1.3284361179646595
1.3284361179646595
1.3284361179646595
1.3284361179646595
1.3284361179646595
