1.8140651535771235
1.8140651535771235
1.8140651535771235
1.8140651535771235
1.8140651535771235
1.8140651535771235
1.8140651535771235
1.8140651535771235
1.8140651535771235
1.8140651535771235
1.8140651535771235
1.8140651535771235
1.8140651535771235
1.8140651535771235
1.8140651535771235
1.8140651535771235
1.8140651535771235
1.8140651535771235
1.8140651535771235
1.8140651535771235
1.8140651535771235
1.8140651535771235
1.8140651535771235
1.8140651535771235
1.8140651535771235
1.8140651535771235
1.8140651535771235
1.8140651535771235
1.8140651535771235
1.8140651535771235
1.8140651535771235
1.8140651535771235
1.8140651535771235
1.8140651535771235
1.8140651535771235
1.8140651535771235
1.8140651535771235
1.8140651535771235
1.8140651535771235
1.8140651535771235
1.8140651535771235
1.8140651535771235
1.8140651535771235
1.8140651535771235
1.8140651535771235
1.8140651535771235
1.8140651535771235
1.8140651535771235
1.8140651535771235
1.8140651535771235
1.8140651535771235
1.8140651535771235
1.8140653064570795
1.8140653064570795
1.8140653064570795
1.8140653064570795
1.8140668837651766
1.8140668837651766
1.8140668837651766
1.8140675636681898
1.8140675636681898
1.8140675636681898
1.8140694554379577
1.8140694554379577
1.8140694554379577
1.81407043684615
1.814070553575804
1.8140712165130142
1.8140717874431018
1.8140725515476803
1.8140728374325303
1.8140732299028286
1.8140736007786145
1.8140739373749557
1.8140741658211519
1.8140743565298438
1.8140745679884
1.814074710467617
1.8140748355276806
1.814074956078142
1.8140750235763254
1.8140750609473286
1.814075094201935
1.8140751366001018
1.8140751634338188
1.8140751880593893
1.8140752010381824
1.8140752151787043
1.8140752276928385
1.8140752317426365
1.8140752353653724
1.8140752392571053
1.8140752425023632
1.8140752441416557
1.8140752457578577
1.814075246727579
1.8140752476582613
1.814075248804466
1.8140752496928823
1.814075250225932
1.8140752507563873
1.8140752512387692
1.814075251614183
1.814075251839431
1.8140752520715637
1.81407525226028
1.8140752523881993
1.8140752524789798
1.8140752525334483
1.8140752525702952
1.814075252602192
1.8140752526208779
1.8140752526358301
1.8140752526535748
1.8140752526642216
1.8140752526706097
1.8140752526772743
1.814075252697457
1.8140752527030723
1.8140752527094268
1.814075252712883
1.8140752527173585
1.8140752527200805
1.8140752527231205
1.8140752527250656
1.8140752527261768
1.814075252727679
1.8140752527284632
1.8140752527290287
1.8140752527292956
1.8140752527297084
1.8140752527301023
1.814075252730556
1.814075252730556
1.8140752527306936
1.8140752527308737
1.8140752527309816
1.8140752527310302
1.8140752527311126
1.814075252731162
1.8140752527312
1.8140752527312247
1.814075252731262
1.8140752527312967
1.8140752527313169
1.8140752527313304
1.814075252731345
1.8140752527313613
1.8140752527313695
1.814075252731376
1.8140752527313793
1.8140752527313846
1.814075252731388
1.814075252731391
1.8140752527313921
1.8140752527313937
1.8140752527313957
1.8140752527313966
1.8140752527313972
1.8140752527313977
1.8140752527313981
1.8140752527313984
1.8140752527313984
1.8140752527313988
1.8140752527313988
1.814075252731399
1.814075252731399
1.814075252731399
1.814075252731399
1.814075252731399
1.814075252731399
1.814075252731399
1.814075252731399
1.814075252731399
1.814075252731399
1.814075252731399
1.814075252731399
1.814075252731399
1.814075252731399
1.814075252731399
1.814075252731399
1.814075252731399
1.814075252731399
1.814075252731399
1.814075252731399
1.814075252731399
1.814075252731399
1.814075252731399
