2.989311175294114
2.989311175294114
2.989311175294114
2.989311175294114
2.989311175294114
2.989311175294114
2.989311175294114
2.989311175294114
2.989311175294114
2.989311175294114
2.989311175294114
2.989311175294114
2.989311175294114
2.989311175294114
2.989311175294114
2.989311175294114
2.989311175294114
2.989311175294114
2.989311175294114
2.989311175294114
2.989311175294114
2.989311175294114
2.989311175294114
2.989311175294114
2.989311175294114
2.989311175294114
2.989311175294114
2.989311175294114
2.989311175294114
2.989311175294114
2.989311175294114
2.989311175294114
2.989311175294114
2.989311175294114
2.989311175294114
2.989311175294114
2.989311175294114
2.989311175294114
2.989311175294114
2.989311175294114
2.989311175294114
2.989311175294114
2.989419458882682
2.989419458882682
2.989419458882682
2.989419458882682
2.989431787539071
2.989455204672497
2.989458931978315
2.989468692656274
2.9894950145197345
2.9895207714988214
2.989536225586469
2.989536225586469
2.989536225586469
2.9895493951778302
2.989560030409079
2.9895664115333953
2.989570240202789
2.9895763738148258
2.9895808548035423
2.989588229860493
2.989588229860493
2.9895885293185467
2.9895899214538764
2.9895908586386963
2.9895918160180806
2.9895931546408896
2.9895941734208025
2.9895950735259067
2.9895956135889006
2.989595937626673
2.989596132049328
2.989596523991088
2.9895971031060995
2.9895975823232575
2.989597846720197
2.9895979697469963
2.98959804596063
2.9895981847498243
2.9895982278120776
2.9895982661211433
2.98959831508351
2.989598327203169
2.9895983477790447
2.98959836012457
2.9895983675318853
2.9895983719762733
2.9895983776528343
2.989598378357254
2.98959838058586
2.9895983819230247
2.9895983838488442
2.989598385013204
2.989598387086028
2.9895983883297217
2.989598388584617
2.989598389887056
2.989598390679463
2.9895983914619353
2.9895983914619353
2.989598391628911
2.9895983919856373
2.9895983923981713
2.989598392509757
2.9895983926330465
2.989598392842975
2.989598393110351
2.989598393329595
2.9895983934029373
2.989598393453234
2.98959839350913
2.9895983935545316
2.989598393587192
2.989598393623441
2.9895983936715327
2.989598393700387
2.9895983937177
2.9895983937399206
2.9895983937625865
2.9895983937777664
2.9895983937868746
2.989598393796304
2.989598393809502
2.9895983938174213
2.9895983938221713
2.9895983938251947
2.9895983938308834
2.989598393834685
2.9895983938369652
2.989598393838334
2.9895983938400907
2.9895983938417365
2.989598393842725
2.989598393843317
2.989598393843787
2.989598393845013
2.9895983938457467
2.9895983938461876
2.9895983938465407
2.9895983938471495
2.989598393847515
2.9895983938477353
2.9895983938478894
2.98959839384819
2.989598393848372
2.98959839384848
2.989598393848608
2.989598393848714
2.9895983938487793
2.9895983938488175
2.9895983938488646
2.989598393848899
2.98959839384892
2.989598393848933
2.989598393848948
2.989598393848961
2.989598393848969
2.989598393848975
2.989598393848981
2.989598393848987
2.989598393848991
2.989598393848994
2.989598393848995
2.9895983938489974
2.989598393848998
2.9895983938489987
2.989598393848999
2.9895983938489996
2.989598393849
2.989598393849
2.989598393849
2.989598393849
2.989598393849
2.989598393849
2.989598393849
2.989598393849
2.989598393849
2.989598393849
2.989598393849
2.989598393849
2.989598393849
2.989598393849
2.989598393849
2.989598393849
