2.086012348541998
2.086012348541998
2.086012348541998
2.086012348541998
2.086012348541998
2.086012348541998
2.086012348541998
2.086012348541998
2.086012348541998
2.086012348541998
2.086012348541998
2.086012348541998
2.086012348541998
2.086012348541998
2.086012348541998
2.086012348541998
2.086012348541998
2.086012348541998
2.086012348541998
2.086012348541998
2.086012348541998
2.086012348541998
2.086012348541998
2.086012348541998
2.086012348541998
2.086012348541998
2.086012348541998
2.086012348541998
2.086012348541998
2.086012348541998
2.086012348541998
2.086012348541998
2.086012348541998
2.086012348541998
2.086012348541998
2.086012348541998
2.086012348541998
2.086012348541998
2.086012348541998
2.086012348541998
2.086012348541998
2.086012348541998
2.086012348541998
2.086012348541998
2.086012348541998
2.086012348541998
2.086012348541998
2.086012348541998
2.086012348541998
2.0860170685491948
2.0860170685491948
2.0860170685491948
2.0860170685491948
2.086019523716588
2.086019523716588
2.086023167717958
2.0860242953016694
2.0860250317949927
2.08602709280268
2.08603051115062
2.0860325621598568
2.0860340943306683
2.0860362975397657
2.0860381412575077
2.086039033636477
2.0860395690638582
2.08604002955777
2.0860407503770957
2.086041479358624
2.0860419679680278
2.0860422611336658
2.0860426015148006
2.086042857606992
2.0860430112623085
2.08604310908413
2.086043367409769
2.086043576840534
2.0860437024989893
2.0860437778940613
2.086043844847487
2.08604391610491
2.0860439588593627
2.086043984512034
2.086043999903637
2.086044024811956
2.086044054441486
2.0860440722192046
2.086044088754877
2.086044112059107
2.086044126422801
2.0860441337902773
2.086044139536934
2.0860441460821355
2.086044149998224
2.0860441523478768
2.08604415401632
2.0860441546729653
2.0860441552081967
2.086044157146882
2.0860441586180825
2.0860441595008035
2.0860441600304354
2.0860441603810638
2.086044161360357
2.086044161988858
2.0860441623659596
2.086044162594692
2.086044162753428
2.0860441629634203
2.0860441630960365
2.086044163175606
2.0860441632408113
2.086044163297051
2.0860441633384426
2.086044163366183
2.0860441633864797
2.0860441634018416
2.086044163412347
2.0860441634188427
2.086044163422802
2.0860441634253926
2.086044163429121
2.086044163431358
2.0860441634329576
2.0860441634351217
2.0860441634368003
2.08604416343781
2.0860441634385896
2.0860441634395714
2.0860441634402624
2.086044163440677
2.086044163440925
2.086044163441233
2.086044163441734
2.0860441634420352
2.086044163442215
2.086044163442324
2.0860441634424
2.086044163442541
2.086044163442627
2.0860441634426787
2.0860441634427396
2.086044163442799
2.086044163442835
2.0860441634428564
2.0860441634428795
2.086044163442908
2.086044163442925
2.0860441634429363
2.086044163442953
2.086044163442964
2.0860441634429696
2.086044163442974
2.0860441634429785
2.0860441634429816
2.0860441634429843
2.0860441634429856
2.086044163442988
2.08604416344299
2.08604416344299
2.086044163442991
2.0860441634429914
2.0860441634429927
2.0860441634429927
2.0860441634429927
2.0860441634429927
2.0860441634429927
2.086044163442993
2.086044163442993
2.086044163442993
2.086044163442993
2.0860441634429936
2.0860441634429936
2.0860441634429936
2.0860441634429936
2.0860441634429936
2.0860441634429936
2.0860441634429936
2.0860441634429936
2.0860441634429936
2.0860441634429936
2.0860441634429936
2.0860441634429936
2.0860441634429936
2.0860441634429936
2.0860441634429936
2.0860441634429936
2.0860441634429936
2.0860441634429936
