1.9248602517272337
1.9248602517272337
1.9248602517272337
1.9248602517272337
1.9248602517272337
1.9248602517272337
1.9248602517272337
1.9248602517272337
1.9248602517272337
1.9248602517272337
1.9248602517272337
1.9248602517272337
1.9248602517272337
1.9248602517272337
1.9248602517272337
1.9248602517272337
1.9248602517272337
1.9248602517272337
1.9248602517272337
1.9248602517272337
1.9248602517272337
1.9248602517272337
1.9248602517272337
1.9248602517272337
1.9248602517272337
1.9248602517272337
1.9248602517272337
1.9248602517272337
1.9248602517272337
1.9248602517272337
1.9248602517272337
1.9248602517272337
1.9248602517272337
1.9248602517272337
1.9248602517272337
1.9248602517272337
1.9248602517272337
1.9248602517272337
1.9248602517272337
1.9248602517272337
1.9248602517272337
1.9248602517272337
1.9248602517272337
1.9248602517272337
1.9248602517272337
1.9248602517272337
1.9248602517272337
1.9248602517272337
1.9248602517272337
1.9248602517272337
1.9248602517272337
1.9248602517272337
1.9248602517272337
1.9248602517272337
1.9248602517272337
1.9248602517272337
1.9248602517272337
1.9248602517272337
1.9248602517272337
1.9248602517272337
1.924860605138933
1.924860605138933
1.924860605138933
1.924860605138933
1.924860605138933
1.924860605138933
1.924860605138933
1.9248606854214083
1.9248606854214083
1.9248606854214083
1.9248606854214083
1.9248608212557567
1.9248608212557567
1.9248608212557567
1.924860929924265
1.9248609363546676
1.9248610815707892
1.9248612586524203
1.9248613649013846
1.9248614286507577
1.9248616029409167
1.9248616357370627
1.9248616976395185
1.9248617453122594
1.9248617797830236
1.9248618240327946
1.9248618324443396
1.9248618724714708
1.9248619009239387
1.924861917995419
1.9248619282383068
1.9248619474382302
1.9248619574191497
1.9248619663880784
1.9248619734773929
1.9248619810512653
1.9248619855955886
1.924861988322183
1.9248619912101335
1.9248619950557182
1.9248619967102485
1.9248619967102485
1.9248619967102485
1.924861998705775
1.924861998705775
1.924861998705775
1.9248619988075477
1.9248619989156899
1.9248619989156899
1.9248619990170721
1.9248619990914737
1.9248619990914737
1.924861999104107
1.9248619991780516
1.9248619992109999
1.9248619992473197
1.924861999298633
1.9248619993324556
1.924861999352749
1.9248619993735263
1.924861999392346
1.924861999404843
1.9248619994218457
1.9248619994330975
1.924861999440788
1.9248619994470797
1.9248619994546543
1.924861999459889
1.9248619994631466
1.9248619994651006
1.9248619994662737
1.9248619994675713
1.924861999469458
1.9248619994706295
1.9248619994713936
1.924861999471852
1.924861999472158
1.9248619994729215
1.9248619994734013
1.9248619994736895
1.9248619994740128
1.9248619994743774
1.9248619994746021
1.9248619994747367
1.9248619994748424
1.924861999474938
1.924861999474998
1.9248619994750336
1.9248619994750809
1.92486199947511
1.924861999475127
1.9248619994751428
1.924861999475159
1.9248619994751694
1.9248619994751757
1.9248619994751794
1.9248619994751819
1.9248619994751848
1.924861999475188
1.9248619994751899
1.9248619994751912
1.9248619994751919
1.9248619994751925
1.924861999475194
1.9248619994751952
1.9248619994751957
1.9248619994751959
1.9248619994751963
1.9248619994751963
1.9248619994751963
1.9248619994751968
1.9248619994751968
1.9248619994751972
1.9248619994751974
1.9248619994751974
1.9248619994751974
1.9248619994751974
1.9248619994751974
1.9248619994751974
1.9248619994751974
1.9248619994751974
1.9248619994751974
1.9248619994751974
1.9248619994751974
1.9248619994751974
1.9248619994751974
1.9248619994751974
1.9248619994751974
1.9248619994751974
1.9248619994751974
1.9248619994751974
