2.053120609625828
2.053120609625828
2.053120609625828
2.053120609625828
2.053120609625828
2.053120609625828
2.053120609625828
2.053120609625828
2.053120609625828
2.053120609625828
2.053120609625828
2.053120609625828
2.053120609625828
2.053120609625828
2.053120609625828
2.053120609625828
2.053120609625828
2.053120609625828
2.053120609625828
2.053120609625828
2.053120609625828
2.053120609625828
2.053120609625828
2.053120609625828
2.053120609625828
2.053120609625828
2.053120609625828
2.053120609625828
2.053120609625828
2.053120609625828
2.053120609625828
2.053120609625828
2.053120609625828
2.053120609625828
2.053120609625828
2.053120609625828
2.053120609625828
2.053120609625828
2.053120609625828
2.053120609625828
2.053120609625828
2.053120609625828
2.053120609625828
2.053120609625828
2.053120609625828
2.053120609625828
2.053120609625828
2.053120609625828
2.053120609625828
2.053120609625828
2.053120609625828
2.053120609625828
2.053120609625828
2.053121097090566
2.053121783025948
2.0531226856761275
2.053122706079126
2.053125067681402
2.0531254181763186
2.0531263675442433
2.0531269852182916
2.053128108853631
2.053128421011796
2.053129182448093
2.053129366540367
2.0531299354059596
2.0531300451326926
2.053130248953541
2.0531304399034376
2.053130623564808
2.0531306555783226
2.0531307557997445
2.0531308082204722
2.053130903221863
2.0531309448112895
2.0531309658151753
2.0531310044816067
2.0531310307012074
2.053131052456427
2.053131055613836
2.0531310705778862
2.053131074229948
2.053131076934725
2.0531310830808325
2.0531310890705137
2.053131090805646
2.053131092521332
2.0531310933453795
2.053131094463284
2.053131095246687
2.0531310954859916
2.0531310961217066
2.053131096503136
2.053131096731994
2.053131096869309
2.0531310969516974
2.0531310976437083
2.053131098470582
2.0531310989667073
2.0531310992643816
2.0531310994429868
2.0531310995764493
2.0531310995764493
2.0531310995764493
2.0531310995764493
2.0531310995764493
2.0531310995858854
2.0531310995858854
2.0531310995858854
2.0531310995858854
2.0531310995858854
2.053131099612081
2.053131099612081
2.053131099612081
2.0531310996164365
2.053131099617159
2.053131099617159
2.053131099617159
2.0531310996183696
2.0531310996183696
2.0531310996183696
2.0531310996183696
2.053131099619054
2.053131099619054
2.053131099619054
2.053131099619054
2.0531310996195193
2.053131099619581
2.0531310996196086
2.0531310996197774
2.0531310996198515
2.0531310996199417
2.053131099620015
2.0531310996200167
2.0531310996200887
2.053131099620126
2.0531310996201713
2.053131099620198
2.053131099620215
2.0531310996202334
2.053131099620263
2.053131099620292
2.053131099620311
2.0531310996203227
2.0531310996203276
2.053131099620333
2.053131099620341
2.0531310996203467
2.05313109962035
2.0531310996203525
2.053131099620353
2.053131099620354
2.0531310996203556
2.053131099620358
2.0531310996203596
2.05313109962036
2.0531310996203604
2.053131099620361
2.0531310996203613
2.0531310996203613
2.0531310996203618
2.053131099620362
2.053131099620362
2.053131099620362
2.053131099620362
2.053131099620362
2.053131099620362
2.053131099620362
2.053131099620362
2.053131099620362
2.053131099620362
2.053131099620362
2.053131099620362
2.053131099620362
2.053131099620362
2.053131099620362
2.053131099620362
2.053131099620362
2.053131099620362
2.053131099620362
