1.2141472931865238
1.2141472931865238
1.2141472931865238
1.2141472931865238
1.2141472931865238
1.2141472931865238
1.2141472931865238
1.2141472931865238
1.2141472931865238
1.2141472931865238
1.2141472931865238
1.2141472931865238
1.2141472931865238
1.2141472931865238
1.2141472931865238
1.2141472931865238
1.2141472931865238
1.2141472931865238
1.2141472931865238
1.2141472931865238
1.2141472931865238
1.2141472931865238
1.2141472931865238
1.2141472931865238
1.2141472931865238
1.2141472931865238
1.2141472931865238
1.2141472931865238
1.2141472931865238
1.2141472931865238
1.2141472931865238
1.2141472931865238
1.2141472931865238
1.2141472931865238
1.2141472931865238
1.2141472931865238
1.2141472931865238
1.2141472931865238
1.2141472931865238
1.2141472931865238
1.2141472931865238
1.2141472931865238
1.2141521522570522
1.2141521522570522
1.2141521522570522
1.2141521522570522
1.2141521522570522
1.2141521522570522
1.2141521522570522
1.2141521522570522
1.2141521522570522
1.2141521522570522
1.2141521522570522
1.2141552332579422
1.2141552332579422
1.2141552332579422
1.2141572286430835
1.2141572286430835
1.2141572286430835
1.2141594526730328
1.2141600902034468
1.2141617809851262
1.2141637169323434
1.2141643822615589
1.2141664250449677
1.2141679017891134
1.2141688388028253
1.2141697767143753
1.2141711853346724
1.2141720305064532
1.2141724445323678
1.21417305179147
1.2141736808209955
1.2141741157165955
1.2141742865343368
1.2141743890249728
1.2141744856548684
1.2141746174003567
1.2141747210269507
1.2141748012004498
1.214174855356238
1.2141749308693826
1.2141749801276882
1.2141750264206386
1.2141750369604056
1.214175049387437
1.2141750655573877
1.2141750861720209
1.2141750993438063
1.2141751072468774
1.2141751151678244
1.2141751243554528
1.2141751298680301
1.2141751331755766
1.214175135354946
1.2141751396169786
1.2141751402194165
1.2141751417124134
1.2141751426082115
1.2141751436158486
1.2141751436158486
1.2141751443409106
1.214175144908444
1.2141751452489633
1.2141751457101506
1.2141751472148088
1.2141751478031475
1.2141751479666196
1.2141751479666196
1.2141751484153813
1.214175148437105
1.21417514854837
1.21417514854837
1.214175148552785
1.2141751486453671
1.2141751486527066
1.2141751486949268
1.2141751487315917
1.214175148770951
1.214175148792711
1.214175148808817
1.214175148818051
1.2141751488282506
1.2141751488359798
1.2141751488406776
1.21417514884495
1.214175148850782
1.2141751488544557
1.2141751488566597
1.2141751488582055
1.2141751488604589
1.2141751488622723
1.2141751488622723
1.2141751488629817
1.214175148863422
1.2141751488638866
1.2141751488640031
1.2141751488641073
1.2141751488643
1.2141751488644545
1.2141751488646417
1.2141751488647539
1.2141751488648214
1.2141751488648618
1.2141751488649435
1.2141751488649943
1.2141751488650279
1.2141751488650605
1.2141751488650818
1.214175148865098
1.2141751488651287
1.2141751488651469
1.214175148865158
1.2141751488651682
1.2141751488651813
1.2141751488651897
1.214175148865195
1.2141751488651982
1.2141751488652015
1.2141751488652046
1.2141751488652068
1.2141751488652082
1.2141751488652095
1.2141751488652104
1.214175148865211
1.2141751488652115
1.2141751488652117
1.214175148865212
1.2141751488652124
1.2141751488652124
1.2141751488652126
1.2141751488652126
1.2141751488652128
1.2141751488652128
1.2141751488652128
1.2141751488652128
1.2141751488652128
1.2141751488652128
1.2141751488652128
1.2141751488652128
1.2141751488652128
1.2141751488652128
1.2141751488652128
1.2141751488652128
1.2141751488652128
1.2141751488652128
1.2141751488652128
1.2141751488652128
