1.1072831615714385
1.1072831615714385
1.1072831615714385
1.1072831615714385
1.1072831615714385
1.1072831615714385
1.1072831615714385
1.1072831615714385
1.1072831615714385
1.1072831615714385
1.1072831615714385
1.1072831615714385
1.1072831615714385
1.1072831615714385
1.1072831615714385
1.1072831615714385
1.1072831615714385
1.1072831615714385
1.1072831615714385
1.1072831615714385
1.1072831615714385
1.1072831615714385
1.1072831615714385
1.1072831615714385
1.1072831615714385
1.1072831615714385
1.1072831615714385
1.1072831615714385
1.1072831615714385
1.1072831615714385
1.1072831615714385
1.1072831615714385
1.1072831615714385
1.1072831615714385
1.1072831615714385
1.1072831615714385
1.1072831615714385
1.1072831615714385
1.1072831615714385
1.1072831615714385
1.1072831615714385
1.1072831615714385
1.1072831615714385
1.1072831615714385
1.1072831615714385
1.1072831615714385
1.1072831615714385
1.1072831615714385
1.107283695559767
1.107283695559767
1.107283695559767
1.107283695559767
1.107283695559767
1.107283695559767
1.107283695559767
1.107283695559767
1.107283695559767
1.107283695559767
1.107283695559767
1.107283695559767
1.107284597948408
1.107284597948408
1.107284789274632
1.1072851347093713
1.1072853419704825
1.1072855868279323
1.107285759057878
1.1072861511712186
1.1072861511712186
1.1072863082430693
1.1072864067103498
1.1072866115439977
1.107286801520642
1.1072868262743978
1.10728696777012
1.1072870663835352
1.1072872496694126
1.10728727540603
1.1072874202561045
1.1072875082274927
1.1072875680370844
1.1072875680370844
1.107287576171845
1.1072875985287796
1.1072876352184715
1.1072876608119995
1.1072876759630241
1.107287685674729
1.1072877019408485
1.1072877130778254
1.1072877220889952
1.1072877337585778
1.107287741890569
1.1072877426583283
1.1072877463917252
1.1072877490216622
1.1072877514909525
1.1072877535337637
1.1072877547594504
1.1072877565192685
1.107287757730618
1.1072877586727745
1.1072877592380683
1.1072877595772443
1.1072877597278112
1.1072877599165003
1.107287760065955
1.1072877602928664
1.1072877603771882
1.1072877604228233
1.1072877605624416
1.1072877606496105
1.1072877607019123
1.1072877607588891
1.1072877608004632
1.1072877608395013
1.1072877608570184
1.107287760885357
1.1072877609052585
1.1072877609080143
1.1072877609160265
1.1072877609221314
1.1072877609238199
1.1072877609268104
1.107287760929656
1.1072877609306055
1.1072877609319474
1.1072877609342564
1.1072877609358467
1.1072877609368008
1.1072877609380738
1.107287760939333
1.1072877609402303
1.1072877609407878
1.1072877609411451
1.1072877609416318
1.1072877609417664
1.1072877609420364
1.1072877609421825
1.1072877609423348
1.1072877609424339
1.1072877609424976
1.1072877609425673
1.1072877609426028
1.1072877609426028
1.1072877609426461
1.1072877609426592
1.107287760942668
1.107287760942676
1.1072877609426812
1.107287760942689
1.1072877609426937
1.1072877609426963
1.1072877609426999
1.1072877609427048
1.107287760942708
1.10728776094271
1.107287760942711
1.1072877609427139
1.1072877609427159
1.107287760942718
1.1072877609427196
1.1072877609427203
1.1072877609427207
1.1072877609427216
1.1072877609427216
1.1072877609427223
1.1072877609427223
1.1072877609427223
1.1072877609427223
1.1072877609427223
1.1072877609427223
1.1072877609427223
1.1072877609427223
1.1072877609427223
1.1072877609427223
1.1072877609427223
1.1072877609427223
1.1072877609427223
1.1072877609427223
1.1072877609427223
1.1072877609427223
1.1072877609427223
1.1072877609427223
1.1072877609427223
1.1072877609427223
1.1072877609427223
1.1072877609427223
1.1072877609427223
1.1072877609427223
1.1072877609427223
