1.9298639071294021
1.9298639071294021
1.9298639071294021
1.9298639071294021
1.9298639071294021
1.9298639071294021
1.9298639071294021
1.9298639071294021
1.9298639071294021
1.9298639071294021
1.9298639071294021
1.9298639071294021
1.9298639071294021
1.9298639071294021
1.9298639071294021
1.9298639071294021
1.9298639071294021
1.9298639071294021
1.9298639071294021
1.9298639071294021
1.9298639071294021
1.9298639071294021
1.9298639071294021
1.9298639071294021
1.9298639071294021
1.9298639071294021
1.9298639071294021
1.9298639071294021
1.9298639071294021
1.9298639071294021
1.9298639071294021
1.9298639071294021
1.9298639071294021
1.9298639071294021
1.9298639071294021
1.9298639071294021
1.9298639071294021
1.9298639071294021
1.9298639071294021
1.9298639071294021
1.9298639071294021
1.9298639071294021
1.9298639071294021
1.9298639071294021
1.9298639071294021
1.9298639071294021
1.9298639071294021
1.9298639071294021
1.9298685603800863
1.9298685603800863
1.9298838561386307
1.9298838561386307
1.9298900658014058
1.9299001146141739
1.9299019521236203
1.9299028741155178
1.929904264553802
1.929905939996288
1.9299084981739922
1.9299113369003051
1.929913040134763
1.9299140620749589
1.9299148094069252
1.9299164593000793
1.9299173896372557
1.9299181542397603
1.9299186299047497
1.9299189969506068
1.9299193820068337
1.9299196335904056
1.9299197970459427
1.9299199664327693
1.9299200972089134
1.9299202202339847
1.9299203071182287
1.929920374863611
1.9299204369577112
1.929920474214171
1.9299204965680476
1.929920523502106
1.929920551543007
1.9299205630507426
1.9299205752520356
1.9299205794148449
1.929920584440377
1.9299205861393567
1.9299205920852034
1.9299205952004785
1.9299205973149918
1.929920599993714
1.929920601600947
1.9299206025652869
1.9299206034944705
1.9299206043656598
1.9299206051308768
1.9299206057094411
1.9299206060683973
1.9299206065077916
1.929920606849473
1.9299206070544819
1.9299206072500024
1.9299206073815425
1.9299206074806747
1.9299206075475361
1.9299206075976496
1.9299206076460935
1.9299206077100708
1.9299206077484574
1.929920607771489
1.9299206077871742
1.9299206078025513
1.929920607813613
1.9299206078217324
1.9299206078280577
1.9299206078318532
1.9299206078352922
1.9299206078382702
1.929920607840057
1.9299206078411286
1.9299206078421975
1.929920607843581
1.9299206078445157
1.929920607845169
1.9299206078456184
1.9299206078462356
1.9299206078466056
1.9299206078468283
1.9299206078470192
1.9299206078472626
1.9299206078474147
1.9299206078475064
1.929920607847562
1.929920607847643
1.9299206078477582
1.929920607847828
1.9299206078478695
1.929920607847936
1.9299206078479816
1.9299206078480091
1.929920607848025
1.9299206078480358
1.9299206078480506
1.9299206078480617
1.9299206078480688
1.9299206078480724
1.9299206078480755
1.9299206078480788
1.9299206078480808
1.929920607848082
1.9299206078480826
1.929920607848083
1.929920607848084
1.9299206078480844
1.9299206078480846
1.929920607848085
1.9299206078480855
1.9299206078480855
1.9299206078480855
1.9299206078480855
1.9299206078480855
1.9299206078480855
1.9299206078480855
1.9299206078480855
1.9299206078480855
1.9299206078480855
1.9299206078480855
1.9299206078480855
1.9299206078480855
1.9299206078480855
1.9299206078480855
1.9299206078480855
1.9299206078480855
1.9299206078480855
1.9299206078480855
1.9299206078480855
1.9299206078480855
1.9299206078480855
1.9299206078480855
1.9299206078480855
1.9299206078480855
1.9299206078480855
1.9299206078480855
