2.135848650499141
2.135848650499141
2.135848650499141
2.135848650499141
2.135848650499141
2.135848650499141
2.135848650499141
2.135848650499141
2.135848650499141
2.135848650499141
2.135848650499141
2.135848650499141
2.135848650499141
2.135848650499141
2.135848650499141
2.135848650499141
2.135848650499141
2.135848650499141
2.135848650499141
2.135848650499141
2.135848650499141
2.135848650499141
2.135848650499141
2.135848650499141
2.135848650499141
2.135848650499141
2.135848650499141
2.135848650499141
2.135848650499141
2.135848650499141
2.135848650499141
2.135848650499141
2.135848650499141
2.135848650499141
2.135848650499141
2.135848650499141
2.135848650499141
2.135848650499141
2.135848650499141
2.135848650499141
2.135848650499141
2.135848650499141
2.135848650499141
2.135848650499141
2.135848650499141
2.135848650499141
2.135848650499141
2.135848650499141
2.135848650499141
2.135848650499141
2.135848650499141
2.135848650499141
2.135848650499141
2.135848650499141
2.135848650499141
2.135848650499141
2.135848650499141
2.135848650499141
2.135848650499141
2.135848650499141
2.135848650499141
2.1358497797912377
2.1358497797912377
2.1358503220335785
2.1358508325140932
2.1358508325140932
2.1358508325140932
2.1358516475534013
2.1358516475534013
2.1358516475534013
2.135851759522786
2.1358518539022358
2.1358520014484346
2.1358520803539993
2.135852250111915
2.135852390091935
2.135852517753788
2.135852517753788
2.13585257940178
2.135852634070287
2.1358526989872813
2.135852718141534
2.135852761035566
2.135852795907489
2.1358528014708824
2.1358528218348516
2.1358528361707783
2.135852847830258
2.1358528530572425
2.1358528557695458
2.1358528620833686
2.13585286419048
2.1358528656562537
2.135852869566727
2.135852869919841
2.135852871456999
2.135852872728932
2.135852873515553
2.1358528739875253
2.135852874751363
2.135852875483715
2.135852875982071
2.1358528762810844
2.1358528764604934
2.135852876600703
2.135852876909132
2.1358528771716907
2.135852877329227
2.1358528774237477
2.1358528774804606
2.1358528776938512
2.1358528778451746
2.135852877935969
2.135852877990445
2.135852878046688
2.1358528781708443
2.135852878245338
2.1358528782900343
2.1358528783168524
2.1358528783684823
2.1358528784250135
2.1358528784589317
2.135852878479282
2.1358528784914936
2.1358528784988198
2.1358528785189668
2.1358528785378663
2.135852878549206
2.13585287855601
2.1358528785600925
2.1358528785700224
2.1358528785795157
2.135852878585212
2.1358528785886297
2.135852878591785
2.1358528785953435
2.135852878597479
2.1358528785987603
2.135852878600367
2.1358528786019657
2.135852878602926
2.1358528786036106
2.1358528786044926
2.135852878605022
2.1358528786053403
2.1358528786055304
2.1358528786056454
2.135852878605768
2.1358528786058644
2.1358528786059217
2.1358528786059567
2.1358528786059887
2.135852878606021
2.1358528786060407
2.135852878606052
2.135852878606064
2.1358528786060793
2.1358528786060877
2.135852878606094
2.135852878606102
2.1358528786061077
2.1358528786061113
2.1358528786061144
2.135852878606117
2.13585287860612
2.135852878606122
2.135852878606123
2.135852878606124
2.1358528786061255
2.1358528786061264
2.135852878606127
2.135852878606127
2.135852878606127
2.1358528786061273
2.1358528786061277
2.1358528786061277
2.1358528786061277
2.1358528786061277
2.1358528786061277
2.1358528786061277
2.1358528786061277
2.1358528786061277
2.1358528786061277
2.1358528786061277
2.1358528786061277
2.1358528786061277
2.1358528786061277
