1.5689588047935814
1.5689588047935814
1.5689588047935814
1.5689588047935814
1.5689588047935814
1.5689588047935814
1.5689588047935814
1.5689588047935814
1.5689588047935814
1.5689588047935814
1.5689588047935814
1.5689588047935814
1.5689588047935814
1.5689588047935814
1.5689588047935814
1.5689588047935814
1.5689588047935814
1.5689588047935814
1.5689588047935814
1.5689588047935814
1.5689588047935814
1.5689588047935814
1.5689588047935814
1.5689588047935814
1.5689588047935814
1.5689588047935814
1.5689588047935814
1.5689588047935814
1.5695627770191984
1.5695627770191984
1.5695627770191984
1.5695627770191984
1.5695627770191984
1.5695627770191984
1.5695627770191984
1.5695627770191984
1.5695627770191984
1.5695627770191984
1.5695627770191984
1.5695627770191984
1.5695627770191984
1.5695627770191984
1.5695627770191984
1.5695627770191984
1.5695627770191984
1.5695627770191984
1.5695627770191984
1.5695627770191984
1.5695627770191984
1.5695627770191984
1.5695627770191984
1.5695655734212488
1.5695655734212488
1.5695655734212488
1.5695655734212488
1.5695670359814258
1.5695710794329694
1.5695739583644597
1.5695756857318828
1.5695783098119371
1.5695791216712214
1.5695795462790956
1.569580235568492
1.5695820249139003
1.5695820249139003
1.5695820249139003
1.5695820990456641
1.5695824395552433
1.569582643860987
1.5695831844969348
1.569583423497921
1.5695834536128437
1.5695837781503488
1.5695839338132669
1.5695840854332102
1.5695841764051768
1.5695842900699506
1.5695843226880055
1.5695843455681147
1.5695844100545489
1.569584433832952
1.5695844457729087
1.5695844642404324
1.5695844799763146
1.5695844923954665
1.5695845001175697
1.5695845083663562
1.569584513315629
1.5695845176427543
1.5695845292631887
1.5695845293403958
1.5695845320086885
1.5695845336096643
1.569584534797583
1.569584538687055
1.5695845411672928
1.5695845426554353
1.5695845439737266
1.5695845461568143
1.5695845477253507
1.569584548666474
1.569584549231147
1.5695845495699514
1.5695845509754
1.5695845522573597
1.569584552339387
1.5695845527958694
1.5695845530706918
1.5695845536730655
1.5695845541229194
1.5695845543928313
1.569584554571831
1.5695845548878484
1.5695845551100962
1.5695845552434444
1.5695845553314194
1.5695845555043326
1.5695845556267305
1.5695845557277606
1.5695845557839472
1.5695845558799388
1.5695845559467436
1.5695845559890143
1.5695845560068424
1.569584556050274
1.5695845560740807
1.569584556091431
1.569584556107493
1.5695845561257755
1.5695845561379915
1.5695845561445791
1.5695845561488373
1.569584556151392
1.5695845561529245
1.5695845561590571
1.5695845561666766
1.5695845561712485
1.5695845561739916
1.5695845561756379
1.569584556178927
1.5695845561817945
1.56958455618372
1.5695845561848754
1.5695845561855684
1.5695845561859842
1.569584556186956
1.5695845561877007
1.5695845561881476
1.5695845561884159
1.5695845561888184
1.5695845561893096
1.569584556189604
1.569584556189781
1.5695845561898873
1.5695845561899506
1.5695845561900381
1.5695845561901431
1.5695845561902069
1.5695845561902444
1.5695845561902935
1.5695845561903323
1.5695845561903554
1.5695845561903694
1.5695845561903774
1.5695845561904
1.5695845561904185
1.56958455619043
1.5695845561904367
1.569584556190441
1.5695845561904431
1.5695845561904465
1.5695845561904513
1.5695845561904547
1.5695845561904567
1.5695845561904596
1.5695845561904616
1.5695845561904629
1.5695845561904638
1.569584556190465
1.569584556190466
1.569584556190467
1.5695845561904676
1.5695845561904676
1.5695845561904682
1.5695845561904687
1.569584556190469
1.569584556190469
1.5695845561904695
1.5695845561904695
