1.6895148538026958
1.6895148538026958
1.6895148538026958
1.6895148538026958
1.6895148538026958
1.6895148538026958
1.6895148538026958
1.6895148538026958
1.6895148538026958
1.6895148538026958
1.6895148538026958
1.6895148538026958
1.6895148538026958
1.6895148538026958
1.6895148538026958
1.6895148538026958
1.6895148538026958
1.6895148538026958
1.6895148538026958
1.6895148538026958
1.6895148538026958
1.6895148538026958
1.6895148538026958
1.6895148538026958
1.6895148538026958
1.6895148538026958
1.6895148538026958
1.6895148538026958
1.6895148538026958
1.6895148538026958
1.6895148538026958
1.6895148538026958
1.6895148538026958
1.6895148538026958
1.6895148538026958
1.6895148538026958
1.6895148538026958
1.6895148538026958
1.6895148538026958
1.6895148538026958
1.6895148538026958
1.6895148538026958
1.6895148538026958
1.6895148538026958
1.6895148538026958
1.6895148538026958
1.6895148538026958
1.6895148538026958
1.6895148538026958
1.6895148538026958
1.6895148538026958
1.6895148538026958
1.6895148538026958
1.6895148538026958
1.6895148538026958
1.6895148538026958
1.6895148538026958
1.6895148538026958
1.6895148538026958
1.6895159908304882
1.6895159908304882
1.6895159908304882
1.6895159908304882
1.6895165672231716
1.6895184240296746
1.6895185049736166
1.6895196664973624
1.6895197982710082
1.6895201102087678
1.6895207082631447
1.6895208400590331
1.689520960033875
1.6895212749871449
1.689521524037861
1.689521554937353
1.689521554937353
1.6895217449564286
1.6895217705909926
1.6895218072683504
1.6895218072683504
1.6895218142134525
1.6895218248808386
1.6895218374006424
1.689521854560105
1.6895218691042566
1.6895218783099135
1.6895218819717914
1.6895218891487391
1.6895218912568315
1.6895218963247423
1.6895218970808739
1.6895218984777847
1.6895218998055728
1.6895219009150138
1.6895219020151813
1.6895219026880781
1.6895219039336165
1.6895219039886666
1.6895219043724574
1.6895219046027319
1.6895219046027319
1.6895219046707266
1.6895219047258647
1.6895219047811418
1.689521904862184
1.6895219049108092
1.6895219050029575
1.6895219050909112
1.6895219051436834
1.6895219051753465
1.6895219051943444
1.6895219052441193
1.6895219052911123
1.6895219053193082
1.6895219053362258
1.6895219053493689
1.6895219053674557
1.6895219053789554
1.6895219053858737
1.689521905392847
1.6895219053989161
1.6895219054026849
1.6895219054051158
1.6895219054066428
1.6895219054076671
1.6895219054102577
1.6895219054118122
1.6895219054127448
1.6895219054133066
1.6895219054146433
1.689521905415589
1.689521905416156
1.6895219054164965
1.689521905416701
1.689521905417075
1.6895219054175266
1.689521905417798
1.6895219054179604
1.6895219054182153
1.6895219054183985
1.689521905418508
1.6895219054185742
1.689521905418671
1.6895219054187665
1.6895219054188237
1.6895219054188584
1.6895219054189117
1.6895219054189503
1.6895219054189734
1.6895219054189874
1.6895219054189958
1.6895219054190158
1.6895219054190296
1.6895219054190376
1.689521905419043
1.689521905419046
1.6895219054190478
1.6895219054190524
1.689521905419058
1.6895219054190613
1.689521905419064
1.6895219054190673
1.6895219054190695
1.6895219054190709
1.689521905419072
1.6895219054190733
1.6895219054190738
1.6895219054190742
1.6895219054190744
1.6895219054190749
1.689521905419075
1.6895219054190753
1.6895219054190753
1.6895219054190753
1.6895219054190753
1.6895219054190755
1.6895219054190755
1.6895219054190755
1.6895219054190758
1.6895219054190758
1.6895219054190758
1.6895219054190758
1.6895219054190758
1.6895219054190758
