2.3922224607138425
2.3922224607138425
2.3922224607138425
2.3922224607138425
2.3922224607138425
2.3922224607138425
2.3922224607138425
2.3922224607138425
2.3922224607138425
2.3922224607138425
2.3922224607138425
2.3922224607138425
2.3922224607138425
2.3922224607138425
2.3922224607138425
2.3922224607138425
2.3922224607138425
2.3922224607138425
2.3922224607138425
2.3922224607138425
2.3922224607138425
2.3922224607138425
2.3922224607138425
2.3922224607138425
2.3922224607138425
2.3922224607138425
2.3922224607138425
2.3922224607138425
2.3922224607138425
2.3922224607138425
2.3922224607138425
2.3922224607138425
2.3922224607138425
2.3922224607138425
2.3922224607138425
2.3922224607138425
2.3922224607138425
2.3922224607138425
2.3922224607138425
2.3922224607138425
2.3922224607138425
2.3922224607138425
2.3922224607138425
2.3922224607138425
2.3922224607138425
2.3922224607138425
2.3922224607138425
2.3922224607138425
2.3922224607138425
2.3922224607138425
2.392223369292214
2.392225141786043
2.3922262052820034
2.392226843379458
2.392228885094488
2.392230164909813
2.392230164909813
2.392232055831139
2.3922332335578265
2.3922332335578265
2.3922332335578265
2.3922332335578265
2.3922335552849607
2.3922343489035383
2.392234801136065
2.3922353718024993
2.392235629641754
2.3922359234073487
2.3922363521604386
2.3922367051792666
2.39223692712802
2.39223692712802
2.39223692712802
2.39223692712802
2.39223692712802
2.39223692712802
2.39223692712802
2.39223692712802
2.39223692712802
2.39223692712802
2.39223692712802
2.39223692712802
2.39223692712802
2.39223692712802
2.39223692712802
2.39223692712802
2.39223692712802
2.392236932463292
2.392236932463292
2.392236932463292
2.392236933714562
2.392236933714562
2.392236933714562
2.392236933714562
2.392236933714562
2.3922369358550997
2.3922369359371634
2.3922369359371634
2.392236936740523
2.392236936847553
2.3922369368899834
2.3922369368899834
2.3922369368899834
2.3922369370402983
2.3922369370402983
2.3922369370402983
2.3922369370546313
2.392236937104628
2.392236937106642
2.392236937122203
2.3922369371248533
2.392236937126443
2.3922369371590566
2.3922369371994967
2.392236937223761
2.3922369372383194
2.3922369372629544
2.3922369372797414
2.3922369372905914
2.392236937296365
2.392236937309513
2.3922369373193426
2.3922369373252397
2.3922369373287786
2.392236937330902
2.392236937332175
2.392236937335302
2.3922369373383843
2.392236937340244
2.3922369373413597
2.392236937343791
2.3922369373460364
2.3922369373473833
2.392236937348192
2.392236937349752
2.3922369373512797
2.3922369373521963
2.3922369373527457
2.3922369373530756
2.392236937353747
2.392236937354222
2.3922369373545074
2.392236937354698
2.3922369373549963
2.3922369373551753
2.392236937355283
2.392236937355347
2.3922369373554204
2.392236937355525
2.3922369373555865
2.392236937355624
2.3922369373556855
2.3922369373557233
2.3922369373557464
2.3922369373557597
2.3922369373557677
2.392236937355786
2.3922369373557983
2.3922369373558054
2.3922369373558094
2.3922369373558157
2.39223693735582
2.3922369373558228
2.392236937355825
2.392236937355826
2.392236937355829
2.392236937355831
2.392236937355832
2.392236937355834
2.392236937355836
