4.660110430582841
4.660110430582841
4.660110430582841
4.660110430582841
4.660110430582841
4.660110430582841
4.660110430582841
4.660110430582841
4.660110430582841
4.660110430582841
4.660110430582841
4.660110430582841
4.660110430582841
4.660110430582841
4.660110430582841
4.660110430582841
4.660110430582841
4.660110430582841
4.660110430582841
4.660110430582841
4.660110430582841
4.660110430582841
4.660110430582841
4.660110430582841
4.660110430582841
4.660110430582841
4.660110430582841
4.660110430582841
4.660110430582841
4.660110430582841
4.660110430582841
4.660110430582841
4.660110430582841
4.660110430582841
4.660110430582841
4.660110430582841
4.660110430582841
4.660110430582841
4.660110430582841
4.660110430582841
4.660110430582841
4.660110430582841
4.660110430582841
4.660110430582841
4.660110430582841
4.660110430582841
4.660110430582841
4.660110430582841
4.660110430582841
4.660110430582841
4.660110430582841
4.660110430582841
4.660110430582841
4.660110430582841
4.660110430582841
4.660110430582841
4.660110430582841
4.660111701782505
4.660112789698551
4.660113736624224
4.660113967862248
4.660115528610178
4.660115528610178
4.66011646269688
4.660117115789353
4.6601183376595845
4.660119085849103
4.660119558215609
4.660120052766707
4.660120631026809
4.660120913774124
4.6601210834721085
4.660121238910634
4.660121408783014
4.660121527794034
4.660121599200646
4.660121642044613
4.660121667750994
4.660121691258896
4.660121715293204
4.6601217432115245
4.6601217432115245
4.660121763232738
4.660121768723846
4.660121776077325
4.660121779171335
4.66012178102774
4.660121782760252
4.660121784027411
4.660121789468209
4.660121793311005
4.660121795717178
4.66012179716088
4.660121799999322
4.6601218026786535
4.660121804299039
4.660121805297437
4.660121806870915
4.660121808409229
4.660121809332216
4.660121809886008
4.660121810218283
4.660121810595134
4.660121811381689
4.660121811854986
4.660121812139387
4.660121812365379
4.660121812598763
4.660121812598763
4.660121812598763
4.660121812598763
4.660121812615699
4.660121812615699
4.660121812615699
4.660121812615699
4.660121812629149
4.66012181264921
4.660121812665553
4.660121812675358
4.660121812684669
4.660121812701761
4.660121812708345
4.660121812715563
4.6601218127252535
4.660121812732021
4.660121812736083
4.660121812738518
4.6601218127412345
4.660121812744527
4.660121812745647
4.6601218127463175
4.660121812747305
4.660121812748358
4.660121812749056
4.660121812749495
4.6601218127500905
4.660121812750245
4.660121812750462
4.660121812750555
4.66012181275065
4.6601218127507416
4.660121812750811
4.660121812750859
4.660121812750893
4.660121812750948
4.660121812750987
4.660121812751012
4.660121812751026
4.660121812751045
4.660121812751069
4.660121812751085
4.660121812751095
4.660121812751108
4.660121812751118
4.660121812751124
4.660121812751129
4.660121812751131
4.660121812751132
4.660121812751136
4.660121812751139
4.660121812751142
4.660121812751144
4.660121812751146
4.6601218127511475
4.660121812751149
4.660121812751149
4.66012181275115
4.660121812751151
4.660121812751152
4.660121812751153
4.660121812751154
4.660121812751154
4.660121812751155
4.660121812751155
4.660121812751155
4.660121812751155
4.660121812751155
4.660121812751155
4.660121812751155
4.660121812751155
4.660121812751155
4.660121812751155
