1.211514436327129
1.211514436327129
1.211514436327129
1.211514436327129
1.211514436327129
1.211514436327129
1.211514436327129
1.211514436327129
1.211514436327129
1.211514436327129
1.211514436327129
1.211514436327129
1.211514436327129
1.211514436327129
1.211514436327129
1.211514436327129
1.211514436327129
1.211514436327129
1.211514436327129
1.211514436327129
1.211514436327129
1.211514436327129
1.211514436327129
1.211514436327129
1.211514436327129
1.211514436327129
1.211514436327129
1.211514436327129
1.211514436327129
1.211514436327129
1.211514436327129
1.211514436327129
1.211514436327129
1.211514436327129
1.211514436327129
1.211514436327129
1.211514436327129
1.211514436327129
1.211514436327129
1.211514436327129
1.211514436327129
1.211514436327129
1.211514436327129
1.211514436327129
1.211514436327129
1.211514436327129
1.211514436327129
1.211514436327129
1.211514436327129
1.211514436327129
1.211514436327129
1.211514436327129
1.211514436327129
1.2115153240273282
1.2115153240273282
1.2115153240273282
1.2115153240273282
1.2115153240273282
1.2115153240273282
1.211515832171
1.211515832171
1.211515832171
1.2115167784869183
1.2115167784869183
1.2115167784869183
1.2115173675382365
1.2115176825867082
1.2115185238146913
1.2115193097730697
1.211519900235638
1.2115202860264425
1.211520731738641
1.2115211896534213
1.211521464402325
1.2115216330616987
1.2115218519711397
1.2115219261148311
1.2115220743444786
1.2115220982602164
1.211522150437745
1.2115221918442685
1.2115222279009719
1.211522253098706
1.2115222867425186
1.2115223072440244
1.2115223191012174
1.2115223311929342
1.2115223385471858
1.2115223459851627
1.2115223549456793
1.2115223589809392
1.2115223628638594
1.211522366218274
1.211522366765995
1.211522370805857
1.2115223716921515
1.2115223722239286
1.211522372579242
1.2115223752693196
1.2115223761423997
1.2115223769626726
1.2115223769626726
1.2115223771627932
1.2115223773395951
1.2115223773395951
1.2115223773395951
1.2115223774841977
1.2115223776095732
1.211522377688563
1.2115223777675137
1.2115223777794275
1.2115223777794275
1.2115223777794275
1.211522377796024
1.211522377796024
1.211522377796024
1.211522377796024
1.211522377796024
1.211522377796024
1.211522377796024
1.2115223777968847
1.211522377798324
1.211522377798324
1.211522377798324
1.2115223777986448
1.211522377798738
1.211522377798738
1.211522377798738
1.2115223777988573
1.2115223777988573
1.2115223777988573
1.2115223777988573
1.2115223777988573
1.2115223777988655
1.2115223777989188
1.2115223777989619
1.2115223777989619
1.2115223777989619
1.2115223777989794
1.211522377798984
1.211522377798984
1.2115223777989879
1.2115223777990043
1.2115223777990132
1.2115223777990178
1.211522377799036
1.2115223777990372
1.2115223777990456
1.211522377799048
1.2115223777990538
1.2115223777990538
1.2115223777990538
1.2115223777990551
1.2115223777990551
1.2115223777990554
1.2115223777990556
1.211522377799056
1.211522377799056
1.211522377799056
1.211522377799056
1.211522377799056
1.211522377799056
1.211522377799056
1.211522377799056
1.211522377799056
1.211522377799056
1.211522377799056
1.211522377799056
1.211522377799056
1.211522377799056
1.211522377799056
1.211522377799056
1.211522377799056
1.211522377799056
1.211522377799056
1.211522377799056
1.211522377799056
1.211522377799056
1.211522377799056
1.211522377799056
1.211522377799056
1.211522377799056
1.211522377799056
1.211522377799056
1.211522377799056
1.211522377799056
