1.474706535833634
1.474706535833634
1.474706535833634
1.474706535833634
1.474706535833634
1.474706535833634
1.474706535833634
1.474706535833634
1.474706535833634
1.474706535833634
1.474706535833634
1.474706535833634
1.474706535833634
1.474706535833634
1.474706535833634
1.474706535833634
1.474706535833634
1.474706535833634
1.474706535833634
1.474706535833634
1.474706535833634
1.474706535833634
1.474706535833634
1.474706535833634
1.474706535833634
1.474706535833634
1.474706535833634
1.474706535833634
1.474706535833634
1.474706535833634
1.474706535833634
1.474706535833634
1.474706535833634
1.474706535833634
1.474706535833634
1.474706535833634
1.474706535833634
1.474706535833634
1.474706535833634
1.474706535833634
1.474706535833634
1.474706535833634
1.474706535833634
1.474706535833634
1.474706535833634
1.474706535833634
1.474706535833634
1.474706535833634
1.474706535833634
1.474706535833634
1.474706535833634
1.474706535833634
1.4747160679952698
1.4747160679952698
1.4747164909981427
1.4747164909981427
1.474718971921233
1.4747201808442219
1.4747225506109005
1.4747239724738799
1.4747248255927377
1.4747272203251263
1.4747277032485233
1.4747290292248614
1.4747296238110807
1.4747306422996502
1.474731253393303
1.4747316200496792
1.4747320969389097
1.4747323190550943
1.4747325373256255
1.474732736242527
1.4747327887888004
1.4747329840249892
1.47473313573602
1.4747332327125116
1.4747333753630028
1.4747334741957294
1.474733606568745
1.47473362544763
1.4747336749521875
1.474733724407866
1.474733753611762
1.4747337770273832
1.4747337809378434
1.4747338075406102
1.4747338192003643
1.474733831154064
1.4747338386019861
1.4747338479522707
1.474733854172037
1.474733858288111
1.4747338621856922
1.4747338643096841
1.4747338666158005
1.4747338679764794
1.474733868990557
1.4747338697154526
1.4747338703064121
1.474733870878013
1.474733871690194
1.4747338719712437
1.4747338719712437
1.4747338719712437
1.4747338721838728
1.4747338721838728
1.4747338721838728
1.4747338721838728
1.4747338722269479
1.4747338722269479
1.4747338722269479
1.4747338722352772
1.4747338722352772
1.4747338722352772
1.4747338722352772
1.4747338722352772
1.4747338722492263
1.4747338722492263
1.4747338722492263
1.4747338722492263
1.4747338722528187
1.474733872253024
1.474733872253024
1.474733872253024
1.474733872253024
1.4747338722531067
1.4747338722534877
1.4747338722543601
1.4747338722555245
1.474733872256224
1.474733872256656
1.474733872256656
1.474733872256656
1.4747338722568548
1.4747338722568943
1.4747338722569225
1.4747338722569687
1.4747338722569687
1.4747338722569687
1.4747338722569856
1.474733872257051
1.474733872257051
1.474733872257051
1.4747338722570826
1.4747338722570866
1.4747338722570942
1.4747338722570942
1.474733872257101
1.4747338722571044
1.4747338722571102
1.4747338722571137
1.4747338722571162
1.4747338722571197
1.474733872257122
1.474733872257122
1.4747338722571237
1.4747338722571242
1.4747338722571244
1.4747338722571246
1.4747338722571253
1.4747338722571253
1.4747338722571253
1.4747338722571257
1.4747338722571257
1.474733872257126
1.474733872257126
1.474733872257126
1.474733872257126
1.474733872257126
1.474733872257126
1.474733872257126
1.474733872257126
1.474733872257126
1.474733872257126
1.474733872257126
1.474733872257126
1.474733872257126
1.474733872257126
1.474733872257126
1.474733872257126
1.474733872257126
1.474733872257126
1.474733872257126
1.474733872257126
1.474733872257126
1.474733872257126
1.474733872257126
