3.1907580112986724
3.1907580112986724
3.1907580112986724
3.1907580112986724
3.1907580112986724
3.1907580112986724
3.1907580112986724
3.1907580112986724
3.1907580112986724
3.1907580112986724
3.1907580112986724
3.1907580112986724
3.1907580112986724
3.1907580112986724
3.1907580112986724
3.1907580112986724
3.1907580112986724
3.1907580112986724
3.1907580112986724
3.1907580112986724
3.1907580112986724
3.1907580112986724
3.1907580112986724
3.1907580112986724
3.1907580112986724
3.1907580112986724
3.1907580112986724
3.1907580112986724
3.1907580112986724
3.1907580112986724
3.1907580112986724
3.1907580112986724
3.1907580112986724
3.1907580112986724
3.1907580112986724
3.1907580112986724
3.1907580112986724
3.1907580112986724
3.1907580112986724
3.190829637219012
3.190829637219012
3.190829637219012
3.190829637219012
3.190829637219012
3.190829637219012
3.190829637219012
3.190829637219012
3.1908402405827982
3.1908402405827982
3.1908402405827982
3.1908402405827982
3.1908402405827982
3.1908402405827982
3.1908402405827982
3.1908402405827982
3.1908526624103772
3.1908526624103772
3.1908526624103772
3.1908592141813346
3.190861263675459
3.190861263675459
3.190863421115067
3.190866562483579
3.190867158835364
3.1908685715426173
3.19086965549023
3.190871293093689
3.190872340729522
3.1908731389221305
3.1908737467663517
3.190874532421494
3.1908751859319815
3.1908754282142477
3.1908757184293335
3.1908760328343537
3.1908762975548446
3.190876456387139
3.190876556828967
3.1908766873991983
3.190876803557905
3.1908768732531287
3.1908769216510358
3.1908769559618664
3.190876983497412
3.190877004994659
3.190877017893006
3.1908770256320147
3.190877031438639
3.190877037812712
3.190877041892322
3.1908770431968323
3.1908770462578913
3.1908770484570375
3.190877049780141
3.1908770502052923
3.1908770504603847
3.190877050921008
3.190877051590228
3.190877052195154
3.1908770525581085
3.1908770527977355
3.1908770530759196
3.1908770533639044
3.1908770535366955
3.1908770536403694
3.1908770537116116
3.1908770538180917
3.1908770539078013
3.1908770539616276
3.190877053994667
3.1908770540468905
3.1908770540951954
3.1908770541241784
3.190877054144874
3.190877054165569
3.190877054179655
3.1908770541882236
3.1908770541966147
3.1908770542035616
3.19087705420773
3.1908770542102305
3.1908770542129634
3.190877054215467
3.1908770542170193
3.1908770542181384
3.1908770542192686
3.1908770542200653
3.1908770542205414
3.1908770542208282
3.190877054221105
3.190877054221372
3.1908770542215565
3.1908770542216676
3.1908770542217617
3.1908770542218363
3.1908770542218927
3.190877054221927
3.1908770542219473
3.1908770542219704
3.190877054221987
3.190877054222001
3.1908770542220104
3.190877054222017
3.1908770542220233
3.1908770542220295
3.190877054222033
3.1908770542220344
3.1908770542220357
3.190877054222038
3.1908770542220397
3.190877054222041
3.190877054222041
3.1908770542220415
3.190877054222043
3.190877054222043
3.1908770542220437
3.1908770542220437
3.1908770542220437
3.1908770542220437
3.1908770542220437
3.1908770542220437
3.1908770542220437
3.1908770542220437
3.1908770542220437
3.1908770542220437
3.1908770542220437
3.1908770542220437
3.1908770542220437
3.1908770542220437
3.1908770542220437
3.1908770542220437
3.1908770542220437
3.1908770542220437
3.1908770542220437
3.1908770542220437
3.1908770542220437
3.1908770542220437
3.1908770542220437
3.1908770542220437
3.1908770542220437
3.1908770542220437
3.1908770542220437
3.1908770542220437
3.1908770542220437
3.1908770542220437
