1.5702828411592518
1.5702828411592518
1.5702828411592518
1.5702828411592518
1.5702828411592518
1.5702828411592518
1.5702828411592518
1.5702828411592518
1.5702828411592518
1.5702828411592518
1.5702828411592518
1.5702828411592518
1.5702828411592518
1.5702828411592518
1.5702828411592518
1.5702828411592518
1.5702828411592518
1.5702828411592518
1.5702828411592518
1.5702828411592518
1.5702828411592518
1.5702828411592518
1.5702828411592518
1.5702828411592518
1.5702828411592518
1.5702828411592518
1.5702828411592518
1.5702828411592518
1.5702828411592518
1.5702828411592518
1.5702828411592518
1.5702828411592518
1.5702828411592518
1.5702828411592518
1.5702828411592518
1.5702828411592518
1.5702828411592518
1.5702828411592518
1.5702828411592518
1.5702828411592518
1.5702828411592518
1.5702828411592518
1.5702828411592518
1.5702828411592518
1.5702828411592518
1.5702828411592518
1.5702828411592518
1.5702920311169244
1.5702920311169244
1.5702920311169244
1.5703012965723613
1.570319357645171
1.5703239075811921
1.5703297320500655
1.5703363296047164
1.5703424921022195
1.5703461896174828
1.570350154464841
1.5703554374451567
1.5703587519049587
1.5703607742434023
1.570362938931671
1.5703669013473271
1.5703692788010295
1.5703707052748022
1.5703715611596236
1.5703725749055921
1.5703734447539506
1.5703741136685472
1.57037455880415
1.5703748660423489
1.5703750656524234
1.5703753455312675
1.5703756280893684
1.5703757976242612
1.5703759228948209
1.5703761333778103
1.5703762691189387
1.5703763505636226
1.5703763994304363
1.5703764387296142
1.570376497889659
1.570376535792207
1.5703765589990424
1.5703765762781627
1.570376604552217
1.5703766222255613
1.5703766328295679
1.5703766391919716
1.5703766430094144
1.57037664646679
1.5703766560440735
1.5703766620792248
1.5703766657003153
1.57037666787297
1.5703766691765624
1.5703766727495505
1.5703766764495941
1.5703766786696207
1.5703766804775945
1.5703766829995884
1.5703766845127847
1.570376685420702
1.5703766859654527
1.5703766866164677
1.5703766872517269
1.570376687632882
1.5703766878615755
1.5703766880778447
1.5703766882556052
1.570376688362261
1.5703766884262544
1.5703766884646506
1.5703766884876882
1.5703766885282098
1.5703766885692672
1.5703766885939017
1.5703766886086825
1.5703766886175512
1.5703766886313628
1.5703766886420523
1.5703766886484658
1.5703766886523143
1.570376688654623
1.5703766886581474
1.5703766886625155
1.5703766886651362
1.5703766886667083
1.570376688669284
1.57037668867115
1.5703766886722694
1.5703766886729413
1.570376688673344
1.5703766886737154
1.5703766886741224
1.5703766886743664
1.5703766886745134
1.5703766886746737
1.5703766886748032
1.5703766886748804
1.5703766886749273
1.5703766886750006
1.5703766886750758
1.5703766886751211
1.570376688675148
1.5703766886751802
1.5703766886752042
1.5703766886752188
1.5703766886752277
1.570376688675233
1.5703766886752437
1.5703766886752535
1.5703766886752593
1.5703766886752626
1.5703766886752657
1.5703766886752686
1.5703766886752708
1.570376688675272
1.5703766886752724
1.570376688675273
1.5703766886752741
1.5703766886752748
1.570376688675275
1.5703766886752755
1.5703766886752755
1.5703766886752755
1.5703766886752755
1.5703766886752757
1.5703766886752757
1.5703766886752757
1.5703766886752757
1.5703766886752757
1.5703766886752757
1.5703766886752757
1.5703766886752757
1.5703766886752757
1.5703766886752757
1.5703766886752757
1.5703766886752757
1.5703766886752757
1.5703766886752757
1.5703766886752757
1.5703766886752757
1.5703766886752757
1.5703766886752757
1.5703766886752757
1.5703766886752757
