2.101225454464189
2.101225454464189
2.101225454464189
2.101225454464189
2.101225454464189
2.101225454464189
2.101225454464189
2.101225454464189
2.101225454464189
2.101225454464189
2.101225454464189
2.101225454464189
2.101225454464189
2.101225454464189
2.101225454464189
2.101225454464189
2.101225454464189
2.101225454464189
2.101225454464189
2.101225454464189
2.101225454464189
2.101225454464189
2.101225454464189
2.101225454464189
2.101225454464189
2.101225454464189
2.101225454464189
2.101225454464189
2.101225454464189
2.101225454464189
2.101225454464189
2.101225454464189
2.101225454464189
2.101225454464189
2.101225454464189
2.101264691003899
2.101500101639004
2.1016413456576304
2.1017260912181217
2.1017769382481255
2.101807446355853
2.1018257511807876
2.1018367340614565
2.1019010596696126
2.1019010596696126
2.1019010596696126
2.10191820511477
2.1019293387592586
2.1019367783705856
2.1019403423780534
2.1019429364071884
2.1019544412712357
2.1019555452557928
2.1019595185294104
2.101968370896358
2.1019736823258945
2.1019768691869882
2.101981054910723
2.101985765892377
2.10198885939648
2.1019908473612743
2.101992290385044
2.1019935072292038
2.1019951556023506
2.10199614462641
2.101996777639771
2.1019973233480695
2.101997536546736
2.1019978069960326
2.101998039637439
2.1019981719238614
2.1019982631095964
2.1019983954210386
2.101998515252878
2.1019985871519835
2.101998630291447
2.1019986700380735
2.1019987156725817
2.101998751797662
2.101998774248853
2.1019987945960374
2.101998809346054
2.1019988233778473
2.1019988317969243
2.101998837167204
2.1019988460084362
2.1019988528042832
2.1019988568842654
2.101998860897991
2.1019988639596066
2.1019988661779827
2.1019988675090095
2.1019988683076254
2.101998869141544
2.1019988699836603
2.1019988704889316
2.1019988707920936
2.1019988711400397
2.1019988714853968
2.1019988717059706
2.101998871838314
2.101998872006498
2.1019988721495237
2.101998872235338
2.1019988722868272
2.1019988723264005
2.1019988724183913
2.1019988724746788
2.1019988725084513
2.101998872549745
2.101998872587563
2.101998872610252
2.1019988726238683
2.1019988726427017
2.1019988726618224
2.101998872673295
2.101998872680189
2.1019988726947547
2.1019988727035686
2.101998872708857
2.10199887271203
2.1019988727158823
2.1019988727197743
2.10199887272211
2.1019988727235117
2.101998872724352
2.1019988727272443
2.1019988727293692
2.101998872730643
2.101998872731409
2.101998872731868
2.1019988727323953
2.101998872733265
2.1019988727337853
2.1019988727340984
2.101998872734286
2.1019988727343994
2.1019988727344656
2.101998872734811
2.101998872735091
2.1019988727352596
2.10199887273536
2.1019988727354204
2.1019988727354573
2.1019988727355314
2.1019988727355794
2.101998872735608
2.101998872735648
2.101998872735678
2.1019988727356966
2.101998872735714
2.101998872735728
2.101998872735737
2.1019988727357424
2.1019988727357455
2.1019988727357477
2.1019988727357526
2.101998872735757
2.1019988727357592
2.101998872735761
2.1019988727357632
2.1019988727357646
2.101998872735765
2.1019988727357655
2.101998872735766
2.101998872735766
2.1019988727357664
2.1019988727357664
2.1019988727357664
2.101998872735767
2.101998872735767
2.101998872735767
2.101998872735767
2.101998872735767
2.101998872735767
2.101998872735767
2.101998872735767
2.101998872735767
2.101998872735767
2.101998872735767
2.101998872735767
2.101998872735767
