1.8895490491021951
1.8895490491021951
1.8895490491021951
1.8895490491021951
1.8895490491021951
1.8895490491021951
1.8895490491021951
1.8895490491021951
1.8895490491021951
1.8895490491021951
1.8895490491021951
1.8895490491021951
1.8895490491021951
1.8895490491021951
1.8895490491021951
1.8895490491021951
1.8895490491021951
1.8895490491021951
1.8895490491021951
1.8895490491021951
1.8895490491021951
1.8895490491021951
1.8895490491021951
1.8895490491021951
1.8895490491021951
1.8895490491021951
1.8895490491021951
1.8895490491021951
1.8895490491021951
1.8895490491021951
1.8895490491021951
1.8895490491021951
1.8895490491021951
1.8895490491021951
1.8895490491021951
1.8895490491021951
1.8895490491021951
1.8895490491021951
1.8895490491021951
1.8896350746237847
1.8896350746237847
1.8896350746237847
1.8896350746237847
1.8896350746237847
1.8896350746237847
1.8896350746237847
1.8896350746237847
1.8896350746237847
1.8896350746237847
1.8896350746237847
1.8896350746237847
1.889643364662781
1.889643364662781
1.889643364662781
1.889643364662781
1.889643364662781
1.889644340141353
1.8896456692199441
1.8896456692199441
1.8896481131540792
1.8896481131540792
1.8896481131540792
1.8896519087260102
1.8896524725262138
1.8896539896496225
1.8896555602174554
1.8896565296834291
1.8896573528387837
1.8896586273076756
1.8896593966529258
1.88965998792389
1.8896605074566615
1.8896609278836374
1.88966118269761
1.889661406343573
1.8896615488954636
1.8896616646060462
1.8896617801606994
1.889661847502888
1.889661922650948
1.8896619722184853
1.8896619942088435
1.8896620298634954
1.8896620523765606
1.8896620667851562
1.8896620784024967
1.8896620885733548
1.8896620983799635
1.8896621013834531
1.889662103629431
1.8896621095062711
1.8896621095062711
1.8896621114665442
1.8896621125264628
1.889662113614474
1.8896621152944657
1.889662115777439
1.889662115777439
1.889662116331965
1.8896621167397445
1.8896621168738557
1.889662116962985
1.8896621173656043
1.8896621175459212
1.889662117632689
1.8896621177218236
1.8896621177533572
1.8896621177758037
1.889662117811506
1.8896621178758692
1.8896621178836532
1.8896621179121396
1.889662117950697
1.889662117973831
1.8896621179945057
1.8896621180160516
1.8896621180304474
1.889662118040166
1.8896621180494935
1.8896621180518751
1.8896621180537878
1.8896621180592839
1.889662118063753
1.8896621180670987
1.8896621180688427
1.8896621180705586
1.8896621180719633
1.8896621180725957
1.889662118073183
1.8896621180735962
1.8896621180740134
1.8896621180742843
1.889662118074782
1.8896621180752335
1.8896621180753859
1.8896621180756155
1.8896621180757394
1.8896621180758975
1.8896621180759323
1.8896621180759656
1.889662118076038
1.889662118076072
1.889662118076103
1.8896621180761228
1.8896621180761406
1.8896621180761624
1.8896621180761723
1.8896621180761903
1.889662118076199
1.889662118076206
1.889662118076211
1.889662118076214
1.8896621180762176
1.8896621180762214
1.8896621180762236
1.8896621180762245
1.889662118076226
1.8896621180762279
1.889662118076229
1.8896621180762303
1.8896621180762307
1.889662118076231
1.8896621180762314
1.8896621180762319
1.889662118076233
1.889662118076233
1.8896621180762334
1.8896621180762336
1.8896621180762336
1.8896621180762336
1.8896621180762336
1.8896621180762336
1.8896621180762336
1.8896621180762336
1.8896621180762336
1.8896621180762336
1.8896621180762336
1.8896621180762336
1.8896621180762336
1.8896621180762336
1.8896621180762336
1.8896621180762336
1.8896621180762336
1.8896621180762336
1.8896621180762336
1.8896621180762336
