1.539977182138163
1.539977182138163
1.539977182138163
1.539977182138163
1.539977182138163
1.539977182138163
1.539977182138163
1.539977182138163
1.539977182138163
1.539977182138163
1.539977182138163
1.539977182138163
1.539977182138163
1.539977182138163
1.539977182138163
1.539977182138163
1.539977182138163
1.539977182138163
1.539977182138163
1.539977182138163
1.539977182138163
1.539977182138163
1.539977182138163
1.539977182138163
1.539977182138163
1.539977182138163
1.539977182138163
1.539977182138163
1.539977182138163
1.539977182138163
1.539977182138163
1.539977182138163
1.539977182138163
1.539977182138163
1.539977182138163
1.539977182138163
1.539977182138163
1.539977182138163
1.539977182138163
1.539977182138163
1.539977182138163
1.539977182138163
1.539977182138163
1.539977182138163
1.539977182138163
1.539977182138163
1.539977182138163
1.539977182138163
1.539977182138163
1.539977182138163
1.539977182138163
1.539977182138163
1.539977182138163
1.539977182138163
1.5399778875330088
1.5399778875330088
1.5399778875330088
1.5399778875330088
1.5399791130828355
1.5399817161598643
1.5399819516383124
1.5399843040407373
1.5399843040407373
1.5399843040407373
1.539986073457514
1.539986073457514
1.539986073457514
1.5399865367663703
1.53998709613888
1.5399880632839862
1.5399887463906794
1.5399887463906794
1.5399889514889333
1.5399892251237395
1.5399895350614794
1.5399898553266544
1.5399899453074322
1.5399900696171016
1.5399902730724329
1.5399904109502185
1.5399904936768936
1.5399906464893875
1.5399907351848596
1.5399907867683829
1.5399908415126267
1.5399908777143032
1.5399909116411274
1.5399909259103477
1.5399909456499512
1.5399909620739962
1.5399909720111378
1.5399909793728488
1.5399909987409237
1.5399910020751582
1.5399910020751582
1.5399910089875737
1.5399910089875737
1.539991010036859
1.5399910116249262
1.5399910120031446
1.5399910120031446
1.5399910128884946
1.5399910131030565
1.539991013605438
1.5399910139078234
1.539991014168589
1.5399910145362277
1.539991014700157
1.53999101479945
1.539991014852222
1.5399910149284697
1.539991015050712
1.5399910151148002
1.539991015252654
1.539991015335366
1.5399910153849934
1.539991015529614
1.5399910156249121
1.539991015682091
1.539991015723538
1.539991015750975
1.5399910157649845
1.5399910157765104
1.5399910157765104
1.5399910157819046
1.5399910157819046
1.5399910157819046
1.5399910157819046
1.5399910157834509
1.5399910157834509
1.539991015783673
1.539991015783673
1.539991015783673
1.539991015783673
1.5399910157838992
1.5399910157838992
1.5399910157838992
1.5399910157838992
1.539991015783946
1.539991015783982
1.539991015783982
1.539991015783982
1.5399910157840133
1.5399910157840133
1.5399910157840133
1.5399910157840133
1.5399910157840255
1.5399910157840349
1.5399910157840404
1.5399910157840435
1.5399910157840477
1.5399910157840508
1.5399910157840533
1.539991015784056
1.5399910157840577
1.5399910157840593
1.5399910157840597
1.5399910157840604
1.5399910157840608
1.5399910157840615
1.539991015784062
1.5399910157840622
1.5399910157840624
1.5399910157840624
1.5399910157840626
1.5399910157840626
1.5399910157840626
1.5399910157840626
1.5399910157840626
1.5399910157840626
1.5399910157840626
1.5399910157840626
1.5399910157840626
1.5399910157840626
1.5399910157840626
1.5399910157840626
1.5399910157840626
1.5399910157840626
1.5399910157840626
1.5399910157840626
1.5399910157840626
1.5399910157840626
1.5399910157840626
1.5399910157840626
1.5399910157840626
1.5399910157840626
1.5399910157840626
1.5399910157840626
1.5399910157840626
1.5399910157840626
1.5399910157840626
1.5399910157840626
