2.279512346734692
2.279512346734692
2.279512346734692
2.279512346734692
2.279512346734692
2.279512346734692
2.279512346734692
2.279512346734692
2.279512346734692
2.279512346734692
2.279512346734692
2.279512346734692
2.279512346734692
2.279512346734692
2.279512346734692
2.279512346734692
2.279512346734692
2.279512346734692
2.279512346734692
2.279512346734692
2.279512346734692
2.279512346734692
2.279512346734692
2.279512346734692
2.279512346734692
2.279512346734692
2.279512346734692
2.279512346734692
2.279512346734692
2.279512346734692
2.279512346734692
2.279512346734692
2.279512346734692
2.279512346734692
2.279512346734692
2.279512346734692
2.279512346734692
2.279512346734692
2.279512346734692
2.279512346734692
2.279512346734692
2.279512346734692
2.279512346734692
2.279512346734692
2.279512346734692
2.279512346734692
2.279513548557966
2.279513548557966
2.279513548557966
2.2795206725852832
2.2795206725852832
2.2795206725852832
2.2795206725852832
2.279526135487031
2.2795285046265605
2.2795285046265605
2.2795308405085786
2.2795308405085786
2.2795308405085786
2.2795308405085786
2.279531623690516
2.2795325554071946
2.279533615548106
2.279534271591104
2.279534363253606
2.2795347726813824
2.2795355492801916
2.279535898996326
2.2795361937001606
2.2795365320129415
2.2795367350006304
2.2795369346972767
2.2795370818939005
2.279537170929037
2.279537242834024
2.2795375408195313
2.2795375470172914
2.279537641695281
2.2795377359503792
2.2795378075407764
2.2795378584927533
2.279537890913949
2.2795379017656
2.2795379780095124
2.279537991694499
2.2795380006102532
2.279538035417313
2.279538049012206
2.2795380641650014
2.2795380710368547
2.279538074095535
2.2795380779467354
2.279538085840484
2.2795380904797655
2.2795380932633336
2.279538096853206
2.2795381003313246
2.2795381031750765
2.2795381048813277
2.279538105926962
2.2795381069912692
2.2795381090159568
2.2795381094282106
2.2795381106700097
2.279538111788874
2.2795381124601932
2.2795381128629844
2.279538113110912
2.279538113793741
2.2795381145382168
2.279538114984902
2.2795381152529126
2.2795381154422514
2.2795381160271653
2.2795381161476107
2.2795381161476107
2.2795381161476107
2.279538116294615
2.279538116294615
2.279538116294615
2.279538116294615
2.279538116312474
2.2795381163276125
2.2795381163276125
2.2795381163443125
2.2795381163524997
2.2795381163574127
2.2795381163603596
2.279538116362128
2.279538116367332
2.2795381163795034
2.279538116387062
2.2795381163894524
2.2795381163922253
2.2795381163928594
2.2795381163955444
2.2795381163974455
2.2795381163986708
2.2795381163992703
2.279538116399681
2.2795381164000355
2.279538116401222
2.279538116401991
2.2795381164025286
2.279538116402971
2.279538116403453
2.2795381164037565
2.2795381164039563
2.2795381164040998
2.2795381164042747
2.279538116404437
2.279538116404533
2.2795381164045967
2.2795381164046424
2.279538116404683
2.2795381164047184
2.2795381164047464
2.2795381164047632
2.2795381164047734
2.279538116404779
2.2795381164047877
2.279538116404797
2.279538116404802
2.2795381164048063
2.2795381164048085
2.279538116404811
2.2795381164048134
2.279538116404815
2.2795381164048165
2.2795381164048174
2.2795381164048187
2.279538116404819
2.27953811640482
2.2795381164048205
2.279538116404821
2.279538116404821
2.2795381164048214
2.2795381164048214
2.2795381164048214
2.2795381164048214
2.2795381164048214
2.2795381164048214
2.2795381164048214
2.2795381164048214
2.2795381164048214
2.2795381164048214
2.2795381164048214
2.2795381164048214
