2.2413293483977554
2.2413293483977554
2.2413293483977554
2.2413293483977554
2.2413293483977554
2.2413293483977554
2.2413293483977554
2.2413293483977554
2.2413293483977554
2.2413293483977554
2.2413293483977554
2.2413293483977554
2.2413293483977554
2.2413293483977554
2.2413293483977554
2.2413293483977554
2.2413293483977554
2.2413293483977554
2.2413293483977554
2.2413293483977554
2.2413293483977554
2.2413293483977554
2.2413293483977554
2.2413293483977554
2.2413293483977554
2.2413293483977554
2.2413293483977554
2.2413293483977554
2.2413293483977554
2.2413293483977554
2.2413293483977554
2.2413293483977554
2.2413293483977554
2.2413293483977554
2.2413293483977554
2.2413293483977554
2.2413293483977554
2.2413293483977554
2.2413293483977554
2.2413293483977554
2.2413293483977554
2.2413293483977554
2.2413293483977554
2.2413293483977554
2.2413293483977554
2.2413293483977554
2.2413293483977554
2.2413293483977554
2.2413293483977554
2.2413293483977554
2.241344424351273
2.241344424351273
2.241344424351273
2.2413752406732934
2.2413752406732934
2.2413752406732934
2.2413752406732934
2.241387033559666
2.2413970899299795
2.241404207818986
2.2414068465095025
2.2414103670109653
2.241412296956803
2.241414701342693
2.241417194619642
2.241420675898917
2.241423063166687
2.2414244977223463
2.2414269456948173
2.241428422938125
2.241428422938125
2.2414296437844112
2.2414309398954058
2.2414318298156117
2.241432440508814
2.2414330478997977
2.2414336623624274
2.2414340639170156
2.2414340639170156
2.241434122820687
2.2414342660993114
2.241434350303564
2.2414343903930396
2.2414344151179195
2.2414344399365733
2.2414344548277656
2.2414345225437575
2.241434525167373
2.241434530077365
2.241434530077365
2.241434530077365
2.241434533405391
2.241434533405391
2.241434533405391
2.241434533405391
2.241434533405391
2.241434533405391
2.241434533405391
2.241434533405391
2.241434533405391
2.241434533405391
2.241434533405391
2.241434533405391
2.241434533405391
2.241434534094349
2.241434534094349
2.241434534094349
2.241434534094349
2.241434534094349
2.241434534094349
2.241434534094349
2.241434534094349
2.241434534094349
2.241434534094349
2.241434534094349
2.241434534094349
2.241434534094349
2.2414345341084476
2.2414345341084476
2.2414345341084476
2.2414345341084476
2.2414345341084476
2.2414345341084476
2.2414345341084476
2.2414345341084476
2.2414345341107347
2.2414345341107347
2.2414345341107347
2.2414345341107347
2.2414345341107347
2.2414345341107347
2.2414345341107347
2.2414345341122615
2.2414345341122615
2.2414345341122615
2.2414345341122615
2.24143453411234
2.24143453411234
2.24143453411234
2.24143453411239
2.24143453411239
2.24143453411239
2.2414345341124022
2.2414345341124022
2.2414345341124022
2.2414345341124022
2.2414345341124022
2.2414345341124022
2.2414345341124022
2.2414345341124022
2.2414345341124022
2.2414345341124022
2.2414345341124022
2.241434534112409
2.241434534112409
2.241434534112409
2.241434534112409
2.241434534112409
2.241434534112409
2.241434534112409
2.241434534112409
2.241434534112409
2.241434534112409
2.241434534112409
2.241434534112409
2.2414345341124093
2.2414345341124093
2.2414345341124093
2.2414345341124093
2.2414345341124093
2.2414345341124093
2.2414345341124093
2.2414345341124093
2.2414345341124093
2.2414345341124093
2.2414345341124093
2.2414345341124093
2.2414345341124093
2.2414345341124093
2.2414345341124093
2.2414345341124093
2.2414345341124093
2.2414345341124093
2.2414345341124093
2.2414345341124093
2.2414345341124093
