10.954085304472565
10.954085304472565
10.954085304472565
10.954085304472565
10.954085304472565
10.954085304472565
10.954085304472565
10.954085304472565
10.954085304472565
10.954085304472565
10.954085304472565
10.954085304472565
10.954085304472565
10.954085304472565
10.954085304472565
10.954085304472565
10.954085304472565
10.954085304472565
10.954085304472565
10.954085304472565
10.954085304472565
10.954085304472565
10.954085304472565
10.954085304472565
10.954085304472565
10.954085304472565
10.954085304472565
10.954085304472565
10.954085304472565
10.954085304472565
10.954085304472565
10.954085304472565
10.954085304472565
10.954085304472565
10.954085304472565
10.954085304472565
10.954085304472565
10.954085304472565
10.954085304472565
10.954085304472565
10.954085304472565
10.954085304472565
10.954085304472565
10.954085304472565
10.954085304472565
10.954085304472565
10.954085304472565
10.954085304472565
10.954085304472565
10.954085304472565
10.954085304472565
10.954085304472565
10.954085304472565
10.954085304472565
10.954109929079603
10.954109929079603
10.954109929079603
10.954109929079603
10.954109929079603
10.954134357564657
10.954160691271927
10.954176491509442
10.954187148360031
10.954207488277037
10.954224538108113
10.95423649316635
10.954244514398093
10.954252783901122
10.9542579734189
10.95426145344335
10.95426491292727
10.95426802904403
10.954270825134468
10.95427253857196
10.95427253857196
10.954273780719351
10.954274488172231
10.954274796742155
10.954275112815019
10.954275476476523
10.954275831438132
10.954276112731089
10.954276333515962
10.95427643686653
10.954276508265453
10.954276508265453
10.954276551689343
10.954276551689343
10.954276551689343
10.954276551689343
10.954276551689343
10.954276551689343
10.954276551689343
10.954276551689343
10.954276551689343
10.954276551689343
10.954276551689343
10.954276551689343
10.954276551689343
10.954276551689343
10.954276551689343
10.954276552081932
10.954276552081932
10.954276552081932
10.954276552599515
10.954276552599515
10.954276552599515
10.954276552599515
10.954276552599515
10.954276553013687
10.954276553369496
10.954276553369496
10.954276553369496
10.954276553402485
10.954276553575726
10.954276553687158
10.954276553754017
10.954276553794136
10.954276553835422
10.954276553937436
10.954276553997781
10.954276554039424
10.954276554067238
10.95427655412381
10.954276554159895
10.95427655418155
10.954276554194541
10.954276554209988
10.95427655422973
10.954276554246313
10.954276554259028
10.954276554265098
10.954276554272447
10.954276554277403
10.954276554280375
10.954276554283698
10.95427655428741
10.954276554289667
10.954276554292068
10.95427655429421
10.954276554295713
10.954276554296614
10.954276554297152
10.95427655429785
10.954276554298598
10.954276554299046
10.954276554299438
10.954276554299886
10.954276554300167
10.954276554300336
10.954276554300437
10.9542765543005
10.954276554300641
10.954276554300732
10.954276554300783
10.954276554300817
10.954276554300865
10.9542765543009
10.954276554300922
10.954276554300936
10.954276554300948
10.954276554300966
10.954276554300977
10.954276554300982
10.95427655430099
10.954276554300998
10.954276554301003
10.954276554301005
10.954276554301007
10.954276554301007
10.954276554301012
10.954276554301014
10.954276554301016
10.954276554301016
10.954276554301016
10.954276554301016
10.954276554301016
10.954276554301016
10.954276554301016
10.954276554301016
10.954276554301016
10.954276554301016
10.954276554301016
10.954276554301016
10.954276554301016
10.954276554301016
