1.7477527744356403
1.7477527744356403
1.7477527744356403
1.7477527744356403
1.7477527744356403
1.7477527744356403
1.7477527744356403
1.7477527744356403
1.7477527744356403
1.7477527744356403
1.7477527744356403
1.7477527744356403
1.7477527744356403
1.7477527744356403
1.7477527744356403
1.7477527744356403
1.7477527744356403
1.7477527744356403
1.7477527744356403
1.7477527744356403
1.7477527744356403
1.7477527744356403
1.7477527744356403
1.7477527744356403
1.7477527744356403
1.7477527744356403
1.7477527744356403
1.7477527744356403
1.7477527744356403
1.7477527744356403
1.7477527744356403
1.7477527744356403
1.7477527744356403
1.7477527744356403
1.7477527744356403
1.7477527744356403
1.7477527744356403
1.7477527744356403
1.7477527744356403
1.7477527744356403
1.7477527744356403
1.7477527744356403
1.7477527744356403
1.7477527744356403
1.7477527744356403
1.7477527744356403
1.7477527744356403
1.7477527744356403
1.7477558468951353
1.7477558468951353
1.7477558468951353
1.7477558468951353
1.747758361560697
1.747758361560697
1.747758361560697
1.747758361560697
1.7477599184715067
1.7477599184715067
1.7477637235314805
1.747763822736615
1.747763822736615
1.7477638593793248
1.7477644288490861
1.747764526506953
1.747764526506953
1.7477647397490537
1.7477647737754707
1.7477648800523131
1.7477651638525997
1.747765604864883
1.747765604864883
1.7477656987702406
1.7477660701896616
1.7477661630112475
1.7477663161337014
1.7477665241992022
1.7477666151374065
1.7477666182011276
1.7477668966822053
1.7477668966822053
1.7477669615734663
1.747767014622856
1.747767068250365
1.7477670917069388
1.747767094992022
1.747767117629498
1.747767140496402
1.7477671652514224
1.7477671801044352
1.7477671939023833
1.7477672104151347
1.7477672284225978
1.7477672369043316
1.7477672474647044
1.747767258324108
1.747767265849725
1.747767271569335
1.7477672784167309
1.747767282259801
1.747767285920139
1.7477672868270895
1.747767289615865
1.7477672922345846
1.7477672940322717
1.7477672949600815
1.747767295878718
1.7477672964847497
1.7477672969541527
1.7477672973178329
1.747767297536041
1.7477672976758742
1.7477672978420482
1.7477672980029242
1.7477672980637637
1.7477672981364756
1.7477672981981642
1.747767298259548
1.7477672983006012
1.7477672983313948
1.7477672983572103
1.7477672983949546
1.7477672984049022
1.7477672984123602
1.7477672984234642
1.7477672984307484
1.747767298436753
1.7477672984403563
1.7477672984425174
1.7477672984438148
1.7477672984472217
1.7477672984492685
1.7477672984513233
1.7477672984525559
1.7477672984536607
1.7477672984546353
1.7477672984552197
1.7477672984556663
1.747767298456061
1.7477672984563737
1.7477672984565822
1.7477672984567527
1.7477672984568553
1.7477672984569552
1.7477672984570096
1.74776729845703
1.747767298457073
1.7477672984570993
1.7477672984571142
1.747767298457124
1.7477672984571542
1.747767298457184
1.7477672984572021
1.7477672984572135
1.7477672984572303
1.747767298457247
1.7477672984572594
1.7477672984572665
1.7477672984572696
1.7477672984572745
1.7477672984572767
1.7477672984572783
1.74776729845728
1.7477672984572812
1.747767298457282
1.7477672984572823
1.7477672984572825
1.7477672984572825
1.7477672984572825
1.7477672984572825
1.7477672984572825
1.7477672984572825
1.7477672984572825
1.7477672984572825
1.7477672984572825
1.7477672984572825
1.7477672984572825
1.7477672984572825
1.7477672984572825
1.7477672984572825
1.7477672984572825
1.7477672984572825
1.7477672984572825
1.7477672984572825
1.7477672984572825
1.7477672984572825
1.7477672984572825
1.7477672984572825
1.7477672984572825
1.7477672984572825
1.7477672984572825
1.7477672984572825
1.7477672984572825
1.7477672984572825
1.7477672984572825
