1.110893551320571
1.110893551320571
1.110893551320571
1.110893551320571
1.110893551320571
1.110893551320571
1.110893551320571
1.110893551320571
1.110893551320571
1.110893551320571
1.110893551320571
1.110893551320571
1.110893551320571
1.110893551320571
1.110893551320571
1.110893551320571
1.110893551320571
1.110893551320571
1.110893551320571
1.110893551320571
1.110893551320571
1.110893551320571
1.110893551320571
1.110893551320571
1.110893551320571
1.110893551320571
1.110893551320571
1.110893551320571
1.110893551320571
1.110893551320571
1.110893551320571
1.110893551320571
1.110893551320571
1.110893551320571
1.110893551320571
1.110893551320571
1.110893551320571
1.110893551320571
1.110893551320571
1.110893551320571
1.110893551320571
1.110893551320571
1.110893551320571
1.110893551320571
1.110893551320571
1.110893551320571
1.110893551320571
1.110893551320571
1.110893551320571
1.110893551320571
1.110893551320571
1.110893551320571
1.110893551320571
1.110893551320571
1.110893551320571
1.110893551320571
1.110893551320571
1.1108936729542365
1.1108936729542365
1.1108936729542365
1.1108936729542365
1.1108936897502006
1.1108936897502006
1.1108936897502006
1.1108936897502006
1.1108938857953303
1.1108938857953303
1.1108938857953303
1.1108938857953303
1.1108939387729897
1.1108939705750516
1.1108940316055906
1.1108940743218572
1.11089416903885
1.1108942732013112
1.1108943846458286
1.110894441691369
1.1108945044191942
1.1108945274617974
1.110894561293361
1.110894599495609
1.1108946174119783
1.1108946306620466
1.1108946514713296
1.1108946655779661
1.1108946799467847
1.1108946885680757
1.1108946952266627
1.1108947090667745
1.11089471861692
1.1108947243470069
1.1108947278211223
1.110894730544896
1.110894734459081
1.1108947390205017
1.1108947417573538
1.1108947433994654
1.1108947451461433
1.1108947469346195
1.1108947480077054
1.110894748651557
1.110894749149294
1.110894749648892
1.110894749952698
1.1108947501631097
1.1108947503908735
1.1108947507291385
1.1108947509320974
1.110894751053873
1.1108947511269383
1.1108947512170346
1.1108947513078111
1.110894751362318
1.1108947513992555
1.1108947514214185
1.1108947514497496
1.110894751470411
1.1108947514828078
1.1108947514902459
1.1108947514957286
1.110894751499269
1.1108947515013936
1.1108947515044756
1.1108947515073961
1.1108947515091485
1.1108947515102001
1.1108947515111218
1.110894751512423
1.1108947515132521
1.110894751513793
1.1108947515141177
1.1108947515144512
1.1108947515148127
1.110894751515031
1.110894751515162
1.110894751515361
1.11089475151553
1.1108947515156316
1.1108947515156924
1.1108947515157306
1.1108947515157597
1.1108947515158076
1.1108947515158387
1.1108947515158574
1.110894751515869
1.1108947515158831
1.1108947515158913
1.1108947515158965
1.1108947515159013
1.1108947515159069
1.1108947515159104
1.1108947515159127
1.110894751515915
1.1108947515159169
1.110894751515918
1.1108947515159187
1.1108947515159193
1.1108947515159202
1.1108947515159204
1.1108947515159207
1.1108947515159207
1.1108947515159207
1.1108947515159207
1.1108947515159207
1.1108947515159207
1.1108947515159207
1.1108947515159207
1.1108947515159207
1.1108947515159207
1.1108947515159207
1.1108947515159207
1.1108947515159207
1.1108947515159207
1.1108947515159207
1.1108947515159207
1.1108947515159207
1.1108947515159207
1.1108947515159207
1.1108947515159207
1.1108947515159207
1.1108947515159207
1.1108947515159207
1.1108947515159207
1.1108947515159207
1.1108947515159207
1.1108947515159207
1.1108947515159207
1.1108947515159207
