2.5777837213894066
2.5777837213894066
2.5777837213894066
2.5777837213894066
2.5777837213894066
2.5777837213894066
2.5777837213894066
2.5777837213894066
2.5777837213894066
2.5777837213894066
2.5777837213894066
2.5777837213894066
2.5777837213894066
2.5777837213894066
2.5777837213894066
2.5777837213894066
2.5777837213894066
2.5777837213894066
2.5777837213894066
2.5777837213894066
2.5777837213894066
2.5777837213894066
2.5777837213894066
2.5777837213894066
2.5777837213894066
2.5777837213894066
2.5777837213894066
2.5777837213894066
2.5777837213894066
2.5777837213894066
2.5777837213894066
2.5777837213894066
2.5777837213894066
2.5777837213894066
2.5777837213894066
2.5777837213894066
2.5777837213894066
2.5777837213894066
2.5777837213894066
2.5777837213894066
2.5777837213894066
2.5777837213894066
2.5777837213894066
2.5777837213894066
2.5777837213894066
2.5777837213894066
2.5777837213894066
2.5777837213894066
2.5777837213894066
2.5777837213894066
2.5777837213894066
2.5777837213894066
2.5777838223705327
2.5777838223705327
2.577785655318148
2.5777873160839087
2.577788312540167
2.577788910412772
2.577789269135919
2.5777894843696587
2.577789613509849
2.577792204563571
2.577792401463978
2.5777955832564925
2.577797492334424
2.577798637782055
2.5777993250509486
2.5778007502254314
2.5778018212685105
2.577802463894644
2.577802951537443
2.5778032196965044
2.577803881996069
2.577804001353317
2.577804304834037
2.577804518760393
2.577804691674018
2.5778048016904873
2.577804863394406
2.5778049188229493
2.5778050550906646
2.5778050550906646
2.5778050976330724
2.577805175154121
2.577805175154121
2.577805268281124
2.577805311092969
2.577805358585245
2.577805389066681
2.5778054261895598
2.5778054517592173
2.577805467101012
2.5778054789412828
2.577805493128266
2.577805503537218
2.577805510838249
2.577805515218868
2.577805517847239
2.577805522325368
2.5778055258534383
2.577805528945931
2.577805529281327
2.577805531092196
2.5778055324005096
2.5778055331854977
2.57780553365649
2.577805533939085
2.5778055344730455
2.577805534964378
2.577805535308983
2.5778055355163034
2.5778055356406964
2.5778055357377267
2.5778055358286314
2.5778055358996848
2.5778055359617658
2.577805536003554
2.577805536045487
2.5778055360758136
2.5778055361049144
2.5778055361249392
2.5778055361385896
2.577805536146779
2.5778055361524332
2.577805536156467
2.5778055361604957
2.5778055361646466
2.5778055361680114
2.5778055361700303
2.5778055361721184
2.577805536174124
2.5778055361754575
2.5778055361763506
2.577805536177443
2.5778055361782246
2.577805536178693
2.577805536178974
2.5778055361791807
2.5778055361794516
2.577805536179742
2.577805536179926
2.5778055361800374
2.577805536180105
2.577805536180256
2.577805536180379
2.5778055361804517
2.577805536180498
2.5778055361805783
2.577805536180642
2.57780553618068
2.5778055361807026
2.577805536180716
2.577805536180745
2.577805536180771
2.5778055361807866
2.5778055361807963
2.5778055361808025
2.5778055361808145
2.5778055361808234
2.5778055361808287
2.577805536180834
2.5778055361808394
2.5778055361808434
2.5778055361808447
2.5778055361808465
2.577805536180848
2.577805536180849
2.57780553618085
2.5778055361808505
2.5778055361808505
2.5778055361808505
2.5778055361808505
2.5778055361808505
2.5778055361808505
2.5778055361808505
2.5778055361808505
2.5778055361808505
2.5778055361808505
2.5778055361808505
2.5778055361808505
2.5778055361808505
2.5778055361808505
2.5778055361808505
2.5778055361808505
2.5778055361808505
2.5778055361808505
2.5778055361808505
2.5778055361808505
2.5778055361808505
2.5778055361808505
2.5778055361808505
2.5778055361808505
2.5778055361808505
2.5778055361808505
