1.6555530657368738
1.6555530657368738
1.6555530657368738
1.6555530657368738
1.6555530657368738
1.6555530657368738
1.6555530657368738
1.6555530657368738
1.6555530657368738
1.6555530657368738
1.6555530657368738
1.6555530657368738
1.6555530657368738
1.6555530657368738
1.6555530657368738
1.6555530657368738
1.6555530657368738
1.6555530657368738
1.6555530657368738
1.6555530657368738
1.6555530657368738
1.6555530657368738
1.6555530657368738
1.6555530657368738
1.6555530657368738
1.6555530657368738
1.6555530657368738
1.6555530657368738
1.6555530657368738
1.6555530657368738
1.6555530657368738
1.6555530657368738
1.6555530657368738
1.6555530657368738
1.6555530657368738
1.6555530657368738
1.6555530657368738
1.6555530657368738
1.6555530657368738
1.6555530657368738
1.6555530657368738
1.6555530657368738
1.6555530657368738
1.6555530657368738
1.6555530657368738
1.6555530657368738
1.6555530657368738
1.6555530657368738
1.6555530657368738
1.6555530657368738
1.6555530657368738
1.6555530657368738
1.6555530657368738
1.6555542750245742
1.6555542750245742
1.6555542750245742
1.6555551129791655
1.6555551129791655
1.6555551129791655
1.6555553899643989
1.655555650024567
1.655556002556808
1.6555560828341402
1.6555563700559248
1.6555565423890546
1.6555566345752664
1.6555567285681139
1.6555568678393642
1.655556906048085
1.6555570112964797
1.655557096254146
1.65555714722875
1.6555571778135136
1.6555572203704543
1.655557249643793
1.6555572764312656
1.6555572886569483
1.6555573006995776
1.655557309810961
1.6555573201552705
1.6555573217012622
1.655557324979976
1.6555573261541408
1.6555573283930163
1.6555573291378416
1.6555573297671673
1.655557330231746
1.6555573308938913
1.6555573311088192
1.6555573315208412
1.6555573317579115
1.6555573319001544
1.655557331990758
1.6555573321163868
1.6555573322071848
1.655557332272581
1.6555573323211286
1.6555573323742487
1.6555573324131982
1.6555573324365678
1.6555573324505894
1.6555573324665072
1.6555573324821908
1.6555573324916015
1.6555573325030235
1.6555573325030235
1.6555573325220205
1.655557332525235
1.655557332525235
1.6555573325323294
1.6555573325372475
1.655557332540684
1.6555573325442994
1.6555573325462714
1.65555733254831
1.6555573325495332
1.6555573325507078
1.655557332550824
1.6555573325514485
1.6555573325518231
1.6555573325522166
1.6555573325526292
1.6555573325530808
1.6555573325535848
1.6555573325539232
1.6555573325541264
1.655557332554269
1.6555573325545168
1.6555573325546875
1.6555573325547899
1.6555573325548523
1.6555573325549817
1.6555573325550992
1.6555573325551693
1.6555573325552186
1.6555573325553
1.655557332555349
1.6555573325553787
1.6555573325553967
1.655557332555429
1.6555573325554502
1.6555573325554631
1.6555573325554709
1.6555573325554755
1.6555573325554787
1.655557332555487
1.6555573325554922
1.6555573325554953
1.655557332555497
1.6555573325554997
1.6555573325555017
1.6555573325555029
1.6555573325555037
1.6555573325555042
1.6555573325555046
1.655557332555505
1.6555573325555057
1.6555573325555057
1.6555573325555057
1.6555573325555057
1.6555573325555057
1.6555573325555057
1.6555573325555057
1.6555573325555057
1.6555573325555057
1.6555573325555057
1.6555573325555057
1.6555573325555057
1.6555573325555057
1.6555573325555057
1.6555573325555057
1.6555573325555057
1.6555573325555057
1.6555573325555057
1.6555573325555057
1.6555573325555057
1.6555573325555057
1.6555573325555057
1.6555573325555057
