2.0139913504558695
2.0139913504558695
2.0139913504558695
2.0139913504558695
2.0139913504558695
2.0139913504558695
2.0139913504558695
2.0139913504558695
2.0139913504558695
2.0139913504558695
2.0139913504558695
2.0139913504558695
2.0139913504558695
2.0139913504558695
2.0139913504558695
2.0139913504558695
2.0139913504558695
2.0139913504558695
2.0139913504558695
2.0139913504558695
2.0139913504558695
2.0139913504558695
2.0139913504558695
2.0139913504558695
2.0139913504558695
2.0139913504558695
2.0139913504558695
2.0139913504558695
2.0139913504558695
2.0139913504558695
2.0139913504558695
2.0139913504558695
2.0139913504558695
2.0139913504558695
2.0139913504558695
2.0139913504558695
2.0139913504558695
2.0139913504558695
2.0139913504558695
2.0139913504558695
2.0139913504558695
2.0139913504558695
2.0139913504558695
2.0139913504558695
2.0139913504558695
2.0139913504558695
2.0139913504558695
2.0139913504558695
2.0139913504558695
2.0139913504558695
2.0139913504558695
2.0139913504558695
2.0139913504558695
2.0139913504558695
2.0139913504558695
2.0139913504558695
2.0139913504558695
2.0139913504558695
2.0139913504558695
2.013992013053233
2.013992013053233
2.013992013053233
2.0139968610587147
2.0139968610587147
2.0139968610587147
2.0139968610587147
2.0139983206755265
2.0140006993184425
2.0140018885961575
2.0140033102723267
2.0140041232207206
2.014004627733372
2.014005499524768
2.0140059676736355
2.0140061431256364
2.014006413369328
2.0140067808295474
2.0140070020812684
2.01400725016392
2.014007399013524
2.01400748832329
2.014007552170217
2.014007655375781
2.014007792111796
2.0140078410080555
2.014007848109926
2.0140078918429825
2.014007918521384
2.014007925647357
2.0140079470598926
2.014007955559815
2.0140079634806507
2.0140079703656575
2.0140079745114825
2.0140079781661524
2.0140079781661524
2.014007979622313
2.0140079804274698
2.0140079809635716
2.014007981285232
2.0140079816708627
2.0140079826124
2.0140079840969234
2.014007984987638
2.014007985522067
2.014007985842724
2.014007986247764
2.0140079865247
2.014007986719043
2.0140079868199985
2.0140079870233536
2.014007987160464
2.01400798724273
2.0140079872920893
2.014007987326746
2.0140079873826378
2.0140079874262953
2.0140079874549355
2.0140079874776204
2.014007987504453
2.01400798751751
2.014007987524968
2.0140079875339176
2.0140079875414436
2.0140079875456944
2.0140079875493724
2.014007987551029
2.0140079875539167
2.014007987554933
2.014007987555958
2.0140079875568935
2.0140079875576697
2.014007987558237
2.014007987558577
2.0140079875587817
2.014007987558904
2.0140079875590584
2.0140079875592054
2.0140079875593253
2.0140079875594656
2.0140079875595536
2.0140079875596064
2.014007987559685
2.014007987559748
2.014007987559785
2.014007987559815
2.0140079875598382
2.014007987559848
2.0140079875598604
2.0140079875598644
2.0140079875598738
2.0140079875598786
2.0140079875598818
2.014007987559884
2.014007987559887
2.014007987559889
2.0140079875598897
2.014007987559891
2.0140079875598915
2.014007987559892
2.0140079875598924
2.014007987559893
2.014007987559893
2.014007987559893
2.014007987559893
2.014007987559893
2.014007987559893
2.014007987559893
2.014007987559893
2.014007987559893
2.014007987559893
2.014007987559893
2.014007987559893
2.014007987559893
2.014007987559893
2.014007987559893
2.014007987559893
2.014007987559893
2.014007987559893
2.014007987559893
2.014007987559893
2.014007987559893
2.014007987559893
2.014007987559893
2.014007987559893
2.014007987559893
2.014007987559893
2.014007987559893
2.014007987559893
