1.5726529381926886
1.5726529381926886
1.5726529381926886
1.5726529381926886
1.5726529381926886
1.5726529381926886
1.5726529381926886
1.5726529381926886
1.5726529381926886
1.5726529381926886
1.5726529381926886
1.5726529381926886
1.5726529381926886
1.5726529381926886
1.5726529381926886
1.5726529381926886
1.5726529381926886
1.5726529381926886
1.5726529381926886
1.5726529381926886
1.5735754188127258
1.5735754188127258
1.5735754188127258
1.5735754188127258
1.5735754188127258
1.5735754188127258
1.5735754188127258
1.5735754188127258
1.5735754188127258
1.5735754188127258
1.5735754188127258
1.5735846894094176
1.573749251209424
1.5738479893985173
1.5739072327111305
1.5739427788423705
1.573964106572831
1.5739769032297242
1.5739845812305613
1.5739891880334764
1.574046756994345
1.574046756994345
1.574046756994345
1.574056644468562
1.5740650608625835
1.574070110706488
1.5740731406155284
1.5740749585619238
1.5740760493301105
1.574076703791148
1.5740788964597097
1.5740788964597097
1.5740794146155261
1.5740800801221135
1.574083171120775
1.574083171120775
1.574083171120775
1.5740850032950868
1.5740859691779874
1.574086261846232
1.5740871219131485
1.5740876784894327
1.574088178682792
1.5740890718439666
1.5740898425607923
1.5740903049909283
1.5740903049909283
1.574090487369968
1.5740907093029572
1.5740907546900162
1.5740908840026941
1.5740910270714037
1.5740911129126305
1.5740911644173667
1.5740912109875687
1.5740912739274633
1.5740912739274633
1.574091331156533
1.5740913395424982
1.574091365794041
1.5740913886787087
1.574091402409509
1.574091420676057
1.5740914403683095
1.574091452183661
1.5740914592728719
1.5740914674118704
1.574091477456535
1.5740914834833342
1.5740914870994134
1.5740914899167422
1.5740914929116632
1.5740914948544489
1.5740914960201204
1.574091496719523
1.574091497243847
1.5740914979501832
1.5740914984501724
1.5740914987501655
1.5740914990433768
1.5740914993761261
1.5740914995757762
1.5740914996955662
1.5740914997806459
1.5740914998573652
1.5740914999210933
1.5740914999595246
1.5740914999956912
1.5740915000187747
1.5740915000385758
1.5740915000538866
1.5740915000656397
1.5740915000742772
1.5740915000804807
1.5740915000858748
1.5740915000899347
1.5740915000929026
1.5740915000948983
1.57409150009674
1.5740915000984141
1.574091500099475
1.5740915001001683
1.5740915001006062
1.5740915001013187
1.5740915001020022
1.5740915001024123
1.5740915001026579
1.5740915001028055
1.5740915001028943
1.5740915001029476
1.5740915001031932
1.5740915001034135
1.5740915001035451
1.574091500103624
1.5740915001037308
1.5740915001038096
1.574091500103857
1.574091500103898
1.574091500103938
1.5740915001039621
1.5740915001039761
1.574091500103985
1.5740915001039921
1.5740915001039986
1.5740915001040028
1.574091500104005
1.5740915001040066
1.5740915001040086
1.57409150010401
1.5740915001040112
1.5740915001040119
1.5740915001040123
1.5740915001040126
1.5740915001040132
1.5740915001040139
1.5740915001040139
1.574091500104014
1.5740915001040143
1.5740915001040143
1.5740915001040146
1.574091500104015
1.574091500104015
1.574091500104015
1.574091500104015
1.574091500104015
1.574091500104015
1.574091500104015
1.574091500104015
1.574091500104015
1.574091500104015
1.574091500104015
1.574091500104015
1.574091500104015
1.574091500104015
1.574091500104015
1.574091500104015
1.574091500104015
1.574091500104015
1.574091500104015
1.574091500104015
1.574091500104015
1.574091500104015
1.574091500104015
1.574091500104015
1.574091500104015
1.574091500104015
1.574091500104015
