2.2851447944006025
2.2851447944006025
2.2851447944006025
2.2851447944006025
2.2851447944006025
2.2851447944006025
2.2851447944006025
2.2851447944006025
2.2851447944006025
2.2851447944006025
2.2851447944006025
2.2851447944006025
2.2851447944006025
2.2851447944006025
2.2851447944006025
2.2851447944006025
2.2851447944006025
2.2851447944006025
2.2851447944006025
2.2851447944006025
2.2851447944006025
2.2851447944006025
2.2851447944006025
2.2851447944006025
2.2851447944006025
2.2851447944006025
2.2851447944006025
2.2851447944006025
2.2851447944006025
2.2851447944006025
2.2851447944006025
2.2851447944006025
2.2851447944006025
2.2851447944006025
2.2851447944006025
2.2851447944006025
2.2851447944006025
2.2851447944006025
2.2851447944006025
2.2851447944006025
2.2851447944006025
2.2851447944006025
2.2851447944006025
2.2851447944006025
2.2851447944006025
2.2851447944006025
2.2851447944006025
2.2851447944006025
2.2851447944006025
2.2851447944006025
2.2851447944006025
2.2851447944006025
2.2851447944006025
2.2851449027986552
2.2851449027986552
2.2851449027986552
2.2851449027986552
2.2851462088146675
2.2851521456014394
2.285156942980252
2.2851598214115447
2.285163896909321
2.2851670738071
2.2851713895840033
2.285172571466983
2.2851741473645153
2.285175882246546
2.2851771999426034
2.285178140582043
2.285179200247587
2.2851800455955793
2.28518059351057
2.285180922259591
2.2851811195090126
2.2851812652904617
2.285181511528072
2.28518176606201
2.2851819312792383
2.285182030409581
2.2851821242785
2.285182284051349
2.285182380488016
2.2851824383500174
2.285182477610194
2.2851825158847867
2.2851825479367407
2.285182568891809
2.285182583117367
2.285182591652702
2.285182596773904
2.2851826001640485
2.2851826060280134
2.2851826114680263
2.2851826147909344
2.285182618053944
2.2851826215481
2.2851826236445922
2.2851826251083285
2.2851826265979973
2.285182627617435
2.285182628264283
2.2851826286523926
2.285182628885258
2.28518262903175
2.2851826291216755
2.285182629275803
2.285182629417598
2.285182629502676
2.2851826295573585
2.285182629595112
2.285182629617763
2.285182629650844
2.285182629683163
2.2851826297030855
2.2851826297150395
2.2851826297222115
2.2851826297323026
2.285182629743804
2.2851826297512186
2.285182629755791
2.2851826297585345
2.285182629763701
2.2851826297705267
2.285182629774624
2.285182629777081
2.2851826297795967
2.2851826297837827
2.285182629786294
2.285182629787801
2.2851826297887046
2.2851826297900053
2.2851826297920117
2.2851826297932165
2.2851826297939386
2.285182629795148
2.285182629796011
2.285182629796529
2.285182629796839
2.2851826297972506
2.285182629797579
2.2851826297977755
2.2851826297978937
2.2851826297980447
2.2851826297982107
2.285182629798312
2.285182629798371
2.285182629798447
2.285182629798528
2.2851826297985767
2.285182629798606
2.285182629798636
2.2851826297986686
2.2851826297986895
2.285182629798701
2.2851826297987086
2.285182629798721
2.285182629798731
2.2851826297987365
2.2851826297987405
2.2851826297987445
2.2851826297987476
2.285182629798749
2.2851826297987508
2.2851826297987516
2.2851826297987525
2.2851826297987525
2.285182629798753
2.2851826297987547
2.2851826297987547
2.2851826297987547
2.2851826297987556
2.2851826297987556
2.2851826297987556
2.2851826297987556
2.285182629798756
2.285182629798756
2.285182629798756
2.285182629798756
2.285182629798756
2.285182629798756
2.285182629798756
2.285182629798756
2.285182629798756
2.285182629798756
2.285182629798756
2.285182629798756
2.285182629798756
