2.3049914836719214
2.3049914836719214
2.3049914836719214
2.3049914836719214
2.3049914836719214
2.3049914836719214
2.3049914836719214
2.3049914836719214
2.3049914836719214
2.3049914836719214
2.3049914836719214
2.3049914836719214
2.3049914836719214
2.3049914836719214
2.3049914836719214
2.3049914836719214
2.3049914836719214
2.3049914836719214
2.3049914836719214
2.3049914836719214
2.3049914836719214
2.3049914836719214
2.3049914836719214
2.3049914836719214
2.3049914836719214
2.3049914836719214
2.3049914836719214
2.3049914836719214
2.3049914836719214
2.3049914836719214
2.3049914836719214
2.3049914836719214
2.3049914836719214
2.3049914836719214
2.3049914836719214
2.3049914836719214
2.3049914836719214
2.3049914836719214
2.3049914836719214
2.3049914836719214
2.3049914836719214
2.3049914836719214
2.3049914836719214
2.3049914836719214
2.3051077326846303
2.305207437588385
2.305267260535219
2.3053031543049562
2.3053246905673865
2.3053376123250544
2.305369857787569
2.305369857787569
2.3053755338845647
2.305381967039141
2.3053870375065504
2.3053905781879984
2.3053977311548013
2.3054024995547078
2.3054053605930416
2.3054070772154622
2.3054081499010923
2.3054113562323435
2.3054141209371384
2.3054158598572583
2.305416903209585
2.3054175292210735
2.305417904828
2.305419265568917
2.305420937635493
2.305421719001879
2.3054222837886282
2.305422745407229
2.3054234664406965
2.3054241354745666
2.3054245368948934
2.3054247777470906
2.3054250769485116
2.3054255020687706
2.30542576586583
2.3054259296824595
2.3054260420376114
2.305426195273614
2.305426302211073
2.305426366373549
2.3054264048710356
2.305426430512879
2.305426456324971
2.3054264751327733
2.3054264889162797
2.3054265003067274
2.3054265128175184
2.3054265207893523
2.3054265255724533
2.3054265313720848
2.305426539069708
2.305426543746579
2.3054265470051947
2.3054265513648264
2.305426554026249
2.3054265556231015
2.3054265566685292
2.3054265581919315
2.305426559142215
2.3054265597123855
2.3054265601113877
2.305426560674611
2.305426561019759
2.305426561226848
2.305426561351101
2.305426561495427
2.3054265616324177
2.3054265617146124
2.305426561764363
2.3054265618361187
2.3054265618872054
2.305426561917858
2.3054265619438916
2.3054265619751906
2.3054265619943046
2.3054265620057732
2.305426562019597
2.3054265620305174
2.3054265620370704
2.305426562041002
2.305426562045425
2.3054265620499304
2.305426562052662
2.3054265620543015
2.3054265620552847
2.3054265620575842
2.305426562059553
2.3054265620607346
2.3054265620615775
2.3054265620625527
2.305426562063142
2.3054265620634955
2.305426562063709
2.305426562063952
2.3054265620641052
2.3054265620641976
2.305426562064253
2.3054265620642864
2.3054265620643326
2.3054265620643646
2.3054265620643837
2.3054265620643974
2.305426562064417
2.305426562064428
2.305426562064435
2.305426562064439
2.305426562064442
2.305426562064443
2.3054265620644476
2.3054265620644503
2.305426562064452
2.3054265620644534
2.3054265620644547
2.305426562064457
2.305426562064458
2.3054265620644587
2.305426562064459
2.30542656206446
2.30542656206446
2.30542656206446
2.305426562064461
2.305426562064461
2.305426562064461
2.305426562064461
2.305426562064461
2.305426562064461
2.305426562064461
2.305426562064461
2.305426562064461
2.305426562064461
2.305426562064461
2.305426562064461
2.305426562064461
2.305426562064461
2.305426562064461
2.305426562064461
2.305426562064461
2.305426562064461
2.305426562064461
2.305426562064461
2.305426562064461
2.305426562064461
2.305426562064461
2.305426562064461
2.305426562064461
2.305426562064461
