2.115471755067471
2.115471755067471
2.115471755067471
2.115471755067471
2.115471755067471
2.115471755067471
2.115471755067471
2.115471755067471
2.115471755067471
2.115471755067471
2.115471755067471
2.115471755067471
2.115471755067471
2.115471755067471
2.115471755067471
2.115471755067471
2.115471755067471
2.115471755067471
2.115471755067471
2.115471755067471
2.115471755067471
2.115471755067471
2.115471755067471
2.115471755067471
2.115471755067471
2.115471755067471
2.115471755067471
2.115471755067471
2.115471755067471
2.115471755067471
2.115471755067471
2.115471755067471
2.115471755067471
2.115471755067471
2.115471755067471
2.115471755067471
2.115471755067471
2.115471755067471
2.115471755067471
2.115471755067471
2.115471755067471
2.115471755067471
2.115471755067471
2.115471755067471
2.115471755067471
2.115471755067471
2.115471755067471
2.115471755067471
2.115471755067471
2.115471755067471
2.115471755067471
2.115471755067471
2.115471755067471
2.115471755067471
2.115471755067471
2.115471755067471
2.115471755067471
2.1154722609768126
2.1154722609768126
2.1154722609768126
2.1154722609768126
2.115474081068455
2.115474081068455
2.115474081068455
2.1154748345619137
2.115474911344327
2.115474911344327
2.115474911344327
2.1154755024080556
2.1154755024080556
2.1154765331338035
2.1154768539602262
2.1154782118663222
2.1154784883857816
2.1154786281958406
2.1154788914821006
2.115479144034205
2.1154792603142436
2.115479278390658
2.1154793798120517
2.115479521287113
2.1154795931564485
2.1154796713574724
2.115479786451096
2.1154798344840122
2.115479886127685
2.1154799383702985
2.115479977560525
2.1154799977642624
2.115480014927217
2.115480034098555
2.115480045845767
2.115480052894096
2.1154800596388523
2.1154800636192173
2.1154800693750944
2.1154800717932685
2.1154800742897555
2.115480075873293
2.115480076660426
2.115480078107457
2.1154800785927037
2.1154800794010304
2.115480079856137
2.1154800802081
2.1154800805658853
2.1154800805734486
2.1154800806385747
2.115480080688674
2.1154800807187355
2.1154800809228727
2.1154800809228727
2.115480080935299
2.115480081088803
2.11548008114852
2.1154800812089856
2.1154800812411203
2.115480081329208
2.115480081359126
2.1154800813824726
2.1154800814085233
2.1154800814345687
2.1154800814502948
2.115480081459577
2.115480081465206
2.1154800814698547
2.115480081476499
2.1154800814830996
2.115480081487061
2.115480081489934
2.115480081492055
2.1154800814936765
2.1154800814964285
2.115480081498798
2.1154800815002206
2.1154800815012416
2.1154800815021555
2.115480081503301
2.1154800815041264
2.1154800815046215
2.1154800815049826
2.1154800815053667
2.115480081505602
2.115480081505745
2.1154800815058543
2.1154800815059254
2.1154800815059946
2.1154800815060675
2.115480081506116
2.1154800815061496
2.115480081506185
2.115480081506214
2.115480081506234
2.115480081506245
2.1154800815062544
2.115480081506263
2.1154800815062695
2.1154800815062735
2.115480081506276
2.1154800815062784
2.115480081506281
2.1154800815062833
2.115480081506285
2.1154800815062855
2.1154800815062864
2.115480081506287
2.1154800815062873
2.1154800815062873
2.115480081506288
2.115480081506288
2.115480081506288
2.115480081506288
2.115480081506288
2.115480081506288
2.115480081506288
2.115480081506288
2.115480081506288
2.115480081506288
2.115480081506288
2.115480081506288
2.115480081506288
2.115480081506288
2.115480081506288
2.115480081506288
2.115480081506288
2.115480081506288
2.115480081506288
2.115480081506288
2.115480081506288
2.115480081506288
2.115480081506288
