1.9570079959136433
1.9570079959136433
1.9570079959136433
1.9570079959136433
1.9570079959136433
1.9570079959136433
1.9570079959136433
1.9570079959136433
1.9570079959136433
1.9570079959136433
1.9570079959136433
1.9570079959136433
1.9570079959136433
1.9570079959136433
1.9570079959136433
1.9570079959136433
1.9570079959136433
1.9570079959136433
1.9570079959136433
1.9570079959136433
1.9570079959136433
1.9570079959136433
1.9570079959136433
1.9570079959136433
1.9570079959136433
1.9570079959136433
1.9570079959136433
1.9570079959136433
1.9574992421626909
1.9574992421626909
1.9574992421626909
1.9574992421626909
1.9574992421626909
1.9574992421626909
1.9574992421626909
1.9574992421626909
1.9574992421626909
1.9574992421626909
1.9574992421626909
1.9574992421626909
1.9574992421626909
1.9574992421626909
1.9575033096102394
1.9575033096102394
1.9575033096102394
1.9575033096102394
1.9575033096102394
1.9575033096102394
1.9575033096102394
1.9575068261119155
1.9575068261119155
1.9575070883448809
1.9575080985360156
1.9575091817318813
1.9575093404993282
1.9575097220085433
1.957511996995197
1.957511996995197
1.957511996995197
1.9575125604696553
1.9575133075711095
1.9575147448888142
1.9575147448888142
1.9575154227713005
1.957515584466416
1.9575161045167675
1.957516532012254
1.9575165876779377
1.9575168126136668
1.9575169470542169
1.9575171781495084
1.9575173805870183
1.9575175020495221
1.9575175915842833
1.9575177336345002
1.9575178188646283
1.957517870002705
1.957517917004178
1.9575179467412147
1.9575179662540463
1.9575179662540463
1.9575179771330076
1.9575179836401388
1.9575179842341979
1.9575179873124844
1.9575179874912538
1.9575179894395789
1.9575179936602867
1.9575179964440053
1.9575179981142368
1.9575179992507137
1.957518001848785
1.957518003459617
1.9575180044261156
1.9575180050800935
1.9575180065065132
1.957518007436025
1.9575180079937324
1.9575180087946153
1.957518009418275
1.9575180097924703
1.9575180100169878
1.9575180103786782
1.9575180106822052
1.9575180108643209
1.9575180109735906
1.9575180111429884
1.9575180113033381
1.9575180113995478
1.9575180114572737
1.9575180115268191
1.9575180115890396
1.9575180116263722
1.9575180116487716
1.9575180116622113
1.9575180116702753
1.9575180117024793
1.9575180117301716
1.9575180117467865
1.9575180117567563
1.9575180117627378
1.9575180117663264
1.9575180117707573
1.9575180117749207
1.9575180117774185
1.9575180117789173
1.9575180117805755
1.9575180117823128
1.9575180117833548
1.9575180117839803
1.9575180117843554
1.9575180117851112
1.9575180117856759
1.9575180117860147
1.9575180117862179
1.9575180117865032
1.9575180117869209
1.9575180117871716
1.957518011787322
1.9575180117874122
1.9575180117876039
1.9575180117877622
1.9575180117878577
1.9575180117879145
1.9575180117879845
1.9575180117880346
1.9575180117880642
1.9575180117880902
1.9575180117881175
1.9575180117881343
1.957518011788144
1.95751801178815
1.9575180117881537
1.9575180117881557
1.9575180117881614
1.9575180117881668
1.95751801178817
1.9575180117881716
1.9575180117881732
1.9575180117881739
1.9575180117881759
1.9575180117881767
1.9575180117881772
1.9575180117881779
1.9575180117881783
1.9575180117881785
1.957518011788179
1.957518011788179
1.9575180117881792
1.9575180117881794
1.9575180117881799
1.95751801178818
1.95751801178818
1.95751801178818
1.95751801178818
1.95751801178818
1.95751801178818
1.95751801178818
1.95751801178818
1.95751801178818
1.95751801178818
