1.6539332464959735
1.6539332464959735
1.6539332464959735
1.6539332464959735
1.6539332464959735
1.6539332464959735
1.6539332464959735
1.6539332464959735
1.6539332464959735
1.6539332464959735
1.6539332464959735
1.6539332464959735
1.6539332464959735
1.6539332464959735
1.6539332464959735
1.6539332464959735
1.6539332464959735
1.6539332464959735
1.6539332464959735
1.6539332464959735
1.6539332464959735
1.6539332464959735
1.6539332464959735
1.6539332464959735
1.6539332464959735
1.6539332464959735
1.6539332464959735
1.6539332464959735
1.6539332464959735
1.6539332464959735
1.6539332464959735
1.6539332464959735
1.6539332464959735
1.6539332464959735
1.6539332464959735
1.6539332464959735
1.6539332464959735
1.6539332464959735
1.6539332464959735
1.6539332464959735
1.6539332464959735
1.6539332464959735
1.6539332464959735
1.6539332464959735
1.6539332464959735
1.6539332464959735
1.6539332464959735
1.6539332464959735
1.6539332464959735
1.6539332464959735
1.6539332464959735
1.6539332464959735
1.6539332464959735
1.6539332464959735
1.6539332464959735
1.6539332464959735
1.6539332464959735
1.6539332464959735
1.6539332464959735
1.6539332464959735
1.6539332464959735
1.6539332464959735
1.6539332464959735
1.6539335746600532
1.6539335885788278
1.6539336002765852
1.6539337903264777
1.6539338580474456
1.6539339634480084
1.6539340199825985
1.6539340895104142
1.6539342084571678
1.6539342864903672
1.653934520314469
1.6539345940019845
1.6539346991835098
1.6539347482353806
1.6539347617211555
1.6539348113722616
1.6539348201917188
1.653934836379348
1.653934836379348
1.6539348372691602
1.6539348439055488
1.6539348515695578
1.6539348529197306
1.6539348534896414
1.653934855422559
1.6539348593868817
1.6539348612377947
1.6539348623483423
1.6539348630243562
1.653934864658332
1.6539348659128472
1.653934866735157
1.65393486844169
1.6539348696859093
1.6539348700348921
1.6539348705064438
1.6539348708280042
1.653934871163397
1.6539348713988702
1.6539348714962732
1.653934871657243
1.6539348718072544
1.6539348718084743
1.6539348718237632
1.6539348718652294
1.6539348718875888
1.6539348719208908
1.6539348719364513
1.653934871947384
1.6539348719691034
1.6539348719847329
1.6539348719941107
1.6539348719997375
1.6539348720006282
1.6539348720050442
1.653934872008668
1.6539348720112772
1.653934872013005
1.6539348720153821
1.6539348720163365
1.6539348720174327
1.6539348720184603
1.6539348720187297
1.6539348720191467
1.6539348720195923
1.6539348720198146
1.653934872019988
1.653934872020171
1.6539348720203741
1.6539348720205131
1.6539348720206026
1.653934872020694
1.6539348720207574
1.6539348720207938
1.6539348720208202
1.6539348720208553
1.6539348720208802
1.6539348720208948
1.6539348720209035
1.6539348720209104
1.6539348720209288
1.6539348720209386
1.6539348720209481
1.6539348720209512
1.6539348720209512
1.6539348720209557
1.6539348720209583
1.6539348720209597
1.6539348720209601
1.6539348720209621
1.653934872020963
1.6539348720209643
1.6539348720209648
1.653934872020966
1.6539348720209661
1.6539348720209666
1.6539348720209666
1.6539348720209666
1.6539348720209666
1.6539348720209668
1.6539348720209668
1.6539348720209668
1.6539348720209668
1.6539348720209668
1.6539348720209668
1.6539348720209668
1.6539348720209668
1.6539348720209668
1.6539348720209668
1.6539348720209668
1.6539348720209668
1.6539348720209668
1.6539348720209668
1.6539348720209668
1.6539348720209668
1.6539348720209668
1.6539348720209668
