2.531375767177174
2.531375767177174
2.531375767177174
2.531375767177174
2.531375767177174
2.531375767177174
2.531375767177174
2.531375767177174
2.531375767177174
2.531375767177174
2.531375767177174
2.531375767177174
2.531375767177174
2.531375767177174
2.531375767177174
2.531375767177174
2.531375767177174
2.531375767177174
2.531375767177174
2.531375767177174
2.531375767177174
2.531375767177174
2.531375767177174
2.531375767177174
2.531375767177174
2.531375767177174
2.531375767177174
2.531375767177174
2.531375767177174
2.531375767177174
2.531375767177174
2.531375767177174
2.531375767177174
2.531375767177174
2.531375767177174
2.531375767177174
2.531375767177174
2.531375767177174
2.531375767177174
2.531375767177174
2.531375767177174
2.531375767177174
2.531375767177174
2.531375767177174
2.531375767177174
2.531375767177174
2.531375767177174
2.531375767177174
2.531375767177174
2.531375767177174
2.531375767177174
2.531375767177174
2.531375767177174
2.531375767177174
2.531375767177174
2.531375767177174
2.531375767177174
2.531375767177174
2.531375767177174
2.531375767177174
2.531375767177174
2.531377158549464
2.531377158549464
2.531377158549464
2.531377158549464
2.531377158549464
2.531378087954799
2.531378087954799
2.5313787212145473
2.5313797025336515
2.531380227265495
2.5313804478495863
2.5313808004458664
2.531381260076293
2.531381465169214
2.5313815882249733
2.5313816667695788
2.531382018740414
2.531382259737608
2.531382443323257
2.5313825194692137
2.5313826152201884
2.531382731300234
2.531382798504008
2.5313828532719773
2.531382875733492
2.5313829140536654
2.5313829530646106
2.531382975503301
2.53138299298401
2.5313830030536577
2.5313830212012585
2.5313830325585913
2.5313830402903363
2.5313830441948286
2.5313830489629825
2.5313830523006073
2.5313830552774848
2.5313830573089597
2.531383059633809
2.531383061483013
2.531383062546229
2.5313830632896144
2.5313830641840616
2.5313830647207296
2.5313830649324127
2.531383065184326
2.5313830653354734
2.5313830653354734
2.5313830654240204
2.531383065648041
2.5313830657209304
2.5313830657980887
2.531383065867614
2.5313830659055663
2.531383065947535
2.5313830659854215
2.5313830659868115
2.5313830660088708
2.5313830660119003
2.5313830660211005
2.531383066028235
2.531383066033591
2.5313830660373715
2.531383066044697
2.531383066049141
2.531383066052042
2.531383066056709
2.531383066058091
2.531383066060025
2.531383066061185
2.531383066062751
2.531383066065039
2.531383066066494
2.5313830660675007
2.5313830660679395
2.5313830660682237
2.531383066068817
2.531383066069358
2.531383066069682
2.531383066069877
2.5313830660701764
2.531383066070226
2.5313830660704335
2.5313830660704615
2.5313830660705174
2.531383066070556
2.5313830660706085
2.5313830660706222
2.531383066070684
2.531383066070705
2.5313830660707284
2.5313830660707413
2.531383066070754
2.5313830660707617
2.531383066070767
2.5313830660707697
2.531383066070772
2.5313830660707723
2.5313830660707746
2.531383066070777
2.5313830660707777
2.5313830660707786
2.531383066070779
2.53138306607078
2.5313830660707812
2.531383066070782
2.5313830660707826
2.5313830660707826
2.5313830660707826
2.531383066070783
2.5313830660707834
2.5313830660707834
2.5313830660707834
2.5313830660707834
2.5313830660707834
2.5313830660707834
2.5313830660707834
2.5313830660707834
2.5313830660707834
2.5313830660707834
2.5313830660707834
2.5313830660707834
2.5313830660707834
2.5313830660707834
2.5313830660707834
2.5313830660707834
2.5313830660707834
2.5313830660707834
2.5313830660707834
2.5313830660707834
2.5313830660707834
