1.4838118506693125
1.4838118506693125
1.4838118506693125
1.4838118506693125
1.4838118506693125
1.4838118506693125
1.4838118506693125
1.4838118506693125
1.4838118506693125
1.4838118506693125
1.4838118506693125
1.4838118506693125
1.4838118506693125
1.4838118506693125
1.4838118506693125
1.4838118506693125
1.4838118506693125
1.4838118506693125
1.4838118506693125
1.4838118506693125
1.4838118506693125
1.4838118506693125
1.4838118506693125
1.4838118506693125
1.4838118506693125
1.4838118506693125
1.4838118506693125
1.4838118506693125
1.4838118506693125
1.4838118506693125
1.4838118506693125
1.4838118506693125
1.4838118506693125
1.4838118506693125
1.4838118506693125
1.4838118506693125
1.4838118506693125
1.4838118506693125
1.4838118506693125
1.4838118506693125
1.4838118506693125
1.4838118506693125
1.4838118506693125
1.4838118506693125
1.4838118506693125
1.483883985698159
1.483883985698159
1.483883985698159
1.483883985698159
1.483900524519192
1.4839113289398183
1.4839113289398183
1.4839133589613098
1.4839324194925043
1.4839324194925043
1.4839324194925043
1.4839349613583654
1.48393959007489
1.4839418001803786
1.483943126246641
1.4839440348691877
1.4839457937312506
1.4839481345884018
1.4839495467655381
1.4839504573628801
1.4839512080468116
1.4839523894835163
1.483953098346323
1.4839535236642898
1.4839537847097661
1.4839539482320558
1.4839543379533702
1.4839546014876501
1.4839547614429354
1.483954857416125
1.4839549150000455
1.4839551576145265
1.4839553304573079
1.4839554341629955
1.483955496386414
1.483955620538682
1.4839557085886124
1.4839557614185752
1.4839558068355874
1.4839558609390424
1.483955893401117
1.4839559128783626
1.4839559390984394
1.4839559574656056
1.4839559684859054
1.4839559750980853
1.4839559810212724
1.483955989339029
1.483955994329683
1.4839559973240755
1.483955999120711
1.4839560009560329
1.4839560027445016
1.4839560038175823
1.483956004664153
1.4839560056680017
1.483956006270311
1.4839560066316964
1.4839560068485276
1.4839560070400275
1.483956007258559
1.4839560073898352
1.483956007468601
1.4839560075791083
1.483956007649305
1.4839560076914227
1.4839560077265082
1.4839560077683716
1.4839560077935297
1.4839560078086247
1.4839560078207943
1.4839560078440959
1.483956007858077
1.483956007866465
1.4839560078755547
1.4839560078875762
1.483956007894789
1.4839560078991167
1.4839560079017131
1.4839560079032712
1.4839560079073102
1.4839560079101635
1.4839560079118757
1.4839560079129028
1.483956007915417
1.4839560079171017
1.4839560079181129
1.4839560079187195
1.483956007919237
1.483956007920057
1.4839560079205494
1.483956007920845
1.4839560079212313
1.4839560079215124
1.4839560079216816
1.4839560079217828
1.4839560079218745
1.4839560079220016
1.4839560079220777
1.4839560079221235
1.483956007922151
1.4839560079221756
1.4839560079222067
1.4839560079222256
1.4839560079222367
1.4839560079222518
1.483956007922262
1.4839560079222682
1.4839560079222718
1.483956007922274
1.4839560079222769
1.483956007922279
1.4839560079222807
1.4839560079222813
1.483956007922282
1.4839560079222829
1.4839560079222835
1.4839560079222838
1.483956007922284
1.4839560079222842
1.4839560079222844
1.4839560079222844
1.4839560079222844
1.4839560079222847
1.4839560079222847
1.4839560079222849
1.4839560079222849
1.4839560079222849
1.4839560079222849
1.4839560079222849
1.4839560079222849
1.4839560079222849
1.4839560079222849
1.4839560079222849
1.4839560079222849
1.4839560079222849
1.4839560079222849
1.4839560079222849
1.4839560079222849
1.4839560079222849
1.4839560079222849
1.4839560079222849
1.4839560079222849
1.4839560079222849
