2.5016059263345927
2.5016059263345927
2.5016059263345927
2.5016059263345927
2.5016059263345927
2.5016059263345927
2.5016059263345927
2.5016059263345927
2.5016059263345927
2.5016059263345927
2.5016059263345927
2.5016059263345927
2.5016059263345927
2.5016059263345927
2.5016059263345927
2.5016059263345927
2.5016059263345927
2.5016059263345927
2.5016059263345927
2.5016059263345927
2.5016059263345927
2.5016059263345927
2.5016059263345927
2.5016059263345927
2.5016059263345927
2.5016059263345927
2.5016059263345927
2.5016059263345927
2.5016059263345927
2.5016059263345927
2.5016059263345927
2.5016059263345927
2.5016059263345927
2.5016059263345927
2.5016059263345927
2.5016059263345927
2.5016059263345927
2.5016059263345927
2.5016059263345927
2.5016059263345927
2.5016059263345927
2.5016059263345927
2.5016059263345927
2.5016059263345927
2.5016059263345927
2.5016059263345927
2.5016059263345927
2.5016059263345927
2.5016059263345927
2.5016059263345927
2.5016059263345927
2.5016059263345927
2.5016059263345927
2.5016122998097194
2.5016122998097194
2.5016140992227927
2.5016140992227927
2.5016140992227927
2.5016198680917183
2.5016285997302163
2.5016285997302163
2.5016285997302163
2.5016320601005932
2.5016320601005932
2.5016369215541996
2.5016401589988866
2.501642101465603
2.501643296404291
2.501644315270779
2.501646398009187
2.501648816596869
2.501650073745193
2.5016510335511795
2.501651901178549
2.5016525112997274
2.5016528773724263
2.501653244161587
2.5016535511535496
2.5016537535551353
2.501653987285128
2.5016543189789973
2.501654528447192
2.5016546685397345
2.501654806317701
2.5016548889844814
2.5016549437165967
2.5016549869590663
2.5016550231547163
2.501655059073856
2.5016550839564653
2.5016551012970702
2.501655121344377
2.501655137008014
2.5016551464061956
2.5016551520987793
2.501655156572381
2.5016551631521775
2.501655167829306
2.501655170968475
2.5016551728647785
2.50165517400256
2.501655176270378
2.501655178152976
2.5016551792825346
2.501655180018426
2.501655181055475
2.501655181879661
2.501655182374173
2.5016551826708806
2.5016551828489044
2.501655182955719
2.5016551830198073
2.5016551833299427
2.501655183530421
2.501655183650707
2.501655183725564
2.501655183836332
2.5016551839104704
2.501655183954954
2.501655183999298
2.501655184034095
2.5016551840549726
2.501655184068979
2.501655184087773
2.501655184099336
2.501655184106275
2.501655184110438
2.501655184112936
2.501655184117587
2.5016551841206893
2.50165518412255
2.501655184123667
2.5016551841248647
2.5016551841263173
2.5016551841271886
2.5016551841277117
2.501655184128457
2.5016551841291155
2.5016551841295116
2.5016551841297483
2.5016551841298935
2.5016551841300276
2.5016551841301555
2.501655184130232
2.5016551841302785
2.501655184130306
2.501655184130359
2.5016551841303967
2.5016551841304207
2.501655184130442
2.501655184130461
2.501655184130473
2.5016551841304793
2.5016551841304837
2.501655184130487
2.5016551841304886
2.5016551841304926
2.5016551841304944
2.5016551841304957
2.5016551841304975
2.501655184130499
2.5016551841305
2.5016551841305006
2.5016551841305006
2.501655184130502
2.5016551841305024
2.501655184130503
2.501655184130503
2.501655184130503
2.5016551841305033
2.5016551841305037
2.5016551841305037
2.5016551841305046
2.5016551841305046
2.5016551841305046
2.5016551841305046
2.5016551841305046
2.5016551841305046
2.5016551841305046
2.5016551841305046
2.5016551841305046
2.5016551841305046
2.5016551841305046
2.5016551841305046
2.5016551841305046
2.5016551841305046
2.5016551841305046
2.5016551841305046
2.5016551841305046
2.5016551841305046
2.5016551841305046
2.5016551841305046
