2.7467946493931326
2.7467946493931326
2.7467946493931326
2.7467946493931326
2.7467946493931326
2.7467946493931326
2.7467946493931326
2.7467946493931326
2.7467946493931326
2.7467946493931326
2.7467946493931326
2.7467946493931326
2.7467946493931326
2.7467946493931326
2.7467946493931326
2.7467946493931326
2.7467946493931326
2.7467946493931326
2.7467946493931326
2.7467946493931326
2.7467946493931326
2.7467946493931326
2.7467946493931326
2.7467946493931326
2.7467946493931326
2.7467946493931326
2.7467946493931326
2.7467946493931326
2.7467946493931326
2.7467946493931326
2.7467946493931326
2.7467946493931326
2.7467946493931326
2.7467946493931326
2.7467946493931326
2.7467946493931326
2.7467946493931326
2.7467946493931326
2.7467946493931326
2.7467946493931326
2.7467946493931326
2.7467946493931326
2.7467946493931326
2.7467946493931326
2.7467946493931326
2.7467946493931326
2.7467946493931326
2.7467946493931326
2.7467984578385574
2.7467984578385574
2.7467984578385574
2.746805646806035
2.746805646806035
2.746805646806035
2.7468091866705278
2.7468091866705278
2.7468091866705278
2.7468138651196083
2.7468138651196083
2.7468138651196083
2.74681417744184
2.746815737134518
2.7468166074651337
2.746816886752324
2.7468175658002094
2.7468179743752326
2.7468183516920077
2.7468186566383883
2.7468189643911054
2.7468191957410206
2.7468193345509686
2.7468194178369374
2.7468195173462204
2.746819646939819
2.746819736765045
2.7468197541131607
2.7468197541131607
2.7468197736431224
2.7468197911385066
2.7468198157251127
2.7468198280001337
2.746819835365146
2.7468198455827944
2.746819866943352
2.746819879759687
2.7468198877717924
2.746819893850665
2.7468199020629784
2.746819906990367
2.7468199099468
2.746819911912978
2.7468199144524386
2.7468199169402716
2.746819918552643
2.746819919593348
2.746819920929776
2.746819921731632
2.7468199222127447
2.746819922501414
2.746819922674615
2.7468199228582835
2.7468199232489776
2.7468199234863797
2.7468199236318895
2.7468199237191953
2.7468199237715782
2.7468199238030087
2.746819923959998
2.746819924058457
2.746819924117532
2.746819924152978
2.746819924174245
2.7468199242028297
2.746819924236485
2.746819924256679
2.7468199242687943
2.746819924289952
2.7468199243094786
2.7468199243211955
2.746819924328226
2.7468199243324434
2.7468199243349742
2.7468199243411786
2.7468199243490106
2.746819924353709
2.746819924356528
2.7468199243595524
2.746819924362424
2.746819924364146
2.7468199243651785
2.7468199243657994
2.746819924366623
2.7468199243672475
2.7468199243676223
2.7468199243678475
2.746819924368144
2.7468199243684612
2.746819924368651
2.7468199243687654
2.746819924368834
2.7468199243689138
2.7468199243690226
2.7468199243690874
2.7468199243691265
2.746819924369177
2.746819924369241
2.7468199243692806
2.7468199243693046
2.7468199243693183
2.7468199243693263
2.7468199243693614
2.7468199243693907
2.7468199243694085
2.7468199243694187
2.746819924369426
2.7468199243694364
2.746819924369446
2.7468199243694515
2.746819924369456
2.746819924369461
2.746819924369463
2.7468199243694644
2.7468199243694658
2.7468199243694666
2.746819924369468
2.746819924369468
2.7468199243694684
2.7468199243694684
2.7468199243694684
2.7468199243694684
2.7468199243694684
2.7468199243694684
2.7468199243694684
2.7468199243694684
2.7468199243694684
2.7468199243694684
2.7468199243694684
2.7468199243694684
2.7468199243694684
2.7468199243694684
2.7468199243694684
2.7468199243694684
2.7468199243694684
2.7468199243694684
