1.272568030746376
1.272568030746376
1.272568030746376
1.272568030746376
1.272568030746376
1.272568030746376
1.272568030746376
1.272568030746376
1.272568030746376
1.272568030746376
1.272568030746376
1.272568030746376
1.272568030746376
1.272568030746376
1.272568030746376
1.272568030746376
1.272568030746376
1.272568030746376
1.272568030746376
1.272568030746376
1.272568030746376
1.272568030746376
1.272568030746376
1.272568030746376
1.272568030746376
1.272568030746376
1.272568030746376
1.272568030746376
1.272568030746376
1.272568030746376
1.272568030746376
1.272568030746376
1.272568030746376
1.272568030746376
1.272568030746376
1.272568030746376
1.272568030746376
1.272568030746376
1.272568030746376
1.272568030746376
1.272568030746376
1.272568030746376
1.272568030746376
1.272568030746376
1.272568030746376
1.272568030746376
1.272568030746376
1.272568030746376
1.272568030746376
1.272568030746376
1.272568030746376
1.272568030746376
1.272568030746376
1.272568982613976
1.272568982613976
1.272568982613976
1.272568982613976
1.2725697173855663
1.2725709033954942
1.2725716149965984
1.2725716149965984
1.272571977930592
1.2725731360797172
1.2725739469007458
1.272574411827089
1.2725751607080644
1.2725755365846454
1.2725757726256313
1.2725760216119861
1.2725762422756903
1.272576412250681
1.272576694845495
1.2725767812397857
1.2725768561105288
1.2725769403766036
1.272576995198843
1.2725770507416874
1.2725771008575084
1.2725771486358701
1.2725771688199905
1.2725771915524189
1.2725772051918756
1.2725772164092848
1.272577234494368
1.2725772467778558
1.2725772541479483
1.2725772616557578
1.2725772701496063
1.2725772765872432
1.2725772804498252
1.2725772852265989
1.272577287580873
1.2725772915620799
1.2725772927998837
1.2725772953220431
1.2725772974193024
1.2725772985933297
1.272577299550696
1.2725773001251162
1.2725773009932468
1.2725773014960242
1.2725773021422129
1.272577302378108
1.2725773026500267
1.272577303065393
1.272577303317392
1.272577303468591
1.2725773035593106
1.2725773036137422
1.2725773037522379
1.2725773038693606
1.2725773039412869
1.272577304006407
1.2725773040904345
1.2725773041387938
1.2725773041678092
1.2725773041852189
1.2725773041956645
1.2725773042221822
1.2725773042514958
1.2725773042684598
1.2725773042684598
1.2725773042823592
1.272577304290375
1.2725773042926962
1.272577304297807
1.272577304299914
1.2725773043023867
1.272577304304421
1.272577304305695
1.2725773043067858
1.272577304307226
1.2725773043083042
1.2725773043087758
1.272577304308795
1.272577304309268
1.272577304309469
1.2725773043096678
1.272577304309791
1.2725773043098862
1.2725773043099085
1.2725773043099449
1.2725773043099666
1.2725773043100155
1.2725773043100352
1.2725773043100514
1.2725773043100794
1.2725773043100976
1.2725773043101043
1.272577304310113
1.272577304310127
1.272577304310128
1.2725773043101345
1.2725773043101374
1.2725773043101405
1.2725773043101423
1.2725773043101438
1.2725773043101452
1.2725773043101458
1.2725773043101465
1.272577304310147
1.2725773043101476
1.2725773043101476
1.2725773043101476
1.272577304310148
1.272577304310148
1.272577304310148
1.2725773043101485
1.2725773043101487
1.2725773043101487
1.2725773043101487
1.2725773043101487
1.272577304310149
1.272577304310149
1.272577304310149
1.2725773043101491
1.2725773043101491
1.2725773043101491
1.2725773043101491
1.2725773043101491
1.2725773043101491
1.2725773043101491
1.2725773043101491
1.2725773043101491
