2.109641866948309
2.109641866948309
2.109641866948309
2.109641866948309
2.109641866948309
2.109641866948309
2.109641866948309
2.109641866948309
2.109641866948309
2.109641866948309
2.109641866948309
2.109641866948309
2.109641866948309
2.109641866948309
2.109641866948309
2.109641866948309
2.109641866948309
2.109641866948309
2.109641866948309
2.109641866948309
2.109641866948309
2.109641866948309
2.109641866948309
2.109641866948309
2.109641866948309
2.109641866948309
2.109641866948309
2.109641866948309
2.109641866948309
2.109641866948309
2.109641866948309
2.109641866948309
2.109641866948309
2.109641866948309
2.109641866948309
2.109641866948309
2.109641866948309
2.109641866948309
2.109641866948309
2.109641866948309
2.109641866948309
2.109641866948309
2.109641866948309
2.109651902075401
2.109651902075401
2.109651902075401
2.109651902075401
2.109651902075401
2.109651902075401
2.109651902075401
2.109651902075401
2.109651902075401
2.1096630611279092
2.1096630611279092
2.1096630611279092
2.1096630611279092
2.1096693033149827
2.1096693033149827
2.1096693033149827
2.1096718026038603
2.109672978027789
2.109674113406807
2.109674113406807
2.10967498811823
2.1096762015654216
2.1096770280441164
2.109677601358136
2.109678123187269
2.1096784362846264
2.109678633591223
2.1096787400971304
2.109679015492684
2.1096793642301694
2.109679519142417
2.1096796800513262
2.1096797235990143
2.1096797662283486
2.109679809739952
2.1096798358469155
2.1096799093325482
2.109679918821017
2.109679924514099
2.109679950360784
2.1096799732286495
2.1096799868592786
2.1096799868592786
2.1096799868592786
2.1096799868592786
2.1096799915479743
2.1096799915479743
2.1096799915479743
2.1096799915479743
2.1096799926573526
2.1096799940595017
2.109679994701806
2.1096799955384813
2.1096799958724333
2.109679996072803
2.1096799962278574
2.109679996380941
2.109679996578333
2.109679996696765
2.109679996787028
2.109679996991577
2.1096799971877775
2.1096799972075226
2.109679997283541
2.109679997355469
2.109679997395021
2.109679997408071
2.1096799974621616
2.109679997493557
2.109679997509735
2.109679997509735
2.1096799975163214
2.1096799975232607
2.1096799975274245
2.1096799975425946
2.1096799975526968
2.1096799975587577
2.1096799975652303
2.1096799975753218
2.1096799975813765
2.1096799975850082
2.1096799975871896
2.109679997588496
2.1096799975915546
2.1096799975937257
2.109679997595031
2.109679997595812
2.109679997595812
2.109679997596113
2.109679997596149
2.1096799975963187
2.1096799975963187
2.1096799975963187
2.109679997596342
2.1096799975965785
2.1096799975965856
2.1096799975966647
2.1096799975966647
2.1096799975966993
2.1096799975966993
2.109679997596702
2.109679997596702
2.109679997596702
2.1096799975967024
2.1096799975967135
2.1096799975967144
2.1096799975967144
2.1096799975967144
2.1096799975967144
2.1096799975967175
2.1096799975967175
2.1096799975967175
2.1096799975967175
2.109679997596718
2.109679997596718
2.1096799975967184
2.1096799975967184
2.109679997596719
2.109679997596719
2.109679997596719
2.1096799975967193
2.1096799975967193
2.1096799975967193
2.1096799975967193
2.1096799975967193
2.1096799975967193
2.1096799975967193
2.1096799975967193
2.1096799975967193
2.1096799975967193
2.1096799975967193
2.1096799975967193
2.1096799975967193
2.1096799975967193
2.1096799975967193
2.1096799975967193
2.1096799975967193
2.1096799975967193
2.1096799975967193
2.1096799975967193
2.1096799975967193
