2.3017549009131786
2.3017549009131786
2.3017549009131786
2.3017549009131786
2.3017549009131786
2.3017549009131786
2.3017549009131786
2.3017549009131786
2.3017549009131786
2.3017549009131786
2.3017549009131786
2.3017549009131786
2.3017549009131786
2.3017549009131786
2.3017549009131786
2.3017549009131786
2.3017549009131786
2.3017549009131786
2.3017549009131786
2.3017549009131786
2.3017549009131786
2.3017549009131786
2.3017549009131786
2.3017549009131786
2.3017549009131786
2.3017549009131786
2.3017549009131786
2.3017549009131786
2.3017549009131786
2.3017549009131786
2.3017549009131786
2.3017549009131786
2.3017549009131786
2.3017549009131786
2.3017549009131786
2.3017549009131786
2.3017549009131786
2.3017549009131786
2.3017549009131786
2.3017549009131786
2.3017549009131786
2.3017549009131786
2.3017549009131786
2.3017549009131786
2.3017549009131786
2.3017549009131786
2.3017549009131786
2.3017549009131786
2.301762793454765
2.301762793454765
2.301762793454765
2.301762793454765
2.301762793454765
2.301762793454765
2.301762793454765
2.3017651639755794
2.3017651639755794
2.3017651639755794
2.3017651639755794
2.3017665055867713
2.301776704942952
2.3017781657577165
2.3017827862844933
2.30178801680251
2.3017919942642164
2.301794380744595
2.3017958126340297
2.3017969522212045
2.301799585356049
2.3018019157651963
2.3018033140115657
2.3018044322418665
2.3018057440578934
2.301806772771149
2.30180723486532
2.3018081237655585
2.3018088640147125
2.301809308164157
2.301809574653806
2.3018097345475903
2.3018100987359
2.3018104416959364
2.301810647471947
2.3018107709375477
2.3018109199164276
2.301811125263464
2.301811125263464
2.301811125263464
2.301811125263464
2.301811125263464
2.3018111431065718
2.3018111485416872
2.301811153984272
2.3018111576754117
2.3018111598900957
2.301811201473728
2.301811234271081
2.3018112539494937
2.3018112657565406
2.3018112783899785
2.3018112918173954
2.3018113008277434
2.301811306233952
2.301811309477677
2.3018113131105267
2.3018113165144527
2.301811318556809
2.3018113200257457
2.3018113209967908
2.3018113219621013
2.3018113228506785
2.3018113233838253
2.3018113237037134
2.3018113239807487
2.3018113244326606
2.3018113247038063
2.3018113248664953
2.3018113249854975
2.3018113251834467
2.3018113253160344
2.3018113253955863
2.3018113254433175
2.301811325471956
2.3018113255187553
2.301811325551472
2.3018113255711
2.301811325582944
2.301811325592441
2.301811325600559
2.3018113256090476
2.3018113256141417
2.301811325617576
2.3018113256223045
2.301811325625142
2.3018113256271073
2.301811325628772
2.3018113256305117
2.3018113256315553
2.3018113256321824
2.301811325632797
2.3018113256334773
2.301811325633886
2.301811325634151
2.3018113256344765
2.3018113256347656
2.3018113256349393
2.3018113256350436
2.301811325635106
2.3018113256352417
2.301811325635333
2.3018113256353883
2.3018113256354216
2.3018113256354424
2.3018113256354837
2.3018113256355135
2.301811325635531
2.3018113256355415
2.3018113256355517
2.301811325635562
2.301811325635568
2.3018113256355717
2.3018113256355743
2.301811325635578
2.301811325635579
2.3018113256355806
2.3018113256355814
2.3018113256355823
2.3018113256355823
2.301811325635583
2.301811325635583
2.3018113256355837
2.301811325635584
2.301811325635584
2.301811325635584
2.301811325635584
2.3018113256355845
2.3018113256355845
2.3018113256355845
2.3018113256355845
2.3018113256355845
2.3018113256355845
2.3018113256355845
2.3018113256355845
2.3018113256355845
2.3018113256355845
2.3018113256355845
2.3018113256355845
2.3018113256355845
2.3018113256355845
2.3018113256355845
2.3018113256355845
2.3018113256355845
2.3018113256355845
2.3018113256355845
2.3018113256355845
2.3018113256355845
2.3018113256355845
2.3018113256355845
2.3018113256355845
2.3018113256355845
