1.5696589023675784
1.5696589023675784
1.5696589023675784
1.5696589023675784
1.5696589023675784
1.5696589023675784
1.5696589023675784
1.5696589023675784
1.5696589023675784
1.5696589023675784
1.5696589023675784
1.5696589023675784
1.5696589023675784
1.5696589023675784
1.5696589023675784
1.5696589023675784
1.5696589023675784
1.5696589023675784
1.5696589023675784
1.5696589023675784
1.5696589023675784
1.5696589023675784
1.5696589023675784
1.5696589023675784
1.5696589023675784
1.5696589023675784
1.5696589023675784
1.5696589023675784
1.5696589023675784
1.5696589023675784
1.5696589023675784
1.5696589023675784
1.5696589023675784
1.5696589023675784
1.5696589023675784
1.5696589023675784
1.5696589023675784
1.5696589023675784
1.5696589023675784
1.5696589023675784
1.5696589023675784
1.5696589023675784
1.5696589023675784
1.5696589023675784
1.5696589023675784
1.5696589023675784
1.5696589023675784
1.5696589023675784
1.5696589023675784
1.5696589023675784
1.5696589023675784
1.5696589023675784
1.5696589023675784
1.5696589023675784
1.5696589023675784
1.5696589023675784
1.5696589023675784
1.5696589023675784
1.5696601069301706
1.5696601069301706
1.5696601069301706
1.569660565001651
1.569660565001651
1.5696607817947577
1.5696607817947577
1.5696607817947577
1.569661288104017
1.569661288104017
1.569661288104017
1.569661288104017
1.569661450810513
1.5696614658885093
1.5696615216237757
1.5696616464469628
1.569661910103082
1.5696623483127952
1.5696623483127952
1.5696623483127952
1.5696625338154127
1.56966256391586
1.5696626542594307
1.5696627569773485
1.5696627685620805
1.5696629397123811
1.569663042402569
1.569663104016685
1.5696631437033328
1.5696632871869765
1.5696633558474944
1.5696634201835837
1.5696634201835837
1.5696634356325652
1.5696634762086916
1.569663476703042
1.5696634874602104
1.569663489613503
1.569663501403479
1.5696635084774644
1.569663512992672
1.5696635226051532
1.5696635322309918
1.5696635380064945
1.5696635380064945
1.5696635411638116
1.5696635445408977
1.5696635468245086
1.569663548440903
1.5696635493603643
1.569663551074293
1.5696635528305853
1.5696635528305853
1.5696635533924979
1.5696635538752284
1.569663554587219
1.5696635550144131
1.5696635554192928
1.5696635561701986
1.5696635566456796
1.5696635569309683
1.5696635571207391
1.5696635572621198
1.5696635574375393
1.5696635575427904
1.5696635576059412
1.5696635576946445
1.5696635577614997
1.5696635578354692
1.5696635578823472
1.5696635579111358
1.5696635579324631
1.5696635579564033
1.5696635579707678
1.5696635579793863
1.5696635579845575
1.5696635579913698
1.5696635579995861
1.569663558005613
1.569663558009414
1.5696635580126026
1.5696635580174574
1.5696635580203702
1.5696635580221177
1.5696635580238663
1.5696635580256413
1.5696635580267306
1.5696635580274054
1.5696635580278198
1.5696635580285259
1.56966355802896
1.5696635580292204
1.569663558029377
1.5696635580296752
1.5696635580298968
1.5696635580300298
1.56966355803011
1.56966355803019
1.5696635580303087
1.5696635580303797
1.5696635580304223
1.5696635580304483
1.569663558030474
1.569663558030502
1.569663558030519
1.5696635580305291
1.5696635580305422
1.569663558030553
1.5696635580305593
1.5696635580305631
1.5696635580305653
1.5696635580305691
1.5696635580305722
1.569663558030574
1.5696635580305751
1.5696635580305769
1.5696635580305776
1.569663558030578
1.5696635580305793
1.5696635580305798
1.5696635580305798
1.5696635580305802
1.5696635580305802
1.5696635580305802
1.5696635580305802
1.5696635580305802
1.5696635580305802
1.5696635580305802
1.5696635580305802
1.5696635580305802
1.5696635580305802
1.5696635580305802
1.5696635580305802
1.5696635580305802
1.5696635580305802
1.5696635580305802
1.5696635580305802
1.5696635580305802
