1.5610499853563855
1.5610499853563855
1.5610499853563855
1.5610499853563855
1.5610499853563855
1.5610499853563855
1.5610499853563855
1.5610499853563855
1.5610499853563855
1.5610499853563855
1.5610499853563855
1.5610499853563855
1.5610499853563855
1.5610499853563855
1.5610499853563855
1.5610499853563855
1.5610499853563855
1.5610499853563855
1.5610499853563855
1.5610499853563855
1.5610499853563855
1.5610499853563855
1.5610499853563855
1.5610499853563855
1.5610499853563855
1.5610499853563855
1.5610499853563855
1.5610499853563855
1.5610499853563855
1.5610499853563855
1.5610499853563855
1.5610499853563855
1.5610499853563855
1.5610499853563855
1.5610499853563855
1.5610499853563855
1.5610499853563855
1.5610499853563855
1.5610499853563855
1.5610499853563855
1.5610499853563855
1.5610499853563855
1.5610499853563855
1.5610499853563855
1.5610604775190033
1.5610604775190033
1.5610604775190033
1.5610604775190033
1.5610604775190033
1.5610663631669994
1.5610663631669994
1.5610663631669994
1.5610663631669994
1.5610701911914917
1.5610719817061105
1.5610750958193382
1.5610780270370452
1.5610788294581326
1.5610797527816536
1.5610807503122632
1.5610820391344766
1.56108251725186
1.561084304261058
1.561084304261058
1.5610852271738724
1.5610860450091633
1.5610865357105086
1.5610868333279329
1.561087078461937
1.5610872564949791
1.5610873602348092
1.5610874969281
1.5610875789440766
1.5610876373746247
1.5610877220788788
1.5610877747320184
1.5610878045099443
1.5610878239331651
1.5610878540558595
1.5610878615555945
1.5610878660554357
1.561087877943353
1.5610878869090719
1.5610878939092994
1.5610878989115173
1.5610879077291433
1.5610879156334003
1.5610879191661409
1.5610879208351904
1.5610879216972262
1.5610879236679438
1.5610879239038868
1.5610879260413706
1.5610879260413706
1.5610879260413706
1.5610879260639288
1.56108792670984
1.56108792670984
1.56108792670984
1.5610879268474231
1.5610879268819942
1.5610879269107103
1.5610879269279399
1.5610879270883693
1.5610879270883693
1.5610879271019498
1.5610879272017915
1.561087927261696
1.5610879272762528
1.5610879273033496
1.561087927318142
1.5610879273436333
1.5610879273489495
1.5610879273670069
1.5610879273808858
1.5610879273832934
1.5610879273922535
1.5610879273977136
1.5610879274016036
1.5610879274059761
1.5610879274068787
1.5610879274080585
1.5610879274093286
1.5610879274104779
1.5610879274116416
1.5610879274122504
1.5610879274127492
1.5610879274128064
1.561087927413277
1.561087927413704
1.5610879274139124
1.5610879274140657
1.5610879274142075
1.561087927414413
1.5610879274146499
1.5610879274147917
1.5610879274148768
1.561087927414928
1.561087927414989
1.5610879274150373
1.56108792741508
1.5610879274151093
1.5610879274151268
1.5610879274151417
1.561087927415153
1.5610879274151608
1.5610879274151652
1.561087927415169
1.5610879274151763
1.5610879274151808
1.5610879274151837
1.561087927415185
1.5610879274151863
1.561087927415188
1.56108792741519
1.5610879274151916
1.561087927415192
1.5610879274151928
1.561087927415193
1.5610879274151939
1.5610879274151943
1.5610879274151945
1.561087927415195
1.561087927415195
1.5610879274151954
1.5610879274151954
1.5610879274151954
1.5610879274151954
1.5610879274151954
1.5610879274151954
1.5610879274151954
1.5610879274151954
1.5610879274151954
1.5610879274151954
1.5610879274151954
1.5610879274151954
1.5610879274151954
1.5610879274151954
1.5610879274151954
1.5610879274151954
1.5610879274151954
