2.212369403593659
2.212369403593659
2.212369403593659
2.212369403593659
2.212369403593659
2.212369403593659
2.212369403593659
2.212369403593659
2.212369403593659
2.212369403593659
2.212369403593659
2.212369403593659
2.212369403593659
2.212369403593659
2.212369403593659
2.212369403593659
2.212369403593659
2.212369403593659
2.212369403593659
2.212369403593659
2.212369403593659
2.212369403593659
2.212369403593659
2.212369403593659
2.212369403593659
2.212369403593659
2.212369403593659
2.212369403593659
2.212369403593659
2.212369403593659
2.212369403593659
2.212369403593659
2.212369403593659
2.212369403593659
2.212369403593659
2.212369403593659
2.212369403593659
2.212369403593659
2.212369403593659
2.212369403593659
2.212369403593659
2.212369403593659
2.212369403593659
2.212369403593659
2.212369403593659
2.212369403593659
2.212369403593659
2.212369403593659
2.212369403593659
2.212369403593659
2.212371757986808
2.212371757986808
2.212371757986808
2.212371757986808
2.212371757986808
2.212371757986808
2.212371757986808
2.212371757986808
2.212371757986808
2.21237198523903
2.2123750791779626
2.2123769355380656
2.2123769355380656
2.2123776762306955
2.2123776762306955
2.2123776762306955
2.2123776762306955
2.2123786160454086
2.2123786160454086
2.2123786160454086
2.2123788420966766
2.2123790946501347
2.212379246182209
2.2123796794138935
2.212379952274784
2.212380346906968
2.2123805019472202
2.212380706536463
2.2123808862816747
2.2123808960374207
2.2123810067224645
2.2123810485539552
2.212381085205583
2.2123811197954524
2.212381132327816
2.21238114312714
2.2123811502985538
2.2123811758732503
2.212381199155613
2.212381199155613
2.212381209875218
2.21238121774314
2.212381224770669
2.212381224770669
2.212381224770669
2.2123812262418574
2.212381227582269
2.212381229072184
2.212381229966133
2.2123812300400045
2.2123812310163165
2.212381231686636
2.212381231939974
2.212381232196841
2.2123812323849146
2.2123812325907446
2.2123812326846592
2.212381232770342
2.2123812328455865
2.2123812329252903
2.2123812330054755
2.212381233050482
2.2123812330910795
2.2123812331372417
2.2123812331490575
2.2123812331789874
2.212381233182307
2.2123812331958077
2.212381233204766
2.2123812332101402
2.212381233213957
2.212381233217773
2.2123812332208415
2.2123812332234207
2.212381233225022
2.2123812332265604
2.2123812332277
2.2123812332286876
2.212381233229604
2.2123812332301704
2.212381233230647
2.2123812332308987
2.2123812332312385
2.2123812332315707
2.2123812332317696
2.212381233231889
2.2123812332319615
2.2123812332321267
2.212381233232249
2.212381233232331
2.21238123323239
2.2123812332324886
2.2123812332326187
2.212381233232681
2.212381233232719
2.212381233232719
2.212381233232719
2.212381233232749
2.2123812332327573
2.2123812332327573
2.212381233232759
2.2123812332327626
2.2123812332327626
2.212381233232764
2.212381233232764
2.212381233232766
2.2123812332327666
2.212381233232767
2.2123812332327675
2.212381233232768
2.2123812332327684
2.212381233232769
2.2123812332327697
2.2123812332327697
2.2123812332327697
2.2123812332327697
2.2123812332327697
2.2123812332327697
2.2123812332327697
2.2123812332327697
2.2123812332327697
2.2123812332327697
2.2123812332327697
2.2123812332327697
2.2123812332327697
2.2123812332327697
2.2123812332327697
2.2123812332327697
2.2123812332327697
2.2123812332327697
2.2123812332327697
2.2123812332327697
2.2123812332327697
2.2123812332327697
2.2123812332327697
2.2123812332327697
2.2123812332327697
2.2123812332327697
2.2123812332327697
2.2123812332327697
