1.703614363507996
1.703614363507996
1.703614363507996
1.703614363507996
1.703614363507996
1.703614363507996
1.703614363507996
1.703614363507996
1.703614363507996
1.703614363507996
1.703614363507996
1.703614363507996
1.703614363507996
1.703614363507996
1.703614363507996
1.703614363507996
1.703614363507996
1.703614363507996
1.703614363507996
1.703614363507996
1.703614363507996
1.703614363507996
1.703614363507996
1.703614363507996
1.703614363507996
1.703614363507996
1.703614363507996
1.703614363507996
1.703614363507996
1.703614363507996
1.703614363507996
1.703614363507996
1.703614363507996
1.703614363507996
1.703614363507996
1.703614363507996
1.703614363507996
1.703614363507996
1.703614363507996
1.703614363507996
1.703614363507996
1.703614363507996
1.7036636577752355
1.7036800242081092
1.7036800242081092
1.7036854977865246
1.70369684032836
1.70369684032836
1.70369684032836
1.70369684032836
1.7037009958594993
1.7037049372158886
1.703708427135674
1.7037092707610584
1.7037110476252708
1.703719285339374
1.7037226463307604
1.7037280317338104
1.7037297728405087
1.7037324242194378
1.7037348217292678
1.703736327419489
1.7037373162398055
1.703738756823542
1.7037399265807354
1.7037406284345986
1.7037410495467538
1.703741302213988
1.7037414564311266
1.7037420850721805
1.7037425368400918
1.7037428079007648
1.7037429763777745
1.7037433293853783
1.7037435457563834
1.7037436755789694
1.7037438105029081
1.703744014207696
1.703744136430554
1.7037442097642628
1.7037442537644865
1.7037442801646199
1.7037443173247164
1.7037443524161466
1.7037443734710045
1.7037443861039188
1.7037443936836674
1.7037443982315166
1.7037444042264
1.7037444217621545
1.703744432283607
1.7037444385964786
1.7037444423842012
1.7037444446568355
1.7037444513473612
1.703744456077001
1.7037444589147854
1.7037444606174559
1.7037444616390585
1.7037444622520195
1.7037444626197962
1.7037444645134556
1.7037444665048407
1.7037444676996716
1.7037444684165701
1.7037444688467094
1.7037444698122408
1.7037444710048961
1.7037444717204895
1.703744472149845
1.7037444724074589
1.7037444725620268
1.7037444726547677
1.7037444728956563
1.7037444730857463
1.7037444731998008
1.703744473268233
1.7037444733092924
1.703744473333928
1.7037444733487093
1.703744473357578
1.7037444733861478
1.7037444734170952
1.7037444734356637
1.703744473446805
1.7037444734534894
1.7037444734575
1.703744473472575
1.7037444734826053
1.7037444734886231
1.7037444734924896
1.7037444734984921
1.7037444735020937
1.7037444735042544
1.7037444735055514
1.703744473506606
1.7037444735082516
1.7037444735092382
1.7037444735098304
1.7037444735101854
1.703744473510399
1.7037444735105869
1.703744473510872
1.7037444735110434
1.7037444735111462
1.703744473511216
1.7037444735113842
1.7037444735114853
1.7037444735115457
1.703744473511582
1.7037444735116254
1.7037444735116838
1.7037444735117184
1.7037444735117393
1.7037444735117637
1.703744473511794
1.7037444735118121
1.7037444735118246
1.703744473511842
1.7037444735118528
1.7037444735118588
1.7037444735118628
1.7037444735118654
1.7037444735118676
1.70374447351187
1.7037444735118716
1.7037444735118725
1.7037444735118736
1.7037444735118743
1.7037444735118747
1.7037444735118752
1.7037444735118754
1.7037444735118754
1.7037444735118754
1.7037444735118756
1.7037444735118759
1.7037444735118759
1.7037444735118759
1.7037444735118759
1.7037444735118759
1.7037444735118759
1.7037444735118759
1.7037444735118759
1.7037444735118759
1.7037444735118759
1.7037444735118759
1.7037444735118759
1.7037444735118759
1.7037444735118759
1.7037444735118759
