2.452285169975955
2.452285169975955
2.452285169975955
2.452285169975955
2.452285169975955
2.452285169975955
2.452285169975955
2.452285169975955
2.452285169975955
2.452285169975955
2.452285169975955
2.452285169975955
2.452285169975955
2.452285169975955
2.452285169975955
2.452285169975955
2.452285169975955
2.452285169975955
2.452285169975955
2.452285169975955
2.452285169975955
2.452285169975955
2.452285169975955
2.452285169975955
2.452285169975955
2.452285169975955
2.452285169975955
2.452285169975955
2.452285169975955
2.452285169975955
2.452285169975955
2.452285169975955
2.452285169975955
2.452285169975955
2.452285169975955
2.452285169975955
2.452285169975955
2.452285169975955
2.452285169975955
2.452285169975955
2.452285169975955
2.452285169975955
2.452285169975955
2.452291513825571
2.452291513825571
2.452291513825571
2.452291513825571
2.45229649526368
2.45229649526368
2.45229649526368
2.452320261562953
2.452320261562953
2.452320261562953
2.4523247923260687
2.452329756056945
2.452333782128039
2.452336319252602
2.4523450105595437
2.452350225348915
2.4523545128407047
2.452359951804481
2.452363941707046
2.4523664768240185
2.4523686961769706
2.4523698928702053
2.452371047763219
2.4523721459795746
2.4523727114744
2.4523732241975242
2.4523735318314155
2.4523738156192487
2.452374025677107
2.4523742996564066
2.4523745878197247
2.452374760717722
2.452374864456522
2.4523749266998025
2.452374972978983
2.452375052127381
2.4523751264232883
2.4523751719694125
2.4523751992970872
2.452375215693692
2.45237523171562
2.452375261074861
2.452375278690406
2.4523752892597326
2.452375295601329
2.452375299787007
2.4523753105588697
2.4523753185498474
2.4523753233444334
2.4523753270143183
2.4523753313288297
2.4523753339175367
2.452375335470761
2.452375336402695
2.4523753372503543
2.4523753381931668
2.452375338774094
2.452375339122651
2.452375339331784
2.4523753395054753
2.4523753398995063
2.452375340141361
2.452375340302743
2.4523753405917668
2.4523753407315634
2.4523753408571602
2.4523753409041835
2.4523753409041835
2.4523753409651974
2.4523753409874507
2.452375341000803
2.452375341018924
2.4523753410402804
2.4523753410561326
2.452375341065911
2.4523753410717783
2.4523753410815012
2.452375341092641
2.4523753410993248
2.4523753411033367
2.4523753411057423
2.4523753411071865
2.45237534111014
2.4523753411125
2.4523753411139166
2.4523753411147657
2.4523753411164573
2.4523753411180342
2.4523753411189806
2.4523753411195477
2.45237534112035
2.452375341121363
2.45237534112197
2.4523753411223344
2.452375341122607
2.4523753411231306
2.452375341123444
2.452375341123632
2.4523753411237452
2.4523753411238136
2.452375341123854
2.4523753411239797
2.4523753411240716
2.452375341124127
2.4523753411241604
2.45237534112418
2.452375341124192
2.452375341124205
2.452375341124227
2.452375341124241
2.4523753411242493
2.452375341124254
2.4523753411242635
2.45237534112427
2.4523753411242732
2.4523753411242772
2.452375341124283
2.4523753411242857
2.4523753411242883
2.4523753411242915
2.4523753411242937
2.452375341124295
2.4523753411242954
2.452375341124296
2.452375341124297
2.4523753411242972
2.4523753411242977
2.4523753411242977
2.452375341124298
2.4523753411242986
2.4523753411242986
2.452375341124299
2.452375341124299
2.452375341124299
2.452375341124299
2.452375341124299
2.452375341124299
2.452375341124299
2.452375341124299
2.452375341124299
2.452375341124299
2.452375341124299
2.452375341124299
2.452375341124299
2.452375341124299
2.452375341124299
