2.073447187861056
2.073447187861056
2.073447187861056
2.073447187861056
2.073447187861056
2.073447187861056
2.073447187861056
2.073447187861056
2.073447187861056
2.073447187861056
2.073447187861056
2.073447187861056
2.073447187861056
2.073447187861056
2.073447187861056
2.073447187861056
2.073447187861056
2.073447187861056
2.073447187861056
2.073447187861056
2.073447187861056
2.073447187861056
2.073447187861056
2.073447187861056
2.073447187861056
2.073447187861056
2.073447187861056
2.073447187861056
2.073447187861056
2.073447187861056
2.073447187861056
2.073447187861056
2.073447187861056
2.073447187861056
2.073447187861056
2.073447187861056
2.073447187861056
2.073447187861056
2.073447187861056
2.073447187861056
2.073447187861056
2.073447187861056
2.073447187861056
2.073447187861056
2.073447187861056
2.073447187861056
2.073447187861056
2.073489286602132
2.073489286602132
2.073489286602132
2.0735194065098033
2.073524894615861
2.073558318550023
2.073560334611894
2.0735795854386425
2.073582385454782
2.0735901028229096
2.0735971819368095
2.073603985737107
2.0736046959503716
2.07360629144232
2.0736090655489154
2.0736126579622876
2.07361337405439
2.0736150829131343
2.0736169946651777
2.0736181993994585
2.0736190350547803
2.0736197092066617
2.0736203332306413
2.0736206938022654
2.0736209334397904
2.0736211827649127
2.073621448314683
2.0736215551871626
2.073621658203752
2.073621746797582
2.073621818104634
2.0736218608888652
2.0736218928736774
2.073621923506754
2.0736219572203183
2.073621977448457
2.0736219923773924
2.0736219982608883
2.0736220098360523
2.073622019182206
2.0736220247898984
2.07362203205898
2.0736220392593676
2.0736220435796002
2.0736220461717396
2.0736220502744613
2.0736220537398653
2.073622055819108
2.073622057070833
2.0736220583009892
2.073622059543423
2.073622060288884
2.0736220607361604
2.073622061032363
2.073622061379556
2.0736220617079044
2.0736220619049144
2.0736220620231194
2.073622062094042
2.0736220621365966
2.0736220621655654
2.07362206223782
2.073622062288112
2.073622062318288
2.0736220623363932
2.0736220623490342
2.0736220623718657
2.0736220623879196
2.073622062397552
2.073622062405418
2.07362206241357
2.0736220624184614
2.0736220624213964
2.0736220624231567
2.073622062424671
2.0736220624269714
2.0736220624284023
2.0736220624292603
2.073622062429887
2.0736220624309265
2.0736220624315505
2.073622062431925
2.0736220624321504
2.0736220624323973
2.0736220624326784
2.0736220624328463
2.073622062432947
2.0736220624330075
2.0736220624330737
2.0736220624331696
2.0736220624332273
2.073622062433262
2.0736220624332846
2.073622062433316
2.0736220624333366
2.073622062433349
2.0736220624333614
2.073622062433372
2.0736220624333783
2.0736220624333828
2.0736220624333845
2.0736220624333863
2.073622062433387
2.073622062433389
2.07362206243339
2.0736220624333908
2.073622062433391
2.073622062433391
2.073622062433391
2.073622062433391
2.073622062433391
2.073622062433391
2.073622062433391
2.073622062433391
2.073622062433391
2.073622062433391
2.073622062433391
2.073622062433391
2.073622062433391
2.073622062433391
2.073622062433391
2.073622062433391
2.073622062433391
2.073622062433391
2.073622062433391
2.073622062433391
2.073622062433391
2.073622062433391
2.073622062433391
2.073622062433391
2.073622062433391
2.073622062433391
2.073622062433391
2.073622062433391
2.073622062433391
2.073622062433391
2.073622062433391
2.073622062433391
