1.8457316968396493
1.8457316968396493
1.8457316968396493
1.8457316968396493
1.8457316968396493
1.8457316968396493
1.8457316968396493
1.8457316968396493
1.8457316968396493
1.8457316968396493
1.8457316968396493
1.8457316968396493
1.8457316968396493
1.8457316968396493
1.8457316968396493
1.8457316968396493
1.8457316968396493
1.8457316968396493
1.8457316968396493
1.8457316968396493
1.8457316968396493
1.8457316968396493
1.8457316968396493
1.8457316968396493
1.8457316968396493
1.8457316968396493
1.8457316968396493
1.8457316968396493
1.8457316968396493
1.8457316968396493
1.8457316968396493
1.8457316968396493
1.8457316968396493
1.8457316968396493
1.8457316968396493
1.8457316968396493
1.8457316968396493
1.8457316968396493
1.8457316968396493
1.8457316968396493
1.8457316968396493
1.8457316968396493
1.8457316968396493
1.8457316968396493
1.8457316968396493
1.8457316968396493
1.8457316968396493
1.8457316968396493
1.8457316968396493
1.8457316968396493
1.8457316968396493
1.8457316968396493
1.8457316968396493
1.8457494797291336
1.8457494797291336
1.8457494797291336
1.8457494797291336
1.8457499567989635
1.8457589780476138
1.8457589780476138
1.8457589780476138
1.8457609872783867
1.8457609872783867
1.8457609872783867
1.8457630977443835
1.8457640719475121
1.8457640719475121
1.8457640719475121
1.845765041425388
1.845765041425388
1.845765041425388
1.8457655424698167
1.8457675440774217
1.8457675440774217
1.845767934281667
1.8457691675468073
1.8457699102015548
1.8457705904539201
1.8457711820927392
1.8457716952169068
1.8457719671928767
1.8457721530107476
1.8457724595862277
1.8457726798165597
1.8457728145216916
1.8457729635397848
1.8457730961198688
1.845773175667914
1.8457732233967392
1.8457732759729175
1.8457733532286313
1.8457733995820582
1.8457734311389924
1.845773463602487
1.8457734880848666
1.8457734880848666
1.8457734952507912
1.8457734997119197
1.8457735023423787
1.8457735065054612
1.8457735104790025
1.8457735128631276
1.8457735152860992
1.8457735181626984
1.845773519958992
1.8457735212309347
1.8457735224383127
1.8457735233068786
1.8457735241010527
1.8457735245775575
1.845773524882245
1.8457735251313452
1.8457735253069443
1.8457735254600063
1.8457735255518435
1.8457735256521868
1.8457735257249392
1.8457735257901968
1.8457735258496653
1.8457735258853458
1.845773525910751
1.8457735259280825
1.8457735259459995
1.8457735259503847
1.8457735259573047
1.8457735259612265
1.845773525968289
1.8457735259711963
1.8457735259729406
1.8457735259742587
1.8457735259766206
1.8457735259784867
1.8457735259797936
1.8457735259808952
1.8457735259815558
1.8457735259822798
1.845773525982869
1.8457735259832222
1.8457735259834342
1.8457735259835724
1.84577352598383
1.845773525984043
1.8457735259842014
1.8457735259843346
1.845773525984476
1.8457735259845616
1.8457735259846126
1.84577352598467
1.8457735259847161
1.8457735259847443
1.8457735259847616
1.8457735259847718
1.8457735259847787
1.8457735259847892
1.8457735259847998
1.8457735259848067
1.8457735259848107
1.8457735259848147
1.84577352598482
1.8457735259848234
1.8457735259848256
1.8457735259848267
1.8457735259848285
1.8457735259848296
1.8457735259848305
1.8457735259848307
1.8457735259848316
1.845773525984832
1.8457735259848325
1.8457735259848325
1.8457735259848325
1.845773525984833
1.845773525984833
1.8457735259848331
1.8457735259848334
1.8457735259848334
1.8457735259848334
1.8457735259848334
1.8457735259848334
1.8457735259848334
1.8457735259848334
1.8457735259848334
1.8457735259848334
1.8457735259848334
1.8457735259848334
1.8457735259848334
1.8457735259848334
1.8457735259848334
1.8457735259848334
1.8457735259848334
1.8457735259848334
1.8457735259848334
1.8457735259848334
1.8457735259848334
