1.9357589460633913
1.9357589460633913
1.9357589460633913
1.9357589460633913
1.9357589460633913
1.9357589460633913
1.9357589460633913
1.9357589460633913
1.9357589460633913
1.9357589460633913
1.9357589460633913
1.9357589460633913
1.9357589460633913
1.9357589460633913
1.9357589460633913
1.9357589460633913
1.9357589460633913
1.9357589460633913
1.9357589460633913
1.9357589460633913
1.9357589460633913
1.9357589460633913
1.9357589460633913
1.9357589460633913
1.9357589460633913
1.9357589460633913
1.9357589460633913
1.9357589460633913
1.9357589460633913
1.9357589460633913
1.9357589460633913
1.9357589460633913
1.9357589460633913
1.9357589460633913
1.9357589460633913
1.9357589460633913
1.9357589460633913
1.9357589460633913
1.9357589460633913
1.9357589460633913
1.9357589460633913
1.9357589460633913
1.9357589460633913
1.9357589460633913
1.9357589460633913
1.9357589460633913
1.9357589460633913
1.9357589460633913
1.9357589460633913
1.9357589460633913
1.9357589460633913
1.9357589460633913
1.9357601866177132
1.9357601866177132
1.9357602268517848
1.9357605228333037
1.9357612958653234
1.9357612958653234
1.9357612958653234
1.9357612958653234
1.9357613300195888
1.9357620153623167
1.9357624429662346
1.9357630618528383
1.9357630865588242
1.9357640964584946
1.9357645579829474
1.9357647248640633
1.9357650068959635
1.935765199366493
1.9357654735601535
1.9357656314280232
1.935765804916877
1.935765804916877
1.9357658402619176
1.9357659345964733
1.9357659912765388
1.935766046818065
1.9357660938832855
1.9357661205135923
1.9357661205135923
1.9357661330763152
1.935766144114667
1.935766144114667
1.9357661462319369
1.935766149962519
1.9357661527934946
1.9357661534514579
1.935766158411064
1.935766160017433
1.9357661615733814
1.9357661623822024
1.9357661640139068
1.935766165228948
1.9357661656864011
1.9357661661024845
1.935766167520117
1.9357661680380345
1.935766168527864
1.9357661687047265
1.9357661688987626
1.9357661691282841
1.9357661692636654
1.9357661693941428
1.9357661693941428
1.9357661694773298
1.9357661696042094
1.9357661696442294
1.935766169693157
1.935766169693157
1.9357661697198831
1.9357661697502675
1.9357661697799506
1.935766169797761
1.935766169808447
1.9357661698346966
1.93576616986304
1.9357661698800466
1.9357661698902502
1.9357661698963724
1.93576616991059
1.9357661699227589
1.9357661699300603
1.9357661699371254
1.93576616994663
1.935766169952333
1.9357661699557542
1.9357661699578075
1.9357661699626612
1.9357661699668627
1.9357661699693838
1.9357661699708966
1.935766169971804
1.9357661699723487
1.9357661699728623
1.9357661699748336
1.935766169976017
1.9357661699767266
1.9357661699771522
1.9357661699774076
1.9357661699777633
1.9357661699783855
1.9357661699787576
1.9357661699789823
1.9357661699791162
1.935766169979197
1.9357661699794502
1.9357661699796496
1.9357661699797697
1.9357661699798412
1.935766169979995
1.9357661699801152
1.9357661699801874
1.9357661699802307
1.9357661699802569
1.9357661699803201
1.9357661699803588
1.9357661699803819
1.9357661699803959
1.9357661699804045
1.9357661699804094
1.9357661699804196
1.9357661699804272
1.9357661699804318
1.9357661699804343
1.9357661699804383
1.9357661699804425
1.9357661699804454
1.9357661699804471
1.935766169980448
1.9357661699804494
1.93576616998045
1.9357661699804507
1.935766169980451
1.9357661699804511
1.9357661699804514
1.935766169980452
1.935766169980452
1.9357661699804523
1.9357661699804525
1.935766169980453
1.935766169980453
