1.6154544489145355
1.6154544489145355
1.6154544489145355
1.6154544489145355
1.6154544489145355
1.6154544489145355
1.6154544489145355
1.6154544489145355
1.6154544489145355
1.6154544489145355
1.6154544489145355
1.6154544489145355
1.6154544489145355
1.6154544489145355
1.6154544489145355
1.6154544489145355
1.6154544489145355
1.6154544489145355
1.6154544489145355
1.6154544489145355
1.6154544489145355
1.6154544489145355
1.6154544489145355
1.6154544489145355
1.6154544489145355
1.6154544489145355
1.6154544489145355
1.6154544489145355
1.6154544489145355
1.6154544489145355
1.6154544489145355
1.6154544489145355
1.6154544489145355
1.6154544489145355
1.6154544489145355
1.6154544489145355
1.6154544489145355
1.6154544489145355
1.6154544489145355
1.6154544489145355
1.6154544489145355
1.6154544489145355
1.6154544489145355
1.6154544489145355
1.6154544489145355
1.6154544489145355
1.6154544489145355
1.6154544489145355
1.6154544489145355
1.6154544489145355
1.6154544489145355
1.6154544489145355
1.6154544489145355
1.6154544489145355
1.6154544489145355
1.6154544489145355
1.6154544489145355
1.615455267086495
1.615455267086495
1.615455267086495
1.6154566135877504
1.6154566135877504
1.6154566135877504
1.6154566135877504
1.6154567554340875
1.6154572319872806
1.615457375072786
1.6154575805285116
1.6154576135960452
1.61545782803711
1.6154579221912282
1.6154579560491953
1.615458043180906
1.6154580954599342
1.615458135939192
1.615458180633206
1.6154582189155189
1.6154582420930277
1.6154582606578856
1.6154582768749741
1.615458299085648
1.6154583063574848
1.6154583155552051
1.6154583233170416
1.6154583289927176
1.6154583324310456
1.6154583344940427
1.6154583402843603
1.6154583435841419
1.6154583435841419
1.6154583448553628
1.6154583466264567
1.615458347492139
1.615458348976462
1.615458349867056
1.6154583504334046
1.6154583508221865
1.6154583512120742
1.6154583514596457
1.6154583517324699
1.6154583517871948
1.6154583518065733
1.6154583519990005
1.6154583520795898
1.6154583521845018
1.615458352265099
1.6154583523068278
1.6154583523536135
1.6154583523816834
1.615458352412995
1.6154583524188588
1.6154583524188588
1.6154583524261887
1.6154583524291832
1.6154583524322839
1.6154583524360744
1.615458352440341
1.615458352446147
1.615458352449631
1.615458352453676
1.6154583524562418
1.6154583524590351
1.615458352461502
1.61545835246331
1.6154583524644714
1.615458352465933
1.6154583524672868
1.6154583524681005
1.615458352468712
1.6154583524691117
1.6154583524695416
1.6154583524698183
1.615458352469992
1.6154583524702144
1.6154583524704331
1.6154583524705641
1.6154583524706423
1.615458352470768
1.6154583524709294
1.6154583524710255
1.615458352471084
1.6154583524711834
1.6154583524712518
1.6154583524712927
1.6154583524713173
1.6154583524713342
1.6154583524713582
1.6154583524713737
1.6154583524713824
1.6154583524713877
1.6154583524713908
1.615458352471393
1.6154583524713964
1.6154583524714035
1.6154583524714075
1.6154583524714103
1.615458352471412
1.615458352471415
1.6154583524714168
1.6154583524714181
1.6154583524714186
1.6154583524714203
1.6154583524714214
1.6154583524714219
1.615458352471423
1.6154583524714239
1.6154583524714246
1.6154583524714254
1.6154583524714257
1.6154583524714259
1.6154583524714259
1.6154583524714259
1.6154583524714259
1.615458352471426
1.615458352471426
1.615458352471426
1.615458352471426
1.615458352471426
1.615458352471426
1.615458352471426
