2.0234943666116614
2.0234943666116614
2.0234943666116614
2.0234943666116614
2.0234943666116614
2.0234943666116614
2.0234943666116614
2.0234943666116614
2.0234943666116614
2.0234943666116614
2.0234943666116614
2.0234943666116614
2.0234943666116614
2.0234943666116614
2.0234943666116614
2.0234943666116614
2.0234943666116614
2.0234943666116614
2.0234943666116614
2.0234943666116614
2.0234943666116614
2.0234943666116614
2.0234943666116614
2.0234943666116614
2.0234943666116614
2.0234943666116614
2.0234943666116614
2.0234943666116614
2.0234943666116614
2.0234943666116614
2.0234943666116614
2.0234943666116614
2.0234943666116614
2.0234943666116614
2.0234943666116614
2.0234943666116614
2.0234943666116614
2.0234943666116614
2.0234943666116614
2.0234943666116614
2.0234943666116614
2.0234943666116614
2.0234943666116614
2.0234943666116614
2.0234943666116614
2.0234943666116614
2.0234943666116614
2.0234943666116614
2.0234943666116614
2.0234943666116614
2.0234960628898184
2.0234960628898184
2.0234960628898184
2.0234960628898184
2.0234960628898184
2.0234960628898184
2.0234960628898184
2.0234960628898184
2.0234960628898184
2.0234960628898184
2.0234960628898184
2.0234960628898184
2.0234960628898184
2.0234960628898184
2.0234960628898184
2.023497387202423
2.023497387202423
2.023497816432286
2.023498577082191
2.023498577082191
2.0234986425968775
2.0234987515024914
2.02349901789401
2.0234994103871267
2.023499658465296
2.023499658465296
2.023499773171167
2.0234999365526196
2.023500138603679
2.0235002598343144
2.023500332572696
2.0235003967876364
2.023500548723486
2.023500690610648
2.023500775742939
2.0235008268223096
2.0235008628145206
2.0235009024017074
2.023500947530627
2.023500996708447
2.023501029515478
2.0235010491996976
2.023501088411702
2.0235011217563685
2.0235011420866424
2.0235011551684456
2.023501167515921
2.023501178994441
2.023501186165133
2.023501190467548
2.0235011930489972
2.0235011952509394
2.023501197474948
2.023501199141456
2.023501200326385
2.0235012017520937
2.0235012027500914
2.0235012033850572
2.0235012037701585
2.0235012040921054
2.0235012044732166
2.0235012047388112
2.0235012049206236
2.023501205099692
2.023501205237015
2.0235012053253443
2.023501205378342
2.023501205410141
2.0235012054703514
2.02350120552337
2.023501205555182
2.0235012055742683
2.0235012055858754
2.023501205613411
2.0235012056323813
2.023501205643764
2.023501205650593
2.0235012056546906
2.0235012056630524
2.0235012056691386
2.02350120567279
2.0235012056749806
2.0235012056762955
2.0235012056770914
2.023501205677832
2.0235012056785724
2.023501205679042
2.023501205679329
2.0235012056795014
2.0235012056797483
2.023501205679967
2.023501205680098
2.0235012056801778
2.023501205680301
2.0235012056803936
2.02350120568045
2.0235012056804864
2.023501205680545
2.023501205680583
2.023501205680605
2.0235012056806183
2.0235012056806325
2.02350120568065
2.0235012056806614
2.0235012056806676
2.023501205680671
2.0235012056806814
2.023501205680689
2.023501205680693
2.0235012056806965
2.0235012056807027
2.0235012056807062
2.023501205680708
2.0235012056807107
2.0235012056807125
2.023501205680714
2.0235012056807142
2.0235012056807147
2.0235012056807156
2.023501205680716
2.023501205680716
2.023501205680716
2.023501205680716
2.023501205680716
2.023501205680716
2.023501205680716
2.023501205680716
2.023501205680716
2.023501205680716
2.023501205680716
2.023501205680716
2.023501205680716
2.023501205680716
2.023501205680716
2.023501205680716
2.023501205680716
2.023501205680716
2.023501205680716
2.023501205680716
2.023501205680716
2.023501205680716
2.023501205680716
2.023501205680716
2.023501205680716
2.023501205680716
2.023501205680716
2.023501205680716
