1.6920216573279117
1.6920216573279117
1.6920216573279117
1.6920216573279117
1.6920216573279117
1.6920216573279117
1.6920216573279117
1.6920216573279117
1.6920216573279117
1.6920216573279117
1.6920216573279117
1.6920216573279117
1.6920216573279117
1.6920216573279117
1.6920216573279117
1.6920216573279117
1.6920216573279117
1.6920216573279117
1.6920216573279117
1.6920216573279117
1.6920216573279117
1.6920216573279117
1.6920216573279117
1.6920216573279117
1.6920216573279117
1.6920216573279117
1.6920216573279117
1.6920216573279117
1.6920216573279117
1.6920216573279117
1.6920216573279117
1.6920216573279117
1.6920216573279117
1.6920216573279117
1.6920216573279117
1.6920216573279117
1.6920216573279117
1.6920216573279117
1.6920216573279117
1.6920216573279117
1.6920216573279117
1.6920216573279117
1.6920216573279117
1.6920216573279117
1.6920216573279117
1.6920216573279117
1.6920216573279117
1.6920216573279117
1.6920216573279117
1.6920216573279117
1.6920216573279117
1.6920216573279117
1.6920216573279117
1.6920216573279117
1.6920216573279117
1.6920216573279117
1.6920216573279117
1.6920216573279117
1.6920216573279117
1.6920234250058657
1.6920234250058657
1.6920234250058657
1.6920234250058657
1.6920241023187808
1.692024974884386
1.6920258274903777
1.6920263390539203
1.6920266459920275
1.6920268301548855
1.6920274075865502
1.6920281230615912
1.6920285849653178
1.6920288833083237
1.6920291850007272
1.6920297160644315
1.692029932283839
1.692030062015465
1.692030139854434
1.692030337176971
1.69203063123796
1.6920308144938365
1.6920309244473573
1.6920310114424282
1.6920311135821524
1.692031180297363
1.692031220326488
1.6920312522821193
1.6920312957367716
1.6920313530818327
1.6920313874888682
1.6920314336027305
1.6920314988548346
1.6920315380060966
1.6920315614968533
1.6920315795091652
1.6920316057019247
1.6920316206383053
1.6920316312175048
1.6920316376546713
1.6920316461437224
1.6920316523131824
1.6920316548913072
1.6920316568496045
1.6920316587063788
1.6920316606274044
1.6920316622207854
1.6920316632824663
1.6920316642262285
1.692031665307409
1.6920316659935157
1.6920316665176571
1.6920316669518363
1.6920316672408564
1.6920316674540412
1.6920316676391411
1.6920316678443403
1.6920316679712517
1.6920316680473981
1.6920316680996341
1.692031668158977
1.6920316681977539
1.69203166822102
1.692031668237893
1.6920316682485266
1.6920316682636307
1.6920316682837915
1.692031668295888
1.692031668303146
1.6920316683105507
1.6920316683208272
1.692031668327229
1.69203166833107
1.6920316683333745
1.6920316683347574
1.692031668335587
1.692031668337189
1.6920316683397747
1.6920316683413261
1.692031668342257
1.6920316683428154
1.6920316683433236
1.6920316683442316
1.6920316683447763
1.6920316683451029
1.6920316683453562
1.6920316683457164
1.6920316683459322
1.6920316683460623
1.6920316683461478
1.6920316683462668
1.6920316683463394
1.692031668346383
1.692031668346409
1.692031668346437
1.6920316683464607
1.6920316683464751
1.6920316683464836
1.6920316683464884
1.692031668346498
1.6920316683465038
1.6920316683465078
1.6920316683465102
1.6920316683465118
1.6920316683465124
1.6920316683465138
1.6920316683465153
1.6920316683465164
1.6920316683465166
1.692031668346517
1.692031668346517
1.6920316683465175
1.692031668346518
1.692031668346518
1.692031668346518
1.692031668346518
1.692031668346518
1.692031668346518
1.692031668346518
1.692031668346518
1.692031668346518
1.692031668346518
1.692031668346518
1.692031668346518
1.692031668346518
1.692031668346518
1.692031668346518
1.692031668346518
1.692031668346518
1.692031668346518
1.692031668346518
1.692031668346518
1.692031668346518
1.692031668346518
1.692031668346518
1.692031668346518
1.692031668346518
1.692031668346518
