1.449738973683268
1.449738973683268
1.449738973683268
1.449738973683268
1.449738973683268
1.449738973683268
1.449738973683268
1.449738973683268
1.449738973683268
1.449738973683268
1.449738973683268
1.449738973683268
1.449738973683268
1.449738973683268
1.449738973683268
1.449738973683268
1.449738973683268
1.449738973683268
1.449738973683268
1.449738973683268
1.449738973683268
1.449738973683268
1.449738973683268
1.449738973683268
1.449738973683268
1.449738973683268
1.449738973683268
1.449738973683268
1.449738973683268
1.449738973683268
1.449738973683268
1.449738973683268
1.449738973683268
1.449738973683268
1.449738973683268
1.449738973683268
1.449738973683268
1.449738973683268
1.449738973683268
1.449738973683268
1.449738973683268
1.449738973683268
1.449738973683268
1.449738973683268
1.449738973683268
1.449738973683268
1.449738973683268
1.449738973683268
1.449738973683268
1.449738973683268
1.449738973683268
1.449738973683268
1.449738973683268
1.449738973683268
1.449738973683268
1.449738973683268
1.449738973683268
1.449738973683268
1.449738973683268
1.449738973683268
1.449740315492811
1.449740315492811
1.449740315492811
1.449740315492811
1.4497409019448786
1.4497409019448786
1.4497409019448786
1.449741282876959
1.4497413578028033
1.4497419543725611
1.4497422743639492
1.4497424663586536
1.449742759899753
1.4497430582402742
1.4497433546558725
1.4497437696855646
1.4497437696855646
1.4497438092195538
1.4497439464351065
1.4497440089232485
1.4497440647888982
1.4497440973083326
1.4497441895277103
1.4497442464717931
1.449744299787517
1.4497443486941792
1.4497443990112167
1.4497444292014396
1.4497444473155734
1.4497444619900193
1.449744470131513
1.4497444809979356
1.4497444875177896
1.4497444914297013
1.4497444937768489
1.4497444951851373
1.4497444978756784
1.4497445018574138
1.4497445047505912
1.449744506159823
1.449744507269015
1.4497445086175653
1.4497445098156996
1.4497445105345805
1.4497445109659088
1.4497445115949907
1.449744512008601
1.4497445123682051
1.4497445125471224
1.4497445127788755
1.4497445129669744
1.449744513120979
1.44974451315906
1.4497445132170368
1.4497445133019158
1.4497445133535176
1.4497445134071028
1.4497445134358413
1.449744513449686
1.4497445134660434
1.4497445134810836
1.4497445134859084
1.4497445134945446
1.4497445135011544
1.4497445135051172
1.4497445135100924
1.4497445135130778
1.4497445135151001
1.449744513516326
1.449744513517062
1.4497445135175988
1.449744513518743
1.449744513519565
1.4497445135200586
1.4497445135203544
1.4497445135207891
1.4497445135213742
1.449744513521761
1.449744513522004
1.4497445135224523
1.4497445135227447
1.4497445135229203
1.449744513523043
1.449744513523178
1.44974451352319
1.44974451352325
1.449744513523289
1.4497445135233225
1.449744513523348
1.4497445135233633
1.449744513523379
1.4497445135233928
1.449744513523401
1.4497445135234064
1.4497445135234097
1.4497445135234146
1.4497445135234166
1.4497445135234186
1.4497445135234386
1.4497445135234386
1.4497445135234386
1.449744513523442
1.4497445135234448
1.4497445135234501
1.4497445135234543
1.449744513523456
1.449744513523456
1.4497445135234581
1.4497445135234595
1.4497445135234597
1.4497445135234597
1.4497445135234601
1.4497445135234606
1.4497445135234608
1.4497445135234612
1.4497445135234612
1.4497445135234615
1.4497445135234617
1.4497445135234617
1.4497445135234617
1.449744513523462
1.449744513523462
1.4497445135234623
1.4497445135234623
1.4497445135234623
1.4497445135234623
1.4497445135234623
1.4497445135234623
1.4497445135234623
1.4497445135234623
1.4497445135234623
