1.378278901876174
1.378278901876174
1.378278901876174
1.378278901876174
1.378278901876174
1.378278901876174
1.378278901876174
1.378278901876174
1.378278901876174
1.378278901876174
1.378278901876174
1.378278901876174
1.378278901876174
1.378278901876174
1.378278901876174
1.378278901876174
1.378278901876174
1.378278901876174
1.378278901876174
1.378278901876174
1.378278901876174
1.378278901876174
1.378278901876174
1.378278901876174
1.378278901876174
1.378278901876174
1.378278901876174
1.378278901876174
1.378278901876174
1.378278901876174
1.378278901876174
1.378278901876174
1.378278901876174
1.378278901876174
1.378278901876174
1.378278901876174
1.378278901876174
1.378278901876174
1.378278901876174
1.378278901876174
1.378278901876174
1.378278901876174
1.378278901876174
1.378278901876174
1.378278901876174
1.378278901876174
1.378278901876174
1.378278901876174
1.378278901876174
1.378278901876174
1.378278901876174
1.378278901876174
1.378278901876174
1.378278901876174
1.378278901876174
1.378278901876174
1.378278901876174
1.378278901876174
1.378278901876174
1.378278901876174
1.378278901876174
1.378278901876174
1.378278901876174
1.378278901876174
1.3782792739968548
1.3782792971874749
1.378279532563301
1.3782799856451564
1.378282798160513
1.378285268663302
1.3782869129697395
1.3782889203057183
1.378290751062454
1.3782915632639987
1.378292344220362
1.3782927613994744
1.3782935736684458
1.378293917978986
1.3782941320949464
1.3782942522786403
1.3782944989879018
1.3782947021172223
1.3782948737825897
1.3782949494283738
1.3782950295451362
1.3782950827545966
1.3782951568451671
1.378295164412513
1.3782951928463305
1.3782952183446031
1.378295233643567
1.3782952451813895
1.37829526121536
1.3782952734321734
1.3782952783729072
1.3782952783729072
1.3782952847736527
1.3782952876056522
1.378295289769265
1.378295289769265
1.3782952900243743
1.378295292366065
1.3782952929439731
1.3782952931668064
1.378295293861116
1.3782952946240854
1.3782952947565068
1.37829529521081
1.378295295348093
1.3782952959764985
1.3782952964023627
1.3782952964560198
1.3782952964560198
1.3782952966470006
1.3782952967385842
1.3782952967618645
1.3782952967782924
1.3782952968262887
1.3782952968908015
1.3782952969421376
1.3782952969786029
1.378295297005822
1.3782952970299758
1.3782952970599578
1.3782952970857552
1.378295297101234
1.3782952971105205
1.3782952971160929
1.378295297135331
1.3782952971534135
1.3782952971646034
1.3782952971713167
1.3782952971780222
1.378295297184635
1.3782952971860083
1.3782952971886262
1.3782952971910627
1.3782952971927618
1.3782952971939644
1.3782952971944524
1.3782952971951545
1.3782952971962976
1.378295297196817
1.378295297197244
1.3782952971974998
1.3782952971978482
1.3782952971983147
1.3782952971985676
1.378295297198735
1.3782952971988354
1.3782952971988958
1.3782952971989315
1.3782952971989548
1.3782952971990472
1.378295297199133
1.3782952971991838
1.3782952971992148
1.378295297199241
1.3782952971992983
1.3782952971993323
1.378295297199353
1.3782952971993683
1.3782952971993865
1.3782952971993994
1.3782952971994087
1.3782952971994156
1.3782952971994231
1.3782952971994278
1.3782952971994307
1.3782952971994322
1.378295297199434
1.3782952971994364
1.378295297199437
1.3782952971994384
1.3782952971994398
1.3782952971994404
1.3782952971994409
1.3782952971994409
1.3782952971994413
1.3782952971994413
1.3782952971994413
1.3782952971994413
1.3782952971994413
1.3782952971994413
1.3782952971994413
1.3782952971994413
1.3782952971994413
1.3782952971994413
1.3782952971994413
1.3782952971994413
1.3782952971994413
1.3782952971994413
1.3782952971994413
