1.45735805911022
1.45735805911022
1.45735805911022
1.45735805911022
1.45735805911022
1.45735805911022
1.45735805911022
1.45735805911022
1.45735805911022
1.45735805911022
1.45735805911022
1.45735805911022
1.45735805911022
1.45735805911022
1.45735805911022
1.45735805911022
1.45735805911022
1.45735805911022
1.45735805911022
1.45735805911022
1.45735805911022
1.45735805911022
1.45735805911022
1.45735805911022
1.45735805911022
1.45735805911022
1.45735805911022
1.45735805911022
1.45735805911022
1.45735805911022
1.45735805911022
1.45735805911022
1.45735805911022
1.45735805911022
1.45735805911022
1.45735805911022
1.45735805911022
1.45735805911022
1.45735805911022
1.45735805911022
1.45735805911022
1.45735805911022
1.45735805911022
1.45735805911022
1.45735805911022
1.45735805911022
1.45735805911022
1.45735805911022
1.45735805911022
1.45735805911022
1.4573593545683048
1.4573593545683048
1.4573593545683048
1.4573603356465106
1.4573610609510521
1.457361970858283
1.457362432711189
1.457363553594729
1.4573640542448283
1.4573644251720659
1.4573646477283946
1.457364965537961
1.4573654843103157
1.4573658875593485
1.4573661319043956
1.457366436314481
1.4573667376708375
1.457366986534234
1.457367145004982
1.457367240087427
1.4573673787564376
1.4573675274097113
1.4573676166016716
1.457367679800915
1.4573677385486115
1.4573677763579154
1.4573678039093765
1.4573678250948088
1.4573678439291602
1.4573678552297709
1.457367863351765
1.457367868500521
1.4573678745600949
1.4573678795847524
1.4573678825995469
1.457367885676156
1.4573678888908428
1.4573678908196546
1.4573678919769422
1.4573678933680518
1.457367894779637
1.4573678956265879
1.457367896134758
1.4573678967306742
1.4573678976128928
1.4573678981422236
1.4573678984999108
1.4573678990168513
1.4573678993270156
1.457367899513114
1.4573678996247734
1.4573678997163932
1.4573678998696296
1.4573678999615718
1.457367900016737
1.4573679000498359
1.4573679000696953
1.457367900081611
1.4573679000887605
1.4573679000930504
1.4573679000992168
1.4573679001249973
1.4573679001404656
1.4573679001497466
1.4573679001553153
1.4573679001680686
1.4573679001768294
1.4573679001820858
1.4573679001885944
1.4573679001950322
1.4573679001988944
1.457367900201212
1.4573679002044757
1.4573679002074102
1.4573679002091706
1.4573679002102267
1.4573679002116722
1.4573679002126245
1.4573679002131963
1.4573679002135391
1.4573679002137447
1.4573679002140734
1.4573679002146362
1.4573679002149738
1.4573679002151765
1.4573679002152977
1.457367900215501
1.4573679002156612
1.4573679002157574
1.457367900215815
1.457367900215852
1.4573679002159228
1.4573679002159652
1.4573679002159907
1.457367900216006
1.4573679002160151
1.4573679002160274
1.4573679002160365
1.4573679002160418
1.4573679002160453
1.4573679002160498
1.4573679002160533
1.4573679002160553
1.4573679002160567
1.4573679002160582
1.4573679002160587
1.457367900216059
1.4573679002160596
1.4573679002160602
1.4573679002160607
1.4573679002160607
1.4573679002160607
1.4573679002160607
1.4573679002160607
1.4573679002160607
1.4573679002160607
1.4573679002160607
1.4573679002160607
1.4573679002160607
1.4573679002160607
1.4573679002160607
1.4573679002160607
1.4573679002160607
1.4573679002160607
1.4573679002160607
1.4573679002160607
1.4573679002160607
1.4573679002160607
1.4573679002160607
