1.9645209321492159
1.9645209321492159
1.9645209321492159
1.9645209321492159
1.9645209321492159
1.9645209321492159
1.9645209321492159
1.9645209321492159
1.9645209321492159
1.9645209321492159
1.9645209321492159
1.9645209321492159
1.9645209321492159
1.9645209321492159
1.9645209321492159
1.9645209321492159
1.9645209321492159
1.9645209321492159
1.9645209321492159
1.9645209321492159
1.9645209321492159
1.9645209321492159
1.9645209321492159
1.9645209321492159
1.9645209321492159
1.9645209321492159
1.9645209321492159
1.9645209321492159
1.9645209321492159
1.9645209321492159
1.9645209321492159
1.9645209321492159
1.9645209321492159
1.9645209321492159
1.9645209321492159
1.9645209321492159
1.9645209321492159
1.9645209321492159
1.9645209321492159
1.9645209321492159
1.9645209321492159
1.9645209321492159
1.9645209321492159
1.964534367854753
1.964534367854753
1.964534367854753
1.964534367854753
1.9645349459697952
1.9645349459697952
1.9645349459697952
1.9645349459697952
1.9645350405082629
1.9645350405082629
1.9645350405082629
1.9645350405082629
1.9645352477572586
1.9645364890481198
1.9645372338237026
1.9645376806894363
1.9645379488090147
1.9645384299862072
1.9645388121867917
1.964539852387325
1.9645405980512687
1.964541599579021
1.9645418567109325
1.964542543025584
1.9645436608489506
1.964544670426069
1.9645453803224495
1.9645462834549337
1.9645468253344522
1.964547150462173
1.9645473692228255
1.9645475742864187
1.9645477604573707
1.9645479724131223
1.9645481079198095
1.9645481892238217
1.9645482601456408
1.9645483225410723
1.9645483613486827
1.9645483920973872
1.9645484114991527
1.9645484286722386
1.9645484467040475
1.9645484548393646
1.9645484652383618
1.9645484745329735
1.964548477337361
1.9645484827455202
1.964548486293946
1.9645484899260768
1.964548492927609
1.964548494035128
1.9645484949649594
1.964548495765041
1.9645484967272513
1.964548497491221
1.9645484976850893
1.964548497906869
1.9645484984551704
1.9645484989650641
1.9645484992710003
1.9645484993448337
1.9645484995190259
1.9645484996519706
1.964548499731737
1.9645484998568041
1.9645484998925598
1.964548499977213
1.9645485000432308
1.9645485000828409
1.9645485001066074
1.9645485001208671
1.9645485001394491
1.964548500155599
1.9645485001648595
1.9645485001736003
1.964548500176132
1.9645485001801122
1.9645485001839385
1.9645485001845922
1.9645485001861067
1.9645485001861067
1.964548500187101
1.9645485001876184
1.9645485001876748
1.9645485001880074
1.9645485001883896
1.9645485001887364
1.9645485001888752
1.9645485001891012
1.9645485001892118
1.9645485001892178
1.9645485001894472
1.964548500189516
1.9645485001895446
1.9645485001896148
1.9645485001896148
1.9645485001896394
1.9645485001896394
1.9645485001896394
1.9645485001896827
1.9645485001896827
1.9645485001896832
1.9645485001896976
1.964548500189708
1.9645485001897167
1.9645485001897167
1.964548500189719
1.964548500189721
1.9645485001897234
1.9645485001897276
1.9645485001897303
1.9645485001897318
1.9645485001897358
1.9645485001897407
1.9645485001897431
1.964548500189746
1.9645485001897478
1.96454850018975
1.9645485001897507
1.9645485001897516
1.964548500189752
1.9645485001897527
1.9645485001897527
1.9645485001897531
1.9645485001897531
1.9645485001897531
1.9645485001897536
1.9645485001897536
1.9645485001897536
1.9645485001897536
1.9645485001897536
1.9645485001897536
1.9645485001897536
1.9645485001897536
1.9645485001897536
1.9645485001897536
1.9645485001897536
1.9645485001897536
1.9645485001897536
1.9645485001897536
1.9645485001897536
1.9645485001897536
1.9645485001897536
