1.552850007192594
1.552850007192594
1.552850007192594
1.552850007192594
1.552850007192594
1.552850007192594
1.552850007192594
1.552850007192594
1.552850007192594
1.552850007192594
1.552850007192594
1.552850007192594
1.552850007192594
1.552850007192594
1.552850007192594
1.552850007192594
1.552850007192594
1.552850007192594
1.552850007192594
1.552850007192594
1.552850007192594
1.552850007192594
1.552850007192594
1.552850007192594
1.552850007192594
1.552850007192594
1.552850007192594
1.552850007192594
1.552850007192594
1.552850007192594
1.552850007192594
1.552850007192594
1.552850007192594
1.552850007192594
1.552850007192594
1.552850007192594
1.552850007192594
1.552850007192594
1.552850007192594
1.552850007192594
1.552850007192594
1.552850007192594
1.552850007192594
1.552850007192594
1.552876983108529
1.552876983108529
1.552876983108529
1.552876983108529
1.5528793916737993
1.5528793916737993
1.5528793916737993
1.5528807414441907
1.5528807414441907
1.5528807414441907
1.5528822635570243
1.5528832567263189
1.552886265874735
1.5528880713575608
1.55288922410347
1.5528898546121819
1.5528902745927775
1.5528910291933127
1.5528910291933127
1.55289110062568
1.5528913274744198
1.5528916443217908
1.552891918156216
1.5528923343416974
1.552892396878336
1.5528926557807947
1.5528927861785349
1.5528929236371984
1.5528932222007188
1.5528934207713971
1.55289351427677
1.5528935910952582
1.5528936698404583
1.5528937754514318
1.5528938504597125
1.5528939451881603
1.5528940068710944
1.5528940438808567
1.5528940848622383
1.5528941176770001
1.5528941418275293
1.552894159158741
1.5528941701872276
1.5528941768043194
1.5528941807745749
1.5528941902300422
1.5528941979220026
1.5528942016381693
1.5528942016381693
1.5528942058571495
1.5528942062038984
1.5528942072398548
1.5528942072398548
1.5528942072969096
1.5528942080583836
1.5528942086774795
1.5528942090489368
1.5528942092828975
1.5528942097007161
1.552894210039766
1.552894210243196
1.5528942103652539
1.552894210447643
1.5528942106128696
1.552894210724324
1.5528942107911967
1.5528942108313204
1.5528942108668438
1.5528942109201525
1.5528942109201525
1.5528942109472648
1.552894210962144
1.5528942109705486
1.5528942109755914
1.5528942109818804
1.5528942109882802
1.5528942109922679
1.5528942109950574
1.5528942109966457
1.5528942109978523
1.5528942110004362
1.5528942110019905
1.5528942110029231
1.5528942110043824
1.5528942110054202
1.552894211006043
1.5528942110064825
1.552894211006863
1.5528942110071047
1.5528942110073014
1.5528942110074286
1.552894211007534
1.5528942110075972
1.5528942110076351
1.552894211007658
1.5528942110077775
1.5528942110079096
1.5528942110079844
1.5528942110080108
1.5528942110080108
1.55289421100805
1.5528942110080668
1.552894211008069
1.5528942110080826
1.5528942110080917
1.5528942110081
1.5528942110081079
1.5528942110081136
1.552894211008116
1.5528942110081165
1.5528942110081165
1.5528942110081179
1.5528942110081179
1.5528942110081179
1.5528942110081179
1.5528942110081183
1.5528942110081185
1.5528942110081188
1.5528942110081188
1.5528942110081188
1.552894211008119
1.5528942110081192
1.5528942110081192
1.5528942110081192
1.5528942110081194
1.5528942110081194
1.5528942110081194
1.5528942110081194
1.5528942110081194
1.5528942110081194
1.5528942110081194
1.5528942110081194
1.5528942110081194
1.5528942110081194
1.5528942110081194
1.5528942110081194
1.5528942110081194
1.5528942110081194
1.5528942110081194
1.5528942110081194
1.5528942110081194
1.5528942110081194
