1.6733117217479399
1.6733117217479399
1.6733117217479399
1.6733117217479399
1.6733117217479399
1.6733117217479399
1.6733117217479399
1.6733117217479399
1.6733117217479399
1.6733117217479399
1.6733117217479399
1.6733117217479399
1.6733117217479399
1.6733117217479399
1.6733117217479399
1.6733117217479399
1.6733117217479399
1.6733117217479399
1.6733117217479399
1.6733117217479399
1.6733117217479399
1.6733117217479399
1.6733117217479399
1.6733117217479399
1.6733117217479399
1.6733117217479399
1.6733117217479399
1.6733117217479399
1.6733117217479399
1.6733117217479399
1.6733117217479399
1.6733117217479399
1.6733117217479399
1.6733117217479399
1.6733117217479399
1.6733117217479399
1.6733117217479399
1.6733117217479399
1.6733117217479399
1.6733117217479399
1.6733117217479399
1.6733117217479399
1.6733117217479399
1.6733117217479399
1.673324576643187
1.673324576643187
1.673324576643187
1.673324576643187
1.673324576643187
1.673324576643187
1.673324576643187
1.673324576643187
1.673324576643187
1.6733281978789627
1.6733281978789627
1.6733281978789627
1.6733281978789627
1.6733300094922157
1.6733300094922157
1.6733300094922157
1.6733300094922157
1.673331216275824
1.6733326778806112
1.6733329014195557
1.6733347929289022
1.6733359278352584
1.6733366087793415
1.6733370769149067
1.6733380120532322
1.6733393224428734
1.6733393224428734
1.6733393224428734
1.6733395008224081
1.6733397119699276
1.6733397917232777
1.6733399432877405
1.6733401848958276
1.6733401995553205
1.6733402322726911
1.6733404263570264
1.673340544239259
1.6733406149686003
1.6733406574062057
1.6733406912283293
1.6733408093666011
1.6733408802495668
1.6733409227793472
1.673340948297216
1.6733409663608843
1.6733409871092677
1.6733409997190702
1.6733410072849517
1.6733410154248383
1.673341024023154
1.6733410305061855
1.6733410343960042
1.673341036729895
1.6733410440425946
1.673341050011597
1.6733410535929982
1.6733410557418393
1.673341057031144
1.6733410592307456
1.673341063502472
1.6733410660655077
1.6733410676033296
1.6733410697937203
1.6733410716148052
1.6733410727074565
1.673341073363047
1.673341073756401
1.6733410739924142
1.6733410741340216
1.6733410748837643
1.6733410753392763
1.6733410756125835
1.6733410757765679
1.6733410758749585
1.6733410760710303
1.6733410761983
1.6733410762746617
1.6733410763336838
1.6733410764484618
1.6733410765173287
1.6733410765586487
1.673341076583441
1.673341076598316
1.6733410766072414
1.6733410766235342
1.6733410766357457
1.6733410766430723
1.6733410766474686
1.6733410766546908
1.6733410766611876
1.6733410766650856
1.6733410766675236
1.673341076671894
1.6733410766745163
1.6733410766760892
1.6733410766770334
1.6733410766785068
1.673341076679404
1.673341076679942
1.673341076680265
1.6733410766805055
1.6733410766809844
1.673341076681272
1.673341076681444
1.6733410766815473
1.6733410766817267
1.6733410766818866
1.6733410766819825
1.6733410766820398
1.6733410766821097
1.6733410766821684
1.6733410766822039
1.673341076682225
1.6733410766822376
1.6733410766822563
1.6733410766822685
1.6733410766822758
1.6733410766822803
1.6733410766822852
1.6733410766822883
1.6733410766822905
1.6733410766822914
1.6733410766822925
1.6733410766822936
1.6733410766822951
1.6733410766822965
1.6733410766822967
1.6733410766822974
1.6733410766822978
1.6733410766822983
1.6733410766822985
1.673341076682299
1.673341076682299
1.6733410766822991
1.6733410766822994
1.6733410766822996
1.6733410766822996
1.6733410766822996
1.6733410766822998
1.6733410766822998
1.6733410766822998
1.6733410766822998
1.6733410766822998
1.6733410766822998
1.6733410766822998
1.6733410766822998
