1.8714800955392812
1.8714800955392812
1.8714800955392812
1.8714800955392812
1.8714800955392812
1.8714800955392812
1.8714800955392812
1.8714800955392812
1.8714800955392812
1.8714800955392812
1.8714800955392812
1.8714800955392812
1.8714800955392812
1.8714800955392812
1.8714800955392812
1.8714800955392812
1.8714800955392812
1.8714800955392812
1.8714800955392812
1.8714800955392812
1.8714800955392812
1.8714800955392812
1.8714800955392812
1.8714800955392812
1.8714800955392812
1.8714800955392812
1.8714800955392812
1.8714800955392812
1.8714800955392812
1.8714800955392812
1.8714800955392812
1.8714800955392812
1.8714800955392812
1.8714800955392812
1.8714800955392812
1.8714800955392812
1.8714800955392812
1.8714800955392812
1.8714800955392812
1.8714800955392812
1.8714800955392812
1.8714800955392812
1.8714800955392812
1.8714800955392812
1.8714800955392812
1.8714800955392812
1.8714800955392812
1.8714800955392812
1.8714800955392812
1.8714800955392812
1.8714800955392812
1.8714800955392812
1.87148106532088
1.87148106532088
1.87148106532088
1.87148106532088
1.87148106532088
1.87148106532088
1.87148106532088
1.87148106532088
1.87148106532088
1.87148106532088
1.87148106532088
1.87148106532088
1.8714815018602249
1.8714817740735872
1.8714821715293617
1.8714825774049935
1.8714828653197741
1.8714830891247054
1.8714834601103059
1.8714837912928728
1.8714840354039208
1.871484141440968
1.8714843616734498
1.87148454326061
1.8714846537637562
1.8714847654811932
1.8714848325109743
1.8714848652611547
1.8714849111776253
1.8714849338596893
1.8714849735575692
1.871484995200587
1.8714850090878672
1.871485053633582
1.8714850726903594
1.8714850895990747
1.8714850895990747
1.8714851036832694
1.871485119474846
1.8714851279407803
1.871485132122234
1.8714851409213618
1.871485155812423
1.8714851647470592
1.8714851701078414
1.871485173324311
1.8714851779785602
1.8714851808072432
1.8714851808072432
1.8714851808072432
1.8714851814252598
1.8714851814252598
1.8714851814252598
1.8714851814252598
1.871485181716063
1.8714851818947447
1.8714851818947447
1.8714851818947447
1.8714851818947447
1.8714851820500535
1.8714851820500535
1.8714851820500535
1.8714851820500535
1.8714851820500535
1.8714851820787153
1.8714851820787153
1.8714851820787153
1.8714851820787153
1.8714851820787153
1.871485182084874
1.871485182084874
1.871485182084874
1.871485182084874
1.871485182084874
1.871485182084874
1.8714851820863114
1.8714851820863114
1.8714851820863114
1.8714851820863114
1.8714851820865013
1.8714851820865013
1.8714851820865013
1.8714851820865013
1.8714851820865654
1.8714851820866543
1.8714851820866543
1.8714851820866543
1.8714851820866543
1.871485182086702
1.871485182086702
1.871485182086702
1.871485182086702
1.871485182086702
1.871485182086702
1.871485182086702
1.871485182086702
1.871485182086702
1.871485182086702
1.871485182086702
1.871485182086702
1.871485182086702
1.8714851820867093
1.8714851820867178
1.8714851820867178
1.8714851820867178
1.8714851820867178
1.8714851820867202
1.8714851820867202
1.8714851820867202
1.8714851820867202
1.8714851820867202
1.8714851820867218
1.8714851820867229
1.871485182086724
1.871485182086724
1.8714851820867249
1.8714851820867255
1.8714851820867255
1.8714851820867255
1.8714851820867255
1.8714851820867255
1.8714851820867255
1.8714851820867258
1.8714851820867258
1.8714851820867258
1.8714851820867258
1.8714851820867258
1.8714851820867258
1.8714851820867258
1.8714851820867258
1.8714851820867258
1.8714851820867258
1.8714851820867258
1.8714851820867258
1.8714851820867258
1.8714851820867258
1.8714851820867258
1.8714851820867258
1.8714851820867258
1.8714851820867258
1.8714851820867258
1.8714851820867258
