2.0454675887751046
2.0454675887751046
2.0454675887751046
2.0454675887751046
2.0454675887751046
2.0454675887751046
2.0454675887751046
2.0454675887751046
2.0454675887751046
2.0454675887751046
2.0454675887751046
2.0454675887751046
2.0454675887751046
2.0454675887751046
2.0454675887751046
2.0454675887751046
2.0454675887751046
2.0454675887751046
2.0454675887751046
2.0454675887751046
2.0454675887751046
2.0454675887751046
2.0454675887751046
2.0454675887751046
2.0454675887751046
2.0454675887751046
2.0454675887751046
2.0454675887751046
2.0454675887751046
2.0454675887751046
2.0454675887751046
2.0454675887751046
2.0454675887751046
2.0455491178382417
2.0455491178382417
2.0455491178382417
2.0455491178382417
2.0455491178382417
2.0455491178382417
2.0455491178382417
2.0455491178382417
2.0455491178382417
2.0455491178382417
2.0455491178382417
2.0455491178382417
2.0455491178382417
2.0455491178382417
2.0455491178382417
2.0455491178382417
2.0455491178382417
2.0455491178382417
2.0455491178382417
2.0455491178382417
2.0455491178382417
2.0455622073241497
2.0455622073241497
2.0455622073241497
2.0455622073241497
2.0455623883719642
2.0455669030114896
2.0455669030114896
2.0455682971587983
2.045570057595259
2.0455706623380014
2.0455714195154644
2.0455723485215302
2.045572989724449
2.0455733744463016
2.0455738135145727
2.0455743870963587
2.0455745552931868
2.0455748353230794
2.0455750033410416
2.045575176827764
2.045575324493083
2.0455754941958433
2.045575560023796
2.0455756954031874
2.0455757871191693
2.0455758636557735
2.0455758985068933
2.045575955465646
2.0455760134587453
2.0455760393464715
2.0455760684409783
2.045576096846445
2.045576122111845
2.0455761329514726
2.0455761522215847
2.0455761666669647
2.045576172336571
2.045576175684212
2.0455761802080823
2.0455761842516793
2.045576186438868
2.0455761877934213
2.045576191082073
2.0455761949923477
2.045576197181989
2.045576197468117
2.045576198866257
2.045576199239599
2.045576200186635
2.045576201019228
2.045576201518785
2.0455762018185184
2.0455762019983585
2.0455762022378097
2.0455762024473145
2.0455762025696713
2.0455762026885567
2.0455762026965436
2.0455762027724487
2.0455762028591913
2.045576202916041
2.045576202950151
2.0455762029706164
2.0455762030646754
2.0455762031275784
2.0455762031522298
2.0455762031522298
2.0455762031755222
2.045576203189828
2.045576203189828
2.045576203190593
2.045576203197405
2.045576203203974
2.0455762032096394
2.04557620321351
2.045576203213907
2.045576203215469
2.0455762032166533
2.0455762032173648
2.04557620321779
2.0455762032180504
2.0455762032186535
2.0455762032191402
2.045576203219432
2.0455762032196074
2.0455762032204734
2.0455762032210654
2.045576203221422
2.045576203221686
2.0455762032221685
2.0455762032224865
2.045576203222592
2.0455762032227436
2.045576203222842
2.045576203222999
2.045576203223033
2.045576203223063
2.0455762032230833
2.045576203223087
2.045576203223158
2.045576203223206
2.045576203223234
2.045576203223251
2.045576203223253
2.045576203223264
2.0455762032232694
2.045576203223276
2.0455762032232814
2.04557620322329
2.0455762032232903
2.045576203223298
2.0455762032233027
2.0455762032233054
2.0455762032233094
2.0455762032233133
2.0455762032233156
2.0455762032233173
2.0455762032233182
2.045576203223319
2.04557620322332
2.0455762032233205
2.045576203223321
2.045576203223321
2.0455762032233213
2.0455762032233213
2.0455762032233213
2.045576203223322
2.045576203223322
2.045576203223322
2.045576203223322
2.045576203223322
2.045576203223322
2.045576203223322
2.045576203223322
2.045576203223322
