1.8975034765903054
1.8975034765903054
1.8975034765903054
1.8975034765903054
1.8975034765903054
1.8975034765903054
1.8975034765903054
1.8975034765903054
1.8975034765903054
1.8975034765903054
1.8975034765903054
1.8975034765903054
1.8975034765903054
1.8975034765903054
1.8975034765903054
1.8975034765903054
1.8975034765903054
1.8975034765903054
1.8975034765903054
1.8975034765903054
1.8975034765903054
1.8975034765903054
1.8975034765903054
1.8975034765903054
1.8975034765903054
1.8975034765903054
1.8975034765903054
1.8975034765903054
1.8975034765903054
1.8975034765903054
1.8975034765903054
1.8975034765903054
1.8975034765903054
1.8975034765903054
1.8975034765903054
1.8975034765903054
1.8975034765903054
1.8975034765903054
1.8975034765903054
1.8975034765903054
1.8975034765903054
1.8975034765903054
1.8975034765903054
1.8975034765903054
1.8975034765903054
1.8975034765903054
1.8975034765903054
1.8975034765903054
1.8975034765903054
1.8975034765903054
1.8975047562204839
1.8975047562204839
1.8975047562204839
1.8975126281225743
1.8975126281225743
1.8975126281225743
1.897515694094185
1.8975170125269791
1.89751834303331
1.8975222129506417
1.8975245349048793
1.897525928078803
1.8975284207034306
1.8975284529357659
1.8975295007598385
1.8975299731141577
1.8975312890201643
1.8975312890201643
1.8975314290832972
1.897532059751361
1.8975324571918077
1.8975327374963131
1.8975330532654078
1.897533446671602
1.897533757851324
1.8975338884279633
1.8975340319762948
1.8975341757568855
1.8975342568375613
1.8975343271575904
1.8975343379928606
1.8975343763288364
1.8975344063844377
1.8975344193555628
1.8975344401766263
1.8975344561427325
1.897534465915838
1.8975344717797014
1.8975344764090982
1.897534479314074
1.8975344860460628
1.8975344885129304
1.8975344928040094
1.897534494563521
1.8975344982144962
1.8975345002012063
1.8975345013705418
1.8975345025090773
1.8975345040283202
1.89753450506547
1.897534505912861
1.8975345062194249
1.8975345063667857
1.8975345067876752
1.8975345072175513
1.8975345075816654
1.8975345075816654
1.8975345075816654
1.8975345075816654
1.8975345077163832
1.8975345077163832
1.8975345077163832
1.8975345077163832
1.8975345077378742
1.8975345077511894
1.8975345077511894
1.8975345077637453
1.897534507770683
1.897534507775699
1.8975345077781403
1.8975345077817636
1.8975345077866734
1.897534507789619
1.897534507795369
1.8975345078021082
1.8975345078032502
1.8975345078055164
1.8975345078067605
1.8975345078072101
1.8975345078076973
1.897534507807947
1.8975345078086718
1.897534507808893
1.8975345078092307
1.897534507809635
1.8975345078099075
1.897534507810066
1.8975345078103594
1.8975345078105694
1.897534507810595
1.8975345078107198
1.8975345078107764
1.897534507810838
1.8975345078108818
1.8975345078109072
1.897534507810923
1.8975345078109322
1.8975345078109518
1.8975345078110073
1.8975345078110357
1.8975345078110357
1.8975345078110357
1.8975345078110357
1.897534507811046
1.8975345078110482
1.8975345078110482
1.8975345078110482
1.8975345078110482
1.8975345078110482
1.8975345078110495
1.8975345078110495
1.8975345078110495
1.8975345078110495
1.8975345078110497
1.8975345078110497
1.8975345078110497
1.8975345078110497
1.8975345078110497
1.8975345078110497
1.89753450781105
1.89753450781105
1.89753450781105
1.89753450781105
1.89753450781105
1.89753450781105
1.89753450781105
1.89753450781105
1.89753450781105
1.89753450781105
1.89753450781105
1.89753450781105
1.89753450781105
1.89753450781105
1.89753450781105
1.89753450781105
