1.8286818817277026
1.8286818817277026
1.8286818817277026
1.8286818817277026
1.8286818817277026
1.8286818817277026
1.8286818817277026
1.8286818817277026
1.8286818817277026
1.8286818817277026
1.8286818817277026
1.8286818817277026
1.8286818817277026
1.8286818817277026
1.8286818817277026
1.8286818817277026
1.8286818817277026
1.8286818817277026
1.8286818817277026
1.8286818817277026
1.8286818817277026
1.8286818817277026
1.8286818817277026
1.8286818817277026
1.8286818817277026
1.8286818817277026
1.8286818817277026
1.8286818817277026
1.8286818817277026
1.8286818817277026
1.8286818817277026
1.8286818817277026
1.8286818817277026
1.8286818817277026
1.8286818817277026
1.8286818817277026
1.8286818817277026
1.8286818817277026
1.8286818817277026
1.8286818817277026
1.8286818817277026
1.8286818817277026
1.8286818817277026
1.8286818817277026
1.8286818817277026
1.8286818817277026
1.8286818817277026
1.82869920638899
1.82869920638899
1.82869920638899
1.82869920638899
1.8287119661984117
1.8287119661984117
1.8287119661984117
1.8287570021092936
1.8287570021092936
1.8287570021092936
1.8287570021092936
1.8287570021092936
1.828788611288751
1.8287946575123049
1.8288116622803614
1.828822203118691
1.8288284936173784
1.8288318420165781
1.8288341363822327
1.8288355130044907
1.8288398322481372
1.8288405353075785
1.8288439692979161
1.8288460296926903
1.8288475815196368
1.8288491088029828
1.8288506000833673
1.8288517934534574
1.8288525236878805
1.8288530601147346
1.8288539014210734
1.828854270574123
1.8288545797383682
1.8288546760239535
1.8288549572267114
1.828855147652208
1.8288552641299562
1.82885533110769
1.8288554191977398
1.8288554885017823
1.8288555300842075
1.8288556160181246
1.8288556522938262
1.8288556676143548
1.8288556932190123
1.82885570931752
1.8288557189766261
1.8288557208323575
1.8288557260752212
1.8288557352650208
1.828855736200163
1.828855741208942
1.8288557425854817
1.8288557437087443
1.828855745292457
1.8288557462285988
1.8288557469604707
1.828855748480793
1.8288557489139534
1.828855749482312
1.828855749893249
1.8288557507753629
1.8288557507753629
1.8288557514224706
1.8288557515319552
1.8288557515319552
1.8288557515319552
1.8288557516544777
1.828855751758905
1.828855751758905
1.828855751758905
1.8288557517902355
1.8288557518114859
1.8288557518114859
1.8288557518114859
1.8288557518114859
1.8288557518171689
1.828855751832663
1.828855751832663
1.8288557518434818
1.8288557518496809
1.828855751855649
1.8288557518602444
1.828855751863002
1.8288557518671278
1.8288557518701372
1.8288557518728954
1.8288557518746522
1.8288557518772022
1.8288557518776214
1.828855751879315
1.8288557518807662
1.8288557518807662
1.8288557518810344
1.8288557518810344
1.8288557518810344
1.8288557518813522
1.8288557518814372
1.8288557518814372
1.8288557518814372
1.8288557518814372
1.8288557518814372
1.8288557518814372
1.8288557518814372
1.8288557518814372
1.8288557518814372
1.8288557518814372
1.8288557518814372
1.8288557518814395
1.8288557518814395
1.8288557518814395
1.8288557518814395
1.8288557518814395
1.8288557518814395
1.8288557518814395
1.8288557518814395
1.8288557518814401
1.8288557518814401
1.8288557518814401
1.8288557518814401
1.8288557518814401
1.8288557518814401
1.8288557518814401
1.8288557518814401
1.8288557518814401
1.8288557518814401
1.8288557518814401
1.8288557518814403
1.8288557518814403
1.8288557518814403
1.8288557518814403
1.8288557518814406
1.8288557518814406
1.8288557518814406
1.8288557518814406
1.8288557518814406
1.8288557518814406
1.8288557518814406
1.8288557518814406
1.8288557518814406
1.8288557518814406
1.8288557518814406
1.8288557518814406
1.8288557518814406
1.8288557518814406
