1.5890083908879773
1.5890083908879773
1.5890083908879773
1.5890083908879773
1.5890083908879773
1.5890083908879773
1.5890083908879773
1.5890083908879773
1.5890083908879773
1.5890083908879773
1.5890083908879773
1.5890083908879773
1.5890083908879773
1.5890083908879773
1.5890083908879773
1.5890083908879773
1.5890083908879773
1.5890083908879773
1.5890083908879773
1.5890083908879773
1.5890083908879773
1.5890083908879773
1.5890083908879773
1.5890083908879773
1.5890083908879773
1.5890083908879773
1.5890083908879773
1.5890083908879773
1.5890083908879773
1.5890083908879773
1.5890083908879773
1.5890083908879773
1.5890083908879773
1.5890083908879773
1.5890083908879773
1.5890083908879773
1.5890083908879773
1.5890083908879773
1.5890083908879773
1.5890083908879773
1.5890083908879773
1.5890083908879773
1.5890083908879773
1.5890083908879773
1.5890083908879773
1.5890083908879773
1.5890083908879773
1.5890083908879773
1.5890083908879773
1.5890083908879773
1.5890083908879773
1.5890083908879773
1.5890083908879773
1.5890083908879773
1.5890083908879773
1.5890083908879773
1.5890091182153803
1.5890091182153803
1.5890091182153803
1.5890091443047105
1.589009671571512
1.589009926238731
1.589010341740045
1.5890105082852195
1.5890106688129537
1.5890108626997903
1.5890110010957024
1.5890111192233383
1.589011197815866
1.5890112948545627
1.5890113248687956
1.5890113643971455
1.589011388157337
1.5890114194282436
1.5890114402017579
1.5890114497772216
1.589011456729082
1.5890114660260604
1.5890114814982217
1.5890114930904875
1.5890115000458471
1.5890115042190631
1.5890115099645363
1.5890115192475192
1.5890115248173087
1.5890115281591828
1.589011530164307
1.5890115339408561
1.5890115372117963
1.5890115391743609
1.5890115403518992
1.5890115410584225
1.5890115431463707
1.5890115448914084
1.5890115459384306
1.5890115465666441
1.5890115477144198
1.5890115489995313
1.589011549770598
1.5890115502332383
1.5890115505108224
1.5890115507029094
1.5890115512885468
1.5890115516399288
1.5890115518507584
1.589011551977256
1.5890115520531547
1.5890115520986934
1.5890115521535315
1.5890115522544417
1.5890115523149877
1.5890115523513153
1.589011552388327
1.5890115524366348
1.5890115524656196
1.5890115524830102
1.5890115524934447
1.5890115525269766
1.5890115525524242
1.5890115525676927
1.5890115525768538
1.5890115525909672
1.5890115526051087
1.5890115526135937
1.5890115526186843
1.5890115526226631
1.589011552629006
1.589011552632812
1.5890115526350954
1.5890115526364652
1.589011552638021
1.5890115526397632
1.5890115526408082
1.5890115526414355
1.5890115526421351
1.5890115526429403
1.5890115526434236
1.5890115526437134
1.589011552643929
1.589011552644251
1.5890115526444442
1.5890115526445596
1.5890115526446296
1.5890115526447124
1.5890115526448398
1.589011552644916
1.5890115526449622
1.5890115526449895
1.589011552645006
1.589011552645072
1.5890115526451287
1.5890115526451627
1.5890115526451951
1.589011552645236
1.5890115526452604
1.589011552645275
1.589011552645284
1.5890115526452893
1.5890115526452953
1.5890115526453088
1.5890115526453172
1.5890115526453226
1.5890115526453255
1.5890115526453292
1.5890115526453321
1.589011552645334
1.5890115526453354
1.589011552645337
1.589011552645338
1.5890115526453388
1.5890115526453394
1.58901155264534
1.5890115526453403
1.5890115526453403
1.5890115526453406
1.589011552645341
1.5890115526453412
1.5890115526453412
1.5890115526453412
