1.991643416187736
1.991643416187736
1.991643416187736
1.991643416187736
1.991643416187736
1.991643416187736
1.991643416187736
1.991643416187736
1.991643416187736
1.991643416187736
1.991643416187736
1.991643416187736
1.991643416187736
1.991643416187736
1.991643416187736
1.991643416187736
1.991643416187736
1.991643416187736
1.991643416187736
1.991643416187736
1.991643416187736
1.991643416187736
1.991643416187736
1.991643416187736
1.9920257764236333
1.9920257764236333
1.9920257764236333
1.9920257764236333
1.9920257764236333
1.9920257764236333
1.9921321487499093
1.9921321487499093
1.9921321487499093
1.9921321487499093
1.9921321487499093
1.9921321487499093
1.9921321487499093
1.9921321487499093
1.9921321487499093
1.9921321487499093
1.9921321487499093
1.9921321487499093
1.9921321487499093
1.9921321487499093
1.9921321487499093
1.9921321487499093
1.9921321487499093
1.9921321487499093
1.9921321487499093
1.9921321487499093
1.9921321487499093
1.9921321487499093
1.9921351236099782
1.9921357866285356
1.992136550710362
1.9921386386515412
1.9921418280535164
1.9921424686847597
1.992142729751017
1.9921439230221931
1.992144788673489
1.992145534297054
1.9921459816711404
1.9921462500955742
1.9921465576850563
1.9921471919467948
1.9921474729085684
1.9921476414856225
1.9921477432678982
1.9921479324946376
1.992148059507673
1.9921481357154913
1.9921482213252621
1.9921483249929552
1.9921483871935695
1.9921484248236798
1.9921484488499308
1.9921484917262908
1.9921485267349088
1.992148547740079
1.9921485603431808
1.9921485812003084
1.9921485963764185
1.9921486054820847
1.992148610965138
1.9921486143357687
1.992148616854575
1.9921486216252704
1.992148624695706
1.9921486265379675
1.9921486276433245
1.9921486283065384
1.992148630374018
1.992148632920775
1.992148634448829
1.9921486353656617
1.9921486364151066
1.9921486374759674
1.9921486381124833
1.992148638494393
1.992148638973552
1.992148639469943
1.992148639767971
1.9921486399467876
1.992148640129395
1.99214864041072
1.992148640579515
1.9921486406807911
1.992148640842665
1.992148640949051
1.9921486410128824
1.992148641051181
1.9921486410958704
1.9921486411279152
1.9921486411471423
1.9921486411586782
1.992148641166129
1.99214864118224
1.9921486411919112
1.992148641197714
1.9921486412011962
1.9921486412032852
1.9921486412048393
1.992148641208524
1.9921486412107345
1.9921486412120613
1.992148641212857
1.9921486412146425
1.992148641216097
1.9921486412169693
1.992148641217493
1.9921486412178069
1.9921486412182545
1.9921486412185647
1.9921486412187508
1.9921486412188627
1.992148641218993
1.9921486412191767
1.9921486412192873
1.9921486412193534
1.9921486412194234
1.992148641219491
1.9921486412195313
1.9921486412195555
1.9921486412195697
1.9921486412195923
1.9921486412196117
1.9921486412196237
1.9921486412196303
1.9921486412196348
1.9921486412196459
1.9921486412196545
1.9921486412196596
1.9921486412196625
1.9921486412196685
1.992148641219674
1.9921486412196772
1.992148641219679
1.992148641219681
1.992148641219683
1.9921486412196847
1.9921486412196858
1.9921486412196865
1.9921486412196872
1.9921486412196876
1.9921486412196876
1.992148641219688
1.992148641219688
1.9921486412196883
1.9921486412196883
1.9921486412196883
1.9921486412196883
1.9921486412196883
1.9921486412196883
1.9921486412196883
1.9921486412196883
1.9921486412196883
1.9921486412196883
1.9921486412196883
1.9921486412196883
1.9921486412196883
1.9921486412196883
