2.169606807588051
2.169606807588051
2.169606807588051
2.169606807588051
2.169606807588051
2.169606807588051
2.169606807588051
2.169606807588051
2.169606807588051
2.169606807588051
2.169606807588051
2.169606807588051
2.169606807588051
2.169606807588051
2.169606807588051
2.169606807588051
2.169606807588051
2.169606807588051
2.169606807588051
2.169606807588051
2.169606807588051
2.169606807588051
2.169606807588051
2.169606807588051
2.169606807588051
2.169606807588051
2.169606807588051
2.169606807588051
2.169606807588051
2.169606807588051
2.169606807588051
2.169606807588051
2.169606807588051
2.169606807588051
2.169606807588051
2.169606807588051
2.169606807588051
2.169606807588051
2.169606807588051
2.169606807588051
2.169606807588051
2.169606807588051
2.169606807588051
2.169606807588051
2.169606807588051
2.169606807588051
2.169606807588051
2.169606807588051
2.169606807588051
2.169606807588051
2.169606807588051
2.169606807588051
2.169606807588051
2.169606807588051
2.169606807588051
2.169606807588051
2.169606807588051
2.169606807588051
2.1696071973644746
2.1696071973644746
2.1696071973644746
2.1696071973644746
2.169607648609825
2.169607648609825
2.169607803882266
2.169607992363439
2.1696081054521135
2.1696082589701557
2.1696088042133983
2.169609131359377
2.1696093744933136
2.1696095723008275
2.169609838764034
2.1696099671288893
2.1696100704694463
2.169610155798172
2.169610222375533
2.1696103165366267
2.1696103730332856
2.1696104069312807
2.169610474285101
2.169610532779245
2.169610564098068
2.1696105876877567
2.1696105996422967
2.1696106246098887
2.1696106285959824
2.169610630987639
2.1696106382212617
2.169610644202854
2.1696106477918105
2.1696106499451835
2.169610651237208
2.169610652344514
2.16961065517807
2.1696106553627095
2.1696106553627095
2.1696106553627095
2.1696106553627095
2.1696106558812702
2.1696106558812702
2.1696106558812702
2.169610656058429
2.1696106562286697
2.1696106562286697
2.1696106562286697
2.1696106562286697
2.1696106562286697
2.1696106562286697
2.1696106562286697
2.1696106562286697
2.1696106562326554
2.1696106562326554
2.169610656237546
2.1696106562393123
2.169610656240966
2.169610656240966
2.1696106562450965
2.1696106562472455
2.1696106562482402
2.1696106562494735
2.1696106562506294
2.1696106562514683
2.1696106562520123
2.169610656253177
2.1696106562545046
2.169610656255301
2.1696106562557786
2.1696106562560544
2.1696106562567112
2.169610656257219
2.169610656257441
2.169610656257713
2.1696106562577833
2.169610656257884
2.1696106562580124
2.1696106562580892
2.169610656258146
2.169610656258216
2.1696106562582576
2.1696106562582838
2.16961065625831
2.1696106562583313
2.169610656258344
2.169610656258356
2.16961065625836
2.169610656258371
2.1696106562583783
2.1696106562583823
2.169610656258386
2.16961065625839
2.1696106562583934
2.169610656258396
2.169610656258398
2.1696106562583988
2.169610656258399
2.1696106562583997
2.1696106562584
2.1696106562584
2.1696106562584
2.1696106562584
2.1696106562584005
2.1696106562584005
2.1696106562584005
2.1696106562584005
2.1696106562584005
2.1696106562584005
2.1696106562584005
2.1696106562584005
2.1696106562584005
2.1696106562584005
2.1696106562584005
2.1696106562584005
2.1696106562584005
2.1696106562584005
2.1696106562584005
2.1696106562584005
2.1696106562584005
2.1696106562584005
2.1696106562584005
2.1696106562584005
2.1696106562584005
2.1696106562584005
2.1696106562584005
2.1696106562584005
