1.9102084145585612
1.9102084145585612
1.9102084145585612
1.9102084145585612
1.9102084145585612
1.9102084145585612
1.9102084145585612
1.9102084145585612
1.9102084145585612
1.9102084145585612
1.9102084145585612
1.9102084145585612
1.9102084145585612
1.9102084145585612
1.9102084145585612
1.9102084145585612
1.9102084145585612
1.9102084145585612
1.9102084145585612
1.9102084145585612
1.9102084145585612
1.9102084145585612
1.9102084145585612
1.9102084145585612
1.9102084145585612
1.9102084145585612
1.9102084145585612
1.9102084145585612
1.9102084145585612
1.9102084145585612
1.9102084145585612
1.9102084145585612
1.9102084145585612
1.9102084145585612
1.9102084145585612
1.9102084145585612
1.9102084145585612
1.9102084145585612
1.9102084145585612
1.9102084145585612
1.9102084145585612
1.9102084145585612
1.9102084145585612
1.9102084145585612
1.9102084145585612
1.9102084145585612
1.9102084145585612
1.9102084145585612
1.9102084145585612
1.9102084145585612
1.9102084145585612
1.9102084145585612
1.9102084145585612
1.9102088340264254
1.9102088340264254
1.9102088340264254
1.9102106131791716
1.9102106131791716
1.9102106131791716
1.9102106131791716
1.9102106131791716
1.9102109767505122
1.9102135480290736
1.9102135480290736
1.9102149106458544
1.9102158887755225
1.9102170417179305
1.9102183451604569
1.9102193500367501
1.9102198000117778
1.910220475988283
1.9102208265179594
1.9102214532522024
1.910221995908435
1.9102220975808772
1.91022236045889
1.9102226927418138
1.910222832267013
1.910222918832617
1.9102230061721672
1.9102230423273192
1.9102230739275805
1.9102231336767828
1.9102231760983268
1.9102232069349998
1.910223237669005
1.910223259789502
1.910223259789502
1.910223259789502
1.9102232718255256
1.9102232718255256
1.9102232718255256
1.9102232718255256
1.9102232730193505
1.9102232730193505
1.9102232730193505
1.9102232730193505
1.9102232733188844
1.9102232733188844
1.9102232733188844
1.9102232733188844
1.9102232733334565
1.9102232733635172
1.910223273973074
1.9102232743082568
1.9102232743082568
1.9102232743082568
1.910223274371081
1.9102232744452479
1.9102232746293375
1.9102232747011454
1.9102232747442305
1.9102232747700811
1.9102232747855916
1.9102232748521002
1.9102232749286456
1.9102232749745731
1.9102232750024286
1.91022327503863
1.9102232750825614
1.9102232751089205
1.9102232751247357
1.9102232751342245
1.9102232751504862
1.9102232751638848
1.9102232751719237
1.9102232751767751
1.910223275184829
1.910223275191234
1.9102232751950774
1.910223275197383
1.9102232751987833
1.9102232752012744
1.9102232752028858
1.9102232752038526
1.9102232752044328
1.9102232752047807
1.91022327520499
1.9102232752055925
1.9102232752061474
1.9102232752064803
1.9102232752066803
1.9102232752068786
1.910223275207134
1.9102232752072867
1.9102232752073787
1.9102232752074337
1.910223275207504
1.9102232752075672
1.9102232752076054
1.9102232752076282
1.9102232752076458
1.910223275207663
1.910223275207674
1.9102232752076809
1.9102232752076884
1.9102232752076922
1.9102232752076953
1.9102232752076982
1.9102232752077009
1.9102232752077024
1.910223275207703
1.910223275207704
1.9102232752077046
1.9102232752077053
1.910223275207706
1.9102232752077062
1.9102232752077064
1.9102232752077066
1.9102232752077069
1.9102232752077073
1.9102232752077073
1.9102232752077075
1.9102232752077077
1.9102232752077077
1.9102232752077077
1.9102232752077077
1.9102232752077077
1.9102232752077077
1.9102232752077077
1.9102232752077077
1.9102232752077077
1.9102232752077077
1.9102232752077077
1.9102232752077077
1.9102232752077077
1.9102232752077077
1.9102232752077077
1.9102232752077077
