1.552831602070356
1.552831602070356
1.552831602070356
1.552831602070356
1.552831602070356
1.552831602070356
1.552831602070356
1.552831602070356
1.552831602070356
1.552831602070356
1.552831602070356
1.552831602070356
1.552831602070356
1.552831602070356
1.552831602070356
1.552831602070356
1.552831602070356
1.552831602070356
1.552831602070356
1.552831602070356
1.552831602070356
1.552831602070356
1.552831602070356
1.552831602070356
1.552831602070356
1.552831602070356
1.552831602070356
1.552831602070356
1.552831602070356
1.552831602070356
1.552831602070356
1.552831602070356
1.552831602070356
1.552831602070356
1.552831602070356
1.552831602070356
1.552831602070356
1.552831602070356
1.552831602070356
1.552831602070356
1.552831602070356
1.552831602070356
1.552831602070356
1.552831602070356
1.552831602070356
1.552831602070356
1.552831602070356
1.552831602070356
1.552831602070356
1.552831602070356
1.552831602070356
1.552831602070356
1.552831602070356
1.552831602070356
1.552831602070356
1.552831602070356
1.552831602070356
1.552831602070356
1.552831602070356
1.552831602070356
1.552831602070356
1.552831602070356
1.552831602070356
1.552831602070356
1.552831602070356
1.552831602070356
1.552831602070356
1.552831753639906
1.5528326918673894
1.5528335745182227
1.5528343827615203
1.5528343827615203
1.5528347876346287
1.5528352393069185
1.5528355624464043
1.5528359129146394
1.5528359225717379
1.5528360787240536
1.552836386107564
1.552836386107564
1.5528364947127156
1.5528364967375536
1.5528366054820042
1.5528366628202621
1.5528367011501698
1.552836727130826
1.5528367935279936
1.5528368333662963
1.552836839964147
1.5528368682089497
1.5528368728337505
1.552836894228926
1.5528369064325518
1.552836915366521
1.5528369213266333
1.5528369283744072
1.5528369332054615
1.5528369397330728
1.5528369411794196
1.5528369431865232
1.5528369457686924
1.5528369485669469
1.5528369492090563
1.5528369500308996
1.5528369505240045
1.5528369516123763
1.5528369522446597
1.552836952691822
1.5528369528298942
1.552836953018829
1.5528369532341741
1.5528369535005235
1.5528369536603335
1.5528369537914872
1.5528369538869826
1.5528369540377898
1.5528369541623563
1.5528369542652736
1.5528369543495681
1.552836954419685
1.5528369544401008
1.5528369544701996
1.5528369544943885
1.5528369545044878
1.5528369545172438
1.5528369545302092
1.5528369545334721
1.552836954536928
1.5528369545420366
1.5528369545468024
1.5528369545514775
1.5528369545514775
1.5528369545542133
1.5528369545552543
1.5528369545552543
1.552836954556486
1.5528369545566194
1.552836954556967
1.5528369545571135
1.5528369545571226
1.5528369545573961
1.552836954557619
1.5528369545577538
1.5528369545579002
1.552836954558006
1.552836954558098
1.5528369545581853
1.5528369545582525
1.5528369545582932
1.552836954558317
1.5528369545583343
1.5528369545583782
1.5528369545584157
1.552836954558439
1.5528369545584524
1.5528369545584648
1.5528369545584788
1.5528369545584877
1.5528369545584926
1.5528369545584961
1.5528369545584972
1.5528369545585
1.5528369545585037
1.5528369545585055
1.5528369545585068
1.552836954558508
1.5528369545585081
1.5528369545585101
1.5528369545585106
1.5528369545585108
1.5528369545585108
1.552836954558512
1.5528369545585121
1.5528369545585121
1.5528369545585121
1.5528369545585121
1.5528369545585121
1.5528369545585121
1.5528369545585121
1.5528369545585121
1.5528369545585121
1.5528369545585121
1.5528369545585121
1.5528369545585121
1.5528369545585121
1.5528369545585121
1.5528369545585121
1.5528369545585121
1.5528369545585121
1.5528369545585121
1.5528369545585121
1.5528369545585121
