1.7545573173858207
1.7545573173858207
1.7545573173858207
1.7545573173858207
1.7545573173858207
1.7545573173858207
1.7545573173858207
1.7545573173858207
1.7545573173858207
1.7545573173858207
1.7545573173858207
1.7545573173858207
1.7545573173858207
1.7545573173858207
1.7545573173858207
1.7545573173858207
1.7545573173858207
1.7545573173858207
1.7545573173858207
1.7545573173858207
1.7545573173858207
1.7545573173858207
1.7545573173858207
1.7545573173858207
1.7545573173858207
1.7545573173858207
1.7545573173858207
1.7545573173858207
1.7545573173858207
1.7545573173858207
1.7545573173858207
1.7545573173858207
1.7545573173858207
1.7545573173858207
1.7545573173858207
1.7545573173858207
1.7545573173858207
1.7545573173858207
1.7545573173858207
1.7545573173858207
1.7545573173858207
1.7545573173858207
1.7545573173858207
1.7545573173858207
1.7545573173858207
1.7545573173858207
1.7545573173858207
1.7545573173858207
1.7545663950260053
1.7545663950260053
1.7545663950260053
1.7545663950260053
1.7545663950260053
1.7545698424674023
1.7545698424674023
1.7545698424674023
1.7545698424674023
1.7545700500764574
1.7545704524862853
1.7545704524862853
1.7545705350905492
1.7545713678765622
1.754571696474003
1.7545718626949571
1.7545727115145404
1.7545731082422837
1.7545735286682747
1.7545735286682747
1.754573699316122
1.754573853614952
1.7545739052540368
1.7545739217305174
1.7545740484271992
1.7545742016888448
1.7545742494448568
1.7545743424609201
1.7545743424609201
1.7545743797360225
1.7545743856287779
1.754574412562911
1.7545744163483397
1.7545744191617736
1.7545744221006205
1.7545744349694945
1.7545744351799923
1.7545744409190958
1.75457444291951
1.7545744453628291
1.754574445694733
1.754574445694733
1.754574446479231
1.7545744486987687
1.7545744488678305
1.7545744493862692
1.754574449598493
1.754574450038368
1.754574450302293
1.754574450302293
1.7545744504113934
1.754574450549236
1.754574450549236
1.754574450549236
1.7545744506537846
1.7545744506542487
1.7545744506542487
1.7545744506570469
1.7545744506684278
1.7545744506752567
1.7545744507007703
1.7545744507271
1.7545744507428978
1.7545744507533743
1.7545744507964547
1.7545744508178092
1.7545744508178092
1.7545744508178092
1.7545744508249999
1.7545744508249999
1.7545744508249999
1.7545744508249999
1.7545744508252599
1.7545744508271663
1.7545744508271663
1.7545744508271663
1.7545744508279253
1.7545744508279253
1.7545744508282286
1.7545744508287944
1.7545744508287944
1.7545744508290404
1.7545744508290404
1.754574450829148
1.7545744508293901
1.7545744508293901
1.7545744508293901
1.7545744508294177
1.7545744508294399
1.7545744508294792
1.7545744508295182
1.7545744508295402
1.7545744508295409
1.7545744508295655
1.7545744508295704
1.754574450829579
1.7545744508295895
1.75457445082959
1.75457445082959
1.7545744508295937
1.7545744508295944
1.7545744508295944
1.7545744508295957
1.7545744508295973
1.7545744508295984
1.7545744508295988
1.7545744508295988
1.7545744508295995
1.7545744508295995
1.7545744508295995
1.7545744508295997
1.7545744508295997
1.7545744508296
1.7545744508296
1.7545744508296
1.7545744508296002
1.7545744508296002
1.7545744508296002
1.7545744508296002
1.7545744508296002
1.7545744508296002
1.7545744508296002
1.7545744508296002
1.7545744508296002
1.7545744508296002
1.7545744508296002
1.7545744508296002
1.7545744508296002
1.7545744508296002
1.7545744508296002
1.7545744508296002
1.7545744508296002
1.7545744508296002
1.7545744508296002
1.7545744508296002
