2.0837139759172776
2.0837139759172776
2.0837139759172776
2.0837139759172776
2.0837139759172776
2.0837139759172776
2.0837139759172776
2.0837139759172776
2.0837139759172776
2.0837139759172776
2.0837139759172776
2.0837139759172776
2.0837139759172776
2.0837139759172776
2.0837139759172776
2.0837139759172776
2.0837139759172776
2.0837139759172776
2.0837139759172776
2.0837139759172776
2.0837139759172776
2.0837139759172776
2.0837139759172776
2.0837139759172776
2.0837139759172776
2.0837139759172776
2.0837139759172776
2.0837139759172776
2.0837139759172776
2.0837139759172776
2.0837139759172776
2.0837139759172776
2.0837139759172776
2.0837139759172776
2.0837139759172776
2.0837139759172776
2.0837139759172776
2.0837139759172776
2.0837139759172776
2.0837139759172776
2.0837139759172776
2.0837139759172776
2.0837139759172776
2.0837139759172776
2.0837139759172776
2.0837139759172776
2.0837139759172776
2.0837139759172776
2.0837139759172776
2.0837139759172776
2.0837139759172776
2.0837139759172776
2.0837139759172776
2.0837139759172776
2.0837139759172776
2.0837139759172776
2.0837139759172776
2.0837139759172776
2.0837139759172776
2.0837139759172776
2.0837139759172776
2.0837139759172776
2.0837139759172776
2.0837139759172776
2.0837139759172776
2.083714137967899
2.083714137967899
2.083714137967899
2.08371440633294
2.08371440633294
2.08371440633294
2.08371440633294
2.08371440633294
2.0837156283475085
2.0837156283475085
2.0837159246410684
2.0837163776110668
2.083717209930903
2.083717345981691
2.083717790996324
2.08371826999602
2.083718389070863
2.0837186089785584
2.0837186913151973
2.0837188427002897
2.083718960515109
2.083719039574498
2.083719105302642
2.0837191387205083
2.0837191462302376
2.083719172929924
2.0837192010994676
2.083719219164712
2.0837192209415667
2.0837192217652936
2.0837192258144492
2.0837192356887115
2.083719247968162
2.083719255335833
2.083719259756435
2.0837192658636057
2.083719273674967
2.083719278702024
2.0837192822572996
2.0837192868636913
2.0837192899147476
2.0837192917453815
2.083719292843762
2.083719294418813
2.0837192956883586
2.0837192964683524
2.0837192969653557
2.083719297535043
2.0837192979851125
2.083719298255154
2.083719298449769
2.0837192987746196
2.0837192989695303
2.0837192990893514
2.0837192991629543
2.0837192992625795
2.083719299343756
2.0837192993924614
2.0837192994216847
2.083719299439218
2.0837192994534135
2.083719299500057
2.0837192995282576
2.0837192995451788
2.0837192995553306
2.0837192995742075
2.0837192995878593
2.08371929959605
2.0837192996009644
2.0837192996101725
2.083719299617086
2.0837192996212344
2.083719299623723
2.0837192996253693
2.083719299629539
2.0837192996320404
2.083719299633542
2.083719299634912
2.083719299636469
2.083719299637403
2.0837192996379637
2.0837192996383003
2.0837192996385054
2.0837192996390526
2.0837192996393803
2.083719299639577
2.083719299639695
2.083719299639766
2.0837192996398946
2.083719299639987
2.0837192996400424
2.0837192996400757
2.083719299640137
2.0837192996401743
2.083719299640197
2.083719299640222
2.083719299640243
2.083719299640256
2.083719299640263
2.083719299640268
2.0837192996402707
2.0837192996402725
2.083719299640274
2.0837192996402756
2.0837192996402765
2.0837192996402774
2.083719299640278
2.0837192996402782
2.0837192996402787
2.083719299640279
2.0837192996402796
2.0837192996402796
2.0837192996402796
2.08371929964028
2.08371929964028
2.08371929964028
2.08371929964028
2.08371929964028
2.08371929964028
2.08371929964028
2.08371929964028
2.08371929964028
2.08371929964028
2.08371929964028
2.08371929964028
2.08371929964028
2.08371929964028
2.08371929964028
2.08371929964028
2.08371929964028
2.08371929964028
2.08371929964028
