1.8496124163878764
1.8496124163878764
1.8496124163878764
1.8496124163878764
1.8496124163878764
1.8496124163878764
1.8496124163878764
1.8496124163878764
1.8496124163878764
1.8496124163878764
1.8496124163878764
1.8496124163878764
1.8496124163878764
1.8496124163878764
1.8496124163878764
1.8496124163878764
1.8496124163878764
1.8496124163878764
1.8496124163878764
1.8496124163878764
1.8496124163878764
1.8496124163878764
1.8496124163878764
1.8496124163878764
1.8496124163878764
1.8496124163878764
1.8496124163878764
1.8496124163878764
1.8496124163878764
1.8496124163878764
1.8496124163878764
1.8496124163878764
1.8496124163878764
1.8496124163878764
1.8496124163878764
1.8496124163878764
1.8496124163878764
1.8496124163878764
1.8496124163878764
1.8496124163878764
1.8496124163878764
1.8496124163878764
1.8496124163878764
1.8496124163878764
1.8496124163878764
1.8496124163878764
1.8496124163878764
1.8496124163878764
1.8496124163878764
1.8496124163878764
1.8496124163878764
1.8496130624931915
1.8496130624931915
1.8496130624931915
1.8496130624931915
1.8496130624931915
1.8496130624931915
1.8496130624931915
1.8496130624931915
1.8496130624931915
1.8496130624931915
1.8496130624931915
1.8496130624931915
1.8496130624931915
1.8496130624931915
1.8496141790612624
1.8496141790612624
1.8496152689659444
1.8496152689659444
1.8496160026813442
1.8496163709399378
1.8496173652537078
1.8496179618420365
1.8496180383985994
1.8496184342269721
1.8496187571265026
1.8496193398351304
1.8496197204478222
1.8496199488154663
1.849620145241457
1.8496203531849642
1.8496204779510759
1.849620577286222
1.8496206071134993
1.8496207136864788
1.8496207854699862
1.8496208283423932
1.849620853745955
1.8496208840336912
1.8496209035136648
1.849620920487321
1.8496209330553393
1.8496209354957778
1.8496209508237866
1.849620961606503
1.8496209680761326
1.8496209719579106
1.8496209748444223
1.8496209792419822
1.8496209822729448
1.8496209840915225
1.8496209852892525
1.8496209866874307
1.8496209880767476
1.849620989359788
1.8496209900239233
1.8496209905700165
1.849620991140258
1.849620991514533
1.8496209918129243
1.8496209921740248
1.8496209927408507
1.8496209930809464
1.8496209931448389
1.8496209933530765
1.849620993538109
1.8496209936661556
1.8496209937429833
1.8496209937999635
1.849620993841064
1.8496209939137191
1.849620993934026
1.8496209939462103
1.8496209939535206
1.8496209939676456
1.8496209939838353
1.8496209939960038
1.8496209940003308
1.849620994005583
1.8496209940082609
1.849620994013958
1.8496209940203292
1.8496209940217447
1.849620994024595
1.8496209940288935
1.849620994031206
1.849620994031206
1.8496209940327757
1.8496209940335742
1.8496209940338877
1.8496209940340758
1.849620994034216
1.8496209940344226
1.8496209940346584
1.8496209940348634
1.8496209940350647
1.84962099403515
1.8496209940352513
1.849620994035335
1.8496209940354187
1.8496209940354686
1.8496209940354988
1.8496209940355168
1.8496209940355375
1.8496209940355683
1.8496209940355903
1.8496209940356103
1.849620994035634
1.8496209940356483
1.8496209940356596
1.8496209940356663
1.8496209940356723
1.8496209940356771
1.8496209940356805
1.8496209940356825
1.849620994035684
1.8496209940356854
1.8496209940356863
1.849620994035687
1.8496209940356874
1.8496209940356876
1.849620994035688
1.8496209940356882
1.8496209940356885
1.8496209940356885
1.8496209940356885
1.8496209940356887
1.849620994035689
1.849620994035689
1.849620994035689
1.849620994035689
1.849620994035689
1.849620994035689
1.849620994035689
1.849620994035689
1.849620994035689
1.849620994035689
1.849620994035689
1.849620994035689
1.849620994035689
1.849620994035689
1.849620994035689
1.849620994035689
1.849620994035689
