2.078333969099697
2.078333969099697
2.078333969099697
2.078333969099697
2.078333969099697
2.078333969099697
2.078333969099697
2.078333969099697
2.078333969099697
2.078333969099697
2.078333969099697
2.078333969099697
2.078333969099697
2.078333969099697
2.078333969099697
2.078333969099697
2.078333969099697
2.078333969099697
2.078333969099697
2.078333969099697
2.078333969099697
2.078333969099697
2.078333969099697
2.078333969099697
2.078333969099697
2.078333969099697
2.078333969099697
2.078333969099697
2.078333969099697
2.078333969099697
2.078333969099697
2.078333969099697
2.078333969099697
2.078333969099697
2.078333969099697
2.078333969099697
2.078333969099697
2.078333969099697
2.078333969099697
2.078333969099697
2.078333969099697
2.078333969099697
2.078333969099697
2.078333969099697
2.078333969099697
2.078333969099697
2.078333969099697
2.078333969099697
2.078333969099697
2.078333969099697
2.078333969099697
2.078333969099697
2.078333969099697
2.078333969099697
2.078333969099697
2.078333969099697
2.078333969099697
2.0783363807890316
2.0783363807890316
2.0783363807890316
2.0783363807890316
2.0783363807890316
2.078337692744402
2.078337692744402
2.078337692744402
2.0783386567109705
2.078338813977365
2.078338813977365
2.0783388829734033
2.0783390707524507
2.078339217293663
2.0783397108881387
2.0783397108881387
2.0783397237310726
2.0783398558826036
2.0783398558826036
2.078339919499106
2.078339965562708
2.0783399932008697
2.078340009783767
2.078340019733505
2.0783400650685246
2.0783401291171835
2.0783401696459305
2.0783401696459305
2.0783401696459305
2.0783401696459305
2.0783401857669745
2.0783401857669745
2.0783401857669745
2.0783401857669745
2.0783401871325506
2.0783401936524495
2.0783401936524495
2.0783401936524495
2.0783401945979474
2.0783401945979474
2.0783401945979474
2.0783401945979474
2.0783401950584537
2.0783401950584537
2.0783401950584537
2.0783401950584537
2.078340195155153
2.078340195155153
2.078340195155153
2.078340195155153
2.078340195155153
2.078340195155153
2.078340195155153
2.078340195159605
2.078340195159605
2.078340195159605
2.078340195166572
2.078340195166572
2.078340195166572
2.078340195166572
2.078340195166572
2.078340195166572
2.078340195166572
2.078340195166572
2.078340195166572
2.078340195166572
2.078340195166572
2.078340195166572
2.078340195167303
2.078340195167303
2.078340195167303
2.078340195167303
2.078340195167474
2.078340195167474
2.078340195167474
2.078340195167474
2.078340195167474
2.078340195167474
2.078340195167474
2.078340195167474
2.078340195167474
2.078340195167474
2.078340195167474
2.078340195167474
2.078340195167474
2.078340195167474
2.078340195167474
2.07834019516749
2.07834019516749
2.07834019516749
2.07834019516749
2.07834019516749
2.07834019516749
2.07834019516749
2.07834019516749
2.07834019516749
2.0783401951674914
2.0783401951674922
2.078340195167493
2.078340195167493
2.0783401951674936
2.0783401951674936
2.0783401951674936
2.0783401951674936
2.0783401951674936
2.0783401951674936
2.0783401951674936
2.0783401951674936
2.0783401951674936
2.078340195167494
2.078340195167494
2.078340195167494
2.078340195167494
2.078340195167494
2.078340195167494
2.078340195167494
2.078340195167494
2.078340195167494
2.078340195167494
2.078340195167494
2.078340195167494
2.078340195167494
2.078340195167494
2.078340195167494
2.078340195167494
2.078340195167494
2.078340195167494
2.078340195167494
2.078340195167494
2.078340195167494
