2.1177588232941997
2.1177588232941997
2.1177588232941997
2.1177588232941997
2.1177588232941997
2.1177588232941997
2.1177588232941997
2.1177588232941997
2.1177588232941997
2.1177588232941997
2.1177588232941997
2.1177588232941997
2.1177588232941997
2.1177588232941997
2.1177588232941997
2.1177588232941997
2.1177588232941997
2.1177588232941997
2.1177588232941997
2.1177588232941997
2.1177588232941997
2.1177588232941997
2.1177588232941997
2.1177588232941997
2.1177588232941997
2.1177588232941997
2.1177588232941997
2.1177588232941997
2.1177588232941997
2.1177588232941997
2.1177588232941997
2.1177588232941997
2.1177588232941997
2.1177588232941997
2.1179663568602214
2.1179663568602214
2.1179663568602214
2.1179663568602214
2.1179663568602214
2.1179663568602214
2.1179663568602214
2.118014548626492
2.118014548626492
2.118014548626492
2.118014548626492
2.1180750201798126
2.1180750201798126
2.1180750201798126
2.1180750201798126
2.118085936610791
2.118085936610791
2.1180891792064234
2.1180919111887246
2.1180943257053593
2.1180957744214877
2.118096643653378
2.1180971651933085
2.118099233191992
2.1180993572077638
2.1180996059270876
2.118100285289655
2.1181010683901147
2.118101713693453
2.1181028171628853
2.1181034792448985
2.1181034792448985
2.1181036123776207
2.118103948645022
2.1181039824950743
2.1181042036570585
2.1181044857342406
2.118104562869821
2.118104669355822
2.118104766151599
2.1181048743837936
2.1181049393231133
2.1181049681452504
2.1181050257176652
2.118105063173399
2.1181050936601484
2.1181051107823223
2.11810512478911
2.118105134955726
2.11810514357732
2.1181051498676187
2.11810515432202
2.1181051569946616
2.1181051609927017
2.1181051628410295
2.118105167998422
2.1181051706639953
2.1181051719898667
2.118105173038248
2.118105173038248
2.1181051738830483
2.118105174811536
2.1181051751054305
2.118105175281767
2.1181051758314204
2.1181051763326115
2.1181051763326115
2.1181051765737977
2.118105176789459
2.1181051768495256
2.1181051768855648
2.118105176912287
2.1181051769686627
2.1181051770154102
2.118105177046619
2.118105177078213
2.1181051771119885
2.118105177143708
2.1181051771662087
2.1181051771811705
2.118105177198642
2.1181051772139434
2.1181051772231476
2.1181051772287582
2.1181051772339936
2.118105177237764
2.1181051772391766
2.1181051772391766
2.11810517724085
2.1181051772414476
2.1181051772416253
2.1181051772420134
2.1181051772429176
2.1181051772437014
2.1181051772441717
2.118105177244454
2.118105177244949
2.1181051772453356
2.1181051772455146
2.1181051772456905
2.1181051772457806
2.1181051772458575
2.118105177245943
2.1181051772459947
2.1181051772460533
2.118105177246068
2.1181051772460915
2.1181051772461363
2.1181051772461648
2.1181051772461816
2.118105177246192
2.1181051772461994
2.1181051772462136
2.118105177246225
2.1181051772462287
2.1181051772462327
2.1181051772462354
2.1181051772462416
2.1181051772462474
2.118105177246251
2.118105177246255
2.1181051772462585
2.1181051772462602
2.1181051772462625
2.1181051772462633
2.1181051772462642
2.1181051772462647
2.1181051772462647
2.118105177246265
2.118105177246265
2.118105177246265
2.118105177246265
2.118105177246265
2.118105177246265
2.118105177246265
2.118105177246265
2.118105177246265
2.118105177246265
2.118105177246265
2.118105177246265
2.118105177246265
2.118105177246265
2.118105177246265
2.118105177246265
2.118105177246265
2.118105177246265
2.118105177246265
2.118105177246265
