1.6926789270341196
1.6926789270341196
1.6926789270341196
1.6926789270341196
1.6926789270341196
1.6926789270341196
1.6926789270341196
1.6926789270341196
1.6926789270341196
1.6926789270341196
1.6926789270341196
1.6926789270341196
1.6926789270341196
1.6926789270341196
1.6926789270341196
1.6926789270341196
1.6926789270341196
1.6926789270341196
1.6926789270341196
1.6926789270341196
1.6926789270341196
1.6926789270341196
1.6926789270341196
1.6926789270341196
1.6926789270341196
1.6926789270341196
1.6926789270341196
1.6926789270341196
1.6926789270341196
1.6926789270341196
1.6926789270341196
1.6926789270341196
1.6926789270341196
1.6926789270341196
1.6926789270341196
1.6926789270341196
1.6926789270341196
1.6926789270341196
1.6926789270341196
1.6926789270341196
1.6926789270341196
1.6926789270341196
1.6926789270341196
1.6926789270341196
1.6926789270341196
1.6926789270341196
1.6926789270341196
1.6926789270341196
1.6926789270341196
1.6926789270341196
1.6926789270341196
1.6926789270341196
1.692679034308996
1.692679034308996
1.692679034308996
1.692679034308996
1.692679034308996
1.692679034308996
1.692679034308996
1.6926805711778603
1.6926805711778603
1.6926805711778603
1.692680800250981
1.6926826207249004
1.6926826207249004
1.6926841497170477
1.6926854508233984
1.6926862314873234
1.6926866998857195
1.692687076676026
1.692687429000096
1.6926876403945759
1.6926878602750568
1.6926880064616978
1.6926881356125314
1.6926881619772542
1.6926882026593941
1.6926883135757262
1.692688411198722
1.692688474725282
1.692688518977713
1.6926885362810904
1.6926885610775086
1.6926885713020399
1.6926886194986903
1.6926886495000422
1.6926886675008532
1.6926886783013402
1.6926887002504356
1.6926887184580284
1.6926887296281414
1.6926887363302103
1.6926887409653537
1.692688744045333
1.6926887505105872
1.692688754671554
1.6926887571681348
1.6926887586660826
1.692688761565558
1.6926887649150268
1.6926887669247075
1.692688768229445
1.6926887691530854
1.6926887705296976
1.692688771489856
1.692688771866213
1.6926887722283535
1.6926887727092255
1.6926887730038673
1.6926887730038673
1.6926887731735472
1.6926887732746958
1.6926887733430969
1.6926887733770872
1.692688773416525
1.6926887734639502
1.692688773500382
1.6926887735230078
1.6926887735502492
1.6926887735850302
1.692688773600273
1.69268877361532
1.6926887736223855
1.6926887736274423
1.692688773632219
1.6926887736370801
1.6926887736399967
1.6926887736417466
1.6926887736438139
1.6926887736469407
1.6926887736490324
1.6926887736502871
1.6926887736510405
1.6926887736516694
1.6926887736525207
1.6926887736531062
1.6926887736538592
1.692688773654001
1.6926887736545797
1.6926887736550928
1.6926887736554013
1.692688773655586
1.6926887736557301
1.692688773656047
1.6926887736562457
1.6926887736564002
1.6926887736564766
1.692688773656557
1.6926887736566703
1.6926887736567224
1.6926887736567624
1.6926887736567866
1.6926887736568172
1.6926887736568568
1.6926887736568808
1.692688773656899
1.6926887736569183
1.6926887736569316
1.6926887736569394
1.6926887736569456
1.692688773656954
1.69268877365696
1.692688773656964
1.6926887736569665
1.6926887736569705
1.6926887736569736
1.6926887736569756
1.6926887736569771
1.692688773656978
1.6926887736569791
1.6926887736569802
1.6926887736569811
1.6926887736569816
1.692688773656982
1.6926887736569822
1.6926887736569827
1.692688773656983
1.6926887736569831
1.6926887736569838
1.692688773656984
1.692688773656984
1.692688773656984
1.692688773656984
1.692688773656984
1.692688773656984
1.692688773656984
1.692688773656984
1.692688773656984
1.692688773656984
1.692688773656984
