1.2945525852570237
1.2945525852570237
1.2945525852570237
1.2945525852570237
1.2945525852570237
1.2945525852570237
1.2945525852570237
1.2945525852570237
1.2945525852570237
1.2945525852570237
1.2945525852570237
1.2945525852570237
1.2945525852570237
1.2945525852570237
1.2945525852570237
1.2945525852570237
1.2945525852570237
1.2945525852570237
1.2945525852570237
1.2945525852570237
1.2945525852570237
1.2945525852570237
1.2945525852570237
1.2945525852570237
1.2945525852570237
1.2945525852570237
1.2945525852570237
1.2945525852570237
1.2945525852570237
1.2945525852570237
1.2945525852570237
1.2945525852570237
1.2945525852570237
1.2945525852570237
1.2945525852570237
1.2945525852570237
1.2945525852570237
1.2945592190668385
1.2945592190668385
1.2945592190668385
1.2945592190668385
1.2945959543197423
1.2946263379935166
1.2946445692188682
1.2946445692188682
1.2946445692188682
1.2946445692188682
1.2946445692188682
1.2946445692188682
1.2946445692188682
1.2946445692188682
1.2946480530442017
1.2946506699274063
1.2946506699274063
1.2946510938844764
1.2946532869865068
1.2946532869865068
1.2946532869865068
1.2946549185155893
1.2946551176471675
1.2946551176471675
1.2946555757412275
1.2946561041067213
1.2946562148427643
1.294656836439037
1.2946577597761149
1.294657811607004
1.2946578346085404
1.29465801556365
1.2946585357823814
1.2946589025543218
1.2946592204496419
1.2946596309275629
1.2946599235484877
1.2946601506368378
1.2946603012519062
1.2946603916209567
1.2946604718305317
1.2946605582291544
1.294660610780564
1.2946606449441822
1.294660672071294
1.2946606912741225
1.294660708728789
1.294660719201589
1.2946607296301007
1.2946607351761485
1.2946607416061602
1.2946607445359584
1.2946607490617277
1.2946607525076812
1.294660753795147
1.294660754509733
1.2946607560265055
1.2946607562578951
1.2946607568072175
1.2946607580325111
1.294660758480151
1.2946607589053278
1.29466075927439
1.2946607593254988
1.2946607595651443
1.294660759899988
1.2946607601091982
1.2946607603489912
1.2946607605567715
1.2946607605567715
1.2946607605567715
1.2946607606142109
1.294660760632857
1.2946607606347564
1.2946607606403089
1.2946607606630023
1.2946607606857132
1.2946607607057867
1.2946607607180922
1.2946607607309555
1.2946607607471998
1.2946607607585552
1.2946607607656182
1.2946607607751228
1.2946607607833183
1.2946607607889649
1.294660760792353
1.294660760794757
1.2946607607972784
1.2946607607990415
1.294660760800433
1.2946607608012424
1.294660760801743
1.2946607608021223
1.2946607608024279
1.294660760802863
1.2946607608031544
1.2946607608033294
1.294660760803544
1.294660760803753
1.2946607608039074
1.2946607608039986
1.2946607608040441
1.2946607608041019
1.294660760804151
1.2946607608041805
1.2946607608041996
1.294660760804212
1.2946607608042382
1.2946607608042595
1.2946607608042726
1.2946607608042824
1.2946607608042946
1.2946607608043057
1.2946607608043121
1.2946607608043164
1.294660760804319
1.2946607608043228
1.2946607608043266
1.2946607608043288
1.2946607608043301
1.294660760804332
1.2946607608043335
1.2946607608043343
1.294660760804335
1.294660760804335
1.2946607608043355
1.294660760804336
1.2946607608043363
1.2946607608043366
1.2946607608043366
1.2946607608043368
1.294660760804337
1.294660760804337
1.294660760804337
1.294660760804337
1.294660760804337
1.294660760804337
1.294660760804337
1.294660760804337
1.294660760804337
1.294660760804337
1.294660760804337
1.294660760804337
1.294660760804337
1.294660760804337
1.294660760804337
1.294660760804337
