1.6051087291040491
1.6051087291040491
1.6051087291040491
1.6051087291040491
1.6051087291040491
1.6051087291040491
1.6051087291040491
1.6051087291040491
1.6051087291040491
1.6051087291040491
1.6051087291040491
1.6051087291040491
1.6051087291040491
1.6051087291040491
1.6051087291040491
1.6051087291040491
1.6051087291040491
1.6051087291040491
1.6051087291040491
1.6051087291040491
1.6051087291040491
1.6051087291040491
1.6051087291040491
1.6051087291040491
1.6051087291040491
1.6051087291040491
1.6051087291040491
1.6051087291040491
1.6051087291040491
1.6051087291040491
1.6051087291040491
1.6051087291040491
1.6051087291040491
1.6051087291040491
1.6051087291040491
1.6051087291040491
1.6051087291040491
1.6051087291040491
1.6051087291040491
1.6051087291040491
1.6051087291040491
1.6051087291040491
1.6051087291040491
1.6051087291040491
1.6051087291040491
1.6051087291040491
1.6051087291040491
1.6051087291040491
1.6051087291040491
1.6051087291040491
1.6051087291040491
1.6051087291040491
1.6051087291040491
1.6051168130763265
1.6051283771689986
1.6051353156239418
1.605136736832468
1.6051403730577958
1.6051409096741822
1.6051462120536624
1.6051469385566217
1.6051479791275238
1.6051479791275238
1.6051479791275238
1.6051484404562228
1.6051484404562228
1.6051484404562228
1.6051484404562228
1.6051487695114008
1.6051487695114008
1.6051487695114008
1.6051488930657967
1.6051491949469139
1.6051494915867792
1.605149640480344
1.6051497939942279
1.6051498861025633
1.6051499078071059
1.6051499537448723
1.6051499864579988
1.6051499864579988
1.6051500115007864
1.6051500211381955
1.6051500293861547
1.6051500343349296
1.605150041679401
1.605150044543089
1.6051500486084707
1.6051500518937676
1.6051500534179086
1.6051500552310112
1.6051500563188728
1.605150058690314
1.6051500600189608
1.6051500611538607
1.6051500619454422
1.6051500628748434
1.60515006395098
1.605150064860203
1.6051500654057358
1.605150065631248
1.6051500660429445
1.6051500662558424
1.6051500663835814
1.6051500665379153
1.6051500665379153
1.605150066557535
1.6051500666038592
1.6051500666467826
1.6051500666905356
1.605150066700533
1.6051500667128318
1.6051500667284757
1.6051500667503666
1.6051500667739267
1.6051500667880636
1.6051500667965457
1.6051500668151653
1.6051500668357737
1.6051500668481382
1.6051500668555574
1.6051500668581626
1.6051500668581626
1.6051500668652974
1.6051500668656902
1.6051500668675391
1.6051500668675391
1.6051500668675391
1.6051500668683851
1.6051500668689902
1.6051500668693532
1.6051500668696554
1.6051500668705032
1.6051500668710414
1.6051500668713221
1.6051500668713221
1.6051500668713221
1.6051500668713963
1.6051500668713963
1.6051500668713963
1.6051500668713963
1.6051500668714582
1.6051500668714582
1.6051500668714582
1.6051500668714582
1.6051500668714582
1.6051500668714673
1.6051500668714676
1.6051500668714676
1.6051500668714676
1.6051500668714713
1.6051500668714713
1.6051500668714713
1.6051500668714713
1.605150066871472
1.605150066871472
1.605150066871472
1.605150066871472
1.605150066871472
1.605150066871472
1.605150066871472
1.605150066871472
1.605150066871472
1.605150066871472
1.605150066871472
1.605150066871472
1.605150066871472
1.605150066871472
1.605150066871472
1.605150066871472
1.605150066871472
1.605150066871472
1.605150066871472
1.605150066871472
1.605150066871472
1.605150066871472
1.605150066871472
1.605150066871472
1.605150066871472
1.605150066871472
1.605150066871472
