2.191565601594721
2.191565601594721
2.191565601594721
2.191565601594721
2.191565601594721
2.191565601594721
2.191565601594721
2.191565601594721
2.191565601594721
2.191565601594721
2.191565601594721
2.191565601594721
2.191565601594721
2.191565601594721
2.191565601594721
2.191565601594721
2.191565601594721
2.191565601594721
2.191565601594721
2.191565601594721
2.191565601594721
2.191565601594721
2.191565601594721
2.191565601594721
2.191565601594721
2.191565601594721
2.191565601594721
2.191565601594721
2.191565601594721
2.191565601594721
2.191565601594721
2.191565601594721
2.191565601594721
2.191565601594721
2.191565601594721
2.191565601594721
2.191565601594721
2.191565601594721
2.191565601594721
2.191565601594721
2.191565601594721
2.191565601594721
2.191565601594721
2.191565601594721
2.191565601594721
2.191565601594721
2.191565601594721
2.191565601594721
2.191565601594721
2.191565601594721
2.191565601594721
2.191565601594721
2.191565601594721
2.191565601594721
2.191565601594721
2.191565601594721
2.191565601594721
2.191565601594721
2.191565601594721
2.191565601594721
2.191565601594721
2.191565601594721
2.191565601594721
2.19156591293992
2.191567032000694
2.191567032000694
2.191567320647255
2.1915676806040385
2.1915686792245515
2.1915695154284665
2.1915702372404295
2.1915706056891113
2.1915714436546896
2.191572026197128
2.191572111616135
2.1915723680310606
2.1915726266432127
2.191572950577951
2.1915731449387943
2.191573281075078
2.1915735309349653
2.1915737905118347
2.1915739579488482
2.1915740630980975
2.191574126612583
2.1915742093188477
2.1915742602342996
2.1915743007187793
2.1915743139907353
2.1915743501323663
2.1915743718173446
2.1915743917588046
2.1915744136041346
2.1915744136041346
2.191574420497098
2.191574420497098
2.191574424143405
2.1915744254549745
2.191574428352515
2.191574428831593
2.1915744297179454
2.191574430684504
2.1915744314647174
2.1915744314647174
2.1915744321219948
2.1915744321219948
2.1915744321219948
2.191574432250091
2.1915744323635162
2.1915744323635162
2.1915744324097886
2.191574432542853
2.191574432542853
2.1915744325704725
2.1915744325976467
2.1915744326210533
2.1915744326410453
2.191574432641978
2.1915744326551123
2.1915744326646722
2.191574432697831
2.1915744326990567
2.191574432699792
2.191574432700233
2.191574432702286
2.1915744327098823
2.1915744327144604
2.1915744327172204
2.1915744327209965
2.1915744327232956
2.1915744327232956
2.191574432725022
2.191574432726449
2.1915744327271383
2.1915744327291797
2.1915744327291797
2.19157443272934
2.1915744327295803
2.191574432729754
2.191574432729955
2.191574432730064
2.1915744327303277
2.1915744327303277
2.1915744327305
2.1915744327306266
2.1915744327306266
2.1915744327306492
2.1915744327307145
2.1915744327307145
2.1915744327307145
2.191574432730734
2.191574432730734
2.191574432730734
2.191574432730734
2.191574432730736
2.1915744327307407
2.191574432730746
2.191574432730746
2.191574432730746
2.1915744327307496
2.1915744327307496
2.1915744327307496
2.1915744327307496
2.1915744327307496
2.1915744327307496
2.1915744327307496
2.1915744327307496
2.1915744327307496
2.1915744327307496
2.1915744327307496
2.1915744327307496
2.1915744327307496
2.1915744327307496
2.1915744327307496
2.1915744327307496
2.1915744327307496
2.19157443273075
2.19157443273075
2.19157443273075
2.19157443273075
2.19157443273075
2.19157443273075
2.19157443273075
2.19157443273075
2.19157443273075
2.19157443273075
2.19157443273075
2.19157443273075
2.19157443273075
2.19157443273075
2.19157443273075
2.19157443273075
