1.8636980299382995
1.8636980299382995
1.8636980299382995
1.8636980299382995
1.8636980299382995
1.8636980299382995
1.8636980299382995
1.8636980299382995
1.8636980299382995
1.8636980299382995
1.8636980299382995
1.8636980299382995
1.8636980299382995
1.8636980299382995
1.8636980299382995
1.8636980299382995
1.8636980299382995
1.8636980299382995
1.8636980299382995
1.8636980299382995
1.8636980299382995
1.8636980299382995
1.8636980299382995
1.8636980299382995
1.8636980299382995
1.8636980299382995
1.8636980299382995
1.8636980299382995
1.8636980299382995
1.8636980299382995
1.8636980299382995
1.8636980299382995
1.8636980299382995
1.8636980299382995
1.8643189398495952
1.8643189398495952
1.8643189398495952
1.8643189398495952
1.864418681514931
1.864418681514931
1.864418681514931
1.864418681514931
1.864418681514931
1.864418681514931
1.864418681514931
1.864418681514931
1.8646216697663234
1.8646216697663234
1.8646216697663234
1.8646216697663234
1.864794544857074
1.8648791360839196
1.8650317504324654
1.865123294050094
1.8651782112244828
1.8652678486454355
1.8652678486454355
1.8652837687659987
1.865315715494508
1.8653210803179276
1.8653308992790276
1.8653367906045486
1.8653407362254948
1.8653432384262192
1.8653530812996746
1.8653589869666936
1.8653625924657498
1.8653666532574056
1.8653731707209487
1.865377081177891
1.8653794274444309
1.8653808352016092
1.8653816798549274
1.8653829557958388
1.8653846430850158
1.8653857434564038
1.865386450337665
1.865387921875655
1.8653888556477947
1.8653894177861914
1.8653900127977443
1.8653908360084297
1.8653914354672612
1.8653917951426835
1.865392010947982
1.865392346948666
1.8653926259116247
1.8653927932894305
1.865392956193519
1.865393145542871
1.8653932606222956
1.8653933296699559
1.8653933710985537
1.865393395955713
1.8653934093102233
1.865393419197451
1.8653934481834125
1.8653934685204654
1.865393480722697
1.86539348869885
1.86539349287947
1.8653935022207748
1.8653935123399727
1.8653935184114916
1.8653935220544027
1.8653935242401498
1.865393526174821
1.8653935333514213
1.8653935376799748
1.865393540366229
1.865393542791524
1.8653935465676401
1.86539354883331
1.8653935501927124
1.8653935517326763
1.865393553070242
1.8653935538956992
1.865393554364792
1.865393555031791
1.8653935554558647
1.865393555710309
1.8653935560072261
1.8653935563159902
1.8653935565012483
1.8653935566124036
1.8653935567946567
1.865393556911993
1.8653935569823947
1.865393557024636
1.8653935570499802
1.8653935570651872
1.8653935570917302
1.8653935571247962
1.8653935571446358
1.8653935571565399
1.865393557163805
1.865393557172481
1.8653935571805853
1.865393557185504
1.8653935571884654
1.8653935571922455
1.865393557197344
1.8653935572003029
1.8653935572020783
1.865393557203144
1.8653935572037996
1.8653935572041997
1.8653935572049185
1.865393557205468
1.865393557205827
1.8653935572061084
1.8653935572065001
1.8653935572067355
1.8653935572068765
1.8653935572070137
1.8653935572072042
1.8653935572073186
1.8653935572073874
1.8653935572074283
1.865393557207468
1.8653935572075466
1.865393557207594
1.8653935572076223
1.8653935572076619
1.8653935572076934
1.8653935572077123
1.8653935572077232
1.8653935572077391
1.8653935572077556
1.8653935572077653
1.8653935572077711
1.8653935572077802
1.8653935572077862
1.8653935572077898
1.8653935572077922
1.8653935572077955
1.8653935572077975
1.8653935572077989
1.8653935572077998
1.8653935572078006
1.8653935572078013
1.8653935572078015
1.8653935572078022
1.8653935572078022
1.8653935572078022
1.8653935572078022
1.8653935572078022
1.8653935572078022
1.8653935572078022
1.8653935572078022
1.8653935572078022
1.8653935572078022
1.8653935572078022
1.8653935572078022
1.8653935572078022
1.8653935572078022
1.8653935572078022
1.8653935572078022
1.8653935572078022
1.8653935572078022
1.8653935572078022
1.8653935572078022
