1.7485797038044837
1.7485797038044837
1.7485797038044837
1.7485797038044837
1.7485797038044837
1.7485797038044837
1.7485797038044837
1.7485797038044837
1.7485797038044837
1.7485797038044837
1.7485797038044837
1.7485797038044837
1.7485797038044837
1.7485797038044837
1.7485797038044837
1.7485797038044837
1.7485797038044837
1.7485797038044837
1.7485797038044837
1.7485797038044837
1.7485797038044837
1.7485797038044837
1.7485797038044837
1.7485797038044837
1.7485797038044837
1.7485797038044837
1.7485797038044837
1.7485797038044837
1.7485797038044837
1.7485797038044837
1.7485797038044837
1.7485797038044837
1.7485797038044837
1.7485797038044837
1.7485797038044837
1.7485797038044837
1.7485797038044837
1.7485797038044837
1.7485797038044837
1.7485797038044837
1.7485797038044837
1.7485797038044837
1.7485797038044837
1.7485797038044837
1.7485797038044837
1.7485797038044837
1.7485797038044837
1.7485797038044837
1.7485797038044837
1.7485797038044837
1.7485797038044837
1.7485797038044837
1.7485797038044837
1.7485797038044837
1.7485797038044837
1.7485797038044837
1.7485797038044837
1.7485797038044837
1.7485912584471828
1.7485955777416862
1.7485955777416862
1.7485955777416862
1.748598810109821
1.748598810109821
1.7486095202148928
1.7486119655694088
1.7486134327819558
1.7486187984418888
1.7486231799755239
1.7486258088958146
1.748627499383475
1.7486289864329345
1.7486297499082835
1.7486316289307677
1.7486328947315999
1.7486336542120633
1.7486344465976928
1.748635413118404
1.7486360451518703
1.7486364243719363
1.7486367795145294
1.7486370898339314
1.7486372567149457
1.748637390365382
1.7486374990341174
1.7486376587782528
1.7486377546247331
1.748637812132621
1.7486379088727058
1.7486379860033818
1.7486380328093394
1.748638070003087
1.7486381144297714
1.7486381419485273
1.7486381518855347
1.7486381611102764
1.7486381611102764
1.7486381679811513
1.7486381702246787
1.7486381704812142
1.748638171286575
1.7486381720425292
1.748638173447636
1.7486381742907
1.7486381747965383
1.7486381751000415
1.748638175338245
1.748638175554455
1.7486381758661744
1.7486381761145735
1.7486381762678496
1.7486381763888332
1.7486381764614232
1.7486381765793746
1.7486381766561856
1.7486381767169987
1.748638176773743
1.7486381768111767
1.748638176838572
1.7486381768629933
1.7486381768835564
1.7486381768989387
1.7486381769089527
1.7486381769200938
1.7486381769282198
1.748638176933095
1.7486381769360204
1.7486381769383894
1.7486381769440331
1.748638176947624
1.7486381769497787
1.7486381769510717
1.748638176951847
1.748638176952632
1.7486381769539192
1.7486381769546915
1.7486381769551547
1.748638176955441
1.7486381769559138
1.7486381769562556
1.7486381769564607
1.7486381769565837
1.7486381769566577
1.7486381769567876
1.7486381769568782
1.7486381769569328
1.748638176956966
1.7486381769570272
1.7486381769570678
1.7486381769570922
1.7486381769571127
1.748638176957138
1.7486381769571526
1.7486381769571622
1.748638176957167
1.7486381769571708
1.7486381769571855
1.7486381769571944
1.7486381769572
1.748638176957203
1.7486381769572075
1.7486381769572161
1.7486381769572215
1.7486381769572246
1.748638176957227
1.748638176957231
1.7486381769572337
1.748638176957235
1.7486381769572372
1.748638176957239
1.7486381769572399
1.7486381769572408
1.748638176957241
1.7486381769572417
1.7486381769572423
1.7486381769572423
1.7486381769572423
1.7486381769572423
1.7486381769572423
1.7486381769572426
1.7486381769572428
1.7486381769572428
1.7486381769572428
1.7486381769572428
1.7486381769572428
1.7486381769572428
1.7486381769572428
1.7486381769572428
1.7486381769572428
1.7486381769572428
1.7486381769572428
1.7486381769572428
1.7486381769572428
