1.149734352380333
1.149734352380333
1.149734352380333
1.149734352380333
1.149734352380333
1.149734352380333
1.149734352380333
1.149734352380333
1.149734352380333
1.149734352380333
1.149734352380333
1.149734352380333
1.149734352380333
1.149734352380333
1.149734352380333
1.149734352380333
1.149734352380333
1.149734352380333
1.149734352380333
1.149734352380333
1.149734352380333
1.149734352380333
1.149734352380333
1.149734352380333
1.149734352380333
1.149734352380333
1.149734352380333
1.149734352380333
1.149734352380333
1.149734352380333
1.149734352380333
1.149734352380333
1.149734352380333
1.149734352380333
1.149734352380333
1.149734352380333
1.149734352380333
1.149734352380333
1.149734352380333
1.149734352380333
1.149734352380333
1.149734352380333
1.149734352380333
1.149734352380333
1.149734352380333
1.149734352380333
1.149734352380333
1.149734352380333
1.149734352380333
1.149734352380333
1.149734352380333
1.149734352380333
1.1497385639125803
1.1497385639125803
1.1497385639125803
1.1497419241463611
1.149747712102124
1.149747712102124
1.149747712102124
1.1497516903817
1.1497516903817
1.1497516903817
1.1497530543700398
1.1497539415555067
1.1497547679642304
1.1497565665263516
1.1497573806241002
1.1497579937044013
1.1497589116395295
1.1497600650081468
1.1497607570282709
1.1497615106224883
1.1497615106224883
1.1497616479175714
1.1497621714615798
1.1497625889535543
1.1497628394487498
1.1497630009916913
1.1497631282672818
1.1497633510515484
1.1497634785046635
1.1497635214138469
1.1497635214138469
1.149763562531186
1.1497635970161444
1.1497636075151216
1.149763614807087
1.1497636191822662
1.1497636300640324
1.149763655366589
1.1497636731636403
1.1497636838418757
1.149763690248811
1.1497637008373032
1.149763711884655
1.1497637185189609
1.1497637224995423
1.1497637248878916
1.149763726558301
1.1497637299919545
1.1497637323665584
1.1497637337913253
1.149763734767864
1.1497637358006687
1.149763736594072
1.1497637370701106
1.1497637373557383
1.1497637375494876
1.1497637377414796
1.1497637379375807
1.149763738055242
1.149763738127578
1.1497637382139592
1.149763738301808
1.149763738354515
1.149763738386144
1.1497637384283848
1.1497637384773958
1.1497637385068002
1.1497637385244457
1.1497637385359258
1.1497637385442452
1.149763738551208
1.1497637385562225
1.1497637385601214
1.1497637385628705
1.1497637385649428
1.1497637385663788
1.1497637385676387
1.1497637385686512
1.1497637385694357
1.1497637385699389
1.1497637385703963
1.1497637385707442
1.1497637385709973
1.149763738571166
1.1497637385712638
1.1497637385713357
1.1497637385714015
1.1497637385714614
1.1497637385715123
1.1497637385715456
1.1497637385715787
1.1497637385716066
1.1497637385716268
1.1497637385716384
1.1497637385716473
1.149763738571658
1.1497637385716664
1.1497637385716724
1.1497637385716748
1.149763738571678
1.149763738571681
1.1497637385716835
1.149763738571684
1.149763738571684
1.1497637385716868
1.1497637385716868
1.149763738571687
1.149763738571687
1.149763738571687
1.149763738571687
1.149763738571687
1.149763738571687
1.149763738571687
1.149763738571687
1.149763738571687
1.149763738571687
1.149763738571687
1.149763738571687
1.149763738571687
1.149763738571687
1.149763738571687
1.149763738571687
1.149763738571687
1.149763738571687
1.149763738571687
1.149763738571687
1.149763738571687
1.149763738571687
1.149763738571687
1.149763738571687
1.149763738571687
1.149763738571687
1.149763738571687
1.149763738571687
1.149763738571687
1.149763738571687
1.149763738571687
1.149763738571687
1.149763738571687
1.149763738571687
1.149763738571687
1.149763738571687
