2.051649241141688
2.051649241141688
2.051649241141688
2.051649241141688
2.051649241141688
2.051649241141688
2.051649241141688
2.051649241141688
2.051649241141688
2.051649241141688
2.051649241141688
2.051649241141688
2.051649241141688
2.051649241141688
2.051649241141688
2.051649241141688
2.051649241141688
2.051649241141688
2.051649241141688
2.051649241141688
2.051649241141688
2.051649241141688
2.051649241141688
2.051649241141688
2.051649241141688
2.051649241141688
2.051649241141688
2.051649241141688
2.051649241141688
2.051649241141688
2.051649241141688
2.051649241141688
2.051649241141688
2.051649241141688
2.051649241141688
2.051649241141688
2.051649241141688
2.051649241141688
2.051649241141688
2.051649241141688
2.051649241141688
2.051649241141688
2.051649241141688
2.051649241141688
2.051649241141688
2.051649241141688
2.051649241141688
2.051649241141688
2.051649241141688
2.0516602352591806
2.0516602352591806
2.0516602352591806
2.0516602352591806
2.0516688172626716
2.0516688172626716
2.051671917325587
2.0516753221069544
2.0516773649759115
2.051678590697335
2.0516793261302064
2.051680306530717
2.0516809237242586
2.0516835396083617
2.0516835396083617
2.0516835396083617
2.05168364695245
2.051684723524888
2.0516848837683153
2.0516849799143775
2.0516852429014967
2.0516856850672713
2.051685846513059
2.05168602844443
2.05168608281503
2.0516861748569846
2.051686321731859
2.0516863329811423
2.051686382204985
2.051686444644429
2.051686484283973
2.0516865128093813
2.051686539665106
2.051686567649657
2.051686590283856
2.0516866038643755
2.0516866120126873
2.0516866120126873
2.051686618498578
2.051686626734426
2.0516866322709633
2.051686636007047
2.0516866389646937
2.051686642035654
2.0516866447139273
2.0516866463208916
2.0516866472850697
2.0516866487861494
2.051686650019393
2.051686650775668
2.051686651336804
2.0516866517781667
2.0516866521333825
2.051686652385208
2.0516866525363033
2.0516866526770507
2.0516866527997046
2.05168665288763
2.0516866529558695
2.0516866530208615
2.0516866530306768
2.051686653037234
2.051686653086089
2.051686653086089
2.0516866530932627
2.0516866531047437
2.05168665311395
2.0516866531194737
2.0516866531227884
2.051686653139927
2.0516866531523217
2.0516866531597584
2.0516866531642206
2.051686653170927
2.0516866531809557
2.0516866531869726
2.0516866531906044
2.0516866531928324
2.0516866531941687
2.0516866531949707
2.0516866531972195
2.05168665319943
2.051686653200757
2.0516866532015525
2.0516866532027076
2.051686653204137
2.0516866532049955
2.0516866532055107
2.051686653206059
2.051686653206987
2.051686653207544
2.051686653207878
2.051686653208161
2.051686653208607
2.0516866532088742
2.0516866532090345
2.0516866532091713
2.05168665320933
2.051686653209425
2.0516866532094817
2.0516866532095444
2.051686653209592
2.0516866532096207
2.051686653209638
2.05168665320966
2.0516866532096776
2.0516866532096887
2.051686653209696
2.0516866532097
2.051686653209703
2.051686653209708
2.05168665320971
2.0516866532097118
2.051686653209713
2.051686653209715
2.0516866532097167
2.051686653209717
2.0516866532097175
2.0516866532097184
2.051686653209719
2.0516866532097193
2.0516866532097198
2.0516866532097198
2.0516866532097198
2.0516866532097198
2.0516866532097198
2.0516866532097198
2.0516866532097198
2.0516866532097198
2.0516866532097198
2.0516866532097198
2.0516866532097198
2.0516866532097198
2.0516866532097198
2.0516866532097198
