5.7643295395114205
5.7643295395114205
5.7643295395114205
5.7643295395114205
5.7643295395114205
5.7643295395114205
5.7643295395114205
5.7643295395114205
5.7643295395114205
5.7643295395114205
5.7643295395114205
5.7643295395114205
5.7643295395114205
5.7643295395114205
5.7643295395114205
5.7643295395114205
5.7643295395114205
5.7643295395114205
5.7643295395114205
5.7643295395114205
5.7643295395114205
5.7643295395114205
5.7643295395114205
5.7643295395114205
5.7643295395114205
5.7643295395114205
5.7643295395114205
5.7643295395114205
5.7643295395114205
5.7643295395114205
5.7643295395114205
5.7643295395114205
5.7643295395114205
5.7643295395114205
5.7643295395114205
5.7643295395114205
5.7643295395114205
5.7643295395114205
5.7643295395114205
5.7643295395114205
5.7643295395114205
5.7643295395114205
5.7643295395114205
5.764333923279109
5.764333923279109
5.764333923279109
5.764333923279109
5.764333923279109
5.764333923279109
5.764333923279109
5.764333923279109
5.764333923279109
5.764333923279109
5.764333923279109
5.764333923279109
5.764333923279109
5.764333923279109
5.764333923279109
5.764333923279109
5.764333923279109
5.764333923279109
5.7643761227215355
5.7643761227215355
5.764382112883337
5.764402261152588
5.764414350142303
5.764425458081182
5.764429140999108
5.764448587638045
5.7644630381245925
5.7644758416955755
5.764480830326557
5.76448469874963
5.764498085783769
5.764507713122123
5.764513489533145
5.764516955382639
5.764519393764117
5.764522887775297
5.764527217436274
5.764529815234532
5.764531373914088
5.764533955599785
5.764535883692556
5.7645370405485465
5.764537761946954
5.764538393172822
5.7645390977335005
5.764539520469951
5.764539774111837
5.764539933289372
5.7645402226457225
5.7645404092334855
5.764540521186147
5.764540590998882
5.7645406576155
5.764540729663391
5.764540772892128
5.764540798829369
5.764540814391714
5.7645408237291225
5.764540829331567
5.7645408474054705
5.764540860770956
5.764540868790249
5.764540879162071
5.764540890667616
5.764540897570941
5.764540902184359
5.764540909354773
5.764540913663372
5.764540916248531
5.764540917799628
5.7645409191473
5.764540921584696
5.764540923047132
5.764540923924597
5.764540924451072
5.764540924978816
5.764540925708035
5.764540926145567
5.7645409264080865
5.764540926565596
5.764540926847375
5.76454092704808
5.764540927168501
5.764540927240756
5.764540927304295
5.764540927394369
5.764540927448415
5.764540927480841
5.764540927500297
5.7645409275119714
5.764540927531506
5.764540927555373
5.764540927569696
5.764540927578289
5.764540927587932
5.764540927598565
5.764540927604948
5.764540927608776
5.764540927612542
5.764540927615696
5.76454092761759
5.764540927618726
5.764540927620074
5.76454092762142
5.764540927622227
5.764540927622711
5.764540927623003
5.7645409276234885
5.7645409276238135
5.764540927624009
5.764540927624126
5.7645409276241955
5.764540927624285
5.764540927624371
5.764540927624422
5.764540927624453
5.764540927624495
5.764540927624535
5.764540927624558
5.764540927624572
5.764540927624596
5.764540927624612
5.764540927624623
5.76454092762463
5.764540927624638
5.764540927624645
5.76454092762465
5.764540927624653
5.764540927624655
5.764540927624656
5.764540927624659
5.76454092762466
5.76454092762466
5.76454092762466
5.76454092762466
5.76454092762466
5.76454092762466
5.76454092762466
5.76454092762466
5.76454092762466
5.76454092762466
5.76454092762466
5.76454092762466
5.76454092762466
5.76454092762466
5.76454092762466
5.76454092762466
5.76454092762466
5.76454092762466
5.76454092762466
5.76454092762466
5.76454092762466
5.76454092762466
5.76454092762466
5.76454092762466
5.76454092762466
5.76454092762466
5.76454092762466
5.76454092762466
5.76454092762466
5.76454092762466
5.76454092762466
5.76454092762466
