1.867775209292453
1.867775209292453
1.867775209292453
1.867775209292453
1.867775209292453
1.867775209292453
1.867775209292453
1.867775209292453
1.867775209292453
1.867775209292453
1.867775209292453
1.867775209292453
1.867775209292453
1.867775209292453
1.867775209292453
1.867775209292453
1.867775209292453
1.867775209292453
1.867775209292453
1.867775209292453
1.867775209292453
1.867775209292453
1.867775209292453
1.867775209292453
1.867775209292453
1.867775209292453
1.867775209292453
1.867775209292453
1.867775209292453
1.867775209292453
1.867775209292453
1.867775209292453
1.867775209292453
1.867775209292453
1.867775209292453
1.867775209292453
1.867775209292453
1.867775209292453
1.867775209292453
1.867775209292453
1.867775209292453
1.867775209292453
1.867775209292453
1.867775209292453
1.867775209292453
1.867775209292453
1.867775209292453
1.867775209292453
1.867775209292453
1.867775209292453
1.867775209292453
1.867775209292453
1.867775209292453
1.867775209292453
1.867775209292453
1.867781087417749
1.867781087417749
1.867781087417749
1.867781087417749
1.867781087417749
1.867781087417749
1.867781087417749
1.867781087417749
1.867781087417749
1.8677815510881546
1.86778301057422
1.867784048565874
1.8677846713613253
1.8677850450387612
1.8677855195155433
1.8677862714963123
1.8677887367944912
1.8677887590228002
1.8677892356251362
1.8677899493622612
1.8677906093417354
1.86779100532955
1.867791319514635
1.8677916903056464
1.8677918131563316
1.86779194015886
1.8677920418944267
1.8677921574633694
1.867792217846561
1.867792254897645
1.8677923040878888
1.8677923687981346
1.867792415585561
1.8677924481307941
1.8677924760085998
1.8677924940347423
1.8677925005663056
1.8677925166371883
1.8677925259909
1.8677925317631316
1.867792537096794
1.8677925429132016
1.8677925452586925
1.8677925479079398
1.8677925494974876
1.8677925511285216
1.8677925511285216
1.8677925524393488
1.8677925524393488
1.8677925525708812
1.8677925527912886
1.867792552923533
1.8677925531894177
1.867792553672452
1.8677925539886635
1.867792554190972
1.867792554317988
1.8677925543941982
1.8677925544399239
1.8677925544399239
1.8677925545071319
1.8677925546037197
1.867792554661673
1.8677925546964447
1.8677925547177323
1.8677925547299323
1.867792554743104
1.8677925547641783
1.8677925547809249
1.8677925547939132
1.8677925548095864
1.8677925548215377
1.8677925548287087
1.8677925548330112
1.867792554842227
1.8677925548459253
1.867792554848896
1.8677925548519383
1.8677925548552767
1.8677925548577703
1.8677925548599692
1.867792554861432
1.8677925548629055
1.8677925548639076
1.8677925548645316
1.867792554865017
1.8677925548654228
1.8677925548657253
1.8677925548659384
1.8677925548660372
1.8677925548662024
1.8677925548663943
1.8677925548664596
1.8677925548665553
1.8677925548665986
1.8677925548666348
1.8677925548666878
1.8677925548666947
1.8677925548667105
1.8677925548667225
1.8677925548667367
1.867792554866745
1.867792554866752
1.8677925548667582
1.8677925548667647
1.8677925548667653
1.8677925548667675
1.8677925548667687
1.8677925548667689
1.8677925548667693
1.8677925548667704
1.8677925548667709
1.8677925548667709
1.8677925548667713
1.867792554866772
1.867792554866772
1.8677925548667724
1.8677925548667724
1.8677925548667724
1.8677925548667724
1.8677925548667724
1.8677925548667729
1.8677925548667729
1.8677925548667729
1.8677925548667729
1.8677925548667729
1.8677925548667729
1.8677925548667729
1.8677925548667729
1.8677925548667729
1.8677925548667729
1.8677925548667729
1.8677925548667729
1.8677925548667729
1.8677925548667729
1.8677925548667729
1.8677925548667729
