2.6765159330629373
2.6765159330629373
2.6765159330629373
2.6765159330629373
2.6765159330629373
2.6765159330629373
2.6765159330629373
2.6765159330629373
2.6765159330629373
2.6765159330629373
2.6765159330629373
2.6765159330629373
2.6765159330629373
2.6765159330629373
2.6765159330629373
2.6765159330629373
2.6765159330629373
2.6765159330629373
2.6765159330629373
2.6765159330629373
2.6765159330629373
2.6765159330629373
2.6765159330629373
2.6765159330629373
2.6765159330629373
2.6765159330629373
2.6765159330629373
2.6765159330629373
2.6765159330629373
2.6765159330629373
2.6765159330629373
2.6765159330629373
2.6765159330629373
2.6765159330629373
2.6765159330629373
2.6765159330629373
2.6765159330629373
2.6765159330629373
2.6765159330629373
2.6765159330629373
2.6765159330629373
2.6765159330629373
2.6765159330629373
2.6765159330629373
2.6765159330629373
2.6765159330629373
2.6765159330629373
2.6765159330629373
2.6765159330629373
2.6765159330629373
2.6765159330629373
2.6765159330629373
2.6765159330629373
2.6765159330629373
2.6765159330629373
2.6765159330629373
2.6765159330629373
2.676558440543534
2.676558440543534
2.676558440543534
2.676561070417795
2.676586076718039
2.676586076718039
2.6766046745019327
2.6766046745019327
2.6766046745019327
2.6766134424781938
2.6766225485436395
2.676625971042222
2.676631143749638
2.6766362730839606
2.6766393617522724
2.676641564691224
2.6766428864550944
2.6766436795135955
2.6766441553487614
2.6766445231768263
2.6766455459681784
2.676646159643383
2.6766463091847106
2.676646566853831
2.676646725993578
2.676646725993578
2.676646725993578
2.676646725993578
2.6766468015043485
2.6766468015043485
2.6766468015043485
2.6766468015043485
2.676646805046351
2.67664681651567
2.67664681651567
2.676646840196501
2.676646844642727
2.676646844642727
2.676646845250369
2.676646847833631
2.676646854368961
2.676646854368961
2.6766468554748544
2.6766468577421634
2.6766468603893476
2.676646860535374
2.6766468609460814
2.676646861426794
2.6766468630497084
2.676646863382266
2.6766468643310026
2.676646864948154
2.67664686532953
2.676646865446697
2.6766468656727107
2.6766468658674625
2.6766468659843117
2.676646866061897
2.67664686615833
2.676646866305304
2.6766468663877707
2.6766468664665095
2.6766468665094747
2.6766468665447065
2.6766468666006915
2.676646866619978
2.676646866640181
2.6766468666716086
2.676646866696298
2.676646866711115
2.6766468667200023
2.6766468667253367
2.6766468667359398
2.676646866739838
2.6766468667486816
2.676646866751772
2.6766468667571135
2.676646866760336
2.676646866762952
2.6766468667648367
2.6766468667665886
2.6766468667682215
2.676646866768967
2.676646866769386
2.6766468667698105
2.676646866769896
2.6766468667701506
2.6766468667703114
2.6766468667704104
2.6766468667706826
2.6766468667707186
2.676646866770876
2.676646866770907
2.676646866770954
2.6766468667709833
2.6766468667710046
2.676646866771026
2.676646866771032
2.6766468667710446
2.6766468667710552
2.6766468667710583
2.6766468667710677
2.67664686677107
2.6766468667710743
2.6766468667710805
2.676646866771083
2.6766468667710837
2.6766468667710837
2.676646866771086
2.676646866771086
2.676646866771086
2.676646866771086
2.676646866771086
2.676646866771086
2.676646866771086
2.676646866771086
2.676646866771086
2.676646866771086
2.676646866771086
2.676646866771086
2.676646866771086
2.676646866771086
2.676646866771086
2.676646866771086
2.676646866771086
2.676646866771086
2.676646866771086
2.676646866771086
2.676646866771086
2.676646866771086
2.676646866771086
2.676646866771086
2.676646866771086
2.676646866771086
2.676646866771086
