1.8747102089123748
1.8747102089123748
1.8747102089123748
1.8747102089123748
1.8747102089123748
1.8747102089123748
1.8747102089123748
1.8747102089123748
1.8747102089123748
1.8747102089123748
1.8747102089123748
1.8747102089123748
1.8747102089123748
1.8747102089123748
1.8747102089123748
1.8747102089123748
1.8747102089123748
1.8747102089123748
1.8747102089123748
1.8747102089123748
1.8747102089123748
1.8747102089123748
1.8747102089123748
1.8747102089123748
1.8747102089123748
1.8747102089123748
1.8747102089123748
1.8747102089123748
1.8747102089123748
1.8747102089123748
1.8747102089123748
1.8747102089123748
1.8747102089123748
1.8747102089123748
1.8747102089123748
1.8747102089123748
1.8747102089123748
1.8747102089123748
1.8747102089123748
1.8747102089123748
1.8747102089123748
1.8747102089123748
1.8747102089123748
1.8747102089123748
1.8747102089123748
1.8747102089123748
1.8747102089123748
1.8747102089123748
1.8747102089123748
1.8747102089123748
1.8747102089123748
1.8747102089123748
1.8747102089123748
1.8747102089123748
1.8747102089123748
1.874712393325601
1.874712393325601
1.874712393325601
1.874712393325601
1.8747231789485315
1.8747231789485315
1.8747231789485315
1.8747231789485315
1.8747231789485315
1.8747252367183183
1.87472869910157
1.8747292391011028
1.8747306118548723
1.874732566457085
1.874732566457085
1.8747327527362136
1.8747331190248215
1.8747338548136174
1.8747340958813912
1.8747346469202104
1.8747346469202104
1.874735225229353
1.8747356120986434
1.8747358629409465
1.874736013446329
1.874736141760639
1.8747364875558914
1.8747367083680686
1.8747368408553722
1.8747369625275172
1.8747370961688155
1.8747371565167796
1.8747372077004474
1.8747372289433306
1.8747372650930785
1.8747372864555065
1.8747373046658244
1.874737305966966
1.8747373167909835
1.8747373224873627
1.874737328258309
1.8747373312723097
1.8747373348166323
1.8747373367950195
1.8747373373612064
1.874737338559084
1.8747373393439408
1.8747373402495595
1.8747373402806298
1.8747373406126584
1.8747373408373935
1.874737341167055
1.87473734138166
1.8747373415380353
1.8747373415814002
1.8747373416960686
1.8747373417774658
1.8747373418191222
1.8747373419184725
1.8747373419542237
1.874737342019664
1.8747373420786866
1.8747373421140998
1.874737342141755
1.874737342169541
1.8747373421941593
1.8747373422092286
1.8747373422274434
1.8747373422426235
1.8747373422462652
1.874737342252554
1.8747373422569091
1.8747373422612135
1.8747373422643534
1.8747373422664217
1.8747373422676625
1.8747373422684073
1.8747373422693778
1.8747373422712827
1.874737342272493
1.8747373422732772
1.874737342274274
1.874737342275049
1.8747373422752849
1.874737342275635
1.8747373422758857
1.874737342276079
1.8747373422762137
1.874737342276272
1.8747373422763576
1.8747373422764073
1.8747373422764666
1.874737342276489
1.8747373422765232
1.874737342276547
1.8747373422765643
1.8747373422765718
1.8747373422765778
1.8747373422765827
1.8747373422765852
1.874737342276588
1.874737342276588
1.8747373422765894
1.8747373422765903
1.874737342276591
1.8747373422765912
1.8747373422765916
1.8747373422765916
1.8747373422765923
1.8747373422765927
1.8747373422765927
1.8747373422765927
1.8747373422765932
1.8747373422765932
1.8747373422765932
1.8747373422765932
1.8747373422765932
1.8747373422765932
1.8747373422765932
1.8747373422765932
1.8747373422765932
1.8747373422765932
1.8747373422765932
1.8747373422765932
1.8747373422765932
1.8747373422765932
1.8747373422765932
1.8747373422765932
1.8747373422765932
1.8747373422765932
1.8747373422765932
1.8747373422765932
1.8747373422765932
1.8747373422765932
1.8747373422765932
1.8747373422765932
1.8747373422765932
1.8747373422765932
