2.3389510530822593
2.3389510530822593
2.3389510530822593
2.3389510530822593
2.3389510530822593
2.3389510530822593
2.3389510530822593
2.3389510530822593
2.3389510530822593
2.3389510530822593
2.3389510530822593
2.3389510530822593
2.3389510530822593
2.3389510530822593
2.3389510530822593
2.3389510530822593
2.3389510530822593
2.3389510530822593
2.3389510530822593
2.3389510530822593
2.3389510530822593
2.3389510530822593
2.3389510530822593
2.3389510530822593
2.3389510530822593
2.3389510530822593
2.3389510530822593
2.3389510530822593
2.3389510530822593
2.3389510530822593
2.3389510530822593
2.3389510530822593
2.3389510530822593
2.3389510530822593
2.3389510530822593
2.3389510530822593
2.3389510530822593
2.3389510530822593
2.3389510530822593
2.3389510530822593
2.3389510530822593
2.3389510530822593
2.3389510530822593
2.3389510530822593
2.3389510530822593
2.3389510530822593
2.3389510530822593
2.3389510530822593
2.3389510530822593
2.3389510530822593
2.3389510530822593
2.3389510530822593
2.338957129497571
2.338957129497571
2.338957129497571
2.338957129497571
2.338957129497571
2.3389580337089537
2.3389580337089537
2.3389580337089537
2.3389580337089537
2.3389580337089537
2.33895882001971
2.33895882001971
2.33895882001971
2.33895922479847
2.338959625551705
2.338959914635302
2.338960483232141
2.3389606678886206
2.3389609242868525
2.338961102198873
2.338961280103032
2.338961386845526
2.338961531894479
2.3389615347193664
2.3389616534176922
2.338961739843312
2.3389618189204215
2.3389619108010047
2.3389619108010047
2.3389619689125483
2.3389619826333066
2.338962117901319
2.3389621357994947
2.3389621988378906
2.33896225238146
2.3389622742859837
2.3389622974657756
2.3389623149725254
2.338962325100629
2.338962355847353
2.338962360319733
2.338962377524615
2.3389623902636267
2.3389623960930552
2.338962401995598
2.33896240384475
2.338962405989635
2.338962411348982
2.338962411817132
2.3389624142034484
2.338962416090329
2.338962417222457
2.3389624179017336
2.3389624185894387
2.338962419123278
2.338962419860526
2.3389624203028747
2.3389624205682837
2.3389624207226434
2.3389624210184343
2.3389624211959092
2.338962421303515
2.3389624213844313
2.3389624215445832
2.338962421622088
2.3389624216564275
2.338962421678213
2.3389624217212033
2.338962421760915
2.338962421772414
2.3389624218036063
2.338962421818103
2.3389624218354346
2.338962421843619
2.338962421851764
2.3389624218598746
2.3389624218615563
2.338962421867201
2.3389624218720524
2.3389624218751286
2.338962421877683
2.338962421880093
2.3389624218807885
2.3389624218817615
2.3389624218824885
2.3389624218830627
2.3389624218836103
2.33896242188394
2.338962421884177
2.3389624218844434
2.3389624218846703
2.338962421884806
2.338962421885011
2.338962421885011
2.338962421885085
2.338962421885168
2.3389624218852183
2.338962421885249
2.338962421885271
2.3389624218853076
2.338962421885362
2.3389624218853675
2.338962421885378
2.338962421885378
2.3389624218853826
2.33896242188539
2.3389624218854017
2.3389624218854017
2.3389624218854057
2.338962421885411
2.338962421885413
2.3389624218854146
2.3389624218854177
2.3389624218854177
2.3389624218854195
2.3389624218854195
2.33896242188542
2.33896242188542
2.3389624218854204
2.3389624218854204
2.338962421885421
2.338962421885421
2.338962421885421
2.338962421885421
2.338962421885421
2.338962421885421
2.338962421885421
2.338962421885421
2.338962421885421
2.338962421885421
2.338962421885421
2.338962421885421
2.338962421885421
2.338962421885421
2.338962421885421
2.338962421885421
2.338962421885421
2.338962421885421
2.338962421885421
2.338962421885421
2.338962421885421
2.338962421885421
