1.7147386006371248
1.7147386006371248
1.7147386006371248
1.7147386006371248
1.7147386006371248
1.7147386006371248
1.7147386006371248
1.7147386006371248
1.7147386006371248
1.7147386006371248
1.7147386006371248
1.7147386006371248
1.7147386006371248
1.7147386006371248
1.7147386006371248
1.7147386006371248
1.7147386006371248
1.7147386006371248
1.7147386006371248
1.7147386006371248
1.7147386006371248
1.7147386006371248
1.7147386006371248
1.7147386006371248
1.7147386006371248
1.7147386006371248
1.7147386006371248
1.7147386006371248
1.7147386006371248
1.7147386006371248
1.7147386006371248
1.7147386006371248
1.7147386006371248
1.7147386006371248
1.7147386006371248
1.7147386006371248
1.7147386006371248
1.7147386006371248
1.7147386006371248
1.7147386006371248
1.7147386006371248
1.7147386006371248
1.7147386006371248
1.7147386006371248
1.7147386006371248
1.7147386006371248
1.7147386006371248
1.7147386006371248
1.7147386006371248
1.7147386006371248
1.7147386006371248
1.7147386006371248
1.7147386006371248
1.7147432227808455
1.714743552610942
1.7147440834447212
1.7147467285762579
1.714748157006225
1.7147488196605278
1.714749331921711
1.714749710669175
1.714749966314127
1.7147506768570338
1.7147511871384893
1.714751493307465
1.714751677008887
1.7147517872297535
1.7147518533622788
1.7147522444214325
1.7147525717591694
1.7147526967305964
1.714752824920574
1.7147530853388093
1.71475321158898
1.714753344710358
1.7147533896166185
1.7147534667776838
1.7147535021026712
1.7147535342443407
1.7147535554528905
1.7147535726120304
1.7147535904366715
1.7147536126647551
1.7147536260016054
1.7147536340037157
1.7147536422624554
1.7147536507712768
1.7147536559606706
1.7147536590636925
1.7147536610948824
1.714753662545348
1.7147536628791133
1.7147536638906689
1.714753664436314
1.7147536647870356
1.7147536649974682
1.7147536653303799
1.7147536655695954
1.7147536657131246
1.7147536658961868
1.7147536662303358
1.7147536663901233
1.7147536664951537
1.7147536664951537
1.7147536665790464
1.7147536666116643
1.7147536666202146
1.7147536666202146
1.7147536666202146
1.714753666630193
1.7147536666423804
1.7147536666496928
1.714753666654131
1.7147536666577503
1.7147536666641934
1.7147536666682626
1.7147536666708307
1.7147536666722258
1.714753666673902
1.7147536666755925
1.7147536666767844
1.7147536666781655
1.7147536666788488
1.7147536666795467
1.7147536666799266
1.7147536666803262
1.7147536666806364
1.714753666680861
1.7147536666812797
1.7147536666814274
1.7147536666815595
1.7147536666816385
1.7147536666817913
1.7147536666819678
1.7147536666820735
1.7147536666821293
1.7147536666822003
1.7147536666822438
1.71475366668227
1.7147536666822933
1.7147536666822991
1.7147536666823147
1.7147536666823273
1.7147536666823386
1.7147536666823453
1.7147536666823509
1.7147536666823586
1.7147536666823637
1.714753666682367
1.714753666682369
1.7147536666823704
1.7147536666823728
1.7147536666823753
1.714753666682377
1.7147536666823786
1.71475366668238
1.7147536666823808
1.7147536666823815
1.714753666682382
1.7147536666823826
1.714753666682383
1.7147536666823833
1.7147536666823837
1.7147536666823837
1.714753666682384
1.714753666682384
1.714753666682384
1.714753666682384
1.714753666682384
1.714753666682384
1.714753666682384
1.714753666682384
1.714753666682384
1.714753666682384
1.714753666682384
1.714753666682384
1.714753666682384
1.714753666682384
1.714753666682384
1.714753666682384
1.714753666682384
1.714753666682384
1.714753666682384
