1.6095956446674424
1.6095956446674424
1.6095956446674424
1.6095956446674424
1.6095956446674424
1.6095956446674424
1.6095956446674424
1.6095956446674424
1.6095956446674424
1.6095956446674424
1.6095956446674424
1.6095956446674424
1.6095956446674424
1.6095956446674424
1.6095956446674424
1.6095956446674424
1.6095956446674424
1.6095956446674424
1.6095956446674424
1.6095956446674424
1.6095956446674424
1.6095956446674424
1.6095956446674424
1.6095956446674424
1.6095956446674424
1.6095956446674424
1.6095956446674424
1.6095956446674424
1.6095956446674424
1.6095956446674424
1.6095956446674424
1.6095956446674424
1.6095956446674424
1.6095956446674424
1.6095956446674424
1.6095956446674424
1.6095956446674424
1.6095956446674424
1.6095956446674424
1.6095956446674424
1.6095956446674424
1.6095956446674424
1.6095956446674424
1.6095956446674424
1.6095956446674424
1.6095956446674424
1.6095956446674424
1.6095956446674424
1.6095956446674424
1.6095956446674424
1.6095956446674424
1.6095956446674424
1.6095956446674424
1.6095956446674424
1.6095974459379558
1.6095974459379558
1.6096004082618978
1.609601086485554
1.609601086485554
1.6096042530288515
1.6096044489161574
1.609605115245873
1.6096060654643607
1.6096070015253383
1.6096075856345122
1.609608017061702
1.6096082759180805
1.6096085447449466
1.609608856261665
1.6096091849029934
1.609609409367219
1.6096095751797173
1.6096096716822934
1.6096097295838432
1.6096097643247733
1.6096098141545925
1.609609857560361
1.6096098960291176
1.609609919110372
1.6096099379944688
1.6096099826746944
1.6096100106665983
1.6096100275351222
1.6096100376562372
1.6096100453993045
1.6096100530354338
1.6096100590957974
1.6096100627320151
1.6096100649880314
1.609610066615901
1.609610068686338
1.609610070258765
1.609610071334734
1.6096100724436524
1.6096100733777583
1.6096100739594348
1.6096100743881254
1.60961007484434
1.6096100751581068
1.6096100753533984
1.6096100755007066
1.609610075601042
1.6096100756664096
1.6096100757301712
1.6096100757798486
1.6096100758111545
1.6096100758331005
1.6096100758588472
1.6096100758796026
1.6096100758944076
1.609610075903439
1.609610075910066
1.609610075919125
1.6096100759251966
1.609610075929594
1.6096100759338237
1.6096100759368743
1.6096100759389176
1.6096100759402756
1.6096100759415806
1.6096100759423633
1.6096100759428547
1.6096100759435257
1.6096100759442389
1.6096100759446759
1.609610075944938
1.6096100759452903
1.6096100759456498
1.6096100759458654
1.6096100759459981
1.6096100759461023
1.609610075946207
1.6096100759462721
1.6096100759463128
1.6096100759463445
1.609610075946366
1.6096100759463843
1.6096100759463947
1.609610075946402
1.6096100759464105
1.609610075946417
1.609610075946421
1.6096100759464234
1.6096100759464254
1.609610075946428
1.6096100759464294
1.6096100759464307
1.6096100759464314
1.6096100759464318
1.6096100759464325
1.609610075946433
1.609610075946433
1.6096100759464336
1.6096100759464336
1.6096100759464336
1.6096100759464336
1.609610075946434
1.609610075946434
1.609610075946434
1.609610075946434
1.609610075946434
1.609610075946434
1.609610075946434
1.609610075946434
1.609610075946434
1.609610075946434
1.609610075946434
1.609610075946434
1.609610075946434
1.609610075946434
1.609610075946434
1.609610075946434
1.609610075946434
1.609610075946434
1.609610075946434
1.609610075946434
1.609610075946434
1.609610075946434
1.609610075946434
1.609610075946434
1.609610075946434
1.609610075946434
1.609610075946434
