1.5896872905433876
1.5896872905433876
1.5896872905433876
1.5896872905433876
1.5896872905433876
1.5896872905433876
1.5896872905433876
1.5896872905433876
1.5896872905433876
1.5896872905433876
1.5896872905433876
1.5896872905433876
1.5896872905433876
1.5896872905433876
1.5896872905433876
1.5896872905433876
1.5896872905433876
1.5896872905433876
1.5896872905433876
1.5896872905433876
1.5896872905433876
1.5896872905433876
1.5896872905433876
1.5896872905433876
1.5896872905433876
1.5896872905433876
1.5896872905433876
1.5896872905433876
1.5896872905433876
1.5896872905433876
1.5896872905433876
1.5896872905433876
1.5896872905433876
1.5896872905433876
1.5896872905433876
1.5896872905433876
1.5896872905433876
1.5896872905433876
1.5896872905433876
1.5896872905433876
1.5896872905433876
1.5896872905433876
1.5896872905433876
1.5896872905433876
1.5896872905433876
1.5896872905433876
1.589706736641473
1.589706736641473
1.589706736641473
1.589706736641473
1.5897087907946077
1.5897114000299675
1.5897160723710368
1.5897188757758764
1.5897208998615913
1.589721629173507
1.5897222719863637
1.5897275703976457
1.5897311572863793
1.589733911723723
1.5897359544258385
1.5897390295664282
1.5897405406479412
1.589741947987375
1.5897424951681485
1.589743372777702
1.5897442737642893
1.5897448331798871
1.5897451594086716
1.589745458785255
1.5897460082525139
1.5897461022133537
1.5897461367407064
1.589746246065682
1.5897464073961602
1.5897465041944392
1.5897465622734035
1.5897465971207814
1.5897466180292075
1.589746635514094
1.5897466602796149
1.589746681765263
1.589746695447904
1.5897467039414666
1.5897467101142642
1.5897467166315584
1.5897467241921417
1.5897467287284914
1.5897467314503013
1.5897467330833872
1.5897467340632392
1.5897467348962737
1.5897467365549307
1.5897467378834877
1.5897467387181468
1.5897467393341627
1.589746740107262
1.5897467406856685
1.5897467410327126
1.5897467412409392
1.589746741378027
1.5897467415536808
1.589746741730805
1.589746741839729
1.5897467419154676
1.5897467420254472
1.589746742097272
1.5897467421427562
1.5897467422019271
1.5897467422418399
1.5897467422660927
1.5897467422935518
1.5897467423231475
1.5897467423409044
1.5897467423515588
1.5897467423705942
1.5897467423850558
1.589746742393741
1.5897467423993328
1.5897467424072966
1.5897467424120753
1.5897467424149425
1.589746742417322
1.5897467424195229
1.5897467424208485
1.5897467424216818
1.5897467424224938
1.5897467424230258
1.5897467424233447
1.5897467424235363
1.5897467424236509
1.589746742423869
1.5897467424240388
1.5897467424241407
1.5897467424242024
1.5897467424242895
1.5897467424243534
1.589746742424392
1.589746742424415
1.5897467424244418
1.5897467424244762
1.5897467424244964
1.589746742424509
1.5897467424245317
1.5897467424245488
1.5897467424245593
1.5897467424245653
1.5897467424245693
1.5897467424245715
1.5897467424245786
1.5897467424245832
1.5897467424245861
1.5897467424245877
1.5897467424245886
1.5897467424245897
1.5897467424245921
1.5897467424245932
1.5897467424245944
1.5897467424245948
1.589746742424596
1.5897467424245972
1.5897467424245981
1.5897467424245983
1.5897467424245995
1.5897467424246
1.5897467424246001
1.5897467424246001
1.5897467424246001
1.5897467424246001
1.5897467424246003
1.5897467424246003
1.5897467424246003
1.5897467424246006
1.5897467424246006
1.5897467424246006
1.5897467424246006
1.5897467424246006
1.5897467424246006
1.5897467424246006
1.5897467424246006
1.5897467424246006
1.5897467424246006
