1.92752982461536
1.92752982461536
1.92752982461536
1.92752982461536
1.92752982461536
1.92752982461536
1.92752982461536
1.92752982461536
1.92752982461536
1.92752982461536
1.92752982461536
1.92752982461536
1.92752982461536
1.92752982461536
1.92752982461536
1.92752982461536
1.92752982461536
1.92752982461536
1.92752982461536
1.92752982461536
1.92752982461536
1.92752982461536
1.92752982461536
1.92752982461536
1.92752982461536
1.92752982461536
1.92752982461536
1.92752982461536
1.92752982461536
1.92752982461536
1.92752982461536
1.92752982461536
1.92752982461536
1.92752982461536
1.92752982461536
1.92752982461536
1.92752982461536
1.92752982461536
1.92752982461536
1.92752982461536
1.92752982461536
1.92752982461536
1.92752982461536
1.92752982461536
1.92752982461536
1.92752982461536
1.92752982461536
1.92752982461536
1.927531168919452
1.927531168919452
1.927531168919452
1.927531168919452
1.927531168919452
1.927531168919452
1.927531168919452
1.927531168919452
1.927531168919452
1.927531168919452
1.927531168919452
1.927531168919452
1.927531168919452
1.927531168919452
1.927531168919452
1.9275323068075165
1.9275323068075165
1.9275323068075165
1.9275323068075165
1.9275329074918859
1.9275365643423334
1.9275365643423334
1.9275377688608843
1.9275382326401893
1.9275398161433959
1.9275413637205336
1.9275413637205336
1.9275421932470989
1.9275424322265808
1.9275428875167546
1.9275434732944392
1.9275439491834936
1.9275442982294166
1.9275448666014743
1.9275450213347385
1.927545304735556
1.927545598253216
1.9275457997703163
1.9275458974643913
1.927546008935133
1.927546166113042
1.9275463152088972
1.927546432221836
1.9275464743809505
1.9275465506393616
1.9275466174776188
1.927546659247433
1.9275466818120057
1.927546696955577
1.9275467098722714
1.9275467197119702
1.9275467279929535
1.9275467426243345
1.9275467532040207
1.927546759551833
1.9275467644475062
1.9275467691459316
1.9275467753928763
1.927546778656426
1.9275467801639643
1.9275467801639643
1.9275467820893086
1.9275467830904387
1.9275467835963167
1.9275467836759594
1.9275467838240241
1.9275467842455203
1.9275467845753216
1.9275467847741923
1.9275467848935148
1.9275467850198362
1.9275467851323222
1.9275467851505566
1.9275467851505566
1.9275467852564687
1.9275467852564687
1.9275467852642116
1.9275467852768706
1.92754678528279
1.9275467852889772
1.9275467852961188
1.9275467853056545
1.9275467853116708
1.9275467853152806
1.9275467853174464
1.9275467853187458
1.9275467853196266
1.92754678532111
1.9275467853229291
1.927546785324021
1.9275467853247574
1.9275467853253205
1.9275467853263768
1.927546785327032
1.9275467853274388
1.927546785327935
1.9275467853282924
1.9275467853285069
1.927546785328678
1.9275467853288784
1.927546785329003
1.9275467853290773
1.9275467853291222
1.927546785329149
1.9275467853291657
1.9275467853292245
1.9275467853292632
1.9275467853292854
1.9275467853293113
1.9275467853293395
1.9275467853293562
1.9275467853293669
1.9275467853293833
1.9275467853293937
1.9275467853293995
1.9275467853294033
1.9275467853294075
1.927546785329411
1.9275467853294137
1.9275467853294153
1.9275467853294164
1.9275467853294175
1.9275467853294184
1.9275467853294188
1.9275467853294193
1.9275467853294195
1.92754678532942
1.9275467853294201
1.9275467853294201
1.9275467853294206
1.9275467853294206
1.9275467853294213
1.9275467853294213
1.9275467853294213
1.9275467853294213
1.9275467853294213
1.9275467853294213
1.9275467853294213
1.9275467853294213
1.9275467853294213
1.9275467853294213
1.9275467853294213
1.9275467853294213
1.9275467853294213
1.9275467853294213
1.9275467853294213
1.9275467853294213
1.9275467853294213
1.9275467853294213
1.9275467853294213
1.9275467853294213
1.9275467853294213
1.9275467853294213
