2.0924886617400467
2.0924886617400467
2.0924886617400467
2.0924886617400467
2.0924886617400467
2.0924886617400467
2.0924886617400467
2.0924886617400467
2.0924886617400467
2.0924886617400467
2.0924886617400467
2.0924886617400467
2.0924886617400467
2.0924886617400467
2.0924886617400467
2.0924886617400467
2.0924886617400467
2.0924886617400467
2.0924886617400467
2.0924886617400467
2.0924886617400467
2.0924886617400467
2.0924886617400467
2.0924886617400467
2.0924886617400467
2.0924886617400467
2.0924886617400467
2.0924886617400467
2.0924886617400467
2.0924886617400467
2.0924886617400467
2.0924886617400467
2.0924886617400467
2.0924886617400467
2.0924886617400467
2.0924886617400467
2.0924886617400467
2.0924886617400467
2.0924886617400467
2.0924886617400467
2.0924886617400467
2.0924886617400467
2.0924886617400467
2.0924886617400467
2.0924886617400467
2.0924886617400467
2.0924886617400467
2.0924886617400467
2.0924886617400467
2.0924886617400467
2.0924886617400467
2.0924886617400467
2.0924886617400467
2.0924886617400467
2.0924886617400467
2.0924886617400467
2.0924886617400467
2.0924886617400467
2.092488920273892
2.092488920273892
2.092488920273892
2.092488920273892
2.092490796850947
2.0924929441539835
2.0924952562044505
2.0924960759423845
2.0924967043972518
2.092499146571028
2.092499651982122
2.0924998505128793
2.092500560948429
2.092501049228274
2.0925014025180118
2.092501624907331
2.0925018488367733
2.0925020542687354
2.092502200926695
2.092502318654027
2.092502440986626
2.092502491156099
2.0925025520011666
2.0925025996897264
2.092502618814036
2.092502632001007
2.0925026437232366
2.0925026539565397
2.0925026666728512
2.092502679242951
2.092502687133894
2.092502692243985
2.0925026999647183
2.0925027035282073
2.0925027061387813
2.092502708803763
2.0925027116359765
2.092502713386499
2.092502714436813
2.092502715090398
2.092502716794278
2.092502718278021
2.092502719168267
2.092502719702414
2.092502720402452
2.0925027212605998
2.092502721775488
2.0925027220848227
2.0925027222725117
2.092502722476852
2.092502722671053
2.0925027227876147
2.092502722861975
2.0925027229160946
2.0925027229680464
2.092502722999998
2.0925027230191677
2.0925027230306794
2.0925027230378377
2.092502723052851
2.0925027230621454
2.0925027230677222
2.0925027230710684
2.0925027230732547
2.0925027230780553
2.0925027230815885
2.092502723083724
2.092502723085689
2.092502723087597
2.092502723088742
2.0925027230894284
2.092502723089847
2.0925027230901194
2.092502723090599
2.0925027230909334
2.092502723091135
2.0925027230912567
2.09250272309133
2.0925027230914006
2.0925027230914846
2.092502723091535
2.092502723091568
2.09250272309159
2.092502723091607
2.0925027230916227
2.0925027230916315
2.0925027230916373
2.092502723091641
2.092502723091645
2.092502723091652
2.0925027230916555
2.092502723091658
2.09250272309166
2.0925027230916604
2.0925027230916626
2.092502723091664
2.092502723091665
2.0925027230916653
2.0925027230916653
2.0925027230916657
2.092502723091667
2.0925027230916675
2.092502723091668
2.0925027230916684
2.0925027230916684
2.0925027230916684
2.0925027230916684
2.0925027230916684
2.0925027230916684
2.0925027230916684
2.0925027230916684
2.0925027230916684
2.0925027230916684
2.0925027230916684
2.0925027230916684
2.0925027230916684
2.0925027230916684
2.0925027230916684
2.0925027230916684
2.0925027230916684
2.0925027230916684
2.0925027230916684
2.0925027230916684
2.0925027230916684
2.0925027230916684
2.0925027230916684
2.0925027230916684
2.0925027230916684
2.0925027230916684
