2.250929589988329
2.250929589988329
2.250929589988329
2.250929589988329
2.250929589988329
2.250929589988329
2.250929589988329
2.250929589988329
2.250929589988329
2.250929589988329
2.250929589988329
2.250929589988329
2.250929589988329
2.250929589988329
2.250929589988329
2.250929589988329
2.250929589988329
2.250929589988329
2.250929589988329
2.250929589988329
2.250929589988329
2.250929589988329
2.250929589988329
2.250929589988329
2.250929589988329
2.250929589988329
2.250929589988329
2.250929589988329
2.250929589988329
2.250929589988329
2.250929589988329
2.250929589988329
2.250929589988329
2.250929589988329
2.250929589988329
2.250929589988329
2.250929589988329
2.250929589988329
2.250929589988329
2.250929589988329
2.250929589988329
2.250929589988329
2.250929589988329
2.250929589988329
2.250929589988329
2.250929589988329
2.250929589988329
2.250929589988329
2.250929589988329
2.250929589988329
2.250929589988329
2.250929589988329
2.250929589988329
2.250929589988329
2.250929589988329
2.250929589988329
2.250929589988329
2.250929589988329
2.250929589988329
2.250929589988329
2.250929589988329
2.250929589988329
2.250929589988329
2.250929589988329
2.250930131756677
2.250930131756677
2.250930131756677
2.250930131756677
2.2509309744533605
2.2509309744533605
2.2509317684378405
2.2509317684378405
2.2509321402744247
2.250932831919055
2.250933437333688
2.2509338005824477
2.250934018531697
2.2509341493012442
2.250934632870884
2.2509349614019047
2.2509351284961174
2.2509352199997776
2.250935303205911
2.2509353384594624
2.2509353999969757
2.2509354794422554
2.2509355031257345
2.250935551541226
2.250935578410127
2.250935609280181
2.250935627802214
2.2509356397702516
2.250935646061888
2.2509356497947066
2.250935661852149
2.250935670833076
2.2509356762005437
2.250935680036393
2.250935685602575
2.2509356916424244
2.2509356952932777
2.250935697483789
2.250935698798096
2.2509356995866807
2.2509357000598307
2.2509357003437205
2.250935701108346
2.2509357030849153
2.2509357042927416
2.250935704917072
2.2509357054105097
2.2509357055339283
2.2509357060595585
2.2509357065135527
2.2509357067789253
2.25093570693815
2.25093570729413
2.250935707668837
2.2509357078840586
2.2509357080234964
2.250935708245477
2.2509357084323915
2.25093570854454
2.250935708647412
2.2509357087815554
2.2509357088662516
2.2509357089170705
2.2509357089475612
2.2509357089665865
2.250935708997736
2.2509357090207067
2.2509357090344895
2.250935709045874
2.2509357090564444
2.2509357090627864
2.2509357090674986
2.2509357090707605
2.2509357090727438
2.250935709074212
2.2509357090763045
2.2509357090775604
2.2509357090784223
2.25093570907924
2.25093570907973
2.2509357090801334
2.250935709080405
2.250935709080568
2.250935709080691
2.250935709080904
2.2509357090810416
2.2509357090811246
2.2509357090811872
2.250935709081261
2.2509357090813236
2.250935709081361
2.250935709081383
2.250935709081399
2.2509357090814235
2.250935709081438
2.2509357090814466
2.250935709081457
2.2509357090814666
2.250935709081473
2.250935709081478
2.250935709081485
2.250935709081489
2.2509357090814923
2.2509357090814937
2.250935709081496
2.250935709081497
2.250935709081498
2.2509357090814985
2.2509357090814994
2.2509357090814994
2.2509357090815
2.2509357090815003
2.2509357090815003
2.2509357090815003
2.250935709081501
2.250935709081501
2.250935709081501
2.250935709081501
2.250935709081501
2.250935709081501
2.250935709081501
2.250935709081501
2.250935709081501
2.250935709081501
2.250935709081501
2.250935709081501
2.250935709081501
2.250935709081501
2.250935709081501
2.250935709081501
