1.5306946235511316
1.5306946235511316
1.5306946235511316
1.5306946235511316
1.5306946235511316
1.5306946235511316
1.5306946235511316
1.5306946235511316
1.5306946235511316
1.5306946235511316
1.5306946235511316
1.5306946235511316
1.5306946235511316
1.5306946235511316
1.5306946235511316
1.5306946235511316
1.5306946235511316
1.5306946235511316
1.5306946235511316
1.5306946235511316
1.5306946235511316
1.5306946235511316
1.5306946235511316
1.5306946235511316
1.5306946235511316
1.5306946235511316
1.5306946235511316
1.5306946235511316
1.5306946235511316
1.5306946235511316
1.5306946235511316
1.5306946235511316
1.5306946235511316
1.5306946235511316
1.5306946235511316
1.5306946235511316
1.5306946235511316
1.5306946235511316
1.5306946235511316
1.5306946235511316
1.5306946235511316
1.5306946235511316
1.5306946235511316
1.5306946235511316
1.5306946235511316
1.5306946235511316
1.5306946235511316
1.5306946235511316
1.5306946235511316
1.5306946235511316
1.5306946235511316
1.5306946235511316
1.5306946235511316
1.5306946235511316
1.5307148045760997
1.5307148045760997
1.5307148045760997
1.5307232756865776
1.5307352782340409
1.5307352782340409
1.5307352782340409
1.5307381062025163
1.5307382120214543
1.5307423286726205
1.5307466280860764
1.5307498890196432
1.5307508720538028
1.5307530586370606
1.5307567827070387
1.5307590174468422
1.5307604901496432
1.5307627148264535
1.5307649629456088
1.5307663118178143
1.5307671211413936
1.5307683112898196
1.5307693417912138
1.5307699992948434
1.5307700128957582
1.5307700128957582
1.5307702032456183
1.5307703012811706
1.5307704165667442
1.530770448396309
1.5307705508525309
1.5307706391582965
1.530770753294303
1.5307707915791744
1.5307707958036803
1.5307708440968484
1.5307708979940353
1.5307709294432827
1.530770945836571
1.530770958879049
1.5307709872443411
1.530771008951671
1.5307710205021832
1.5307710277505717
1.5307710405818156
1.5307710507688674
1.530771056881096
1.530771060548433
1.530771067359201
1.5307710741037417
1.53077107815047
1.5307710805785018
1.5307710820933447
1.5307710832725598
1.5307710857636136
1.5307710872978628
1.530771088218417
1.5307710887707442
1.530771089102145
1.5307710893009845
1.5307710894202853
1.5307710894918685
1.53077109005442
1.5307710905978524
1.5307710909239127
1.5307710911195496
1.530771091236931
1.5307710914395845
1.5307710915870705
1.5307710916755661
1.5307710917286614
1.5307710917605168
1.5307710918466366
1.5307710919011155
1.5307710919338022
1.5307710919534148
1.5307710919861917
1.530771092007376
1.5307710920200914
1.5307710920277207
1.5307710920322968
1.5307710920350426
1.530771092038048
1.530771092044881
1.5307710920489834
1.5307710920514395
1.5307710920529154
1.5307710920538007
1.5307710920557627
1.5307710920576019
1.5307710920587048
1.5307710920593698
1.5307710920597661
1.5307710920600046
1.5307710920603923
1.530771092060896
1.5307710920612
1.530771092061382
1.5307710920614856
1.530771092061567
1.530771092061713
1.5307710920617992
1.5307710920618496
1.5307710920619249
1.530771092062
1.5307710920620432
1.5307710920620752
1.5307710920621052
1.530771092062133
1.5307710920621482
1.5307710920621576
1.5307710920621675
1.5307710920621787
1.5307710920621855
1.5307710920621884
1.5307710920621913
1.5307710920621946
1.530771092062198
1.530771092062198
1.5307710920622015
1.5307710920622017
1.5307710920622017
1.530771092062202
1.530771092062202
1.530771092062202
1.530771092062202
1.530771092062202
1.530771092062202
1.530771092062202
1.530771092062202
1.530771092062202
1.530771092062202
1.530771092062202
1.530771092062202
1.530771092062202
1.530771092062202
1.530771092062202
1.530771092062202
1.530771092062202
1.530771092062202
1.530771092062202
1.530771092062202
1.530771092062202
1.530771092062202
1.530771092062202
