1.3468096767414608
1.3468096767414608
1.3468096767414608
1.3468096767414608
1.3468096767414608
1.3468096767414608
1.3468096767414608
1.3468096767414608
1.3468096767414608
1.3468096767414608
1.3468096767414608
1.3468096767414608
1.3468096767414608
1.3468096767414608
1.3468096767414608
1.3468096767414608
1.3468096767414608
1.3468096767414608
1.3468096767414608
1.3468096767414608
1.3468096767414608
1.3468096767414608
1.3468096767414608
1.3468096767414608
1.3468096767414608
1.3468096767414608
1.3468096767414608
1.3468096767414608
1.3468096767414608
1.3468096767414608
1.3468096767414608
1.3468096767414608
1.3468096767414608
1.3468096767414608
1.3468096767414608
1.3468096767414608
1.3468096767414608
1.3468096767414608
1.3468096767414608
1.3468096767414608
1.3468096767414608
1.3468096767414608
1.3468096767414608
1.3468096767414608
1.3468096767414608
1.3468096767414608
1.3468096767414608
1.3468096767414608
1.3468096767414608
1.3468096767414608
1.3468096767414608
1.3468096767414608
1.3468096767414608
1.3468096767414608
1.3468096767414608
1.3468096767414608
1.3468096767414608
1.3468096767414608
1.3468096767414608
1.3468099003689173
1.3468099003689173
1.3468099003689173
1.3468099003689173
1.3468110939723814
1.3468110939723814
1.3468110939723814
1.3468110939723814
1.346812348645877
1.346812348645877
1.3468131820056917
1.346813757322337
1.3468141025123825
1.3468146147168831
1.3468153003892056
1.3468159544397393
1.3468164468774857
1.3468166697508868
1.3468171876700046
1.346817498421524
1.3468176848724536
1.3468177967430175
1.346817903252847
1.3468180221100159
1.3468181249564464
1.34681816995474
1.3468182090358891
1.3468182259522474
1.3468182538093458
1.346818274997347
1.34681827603271
1.346818282733672
1.3468182970521545
1.346818305643244
1.3468183130441016
1.3468183189957839
1.3468183238944929
1.346818327067563
1.346818329187455
1.3468183317461888
1.346818334023902
1.3468183349126537
1.346818335660762
1.3468183366636812
1.3468183368256634
1.346818337138753
1.3468183373488214
1.3468183374748621
1.3468183376855576
1.3468183378636527
1.3468183379458318
1.3468183380832393
1.3468183381300285
1.346818338183228
1.346818338204908
1.346818338235233
1.3468183382760763
1.3468183383155796
1.346818338336716
1.3468183383759653
1.3468183383832095
1.3468183383943977
1.3468183384034422
1.3468183384188588
1.3468183384266421
1.3468183384330432
1.346818338436884
1.3468183384395989
1.3468183384419112
1.346818338445342
1.3468183384493246
1.346818338451233
1.3468183384529617
1.3468183384550936
1.3468183384563936
1.346818338457174
1.34681833845767
1.346818338458014
1.3468183384580945
1.3468183384582344
1.3468183384583143
1.346818338458464
1.3468183384585741
1.34681833845864
1.34681833845868
1.3468183384587393
1.3468183384587828
1.3468183384588104
1.3468183384588315
1.346818338458842
1.3468183384588581
1.3468183384588654
1.346818338458887
1.346818338458893
1.3468183384588972
1.346818338458909
1.346818338458919
1.346818338458922
1.3468183384589272
1.346818338458931
1.3468183384589352
1.3468183384589387
1.3468183384589412
1.346818338458943
1.3468183384589438
1.3468183384589452
1.3468183384589458
1.346818338458946
1.346818338458947
1.3468183384589472
1.3468183384589472
1.3468183384589472
1.3468183384589472
1.3468183384589472
1.3468183384589474
1.3468183384589474
1.3468183384589478
1.3468183384589478
1.3468183384589478
1.3468183384589478
1.3468183384589478
1.3468183384589478
1.3468183384589478
1.3468183384589478
1.3468183384589478
1.3468183384589478
1.3468183384589478
1.3468183384589478
1.3468183384589478
1.3468183384589478
1.3468183384589478
1.3468183384589478
