2.314994293182121
2.314994293182121
2.314994293182121
2.314994293182121
2.314994293182121
2.314994293182121
2.314994293182121
2.314994293182121
2.314994293182121
2.314994293182121
2.314994293182121
2.314994293182121
2.314994293182121
2.314994293182121
2.314994293182121
2.314994293182121
2.314994293182121
2.314994293182121
2.314994293182121
2.314994293182121
2.314994293182121
2.314994293182121
2.314994293182121
2.314994293182121
2.314994293182121
2.314994293182121
2.314994293182121
2.314994293182121
2.314994293182121
2.314994293182121
2.314994293182121
2.314994293182121
2.314994293182121
2.314994293182121
2.314994293182121
2.314994293182121
2.314994293182121
2.314994293182121
2.314994293182121
2.314994293182121
2.314994293182121
2.314994293182121
2.314994293182121
2.314994293182121
2.314994293182121
2.314994293182121
2.314994293182121
2.314994293182121
2.314994293182121
2.314994293182121
2.314994293182121
2.314994293182121
2.314994293182121
2.314994293182121
2.314994293182121
2.314994293182121
2.314994293182121
2.314994293182121
2.314994293182121
2.314994293182121
2.314994293182121
2.314994293182121
2.314994293182121
2.314994293182121
2.314994293182121
2.314994293182121
2.3149944933009583
2.3149944933009583
2.3149944933009583
2.3149944933009583
2.314994913033058
2.3149950422220558
2.314995512804968
2.3149957951547124
2.3149964252380393
2.3149964252380393
2.3149964252380393
2.314996740377341
2.3149968125600924
2.3149973084724254
2.3149973084724254
2.314997417292344
2.314997537784919
2.3149976100804612
2.314997638341429
2.3149976775005627
2.3149977474839103
2.3149977894739187
2.3149978922017085
2.3149978922017085
2.314997955906179
2.314998018730658
2.3149980813542843
2.314998112185834
2.314998143349274
2.3149981603203797
2.3149981711965033
2.3149981777221784
2.314998181637583
2.3149981828007933
2.3149981950059875
2.3149982023291034
2.314998206722973
2.314998214375673
2.3149982185655302
2.3149982234600226
2.3149982256793553
2.3149982276346326
2.31499822859823
2.3149982308047585
2.3149982309569266
2.3149982318664817
2.3149982319713023
2.3149982324900087
2.314998233148453
2.314998233148453
2.3149982333461327
2.3149982333844643
2.3149982334192805
2.3149982334192805
2.3149982334192805
2.3149982334192805
2.3149982335407415
2.3149982335407415
2.3149982335602095
2.3149982336087302
2.3149982336378425
2.31499823365531
2.314998233701574
2.314998233711064
2.3149982337377075
2.314998233740454
2.3149982337571706
2.314998233765516
2.314998233765516
2.3149982337681236
2.3149982337722808
2.314998233774617
2.3149982337764583
2.314998233777562
2.3149982337783053
2.3149982337810453
2.314998233783145
2.3149982337844057
2.314998233785161
2.3149982337864556
2.314998233787084
2.314998233787816
2.314998233788255
2.3149982337884683
2.314998233788635
2.314998233788635
2.314998233788635
2.314998233788668
2.3149982337886983
2.3149982337887414
2.3149982337887804
2.3149982337888377
2.3149982337889004
2.3149982337889456
2.3149982337889936
2.31499823378901
2.314998233789021
2.3149982337890314
2.314998233789047
2.3149982337890553
2.314998233789061
2.3149982337890656
2.3149982337890718
2.314998233789076
2.314998233789079
2.31499823378908
2.314998233789082
2.314998233789086
2.3149982337890864
2.3149982337890873
2.314998233789088
2.314998233789089
2.3149982337890895
2.3149982337890895
2.31499823378909
2.3149982337890904
2.3149982337890904
2.314998233789091
2.314998233789091
2.314998233789091
2.314998233789091
2.314998233789091
2.314998233789091
2.314998233789091
2.314998233789091
2.314998233789091
2.314998233789091
2.314998233789091
2.314998233789091
2.314998233789091
2.314998233789091
2.314998233789091
2.314998233789091
2.314998233789091
