1.5802763133480076
1.5802763133480076
1.5802763133480076
1.5802763133480076
1.5802763133480076
1.5802763133480076
1.5802763133480076
1.5802763133480076
1.5802763133480076
1.5802763133480076
1.5802763133480076
1.5802763133480076
1.5802763133480076
1.5802763133480076
1.5802763133480076
1.5802763133480076
1.5802763133480076
1.5802763133480076
1.5802763133480076
1.5802763133480076
1.5802763133480076
1.5802763133480076
1.5802763133480076
1.5802763133480076
1.5802763133480076
1.5802763133480076
1.5802763133480076
1.5802763133480076
1.5802763133480076
1.5802763133480076
1.5802763133480076
1.5802763133480076
1.5802763133480076
1.5802763133480076
1.5802763133480076
1.5802763133480076
1.5802763133480076
1.5802763133480076
1.5802763133480076
1.5802763133480076
1.5802763133480076
1.5802763133480076
1.5802763133480076
1.5802763133480076
1.5802763133480076
1.5802763133480076
1.5802763133480076
1.5802763133480076
1.5802763133480076
1.5802763133480076
1.5802763133480076
1.5802788992823487
1.5802788992823487
1.5802788992823487
1.5802788992823487
1.5802788992823487
1.5802788992823487
1.5802788992823487
1.5802788992823487
1.5802788992823487
1.5802795571343546
1.5802814595406047
1.5802814595406047
1.5802828430749163
1.5802828430749163
1.5802828430749163
1.5802828430749163
1.5802833391853202
1.5802833391853202
1.5802838298726034
1.5802840279258576
1.5802843075537294
1.5802847313932122
1.5802851498229868
1.5802852729739723
1.5802854006291303
1.5802854772222172
1.5802856118090167
1.5802857872256326
1.5802858924755916
1.5802859590160971
1.5802860401007284
1.5802861469206058
1.5802862242547993
1.580286270655314
1.5802863105328686
1.5802863728469423
1.5802864102353857
1.5802864326684516
1.580286446128291
1.5802864542041948
1.5802864760063426
1.5802864982726677
1.580286511632462
1.580286519648339
1.5802865372463528
1.5802865485215247
1.5802865552866276
1.5802865593456896
1.580286562351906
1.5802865679962455
1.5802865713828493
1.580286573414812
1.5802865746339887
1.580286575365495
1.5802865769041934
1.5802865781451452
1.580286578889716
1.5802865794727456
1.580286580318311
1.5802865808256505
1.580286581130054
1.580286581312696
1.5802865814222813
1.5802865818643685
1.5802865821829342
1.5802865823740737
1.5802865825416288
1.580286582749757
1.5802865828746342
1.5802865829495603
1.580286582994516
1.5802865830402972
1.5802865831210424
1.5802865831694897
1.580286583198558
1.5802865832159987
1.5802865832423623
1.5802865832657464
1.580286583279777
1.5802865832881954
1.5802865832932464
1.5802865832962767
1.5802865833044035
1.58028658331129
1.5802865833154223
1.5802865833187532
1.5802865833244877
1.5802865833279283
1.5802865833299924
1.5802865833312314
1.5802865833319741
1.580286583332638
1.580286583334939
1.58028658333632
1.5802865833371484
1.5802865833376454
1.5802865833384794
1.5802865833391633
1.5802865833395736
1.58028658333982
1.5802865833399677
1.5802865833401323
1.5802865833402466
1.5802865833403155
1.5802865833403565
1.5802865833404056
1.5802865833404378
1.5802865833404571
1.580286583340469
1.5802865833404878
1.5802865833405002
1.5802865833405075
1.5802865833405118
1.5802865833405155
1.5802865833405206
1.5802865833405235
1.5802865833405255
1.580286583340527
1.5802865833405286
1.5802865833405295
1.5802865833405302
1.5802865833405308
1.5802865833405308
1.5802865833405308
1.5802865833405308
1.5802865833405308
1.5802865833405313
1.5802865833405315
1.5802865833405317
1.5802865833405317
1.5802865833405317
1.580286583340532
1.580286583340532
1.580286583340532
1.580286583340532
1.580286583340532
1.580286583340532
1.580286583340532
1.580286583340532
1.580286583340532
1.580286583340532
1.580286583340532
1.580286583340532
1.580286583340532
1.580286583340532
