1.9484538739218482
1.9484538739218482
1.9484538739218482
1.9484538739218482
1.9484538739218482
1.9484538739218482
1.9484538739218482
1.9484538739218482
1.9484538739218482
1.9484538739218482
1.9484538739218482
1.9484538739218482
1.9484538739218482
1.9484538739218482
1.9484538739218482
1.9484538739218482
1.9484538739218482
1.9484538739218482
1.9484538739218482
1.9484538739218482
1.9484538739218482
1.9484538739218482
1.9484538739218482
1.9484538739218482
1.9484538739218482
1.9484538739218482
1.9484538739218482
1.9484538739218482
1.9484538739218482
1.9484538739218482
1.9484538739218482
1.9484538739218482
1.9484538739218482
1.9484538739218482
1.9484538739218482
1.9484538739218482
1.9484538739218482
1.9484538739218482
1.9484538739218482
1.9484538739218482
1.9484538739218482
1.9484538739218482
1.9484538739218482
1.9484538739218482
1.9484538739218482
1.9484538739218482
1.9484538739218482
1.9484538739218482
1.9484538739218482
1.9484538739218482
1.9484538739218482
1.9484538739218482
1.9484538739218482
1.9484538739218482
1.9484538739218482
1.9484538739218482
1.9484538739218482
1.9484538739218482
1.9484538739218482
1.9484538739218482
1.9484538739218482
1.948457311229672
1.9484610877801134
1.9484610877801134
1.9484610877801134
1.948465382214316
1.948465382214316
1.948465382214316
1.9484656427581535
1.9484675296319238
1.9484681805385355
1.9484696754926436
1.9484705724651914
1.9484711106487502
1.9484719540269577
1.9484730626178939
1.9484732359927899
1.9484741258710383
1.9484742265177648
1.9484748240441123
1.9484752038541442
1.9484752201407116
1.948475564362758
1.948476159981984
1.9484765173535126
1.9484767317764276
1.9484768604301757
1.9484769775601685
1.94847714986802
1.948477390432804
1.9484774831873826
1.948477554522067
1.9484776421147065
1.948477707938085
1.948477756647013
1.9484777868680792
1.9484777869858658
1.9484778083569354
1.9484778133215457
1.9484778225685109
1.9484778279291424
1.9484778310245694
1.9484778374095628
1.948477841257129
1.9484778444802917
1.9484778478836589
1.9484778512623522
1.9484778525740691
1.9484778539781265
1.9484778553616944
1.948477856279108
1.9484778569225758
1.9484778579319881
1.9484778587170146
1.9484778592522636
1.9484778595734136
1.9484778597880992
1.9484778604032673
1.9484778607830002
1.9484778610163105
1.948477861157188
1.9484778614161697
1.9484778615782992
1.948477861675577
1.9484778617685845
1.9484778618629675
1.9484778619196328
1.9484778619537504
1.9484778619746292
1.9484778620185985
1.9484778620456027
1.9484778620618055
1.9484778620715268
1.9484778620787384
1.9484778621004524
1.9484778621134857
1.9484778621213055
1.9484778621259975
1.9484778621348784
1.948477862143201
1.9484778621481949
1.9484778621511907
1.9484778621529881
1.9484778621540666
1.9484778621570775
1.9484778621610503
1.9484778621634338
1.9484778621648637
1.9484778621675083
1.9484778621696717
1.9484778621709695
1.9484778621719352
1.9484778621732182
1.948477862173988
1.9484778621744496
1.9484778621747276
1.9484778621750527
1.9484778621753682
1.9484778621755567
1.94847786217567
1.9484778621757384
1.9484778621757795
1.9484778621758672
1.9484778621759284
1.9484778621759653
1.948477862175987
1.9484778621760002
1.9484778621760082
1.9484778621760135
1.9484778621760248
1.9484778621760341
1.94847786217604
1.9484778621760432
1.9484778621760455
1.9484778621760497
1.9484778621760521
1.9484778621760537
1.9484778621760548
1.9484778621760563
1.9484778621760575
1.9484778621760583
1.9484778621760586
1.9484778621760597
1.9484778621760601
1.9484778621760601
1.9484778621760601
1.9484778621760606
1.9484778621760606
1.9484778621760606
1.9484778621760606
1.9484778621760606
1.9484778621760606
1.9484778621760606
1.9484778621760606
1.9484778621760606
1.9484778621760606
1.9484778621760606
