2.4662473528847824
2.4662473528847824
2.4662473528847824
2.4662473528847824
2.4662473528847824
2.4662473528847824
2.4662473528847824
2.4662473528847824
2.4662473528847824
2.4662473528847824
2.4662473528847824
2.4662473528847824
2.4662473528847824
2.4662473528847824
2.4662473528847824
2.4662473528847824
2.4662473528847824
2.4662473528847824
2.4662473528847824
2.4662473528847824
2.4662473528847824
2.4662473528847824
2.4662473528847824
2.4662473528847824
2.4662473528847824
2.4662473528847824
2.4662473528847824
2.4662473528847824
2.4662473528847824
2.4662473528847824
2.4662473528847824
2.4662473528847824
2.4662473528847824
2.4662473528847824
2.4662473528847824
2.4662473528847824
2.4662473528847824
2.4662473528847824
2.4662473528847824
2.4662473528847824
2.4662473528847824
2.4662473528847824
2.4662473528847824
2.4662473528847824
2.4662473528847824
2.4662473528847824
2.4662473528847824
2.4662473528847824
2.4662647043940567
2.4662647043940567
2.4662647043940567
2.4662648701816834
2.4662707752775144
2.4662707752775144
2.46627213857972
2.4662733338029588
2.46627405093509
2.466274481213717
2.466274739380659
2.4662753661779506
2.466278199060655
2.466278539914706
2.4662800766125117
2.4662814382966505
2.466282099966208
2.4662824836224355
2.466283130297798
2.466283748117683
2.4662843578592333
2.4662848121786225
2.4662851199616087
2.4662854479396277
2.466285778301283
2.4662859655701954
2.466286094963248
2.466286180786866
2.4662863318126074
2.4662864420334403
2.4662864918851493
2.4662865217961754
2.4662865795903124
2.4662866188667176
2.466286647499104
2.4662866667926844
2.4662866803385897
2.4662866907753367
2.4662867012457976
2.466286710106195
2.4662867154224335
2.466286718612176
2.4662867233075625
2.466286727936047
2.4662867309433794
2.4662867333993663
2.4662867356043043
2.466286737195476
2.4662867381501785
2.4662867387230003
2.466286739140036
2.4662867399316903
2.46628674043893
2.466286740749235
2.4662867409690237
2.4662867412007365
2.466286741375005
2.466286741479567
2.4662867415585006
2.466286741636359
2.4662867416866128
2.466286741727107
2.466286741758645
2.4662867417812695
2.466286741794844
2.466286741807634
2.4662867418153827
2.466286741824229
2.466286741829678
2.466286741832947
2.4662867418352885
2.466286741836885
2.466286741838788
2.466286741840729
2.4662867418421044
2.466286741842929
2.466286741843424
2.466286741843873
2.4662867418442476
2.46628674184461
2.4662867418448755
2.466286741845035
2.4662867418451304
2.4662867418451873
2.466286741845222
2.4662867418452716
2.46628674184541
2.4662867418454932
2.4662867418455425
2.466286741845624
2.4662867418457113
2.4662867418457637
2.466286741845795
2.4662867418458316
2.4662867418458747
2.4662867418459005
2.466286741845916
2.466286741845935
2.4662867418459586
2.466286741845973
2.466286741845981
2.4662867418459866
2.466286741845996
2.466286741846004
2.466286741846008
2.4662867418460115
2.466286741846015
2.4662867418460173
2.466286741846019
2.4662867418460195
2.466286741846021
2.4662867418460213
2.466286741846022
2.466286741846022
2.4662867418460226
2.466286741846023
2.466286741846023
2.466286741846023
2.4662867418460235
2.4662867418460235
2.4662867418460235
2.4662867418460235
2.4662867418460235
2.4662867418460235
2.4662867418460235
2.4662867418460235
2.4662867418460235
2.4662867418460235
2.4662867418460235
2.4662867418460235
2.4662867418460235
2.4662867418460235
2.4662867418460235
2.4662867418460235
2.4662867418460235
2.4662867418460235
2.4662867418460235
2.4662867418460235
