1.6155727867271223
1.6155727867271223
1.6155727867271223
1.6155727867271223
1.6155727867271223
1.6155727867271223
1.6155727867271223
1.6155727867271223
1.6155727867271223
1.6155727867271223
1.6155727867271223
1.6155727867271223
1.6155727867271223
1.6155727867271223
1.6155727867271223
1.6155727867271223
1.6155727867271223
1.6155727867271223
1.6155727867271223
1.6155727867271223
1.6155727867271223
1.6155727867271223
1.6155727867271223
1.6155727867271223
1.6155727867271223
1.6155727867271223
1.6155727867271223
1.6155727867271223
1.6155727867271223
1.6155727867271223
1.6155727867271223
1.6155727867271223
1.6155727867271223
1.6155727867271223
1.6155727867271223
1.6155727867271223
1.6155727867271223
1.6155727867271223
1.6155727867271223
1.6155727867271223
1.6155727867271223
1.6155727867271223
1.6155727867271223
1.6155727867271223
1.6155727867271223
1.6155727867271223
1.6155727867271223
1.6155727867271223
1.6155727867271223
1.6155727867271223
1.6155727867271223
1.6155727867271223
1.6155727867271223
1.6155727867271223
1.6155727867271223
1.6155727867271223
1.6155727867271223
1.6155727867271223
1.6155727867271223
1.6155727867271223
1.6155736517790202
1.6155736517790202
1.6155736517790202
1.6155745328819542
1.6155745328819542
1.6155745328819542
1.6155747933887223
1.6155751750242864
1.6155754040056496
1.6155755675248828
1.6155757372597086
1.6155760285889451
1.615576185694364
1.6155762315144886
1.6155763351914603
1.6155764003376907
1.6155764482089183
1.615576486872428
1.6155764995690145
1.6155765257519263
1.6155765586525441
1.6155765904003032
1.615576599254387
1.615576599254387
1.615576607767592
1.615576612962445
1.615576612962445
1.615576612962445
1.615576614254846
1.615576616791739
1.6155766194826087
1.6155766209857143
1.6155766215080716
1.6155766233958648
1.615576624025952
1.6155766245877963
1.6155766246429875
1.6155766253804658
1.615576625929522
1.61557662631754
1.6155766264356552
1.615576626761274
1.6155766269566454
1.615576627105325
1.6155766271713237
1.6155766273042544
1.6155766273896044
1.615576627442737
1.6155766274751147
1.6155766276172425
1.61557662770793
1.6155766277162102
1.6155766277526802
1.6155766277746113
1.6155766277746113
1.6155766277865442
1.6155766277943084
1.615576627799814
1.6155766278032149
1.615576627807133
1.6155766278115857
1.6155766278170196
1.6155766278185824
1.6155766278241688
1.6155766278286916
1.6155766278317165
1.6155766278326187
1.6155766278347472
1.6155766278360242
1.6155766278367905
1.6155766278372503
1.6155766278380006
1.6155766278385555
1.6155766278388883
1.6155766278395232
1.6155766278400665
1.6155766278404784
1.6155766278405739
1.6155766278405739
1.6155766278407488
1.6155766278408457
1.6155766278408457
1.6155766278409733
1.6155766278409733
1.6155766278410075
1.6155766278410504
1.6155766278410504
1.6155766278410613
1.6155766278410775
1.6155766278410775
1.6155766278410892
1.6155766278410892
1.6155766278410961
1.6155766278410961
1.6155766278410992
1.6155766278411001
1.6155766278411003
1.6155766278411008
1.6155766278411017
1.6155766278411028
1.615576627841104
1.6155766278411043
1.6155766278411057
1.6155766278411066
1.6155766278411074
1.615576627841108
1.6155766278411088
1.615576627841109
1.6155766278411092
1.6155766278411092
1.6155766278411092
1.6155766278411092
1.6155766278411092
1.6155766278411092
1.6155766278411092
1.6155766278411092
1.6155766278411092
1.6155766278411092
1.6155766278411092
1.6155766278411092
1.6155766278411092
