1.9637797073576742
1.9637797073576742
1.9637797073576742
1.9637797073576742
1.9637797073576742
1.9637797073576742
1.9637797073576742
1.9637797073576742
1.9637797073576742
1.9637797073576742
1.9637797073576742
1.9637797073576742
1.9637797073576742
1.9637797073576742
1.9637797073576742
1.9637797073576742
1.9637797073576742
1.9637797073576742
1.9637797073576742
1.9637797073576742
1.9637797073576742
1.9637797073576742
1.9637797073576742
1.9637797073576742
1.9637797073576742
1.9637797073576742
1.9637797073576742
1.9637797073576742
1.9637797073576742
1.9637797073576742
1.9637797073576742
1.9637797073576742
1.9637797073576742
1.9637797073576742
1.9637797073576742
1.9637797073576742
1.9637797073576742
1.9637797073576742
1.9637797073576742
1.9637797073576742
1.9637797073576742
1.9637797073576742
1.9637797073576742
1.9637797073576742
1.9637797073576742
1.9637797073576742
1.9637797073576742
1.9637797073576742
1.9637797073576742
1.9637797073576742
1.9637797073576742
1.9637797073576742
1.9637797073576742
1.963783111256051
1.963783111256051
1.963783111256051
1.963783111256051
1.963783111256051
1.963783111256051
1.963783111256051
1.963786845242685
1.963786845242685
1.963786845242685
1.963786845242685
1.9637885531072365
1.9637885531072365
1.963789735261381
1.9637903218806136
1.9637906738522628
1.9637912913932514
1.9637917950723702
1.9637921430664156
1.9637926740611618
1.963793023105983
1.9637933022645442
1.9637933022645442
1.9637933022645442
1.9637933853696112
1.9637933853696112
1.9637933853696112
1.9637933853696112
1.9637933853696112
1.9637934123160596
1.9637934123160596
1.9637934123160596
1.963793426598681
1.963793431622414
1.963793434636654
1.9637934384731826
1.9637934493879612
1.963793461674172
1.9637934708504838
1.9637934772432861
1.9637934810789677
1.9637934865382936
1.9637934904569119
1.9637934934027368
1.9637934958917462
1.9637934978382223
1.9637934992230401
1.9637935003733884
1.9637935010778849
1.96379350194552
1.9637935024661013
1.9637935027919475
1.963793503078013
1.963793503249652
1.9637935033526355
1.9637935034144256
1.9637935034714031
1.9637935035735277
1.9637935036387124
1.9637935036778233
1.9637935037012901
1.96379350371537
1.963793503737638
1.9637935037677259
1.9637935037857785
1.9637935037966106
1.963793503803339
1.963793503815375
1.9637935038238972
1.9637935038290106
1.9637935038325534
1.963793503838763
1.963793503842841
1.9637935038452874
1.9637935038467556
1.963793503847636
1.9637935038482148
1.963793503849275
1.9637935038499517
1.963793503850358
1.9637935038506722
1.9637935038511969
1.963793503851515
1.9637935038517056
1.9637935038518801
1.9637935038521523
1.9637935038523153
1.9637935038524132
1.9637935038524719
1.963793503852516
1.9637935038526593
1.9637935038527452
1.9637935038527965
1.9637935038528442
1.9637935038529197
1.9637935038529648
1.963793503852992
1.9637935038530085
1.9637935038530343
1.9637935038530536
1.963793503853065
1.9637935038530718
1.9637935038530852
1.9637935038530931
1.963793503853098
1.9637935038531025
1.9637935038531067
1.9637935038531091
1.963793503853111
1.963793503853112
1.9637935038531125
1.963793503853113
1.9637935038531138
1.963793503853115
1.9637935038531165
1.963793503853117
1.9637935038531171
1.9637935038531182
1.9637935038531187
1.9637935038531191
1.9637935038531193
1.9637935038531193
1.9637935038531196
1.9637935038531196
1.9637935038531198
1.96379350385312
1.96379350385312
1.9637935038531202
1.9637935038531202
1.9637935038531202
1.9637935038531202
1.9637935038531202
1.9637935038531202
1.9637935038531202
1.9637935038531202
1.9637935038531202
1.9637935038531202
