1.8575095096113354
1.8575095096113354
1.8575095096113354
1.8575095096113354
1.8575095096113354
1.8575095096113354
1.8575095096113354
1.8575095096113354
1.8575095096113354
1.8575095096113354
1.8575095096113354
1.8575095096113354
1.8575095096113354
1.8575095096113354
1.8575095096113354
1.8575095096113354
1.8575095096113354
1.8575095096113354
1.8575095096113354
1.8575095096113354
1.8575095096113354
1.8575095096113354
1.8575095096113354
1.8575095096113354
1.8575095096113354
1.8575095096113354
1.8575095096113354
1.8575095096113354
1.8575095096113354
1.8575095096113354
1.8575095096113354
1.8575095096113354
1.8575095096113354
1.8575095096113354
1.8575095096113354
1.8575095096113354
1.8575095096113354
1.8575095096113354
1.8575095096113354
1.8575095096113354
1.8575095096113354
1.8575095096113354
1.8575095096113354
1.8575095096113354
1.8575095096113354
1.8575095096113354
1.8575095096113354
1.8575095096113354
1.8575122760600762
1.8575122760600762
1.8575122760600762
1.8575201006872608
1.8575201006872608
1.8575201006872608
1.8575246293631902
1.8575246293631902
1.8575246293631902
1.857525949394112
1.8575265275005974
1.8575268743645077
1.8575286054530347
1.8575297400003985
1.8575304207287349
1.8575308291657082
1.8575311988282595
1.8575319351436528
1.857533115738292
1.8575338240949444
1.8575343194467187
1.8575345129429244
1.8575346712433354
1.8575347679092598
1.8575352254027095
1.8575355635248563
1.8575357817366691
1.8575360218008492
1.857536205691112
1.857536328523011
1.8575364069992037
1.8575364851711669
1.8575365604853935
1.857536608945915
1.8575366556308146
1.8575367076869418
1.8575367391123692
1.8575367587529605
1.8575367714159243
1.85753678839036
1.857536801221704
1.8575368093506435
1.8575368143880489
1.8575368216688288
1.8575368266802166
1.8575368296870496
1.8575368318469645
1.8575368358033792
1.8575368382446142
1.857536839726116
1.8575368406150168
1.857536841561107
1.8575368424981016
1.8575368430602976
1.8575368433976156
1.8575368436000066
1.8575368437214408
1.8575368439196418
1.8575368441237556
1.8575368442472637
1.8575368443254876
1.857536844372905
1.8575368444283256
1.85753684447007
1.857536844495117
1.8575368445101446
1.8575368445193534
1.85753684453298
1.8575368445494946
1.857536844559537
1.857536844565563
1.857536844569178
1.8575368445760947
1.8575368445819984
1.8575368445855411
1.857536844587666
1.8575368445891163
1.8575368445921756
1.8575368445940357
1.8575368445951523
1.8575368445958222
1.8575368445962241
1.8575368445970108
1.8575368445980822
1.8575368445987241
1.8575368445991103
1.8575368445993412
1.8575368445996892
1.857536844599989
1.8575368446001692
1.857536844600277
1.8575368446003895
1.8575368446004967
1.8575368446005613
1.8575368446006
1.8575368446006377
1.857536844600672
1.8575368446006926
1.8575368446007055
1.8575368446007126
1.8575368446007232
1.8575368446007376
1.8575368446007465
1.8575368446007519
1.857536844600757
1.8575368446007656
1.8575368446007703
1.8575368446007727
1.8575368446007754
1.8575368446007787
1.8575368446007814
1.8575368446007827
1.8575368446007832
1.8575368446007838
1.8575368446007852
1.8575368446007863
1.8575368446007874
1.8575368446007874
1.8575368446007883
1.857536844600789
1.857536844600789
1.857536844600789
1.8575368446007894
1.8575368446007894
1.8575368446007894
1.8575368446007894
1.8575368446007894
1.8575368446007894
1.8575368446007894
1.8575368446007894
1.8575368446007894
1.8575368446007894
1.8575368446007894
1.8575368446007894
1.8575368446007894
1.8575368446007894
1.8575368446007894
1.8575368446007894
1.8575368446007894
1.8575368446007894
