2.4186232296893966
2.4186232296893966
2.4186232296893966
2.4186232296893966
2.4186232296893966
2.4186232296893966
2.4186232296893966
2.4186232296893966
2.4186232296893966
2.4186232296893966
2.4186232296893966
2.4186232296893966
2.4186232296893966
2.4186232296893966
2.4186232296893966
2.4186232296893966
2.4186232296893966
2.4186232296893966
2.4186232296893966
2.4186232296893966
2.4186232296893966
2.4186232296893966
2.4186232296893966
2.4186232296893966
2.4186232296893966
2.4186232296893966
2.4186232296893966
2.4186232296893966
2.4186232296893966
2.4186232296893966
2.4186232296893966
2.4186232296893966
2.4186232296893966
2.4186232296893966
2.4186232296893966
2.4186232296893966
2.4186232296893966
2.4186232296893966
2.4186232296893966
2.4186232296893966
2.4186232296893966
2.4186232296893966
2.4186232296893966
2.4186232296893966
2.4186232296893966
2.4186232296893966
2.4186232296893966
2.4186232296893966
2.4186232296893966
2.4186232296893966
2.4186232296893966
2.41862481957272
2.41862481957272
2.41862481957272
2.41862481957272
2.41862481957272
2.418625766825181
2.418625766825181
2.418625766825181
2.418625766825181
2.418625766825181
2.418625766825181
2.418626185466715
2.418626185466715
2.418626185466715
2.418629081845035
2.418629081845035
2.4186308594344172
2.4186324216724526
2.4186337751385554
2.4186341535807196
2.418635233966889
2.418635233966889
2.418636418369352
2.4186365290671685
2.4186368229890283
2.4186372436724994
2.418637507086607
2.418637747657566
2.4186378265495803
2.4186379090285683
2.4186380617996943
2.4186381534623753
2.418638208459986
2.4186382414585528
2.4186382752881532
2.418638325878057
2.4186383504690863
2.418638374239727
2.418638390998795
2.418638401054237
2.4186384123715317
2.4186384227117204
2.418638433831002
2.4186384416755655
2.4186384463823027
2.418638449206346
2.418638453795731
2.418638458456001
2.4186384612521623
2.4186384612521623
2.4186384612521623
2.4186384612521623
2.418638461263934
2.418638461263934
2.418638461263934
2.418638461263934
2.418638461263934
2.418638461642847
2.4186384622377908
2.4186384622377908
2.4186384622377908
2.4186384622377908
2.4186384622377908
2.418638462290944
2.418638462290944
2.418638462290944
2.4186384623227677
2.4186384623625643
2.4186384623625643
2.4186384623625643
2.418638462386051
2.418638462386051
2.418638462386051
2.418638462386051
2.4186384623891044
2.4186384623891044
2.4186384623891044
2.4186384623914954
2.4186384623914954
2.4186384623921104
2.418638462393058
2.4186384623936275
2.4186384623939685
2.4186384623945187
2.418638462395919
2.4186384623968364
2.4186384623973876
2.418638462397718
2.4186384623979165
2.418638462398077
2.4186384623986
2.418638462398916
2.418638462399106
2.418638462399295
2.418638462399603
2.4186384623997883
2.4186384623998993
2.418638462399966
2.4186384624000814
2.4186384624001747
2.4186384624002315
2.4186384624002657
2.4186384624002852
2.4186384624002986
2.418638462400319
2.418638462400351
2.41863846240037
2.4186384624003816
2.4186384624004003
2.4186384624004145
2.4186384624004216
2.418638462400427
2.4186384624004336
2.418638462400444
2.418638462400451
2.4186384624004544
2.4186384624004575
2.4186384624004607
2.4186384624004647
2.418638462400467
2.418638462400469
2.4186384624004713
2.4186384624004726
2.418638462400474
2.418638462400474
2.418638462400474
2.418638462400475
2.4186384624004753
2.4186384624004753
2.4186384624004753
2.4186384624004753
2.4186384624004753
2.4186384624004753
2.4186384624004753
2.4186384624004753
2.4186384624004753
2.4186384624004753
2.4186384624004753
2.4186384624004753
2.4186384624004753
2.4186384624004753
2.4186384624004753
