2.4398472770476416
2.4398472770476416
2.4398472770476416
2.4398472770476416
2.4398472770476416
2.4398472770476416
2.4398472770476416
2.4398472770476416
2.4398472770476416
2.4398472770476416
2.4398472770476416
2.4398472770476416
2.4398472770476416
2.4398472770476416
2.4398472770476416
2.4398472770476416
2.4398472770476416
2.4398472770476416
2.4398472770476416
2.4398472770476416
2.4398472770476416
2.4398472770476416
2.4398472770476416
2.4398472770476416
2.4398472770476416
2.4398472770476416
2.4398472770476416
2.4398472770476416
2.4398472770476416
2.4398472770476416
2.4398472770476416
2.4398472770476416
2.4398472770476416
2.4398472770476416
2.4398472770476416
2.4398472770476416
2.4398472770476416
2.4398472770476416
2.4398472770476416
2.4398472770476416
2.4398472770476416
2.4398472770476416
2.4398472770476416
2.4398472770476416
2.4398472770476416
2.4398472770476416
2.4398472770476416
2.4398472770476416
2.4398544156618103
2.4398544156618103
2.4398544156618103
2.4398544156618103
2.4398544156618103
2.4398544156618103
2.4398544156618103
2.4398544156618103
2.4398556891947236
2.4398556891947236
2.4398575212578035
2.439857751706585
2.439858555523465
2.439859314935672
2.4398593829483737
2.439859917411113
2.439859917411113
2.439859917411113
2.4398600064840688
2.4398601362819687
2.4398601362819687
2.439860151373086
2.4398603599809907
2.439860368176088
2.4398603958699696
2.439860476214161
2.4398604769455456
2.439860537608573
2.4398605695733515
2.4398606360543713
2.4398606759429837
2.4398607339217646
2.439860734242114
2.439860788032134
2.439860788032134
2.439860790260917
2.4398608025398008
2.439860820256508
2.4398608308865333
2.4398608308865333
2.4398608362129877
2.4398608507491657
2.439860857988445
2.4398608623320115
2.439860864938154
2.4398608665018378
2.439860867440049
2.4398608747124015
2.4398608798875676
2.4398608829926673
2.4398608848557273
2.4398608859735638
2.4398608885373214
2.4398608897694283
2.4398608914272195
2.4398608923658376
2.4398608924239364
2.4398608928707826
2.4398608934714288
2.4398608939877335
2.439860894297516
2.439860894483386
2.439860894594907
2.4398608947228815
2.4398608949317606
2.4398608951303933
2.4398608952553222
2.4398608953302796
2.4398608954633714
2.4398608955832537
2.4398608956551824
2.439860895698341
2.439860895760785
2.439860895828853
2.4398608958696926
2.439860895894196
2.439860895921409
2.4398608959524273
2.439860895971039
2.4398608959822052
2.4398608959889057
2.4398608959929424
2.439860896002888
2.4398608960092094
2.4398608960130037
2.4398608960152806
2.4398608960181645
2.43986089602092
2.4398608960225756
2.4398608960235695
2.4398608960247237
2.4398608960258135
2.4398608960264667
2.439860896026861
2.4398608960270955
2.439860896027236
2.43986089602759
2.439860896027811
2.4398608960279446
2.439860896028025
2.4398608960280805
2.4398608960281947
2.439860896028264
2.4398608960283035
2.439860896028328
2.439860896028343
2.4398608960283523
2.439860896028407
2.439860896028442
2.4398608960284607
2.4398608960284736
2.4398608960284816
2.439860896028497
2.439860896028513
2.4398608960285237
2.439860896028531
2.439860896028538
2.4398608960285446
2.439860896028548
2.4398608960285495
2.4398608960285517
2.439860896028555
2.4398608960285584
2.4398608960285584
2.43986089602856
2.43986089602856
2.4398608960285606
2.439860896028561
2.439860896028561
2.439860896028561
2.439860896028561
2.439860896028561
2.439860896028561
2.439860896028561
2.439860896028561
2.439860896028561
2.439860896028561
2.439860896028561
2.439860896028561
2.439860896028561
2.439860896028561
