1.6919467339778926
1.6919467339778926
1.6919467339778926
1.6919467339778926
1.6919467339778926
1.6919467339778926
1.6919467339778926
1.6919467339778926
1.6919467339778926
1.6919467339778926
1.6919467339778926
1.6919467339778926
1.6919467339778926
1.6919467339778926
1.6919467339778926
1.6919467339778926
1.6919467339778926
1.6919467339778926
1.6919467339778926
1.6919467339778926
1.6919467339778926
1.6919467339778926
1.6919467339778926
1.6919467339778926
1.6919467339778926
1.6919467339778926
1.6919467339778926
1.6919467339778926
1.6919467339778926
1.6919467339778926
1.6919467339778926
1.6919467339778926
1.6919467339778926
1.6919467339778926
1.6919467339778926
1.6919467339778926
1.6919467339778926
1.6919493291834016
1.6919493291834016
1.6919493291834016
1.6919493291834016
1.6919493291834016
1.6919493291834016
1.6919493291834016
1.6919493291834016
1.6919493291834016
1.6919638461184707
1.6919638461184707
1.6919638461184707
1.6919638461184707
1.691969415181874
1.691969415181874
1.691969415181874
1.691969415181874
1.691969415181874
1.691972415570402
1.691972415570402
1.6919728083929808
1.6919733732685633
1.6919766237148635
1.6919766237148635
1.6919766237148635
1.6919766237148635
1.691977672301242
1.6919783571445788
1.691978943784185
1.69197949567811
1.6919798259908367
1.6919798259908367
1.6919798259908367
1.6919799310883485
1.6919799310883485
1.6919799310883485
1.6919799848575927
1.6919802202373104
1.6919803356475924
1.6919803356475924
1.6919803356475924
1.6919803356475924
1.6919803893722245
1.6919803893722245
1.6919803893722245
1.6919804085986512
1.6919804161499863
1.6919804161499863
1.6919804161499863
1.6919804161499863
1.6919804162146082
1.6919804162146082
1.6919804162146082
1.6919804166451309
1.6919804206356692
1.6919804206356692
1.6919804206356692
1.6919804206356692
1.6919804211906473
1.6919804211906473
1.6919804211906473
1.6919804211906473
1.6919804211906473
1.6919804211906473
1.6919804211906473
1.691980421612826
1.691980421612826
1.691980421612826
1.691980421612826
1.691980421612826
1.691980421612826
1.691980421612826
1.6919804216735235
1.6919804216735235
1.6919804216735235
1.6919804216735235
1.6919804216805732
1.6919804217015866
1.6919804217141945
1.6919804217141945
1.6919804217141945
1.6919804217141945
1.6919804217211436
1.6919804217211436
1.6919804217211436
1.6919804217211436
1.6919804217222105
1.6919804217229528
1.691980421723398
1.6919804217241385
1.6919804217248298
1.6919804217252448
1.6919804217255243
1.691980421725881
1.6919804217261873
1.6919804217263714
1.6919804217264816
1.691980421726603
1.6919804217267507
1.6919804217268388
1.6919804217268926
1.6919804217269248
1.691980421726981
1.6919804217270251
1.6919804217270513
1.691980421727067
1.691980421727088
1.691980421727106
1.6919804217271166
1.6919804217271228
1.691980421727131
1.6919804217271375
1.6919804217271412
1.691980421727144
1.6919804217271452
1.6919804217271464
1.6919804217271475
1.6919804217271481
1.6919804217271486
1.6919804217271488
1.6919804217271495
1.6919804217271497
1.6919804217271497
1.6919804217271501
1.6919804217271501
1.6919804217271501
1.6919804217271501
1.6919804217271501
1.6919804217271501
1.6919804217271501
1.6919804217271501
1.6919804217271501
1.6919804217271501
1.6919804217271501
1.6919804217271501
1.6919804217271501
1.6919804217271501
1.6919804217271501
1.6919804217271501
1.6919804217271501
1.6919804217271501
1.6919804217271501
1.6919804217271501
1.6919804217271501
1.6919804217271501
