2.2896234830099567
2.2896234830099567
2.2896234830099567
2.2896234830099567
2.2896234830099567
2.2896234830099567
2.2896234830099567
2.2896234830099567
2.2896234830099567
2.2896234830099567
2.2896234830099567
2.2896234830099567
2.2896234830099567
2.2896234830099567
2.2896234830099567
2.2896234830099567
2.2896234830099567
2.2896234830099567
2.2896234830099567
2.2896234830099567
2.2896234830099567
2.2896234830099567
2.2896234830099567
2.2896234830099567
2.2896234830099567
2.2896234830099567
2.2896234830099567
2.2896234830099567
2.2896234830099567
2.2896234830099567
2.2896234830099567
2.2896234830099567
2.2896234830099567
2.2896234830099567
2.2896234830099567
2.2896234830099567
2.2896234830099567
2.2896234830099567
2.2896234830099567
2.2896234830099567
2.2896234830099567
2.2896234830099567
2.2896234830099567
2.2896234830099567
2.2896234830099567
2.2896234830099567
2.2896234830099567
2.2896234830099567
2.2896234830099567
2.2896234830099567
2.289642979736047
2.2897102956360937
2.2897102956360937
2.289754685276216
2.289770293240622
2.2897866836210943
2.2897945019379957
2.28980702454081
2.289812135047434
2.2898152191811385
2.2898226695303796
2.2898281645848026
2.2898317847741856
2.2898346325289816
2.2898366106907613
2.2898395137890177
2.2898412354109996
2.2898422683843456
2.2898428881684088
2.289844219527877
2.2898453925312134
2.2898460963332403
2.289846518614466
2.2898467719832043
2.289846935798203
2.2898473036811997
2.2898476305674547
2.2898478266992086
2.289847944378261
2.28984812284466
2.2898482735045285
2.28984836390045
2.2898484197885782
2.28984849045924
2.289848545707682
2.289848578856747
2.289848610595103
2.2898486372511546
2.289848653244785
2.289848662840963
2.2898486686543924
2.28984867276174
2.2898486772374635
2.2898486805118994
2.28984868247656
2.289848683655357
2.2898486845820187
2.2898486856969984
2.289848686460156
2.289848686962468
2.2898486872638553
2.289848687444687
2.289848687897971
2.2898486881794295
2.289848688348305
2.2898486885116047
2.28984868869399
2.2898486888077647
2.2898486888760297
2.289848688916989
2.2898486889494913
2.2898486889856136
2.2898486890072873
2.289848689023155
2.28984868904186
2.2898486890533882
2.289848689061272
2.2898486890660634
2.289848689068938
2.289848689070663
2.2898486890716976
2.289848689072318
2.2898486890737235
2.2898486890748444
2.2898486890755625
2.289848689075999
2.2898486890768193
2.2898486890773717
2.2898486890777034
2.289848689077902
2.2898486890782026
2.289848689078476
2.2898486890786405
2.2898486890787386
2.289848689078798
2.289848689078834
2.2898486890788554
2.2898486890789065
2.2898486890789704
2.28984868907901
2.2898486890790326
2.2898486890790464
2.2898486890790553
2.289848689079069
2.28984868907908
2.2898486890790872
2.289848689079091
2.289848689079093
2.2898486890791
2.2898486890791054
2.289848689079108
2.289848689079112
2.2898486890791148
2.289848689079117
2.289848689079118
2.2898486890791196
2.2898486890791214
2.2898486890791228
2.2898486890791236
2.2898486890791245
2.2898486890791254
2.2898486890791254
2.2898486890791263
2.289848689079127
2.289848689079127
2.289848689079127
2.289848689079127
2.289848689079127
2.289848689079127
2.289848689079127
2.289848689079127
2.289848689079127
2.289848689079127
2.289848689079127
2.289848689079127
2.289848689079127
2.289848689079127
2.289848689079127
2.289848689079127
2.289848689079127
2.289848689079127
2.289848689079127
2.289848689079127
2.289848689079127
2.289848689079127
2.289848689079127
2.289848689079127
2.289848689079127
