2.168276666657651
2.168276666657651
2.168276666657651
2.168276666657651
2.168276666657651
2.168276666657651
2.168276666657651
2.168276666657651
2.168276666657651
2.168276666657651
2.168276666657651
2.168276666657651
2.168276666657651
2.168276666657651
2.168276666657651
2.168276666657651
2.168276666657651
2.168276666657651
2.168276666657651
2.168276666657651
2.168276666657651
2.168276666657651
2.168276666657651
2.168276666657651
2.168276666657651
2.168276666657651
2.168276666657651
2.168276666657651
2.168276666657651
2.168276666657651
2.168276666657651
2.168276666657651
2.168276666657651
2.168276666657651
2.168276666657651
2.168276666657651
2.168320407030289
2.168320407030289
2.168320407030289
2.168320407030289
2.16834824858965
2.16834824858965
2.16834824858965
2.16834824858965
2.16834824858965
2.16834824858965
2.168424301650676
2.168424301650676
2.168424301650676
2.168424301650676
2.1684325024275855
2.1684325024275855
2.1684325024275855
2.1684476609293797
2.1684476609293797
2.168460944929326
2.1684693624010922
2.168479440979194
2.1684795031009454
2.1684825572033906
2.1684967746871338
2.1685028759274174
2.1685107725873674
2.1685139101462374
2.168522485799708
2.1685268402808675
2.168530969731345
2.1685347119414016
2.1685377877038836
2.168541336878162
2.1685423106640633
2.1685439466373495
2.1685459536887555
2.168547581341506
2.168548864999824
2.1685489055582665
2.168549920949778
2.1685504635129225
2.1685508585148643
2.1685511856015993
2.1685512610333437
2.1685513876881855
2.1685516369721447
2.1685518643265924
2.1685520073452573
2.16855209399855
2.16855233451993
2.168552470926281
2.1685525759313986
2.1685526138383207
2.1685526500303314
2.168552728982576
2.1685527950614123
2.1685528148406696
2.1685528698891408
2.1685529006790865
2.1685529238685137
2.1685529239805534
2.168552941526662
2.1685529433574535
2.168552952500686
2.168552952903156
2.1685529552777427
2.1685529577187146
2.1685529591832977
2.16855296038936
2.1685529608543606
2.1685529611971606
2.1685529620471846
2.1685529626255837
2.1685529628698768
2.1685529628924938
2.16855296314561
2.1685529632937177
2.168552963508634
2.168552963716395
2.1685529638172305
2.1685529639171026
2.1685529639875085
2.1685529640352352
2.16855296406816
2.1685529641062766
2.1685529641141783
2.1685529641401415
2.1685529641584864
2.1685529641669494
2.168552964176674
2.168552964182428
2.16855296418951
2.1685529641943306
2.1685529642000136
2.1685529642002233
2.1685529642045123
2.1685529642045123
2.1685529642059853
2.168552964206887
2.1685529642074677
2.1685529642081782
2.1685529642085997
2.168552964208853
2.168552964209094
2.1685529642092813
2.168552964209702
2.168552964210134
2.16855296421034
2.1685529642105936
2.1685529642107615
2.168552964210941
2.1685529642110457
2.16855296421114
2.168552964211217
2.16855296421129
2.168552964211324
2.1685529642113437
2.1685529642113823
2.1685529642113934
2.16855296421141
2.1685529642114263
2.1685529642114263
2.168552964211434
2.1685529642114383
2.168552964211443
2.168552964211443
2.168552964211445
2.1685529642114467
2.168552964211449
2.168552964211451
2.168552964211454
2.1685529642114543
2.1685529642114574
2.1685529642114574
2.1685529642114574
2.168552964211458
2.168552964211458
2.1685529642114587
2.1685529642114587
2.168552964211459
2.168552964211459
2.168552964211459
2.168552964211459
2.168552964211459
2.168552964211459
2.168552964211459
2.168552964211459
2.168552964211459
2.168552964211459
2.168552964211459
2.168552964211459
2.168552964211459
2.168552964211459
2.168552964211459
2.168552964211459
2.168552964211459
2.168552964211459
2.168552964211459
2.168552964211459
2.168552964211459
2.168552964211459
