1.7077175985438235
1.7077175985438235
1.7077175985438235
1.7077175985438235
1.7077175985438235
1.7077175985438235
1.7077175985438235
1.7077175985438235
1.7077175985438235
1.7077175985438235
1.7077175985438235
1.7077175985438235
1.7077175985438235
1.7077175985438235
1.7077175985438235
1.7077175985438235
1.7077175985438235
1.7077175985438235
1.7077175985438235
1.7077175985438235
1.7077175985438235
1.7077175985438235
1.7077175985438235
1.7077175985438235
1.7077175985438235
1.7077175985438235
1.7077175985438235
1.7077175985438235
1.7077175985438235
1.7077175985438235
1.7077175985438235
1.7077175985438235
1.7077175985438235
1.7077175985438235
1.7077175985438235
1.7077175985438235
1.7077175985438235
1.7077175985438235
1.7077175985438235
1.7077175985438235
1.7077175985438235
1.7077175985438235
1.7077175985438235
1.7077175985438235
1.7077175985438235
1.7077175985438235
1.7077175985438235
1.7077175985438235
1.7077175985438235
1.7077175985438235
1.7077175985438235
1.7077175985438235
1.7077208005405131
1.7077208005405131
1.7077208005405131
1.7077208005405131
1.7077243861660552
1.707728761514021
1.707728761514021
1.7077312904329092
1.7077314179836995
1.7077332745094331
1.7077339966317588
1.7077348624921014
1.707735736235526
1.707736682577408
1.707736682577408
1.707736682577408
1.7077370687249156
1.7077372679529725
1.7077374121991917
1.7077374838168875
1.7077375582436867
1.7077376956162098
1.7077377832606944
1.7077377832606944
1.707737857490443
1.7077378682727375
1.7077378897016657
1.7077379205537035
1.7077379205537035
1.7077379331152511
1.7077379439741411
1.707737949829143
1.707737949829143
1.707737954599463
1.7077379563234252
1.7077379581560486
1.7077379581560486
1.7077379581560486
1.7077379586506158
1.7077379610911723
1.70773796153384
1.7077379625554636
1.7077379625554636
1.7077379626542497
1.7077379628201697
1.7077379634604914
1.7077379638522325
1.7077379640872765
1.707737964228303
1.707737964561255
1.7077379650249942
1.7077379653032376
1.7077379654701843
1.7077379655889093
1.7077379657281053
1.7077379658119154
1.707737965862928
1.7077379659216836
1.7077379659663474
1.707737965989865
1.7077379660039749
1.707737966012441
1.7077379660360796
1.7077379660454772
1.7077379660558987
1.7077379660725518
1.7077379660725518
1.7077379660791312
1.7077379660864926
1.7077379660909096
1.7077379660935148
1.7077379660984138
1.707737966100444
1.7077379661016623
1.707737966103278
1.70773796610487
1.7077379661058254
1.7077379661063994
1.7077379661070713
1.7077379661080516
1.7077379661086391
1.7077379661089374
1.707737966109264
1.707737966109637
1.7077379661098822
1.7077379661100005
1.7077379661101022
1.7077379661102332
1.7077379661103191
1.7077379661103818
1.7077379661104364
1.70773796611049
1.7077379661105252
1.7077379661105467
1.7077379661105618
1.7077379661105816
1.7077379661105956
1.707737966110604
1.7077379661106127
1.7077379661106198
1.7077379661106253
1.707737966110629
1.7077379661106316
1.7077379661106349
1.7077379661106367
1.7077379661106382
1.7077379661106393
1.7077379661106407
1.7077379661106429
1.7077379661106438
1.7077379661106442
1.707737966110645
1.7077379661106458
1.707737966110646
1.7077379661106462
1.7077379661106464
1.7077379661106467
1.7077379661106469
1.707737966110647
1.707737966110647
1.7077379661106473
1.7077379661106473
1.7077379661106473
1.7077379661106473
1.7077379661106473
1.7077379661106478
1.7077379661106478
1.7077379661106478
1.7077379661106478
1.7077379661106478
