1.3359883465417157
1.3359883465417157
1.3359883465417157
1.3359883465417157
1.3359883465417157
1.3359883465417157
1.3359883465417157
1.3359883465417157
1.3359883465417157
1.3359883465417157
1.3359883465417157
1.3359883465417157
1.3359883465417157
1.3359883465417157
1.3359883465417157
1.3359883465417157
1.3359883465417157
1.3359883465417157
1.3359883465417157
1.3359883465417157
1.3359883465417157
1.3359883465417157
1.3359883465417157
1.3359883465417157
1.3359883465417157
1.3359883465417157
1.3359883465417157
1.3359883465417157
1.3359883465417157
1.3359883465417157
1.3359883465417157
1.3359883465417157
1.3359883465417157
1.3359883465417157
1.3359883465417157
1.3359883465417157
1.3359883465417157
1.3359883465417157
1.3359883465417157
1.3359883465417157
1.3359883465417157
1.3359883465417157
1.3359883465417157
1.3359883465417157
1.3359883465417157
1.3359883465417157
1.3359883465417157
1.3359883465417157
1.3359883465417157
1.3359883465417157
1.3359883465417157
1.3359883465417157
1.3359883465417157
1.3359883465417157
1.3359883465417157
1.3359883465417157
1.3359883465417157
1.3359883465417157
1.3359883465417157
1.3359883465417157
1.3359883465417157
1.3359883465417157
1.3359904860958625
1.3359904860958625
1.3359904860958625
1.3359924596875865
1.3359924596875865
1.3359933001371866
1.3359942189413896
1.3359947702237613
1.3359951252594902
1.335995851976835
1.3359962880071157
1.335996549625239
1.3359968188233124
1.3359968738346295
1.3359970559821666
1.3359971995838242
1.3359972918361431
1.335997347602063
1.3359973900725766
1.3359974773363221
1.3359975315952697
1.3359975585511803
1.335997577022023
1.3359975933999053
1.335997603226635
1.3359976486288123
1.3359976896841876
1.3359977183560328
1.3359977363286433
1.3359977550325608
1.3359977684276487
1.3359977826988891
1.3359977862779329
1.3359977993979384
1.3359978081147472
1.335997813344833
1.3359978164828843
1.3359978210968153
1.3359978263012608
1.3359978302877495
1.335997832961857
1.335997835609536
1.3359978374369863
1.3359978395403551
1.335997840263452
1.3359978407744042
1.335997842839295
1.335997844173073
1.3359978449733394
1.3359978454535002
1.3359978463013797
1.3359978471600111
1.33599784767519
1.3359978479842975
1.335997848169762
1.3359978485992523
1.3359978489102773
1.335997849096892
1.335997849208861
1.335997849276042
1.3359978493401266
1.3359978494314737
1.3359978494862823
1.3359978495218265
1.3359978495717297
1.3359978496033658
1.3359978496223475
1.3359978496387783
1.3359978496538827
1.3359978496629459
1.3359978496683835
1.3359978496716465
1.335997849674486
1.3359978496788463
1.3359978496814628
1.3359978496830331
1.3359978496839748
1.3359978496850504
1.3359978496858027
1.335997849686254
1.3359978496865248
1.3359978496866873
1.3359978496869298
1.3359978496871727
1.3359978496873182
1.335997849687408
1.3359978496875482
1.335997849687635
1.3359978496876868
1.335997849687718
1.3359978496877365
1.335997849687748
1.3359978496877722
1.3359978496877907
1.3359978496878018
1.3359978496878089
1.3359978496878226
1.3359978496878315
1.3359978496878369
1.3359978496878413
1.3359978496878469
1.3359978496878502
1.3359978496878517
1.335997849687854
1.3359978496878557
1.3359978496878577
1.3359978496878582
1.3359978496878582
1.33599784968786
1.3359978496878602
1.3359978496878606
1.3359978496878606
1.3359978496878613
1.3359978496878615
1.3359978496878617
1.335997849687862
1.335997849687862
1.335997849687862
1.3359978496878624
1.3359978496878624
1.3359978496878626
1.3359978496878626
1.3359978496878626
1.3359978496878626
1.3359978496878626
1.3359978496878626
1.3359978496878626
1.3359978496878626
1.3359978496878626
1.3359978496878626
1.3359978496878626
1.3359978496878626
1.3359978496878626
