2.0749324201800308
2.0749324201800308
2.0749324201800308
2.0749324201800308
2.0749324201800308
2.0749324201800308
2.0749324201800308
2.0749324201800308
2.0749324201800308
2.0749324201800308
2.0749324201800308
2.0749324201800308
2.0749324201800308
2.0749324201800308
2.0749324201800308
2.0749324201800308
2.0749324201800308
2.0749324201800308
2.0749324201800308
2.0749324201800308
2.0749324201800308
2.0749324201800308
2.0749324201800308
2.0749324201800308
2.0749324201800308
2.0749324201800308
2.0749324201800308
2.0749324201800308
2.0749324201800308
2.0749324201800308
2.0749324201800308
2.0749324201800308
2.0749324201800308
2.0749324201800308
2.0749324201800308
2.0749619002903437
2.0749619002903437
2.0749619002903437
2.0749619002903437
2.0749619002903437
2.0749619002903437
2.0749619002903437
2.0749619002903437
2.0749619002903437
2.0749619002903437
2.0749619002903437
2.0749619002903437
2.0749619002903437
2.0749619002903437
2.0749619002903437
2.0749639790256937
2.0749639790256937
2.0749639790256937
2.074970917309252
2.074972412573277
2.074973309737055
2.0749754322129625
2.074977794158338
2.0749799437106202
2.0749821069193914
2.074983404845584
2.0749841836016345
2.0749849372765765
2.074985824290122
2.0749864833685794
2.0749876478541256
2.074987857599347
2.0749883199689125
2.074988801566472
2.074989090524979
2.0749892639000738
2.0749893706148548
2.074989570941342
2.0749898652818985
2.074989974919914
2.0749900921103426
2.0749902022271884
2.0749903122594926
2.0749903793254423
2.0749904242044743
2.0749904242044743
2.074990446213993
2.0749904763165583
2.0749904808772257
2.074990492044694
2.074990497192514
2.0749905041856644
2.0749905083815547
2.074990510899089
2.074990512991661
2.074990516224206
2.074990518217536
2.074990519336654
2.0749905195724367
2.0749905208675457
2.0749905212176762
2.074990522268788
2.0749905226285628
2.074990523014856
2.0749905232480006
2.0749905235704333
2.0749905238300963
2.074990523985894
2.074990524083772
2.0749905242928226
2.0749905244843005
2.0749905245991864
2.074990524720139
2.074990524801282
2.0749905248908465
2.0749905249445857
2.0749905249982774
2.0749905250403247
2.074990525065553
2.0749905250950142
2.074990525117963
2.074990525134352
2.074990525147372
2.074990525157785
2.0749905251676077
2.074990525174897
2.07499052517927
2.074990525181894
2.074990525183469
2.074990525184455
2.0749905251881056
2.0749905251898175
2.0749905251898566
2.0749905251909
2.074990525191553
2.0749905251925127
2.0749905251930882
2.0749905251934337
2.0749905251943477
2.074990525194925
2.074990525195311
2.074990525195707
2.074990525196156
2.0749905251964362
2.0749905251966045
2.074990525196853
2.074990525197058
2.074990525197182
2.074990525197187
2.074990525197243
2.0749905251972462
2.074990525197273
2.074990525197292
2.0749905251973066
2.0749905251973195
2.0749905251973226
2.0749905251973333
2.0749905251973333
2.074990525197337
2.074990525197345
2.074990525197345
2.0749905251973475
2.074990525197352
2.0749905251973546
2.074990525197356
2.0749905251973604
2.074990525197363
2.0749905251973644
2.0749905251973657
2.074990525197366
2.074990525197366
2.074990525197366
2.074990525197366
2.074990525197366
2.074990525197366
2.074990525197366
2.074990525197366
2.074990525197366
2.074990525197366
2.074990525197366
2.074990525197366
2.0749905251973666
2.0749905251973666
2.0749905251973666
2.0749905251973666
2.0749905251973666
2.0749905251973666
2.0749905251973666
2.0749905251973666
