1.5823197516907845
1.5823197516907845
1.5823197516907845
1.5823197516907845
1.5823197516907845
1.5823197516907845
1.5823197516907845
1.5823197516907845
1.5823197516907845
1.5823197516907845
1.5823197516907845
1.5823197516907845
1.5823197516907845
1.5823197516907845
1.5823197516907845
1.5823197516907845
1.5823197516907845
1.5823197516907845
1.5823197516907845
1.5823197516907845
1.5823197516907845
1.5823197516907845
1.5823197516907845
1.5823197516907845
1.5823197516907845
1.5823197516907845
1.5823197516907845
1.5823197516907845
1.5823197516907845
1.5823197516907845
1.5823197516907845
1.5823197516907845
1.5823197516907845
1.5823197516907845
1.5823197516907845
1.5823197516907845
1.5823197516907845
1.5823197516907845
1.5823197516907845
1.5823197516907845
1.5823197516907845
1.5823197516907845
1.5823197516907845
1.5823197516907845
1.5823197516907845
1.5823197516907845
1.5823197516907845
1.5823197516907845
1.5823197516907845
1.5823197516907845
1.5823197516907845
1.5823197516907845
1.5823197516907845
1.5823197516907845
1.5823197516907845
1.5823197516907845
1.5823197516907845
1.5823197516907845
1.5823197516907845
1.5823197516907845
1.5823197516907845
1.5823197516907845
1.5823197516907845
1.5823197516907845
1.5823197516907845
1.5823197516907845
1.5823197516907845
1.5823200131909025
1.5823200131909025
1.5823200131909025
1.5823204227935335
1.5823204648613558
1.582320626657951
1.5823207545219726
1.5823209121498596
1.582321006726613
1.5823210634726719
1.5823210975203104
1.5823211418013254
1.5823212093123902
1.5823212912236748
1.58232131396159
1.5823213245111913
1.5823213340611912
1.5823213529960007
1.5823213816982384
1.5823214002811712
1.582321411430931
1.5823214181207872
1.5823214258627574
1.5823214334902436
1.5823214405581325
1.5823214457842478
1.582321448660405
1.5823214511803922
1.5823214526938938
1.5823214549187348
1.5823214569241362
1.5823214595524278
1.58232146046854
1.5823214618658967
1.5823214622317139
1.5823214633057865
1.5823214644785426
1.5823214651821964
1.5823214656043885
1.5823214662121041
1.5823214668821755
1.5823214672931527
1.5823214672931527
1.5823214672931527
1.5823214672931527
1.5823214674236628
1.5823214674626385
1.5823214674626385
1.5823214674626385
1.5823214674626385
1.5823214675029789
1.5823214675488424
1.5823214675768964
1.5823214675899178
1.582321467612841
1.5823214676189654
1.5823214676240764
1.5823214676317108
1.5823214676349258
1.582321467636758
1.582321467639953
1.5823214676411745
1.5823214676420447
1.582321467642704
1.5823214676436637
1.5823214676437867
1.5823214676438602
1.5823214676439041
1.5823214676439834
1.5823214676445596
1.5823214676449873
1.582321467645231
1.582321467645231
1.5823214676453607
1.5823214676455253
1.5823214676456512
1.5823214676458526
1.5823214676458526
1.5823214676459145
1.5823214676459791
1.5823214676460198
1.5823214676460342
1.5823214676460498
1.5823214676460726
1.5823214676460726
1.58232146764608
1.5823214676460806
1.5823214676460855
1.5823214676460888
1.5823214676460913
1.5823214676460913
1.5823214676460913
1.5823214676460922
1.5823214676460922
1.5823214676460922
1.5823214676460922
1.5823214676460922
1.5823214676460922
1.5823214676460922
1.5823214676460924
1.5823214676460926
1.5823214676460928
1.5823214676460928
1.582321467646093
1.582321467646093
1.582321467646093
1.582321467646093
1.582321467646093
1.582321467646093
1.582321467646093
1.582321467646093
1.582321467646093
1.582321467646093
1.582321467646093
1.582321467646093
1.582321467646093
1.582321467646093
1.582321467646093
1.582321467646093
1.582321467646093
