1.525543155953348
1.525543155953348
1.525543155953348
1.525543155953348
1.525543155953348
1.525543155953348
1.525543155953348
1.525543155953348
1.525543155953348
1.525543155953348
1.525543155953348
1.525543155953348
1.525543155953348
1.525543155953348
1.525543155953348
1.525543155953348
1.525543155953348
1.525543155953348
1.525543155953348
1.525543155953348
1.525543155953348
1.525543155953348
1.525543155953348
1.525543155953348
1.525543155953348
1.525543155953348
1.525543155953348
1.525543155953348
1.525543155953348
1.525543155953348
1.525543155953348
1.525543155953348
1.525543155953348
1.525543155953348
1.525543155953348
1.525543155953348
1.525543155953348
1.525543155953348
1.525543155953348
1.525543155953348
1.5255572122233156
1.5255572122233156
1.5255572122233156
1.5255572122233156
1.5255611444799901
1.5255611444799901
1.5255611444799901
1.5255611444799901
1.5255611444799901
1.5255611444799901
1.5255611444799901
1.5255619041926671
1.5255633250628586
1.5255648668844786
1.525565791979158
1.5255663470365801
1.5255671787998488
1.5255673644401868
1.5255673644401868
1.525568169824257
1.5255690276516343
1.5255695683001664
1.5255702458737825
1.5255706524181334
1.5255708963448085
1.525571267753918
1.5255716630005305
1.5255720256830971
1.5255722134455516
1.5255724327998177
1.5255726217867442
1.5255727351789106
1.5255728032142142
1.525572844035397
1.5255728685281076
1.5255728832237343
1.5255729202242645
1.525572951133703
1.5255729834766854
1.525572989453721
1.5255730029068808
1.5255730126222908
1.5255730242941345
1.5255730305166453
1.5255730325532548
1.525573037041098
1.5255730408717922
1.5255730425145404
1.5255730443561335
1.525573044974553
1.5255730459624044
1.5255730461771677
1.5255730472374553
1.525573047511487
1.5255730476759066
1.5255730477745582
1.5255730478337488
1.5255730482331362
1.525573048449233
1.5255730486613475
1.5255730487852512
1.5255730488359565
1.5255730489641783
1.5255730490862602
1.5255730491385129
1.5255730491862047
1.525573049208498
1.5255730493018163
1.5255730493721391
1.5255730494143331
1.5255730494396496
1.525573049450936
1.5255730494595416
1.525573049477883
1.525573049477883
1.5255730494803625
1.5255730494851358
1.525573049486876
1.5255730494899666
1.525573049491821
1.5255730494929338
1.5255730494936013
1.5255730494946778
1.5255730494959556
1.5255730494967223
1.5255730494971824
1.5255730494974584
1.5255730494977338
1.5255730494982087
1.5255730494984576
1.5255730494986417
1.5255730494986544
1.5255730494987547
1.5255730494988238
1.5255730494989317
1.5255730494990403
1.525573049499082
1.5255730494991377
1.5255730494992212
1.5255730494992708
1.5255730494993012
1.525573049499319
1.5255730494993307
1.5255730494993478
1.5255730494993638
1.5255730494993731
1.5255730494993793
1.525573049499383
1.5255730494993889
1.5255730494993942
1.5255730494993973
1.5255730494993993
1.5255730494994013
1.5255730494994033
1.5255730494994044
1.5255730494994049
1.5255730494994058
1.5255730494994064
1.525573049499407
1.5255730494994075
1.5255730494994075
1.5255730494994082
1.5255730494994082
1.5255730494994082
1.5255730494994082
1.5255730494994082
1.5255730494994082
1.5255730494994082
1.5255730494994082
1.5255730494994082
1.5255730494994082
1.5255730494994082
1.5255730494994082
1.5255730494994082
1.5255730494994082
1.5255730494994082
1.5255730494994082
1.5255730494994082
1.5255730494994082
1.5255730494994082
1.5255730494994082
1.5255730494994082
