1.555189827764748
1.555189827764748
1.555189827764748
1.555189827764748
1.555189827764748
1.555189827764748
1.555189827764748
1.555189827764748
1.555189827764748
1.555189827764748
1.555189827764748
1.555189827764748
1.555189827764748
1.555189827764748
1.555189827764748
1.555189827764748
1.555189827764748
1.555189827764748
1.555189827764748
1.555189827764748
1.555189827764748
1.555189827764748
1.555189827764748
1.555189827764748
1.555189827764748
1.555189827764748
1.555189827764748
1.555189827764748
1.555189827764748
1.555189827764748
1.555189827764748
1.555189827764748
1.555189827764748
1.555189827764748
1.555189827764748
1.555189827764748
1.555189827764748
1.555189827764748
1.555189827764748
1.555189827764748
1.555189827764748
1.555189827764748
1.555189827764748
1.555189827764748
1.555189827764748
1.555189827764748
1.555189827764748
1.555189827764748
1.555189827764748
1.555189827764748
1.555189827764748
1.555189827764748
1.555189827764748
1.555189827764748
1.5551936732192633
1.5551936732192633
1.5551936732192633
1.555197088665746
1.555197088665746
1.555197088665746
1.555197088665746
1.5551976486918135
1.5551982717968198
1.5551983764590107
1.5551984868331499
1.5551986274806393
1.5551988469384785
1.5551989985368715
1.555199067560613
1.5551992744836318
1.5551994398109812
1.5551996159621302
1.5551997500296484
1.555199792173679
1.5551998503297442
1.5551999155882439
1.5551999655898165
1.5552000045302936
1.5552000278945806
1.55520004828335
1.5552000751142214
1.5552000949179419
1.555200107888169
1.5552001156703052
1.5552001215651727
1.555200127006326
1.555200130822859
1.55520013421174
1.5552001364480261
1.5552001377897982
1.555200138594861
1.5552001408087313
1.5552001426616453
1.5552001443256338
1.555200145502098
1.5552001482177675
1.5552001500205432
1.5552001509886204
1.5552001509886204
1.5552001509886204
1.5552001514998053
1.5552001516388716
1.5552001516388716
1.5552001516388716
1.5552001517975131
1.555200151979773
1.5552001520891285
1.555200152154742
1.555200152195061
1.555200152221217
1.555200152309784
1.5552001523773855
1.5552001524441095
1.5552001524525636
1.5552001524965366
1.5552001525296535
1.55520015255011
1.5552001525745291
1.5552001525962107
1.5552001526092198
1.5552001526170252
1.5552001526224322
1.5552001526329837
1.5552001526404637
1.555200152642931
1.555200152646439
1.5552001526495272
1.5552001526509223
1.5552001526542998
1.555200152654539
1.5552001526547177
1.5552001526560328
1.5552001526570294
1.5552001526576267
1.5552001526579853
1.5552001526586874
1.5552001526593602
1.5552001526593602
1.555200152659523
1.555200152659523
1.5552001526596213
1.5552001526597785
1.5552001526598729
1.5552001526599293
1.555200152659963
1.5552001526599846
1.5552001526600387
1.5552001526600936
1.5552001526601262
1.5552001526601504
1.5552001526601662
1.5552001526601933
1.555200152660215
1.555200152660228
1.5552001526602348
1.5552001526602348
1.5552001526602348
1.5552001526602373
1.5552001526602373
1.5552001526602373
1.5552001526602373
1.5552001526602381
1.5552001526602395
1.5552001526602401
1.5552001526602408
1.5552001526602413
1.5552001526602417
1.555200152660242
1.5552001526602421
1.5552001526602424
1.5552001526602424
1.5552001526602424
1.5552001526602424
1.5552001526602424
1.5552001526602424
1.5552001526602424
1.5552001526602424
1.5552001526602424
1.5552001526602424
1.5552001526602424
1.5552001526602424
1.5552001526602424
