2.2851710635207967
2.2851710635207967
2.2851710635207967
2.2851710635207967
2.2851710635207967
2.2851710635207967
2.2851710635207967
2.2851710635207967
2.2851710635207967
2.2851710635207967
2.2851710635207967
2.2851710635207967
2.2851710635207967
2.2851710635207967
2.2851710635207967
2.2851710635207967
2.2851710635207967
2.2851710635207967
2.2851710635207967
2.2851710635207967
2.2851710635207967
2.2851710635207967
2.2851710635207967
2.2851710635207967
2.2851710635207967
2.2851710635207967
2.2851710635207967
2.2851710635207967
2.2851710635207967
2.2851710635207967
2.2851710635207967
2.2851710635207967
2.2851710635207967
2.2851710635207967
2.2851710635207967
2.2851710635207967
2.2851710635207967
2.2851710635207967
2.2851710635207967
2.2851710635207967
2.2851710635207967
2.2851710635207967
2.2851710635207967
2.2851710635207967
2.2851710635207967
2.2851710635207967
2.2851710635207967
2.2851710635207967
2.2851710635207967
2.2851710635207967
2.2851710635207967
2.2851710635207967
2.2851710635207967
2.2851710635207967
2.2851712110802063
2.2851712110802063
2.2851712110802063
2.2851712110802063
2.2851712847913275
2.2851712847913275
2.2851712847913275
2.2851712847913275
2.2851714354322907
2.285171800608636
2.2851726121736995
2.2851728274010674
2.285173360902334
2.2851736355606556
2.28517396545939
2.285174105995045
2.28517426967638
2.285174524598242
2.285174809819272
2.2851749809519135
2.28517518180786
2.285175350315518
2.285175461078806
2.2851755275367833
2.2851755764174717
2.28517562410417
2.285175671118778
2.2851757248276625
2.285175765498945
2.28517579336432
2.2851758289385273
2.2851758481596027
2.2851758654697805
2.285175877740244
2.2851758799349593
2.285175898786226
2.2851759097967275
2.285175916513378
2.2851759283789956
2.2851759401902827
2.2851759444413333
2.2851759509743355
2.285175956000791
2.285175959971375
2.2851759630101762
2.2851759648043273
2.2851759663457227
2.2851759680146886
2.2851759690160676
2.2851759696168954
2.285175969977393
2.2851759701936905
2.2851759703299703
2.285175970697629
2.2851759710317006
2.285175971232143
2.2851759713638273
2.2851759714783024
2.2851759715850317
2.2851759716975075
2.285175971764992
2.2851759718054843
2.2851759718297786
2.2851759718522846
2.2851759718784517
2.285175971895699
2.2851759719060487
2.285175971912565
2.2851759719195197
2.285175971926469
2.2851759719332017
2.2851759719372415
2.285175971940449
2.2851759719442684
2.285175971946569
2.28517597194795
2.2851759719488536
2.285175971950244
2.285175971951716
2.2851759719525995
2.2851759719531293
2.2851759719538207
2.2851759719543687
2.2851759719546982
2.2851759719548954
2.285175971955018
2.28517597195511
2.28517597195529
2.2851759719554
2.285175971955465
2.2851759719555047
2.2851759719555282
2.285175971955546
2.2851759719555687
2.2851759719555855
2.2851759719555957
2.285175971955603
2.2851759719556135
2.285175971955624
2.28517597195563
2.2851759719556353
2.2851759719556406
2.285175971955644
2.285175971955646
2.2851759719556473
2.2851759719556495
2.285175971955651
2.2851759719556517
2.2851759719556526
2.2851759719556526
2.285175971955653
2.285175971955653
2.2851759719556535
2.2851759719556535
2.2851759719556535
2.2851759719556535
2.2851759719556535
2.2851759719556535
2.2851759719556535
2.2851759719556535
2.2851759719556535
2.2851759719556535
2.2851759719556535
2.2851759719556535
2.2851759719556535
2.2851759719556535
2.2851759719556535
2.2851759719556535
2.2851759719556535
2.2851759719556535
2.2851759719556535
2.2851759719556535
2.2851759719556535
2.2851759719556535
2.2851759719556535
2.2851759719556535
2.2851759719556535
2.2851759719556535
2.2851759719556535
