1.4893804059555342
1.4893804059555342
1.4893804059555342
1.4893804059555342
1.4893804059555342
1.4893804059555342
1.4893804059555342
1.4893804059555342
1.4893804059555342
1.4893804059555342
1.4893804059555342
1.4893804059555342
1.4893804059555342
1.4893804059555342
1.4893804059555342
1.4893804059555342
1.4893804059555342
1.4893804059555342
1.4893804059555342
1.4893804059555342
1.4893804059555342
1.4893804059555342
1.4893804059555342
1.4893804059555342
1.4893804059555342
1.4893804059555342
1.4893804059555342
1.4893804059555342
1.4893804059555342
1.4893804059555342
1.4893804059555342
1.4893804059555342
1.4893804059555342
1.4893804059555342
1.4893804059555342
1.4893804059555342
1.4893804059555342
1.4893804059555342
1.4893804059555342
1.4893804059555342
1.4893804059555342
1.4893804059555342
1.4893804059555342
1.4893804059555342
1.4893822731142188
1.4893822731142188
1.4893822731142188
1.4893822731142188
1.4893822731142188
1.4893822731142188
1.4893822731142188
1.4893822731142188
1.4893822731142188
1.4893822731142188
1.4893822731142188
1.4893832583975153
1.4893832583975153
1.4893832583975153
1.4893832583975153
1.4893845696491346
1.4893860117270048
1.4893860117270048
1.489387212483614
1.4893881624771663
1.4893881624771663
1.4893885633123594
1.4893889525984918
1.489389186170047
1.4893896562721052
1.4893900254535413
1.4893900379019338
1.4893900544912713
1.4893905886004086
1.4893910685286103
1.4893913564856014
1.4893915292598212
1.4893916329243622
1.489391740296375
1.489391740296375
1.4893918537247193
1.4893920128059677
1.489392109144054
1.4893921669469072
1.4893921947976878
1.489392223910847
1.4893922914901787
1.4893923127788726
1.4893923264968756
1.4893923586129378
1.489392378253896
1.4893923906959465
1.489392398863789
1.4893924042194067
1.48939241507017
1.489392422784621
1.4893924283810123
1.4893924346793421
1.489392440024667
1.4893924432318624
1.48939244515618
1.4893924463567607
1.4893924477306064
1.4893924499252558
1.489392451619183
1.4893924522982787
1.489392452705737
1.4893924529502112
1.4893924530968967
1.4893924532515652
1.489392453874251
1.4893924542858124
1.48939245453275
1.4893924546809119
1.4893924548868696
1.4893924551969153
1.489392455382942
1.4893924554963716
1.4893924555957747
1.4893924556986347
1.4893924557603508
1.4893924557973808
1.4893924558195981
1.4893924558352338
1.489392455876626
1.489392455901461
1.489392455916362
1.4893924559254874
1.4893924559401301
1.4893924559498197
1.4893924559556329
1.4893924559591218
1.4893924559653462
1.489392455970109
1.4893924559729665
1.4893924559746812
1.4893924559757317
1.4893924559768428
1.4893924559777032
1.4893924559782195
1.4893924559785292
1.489392455978886
1.4893924559792078
1.4893924559794003
1.4893924559795164
1.4893924559795877
1.4893924559797689
1.489392455979887
1.4893924559799572
1.4893924559800307
1.4893924559801437
1.489392455980211
1.489392455980252
1.489392455980277
1.4893924559802914
1.4893924559803247
1.4893924559803462
1.4893924559803595
1.489392455980367
1.4893924559803735
1.489392455980385
1.4893924559803915
1.4893924559803957
1.489392455980398
1.4893924559804008
1.4893924559804053
1.4893924559804075
1.4893924559804095
1.4893924559804106
1.4893924559804108
1.4893924559804115
1.4893924559804124
1.489392455980413
1.489392455980413
1.489392455980413
1.4893924559804135
1.4893924559804137
1.4893924559804144
1.4893924559804144
1.489392455980415
1.4893924559804155
1.4893924559804155
1.4893924559804155
1.4893924559804157
1.4893924559804157
1.4893924559804157
1.4893924559804157
1.4893924559804157
1.4893924559804157
1.4893924559804157
1.4893924559804157
1.4893924559804157
1.4893924559804157
1.4893924559804157
