2.0279932129315505
2.0279932129315505
2.0279932129315505
2.0279932129315505
2.0279932129315505
2.0279932129315505
2.0279932129315505
2.0279932129315505
2.0279932129315505
2.0279932129315505
2.0279932129315505
2.0279932129315505
2.0279932129315505
2.0279932129315505
2.0279932129315505
2.0279932129315505
2.0279932129315505
2.0279932129315505
2.0279932129315505
2.0279932129315505
2.0279932129315505
2.0279932129315505
2.0279932129315505
2.0279932129315505
2.0279932129315505
2.0279932129315505
2.0279932129315505
2.0279932129315505
2.0279932129315505
2.0279932129315505
2.0279932129315505
2.0279932129315505
2.0279932129315505
2.0279932129315505
2.0279932129315505
2.0279932129315505
2.0279932129315505
2.0279932129315505
2.0279932129315505
2.0279932129315505
2.0279932129315505
2.0279932129315505
2.0279932129315505
2.0279932129315505
2.0279932129315505
2.0279932129315505
2.0279932129315505
2.0279932129315505
2.0279932129315505
2.0279932129315505
2.0279932129315505
2.0279961041663177
2.0279961041663177
2.0279961041663177
2.0279962857286744
2.0279969967628646
2.0279969967628646
2.0279969967628646
2.0279969967628646
2.027997556473303
2.027997556473303
2.0279976835524685
2.0279980686143477
2.027998493274622
2.02799972071813
2.0280002379230657
2.0280002379230657
2.0280008212454943
2.028001100876516
2.0280011662287407
2.028001220482139
2.028001537230566
2.0280017272796433
2.0280018269665216
2.0280018269665216
2.0280018269665216
2.028001834438632
2.028001834438632
2.028001834438632
2.028001834438632
2.028001834438632
2.028001834438632
2.0280018461828373
2.0280018461828373
2.0280018461828373
2.0280018461828373
2.0280018461828373
2.0280018461828373
2.0280018461828373
2.0280018461828373
2.0280018463660427
2.0280018500449413
2.0280018500449413
2.0280018500449413
2.0280018516739293
2.0280018516739293
2.0280018518939538
2.0280018518939538
2.0280018518939538
2.028001852367117
2.0280018526769275
2.0280018526769275
2.02800185280959
2.028001852849409
2.0280018529262813
2.0280018529262813
2.0280018529262813
2.0280018530163075
2.0280018530163075
2.0280018530163075
2.0280018530163075
2.028001853019649
2.028001853019649
2.028001853019649
2.028001853019649
2.028001853021129
2.028001853021129
2.028001853021129
2.028001853021129
2.028001853021129
2.028001853021129
2.028001853021129
2.028001853021129
2.028001853021129
2.028001853021129
2.028001853021129
2.028001853021129
2.0280018530214576
2.0280018530214576
2.0280018530214576
2.0280018530214576
2.0280018530214576
2.0280018530214576
2.028001853021526
2.028001853021526
2.028001853021526
2.0280018530215513
2.0280018530215513
2.0280018530215513
2.0280018530215513
2.0280018530215553
2.0280018530215553
2.0280018530215553
2.0280018530215576
2.0280018530215576
2.0280018530215576
2.0280018530215576
2.0280018530215576
2.0280018530215576
2.0280018530215576
2.0280018530215576
2.028001853021558
2.028001853021558
2.028001853021558
2.028001853021558
2.0280018530215584
2.0280018530215584
2.0280018530215584
2.0280018530215584
2.0280018530215584
2.0280018530215584
2.0280018530215584
2.0280018530215584
2.0280018530215584
2.0280018530215584
2.0280018530215584
2.0280018530215584
2.0280018530215584
2.0280018530215584
2.0280018530215584
2.0280018530215584
2.0280018530215584
2.0280018530215584
2.0280018530215584
2.0280018530215584
2.0280018530215584
2.0280018530215584
2.0280018530215584
2.0280018530215584
2.0280018530215584
2.0280018530215584
2.0280018530215584
