1.4988943924412486
1.4988943924412486
1.4988943924412486
1.4988943924412486
1.4988943924412486
1.4988943924412486
1.4988943924412486
1.4988943924412486
1.4988943924412486
1.4988943924412486
1.4988943924412486
1.4988943924412486
1.4988943924412486
1.4988943924412486
1.4988943924412486
1.4988943924412486
1.4988943924412486
1.4988943924412486
1.4988943924412486
1.4988943924412486
1.4988943924412486
1.4988943924412486
1.4988943924412486
1.4988943924412486
1.4988943924412486
1.4988943924412486
1.4988943924412486
1.4988943924412486
1.4988943924412486
1.4988943924412486
1.4988943924412486
1.4988943924412486
1.4988943924412486
1.4988943924412486
1.4988943924412486
1.4988943924412486
1.4988943924412486
1.4988943924412486
1.4988943924412486
1.4988943924412486
1.4988943924412486
1.4988943924412486
1.4988943924412486
1.4988943924412486
1.4988943924412486
1.4989033788025823
1.4989033788025823
1.4989033788025823
1.4989033788025823
1.4989042212853996
1.4989042212853996
1.4989042212853996
1.4989042212853996
1.498910871754063
1.498910871754063
1.498910871754063
1.498910871754063
1.4989167886608963
1.4989167886608963
1.4989167886608963
1.4989167886608963
1.498919351440491
1.498919868948165
1.4989213919833058
1.498923203974699
1.4989240418125103
1.4989255025237864
1.4989267796561452
1.4989281994605947
1.4989284841981685
1.498929026881175
1.4989292996294565
1.4989297845020706
1.4989298559741007
1.498930009676643
1.4989302722928695
1.4989305546160534
1.4989307240099465
1.4989308256462779
1.4989309060181968
1.4989310368804203
1.4989311077947653
1.4989311698142944
1.4989312070260103
1.4989312500235779
1.4989313012470833
1.4989313319811834
1.4989313504216435
1.4989313614859172
1.4989313965443405
1.4989314283009285
1.4989314473548805
1.4989314592717924
1.4989314701404843
1.4989314769325557
1.4989314810077974
1.4989314810077974
1.4989314832401455
1.4989314854293714
1.4989314871176778
1.4989314881306626
1.4989314917938903
1.4989314941731953
1.4989314956007784
1.49893149711705
1.498931498448858
1.4989314992479421
1.49893149979717
1.4989315000538475
1.4989315005907455
1.4989315009128854
1.4989315011061686
1.49893150145192
1.498931501715755
1.4989315018740543
1.4989315019674103
1.4989315019674103
1.4989315019674103
1.4989315019987384
1.4989315019987384
1.4989315019987384
1.4989315019987384
1.4989315019987384
1.4989315020000131
1.4989315020084484
1.4989315020084484
1.4989315020084484
1.4989315020084484
1.4989315020094682
1.4989315020094682
1.4989315020094682
1.4989315020094682
1.4989315020095508
1.498931502011513
1.4989315020127432
1.4989315020127432
1.4989315020127432
1.4989315020133263
1.4989315020133263
1.4989315020133263
1.4989315020133263
1.4989315020133263
1.498931502013385
1.498931502013385
1.498931502013385
1.49893150201343
1.49893150201343
1.49893150201343
1.4989315020134353
1.4989315020134397
1.4989315020134426
1.4989315020134526
1.498931502013462
1.4989315020134673
1.4989315020134721
1.4989315020134746
1.4989315020134832
1.4989315020134872
1.4989315020134906
1.4989315020134928
1.4989315020134963
1.4989315020134995
1.498931502013502
1.498931502013503
1.4989315020135041
1.4989315020135054
1.4989315020135054
1.4989315020135054
1.4989315020135054
1.4989315020135054
1.4989315020135054
1.4989315020135054
1.4989315020135054
1.4989315020135054
1.4989315020135054
1.4989315020135054
1.4989315020135054
1.4989315020135054
1.4989315020135054
1.4989315020135054
1.4989315020135054
1.4989315020135054
1.4989315020135054
1.4989315020135054
1.4989315020135054
1.4989315020135054
1.4989315020135054
1.4989315020135054
1.4989315020135054
1.4989315020135054
1.4989315020135054
1.4989315020135054
1.4989315020135054
