1.5113667761782983
1.5113667761782983
1.5113667761782983
1.5113667761782983
1.5113667761782983
1.5113667761782983
1.5113667761782983
1.5113667761782983
1.5113667761782983
1.5113667761782983
1.5113667761782983
1.5113667761782983
1.5113667761782983
1.5113667761782983
1.5113667761782983
1.5113667761782983
1.5113667761782983
1.5113667761782983
1.5113667761782983
1.5113667761782983
1.5113667761782983
1.5113667761782983
1.5113667761782983
1.5113667761782983
1.5113667761782983
1.5113667761782983
1.5113667761782983
1.5113667761782983
1.5113667761782983
1.5113667761782983
1.5113667761782983
1.5113667761782983
1.5113667761782983
1.5113667761782983
1.5113667761782983
1.5113667761782983
1.5113667761782983
1.5113667761782983
1.5113667761782983
1.5113667761782983
1.5113667761782983
1.5113667761782983
1.5113667761782983
1.5113667761782983
1.5113667761782983
1.5113667761782983
1.5113667761782983
1.5113667761782983
1.5113667761782983
1.5113667761782983
1.5113667761782983
1.5113667761782983
1.5113667761782983
1.5113700391370524
1.5113700391370524
1.5113700391370524
1.51137292871045
1.5113734868349276
1.511374147869961
1.511375115452036
1.5113758976674145
1.511376366996733
1.5113766485943574
1.5113768175529438
1.511376968713013
1.5113770890013318
1.5113772472761988
1.511377359219039
1.5113774361507788
1.5113775432078376
1.5113776316509613
1.5113776844670297
1.5113776844670297
1.5113777397848644
1.5113777547564822
1.5113777677676818
1.5113777736743672
1.5113777777601654
1.5113777923088298
1.511377801237719
1.511377810501799
1.511377820423207
1.5113778293315931
1.5113778346766245
1.5113778378836435
1.5113778406214016
1.511377843914157
1.5113778451627704
1.5113778451627704
1.5113778451627704
1.5113778459736376
1.5113778459736376
1.5113778459736376
1.5113778459736376
1.511377846007883
1.511377846201927
1.5113778463332712
1.5113778463332712
1.5113778463332712
1.511377846375904
1.5113778463940226
1.5113778465158947
1.5113778465176602
1.5113778465187195
1.5113778465833827
1.5113778466214975
1.5113778466473538
1.511377846667621
1.5113778466811658
1.5113778467055639
1.511377846719679
1.511377846728148
1.51137784673594
1.511377846741347
1.5113778467473693
1.5113778467515075
1.511377846754719
1.5113778467583785
1.5113778467609598
1.511377846762108
1.5113778467635324
1.511377846764957
1.51137784676616
1.511377846766888
1.5113778467673242
1.511377846768639
1.5113778467700238
1.5113778467708545
1.5113778467713535
1.5113778467718393
1.5113778467718508
1.51137784677197
1.511377846772374
1.511377846772374
1.5113778467723802
1.511377846772513
1.511377846772528
1.511377846772597
1.5113778467726335
1.5113778467726562
1.5113778467726815
1.5113778467727004
1.5113778467727186
1.511377846772734
1.5113778467727463
1.5113778467727537
1.5113778467727557
1.5113778467727614
1.5113778467727652
1.511377846772771
1.5113778467727743
1.5113778467727768
1.5113778467727805
1.5113778467727847
1.5113778467727879
1.5113778467727879
1.5113778467727894
1.5113778467727905
1.5113778467727905
1.5113778467727905
1.5113778467727905
1.5113778467727905
1.5113778467727905
1.5113778467727905
1.5113778467727905
1.5113778467727905
1.5113778467727905
1.5113778467727905
1.5113778467727905
1.5113778467727905
1.5113778467727905
1.5113778467727905
1.5113778467727905
1.5113778467727905
1.5113778467727905
1.5113778467727905
1.5113778467727905
1.5113778467727905
