1.2559083368670338
1.2559083368670338
1.2559083368670338
1.2559083368670338
1.2559083368670338
1.2559083368670338
1.2559083368670338
1.2559083368670338
1.2559083368670338
1.2559083368670338
1.2559083368670338
1.2559083368670338
1.2559083368670338
1.2559083368670338
1.2559083368670338
1.2559083368670338
1.2559083368670338
1.2559083368670338
1.2559083368670338
1.2559083368670338
1.2559083368670338
1.2559083368670338
1.2559083368670338
1.2559083368670338
1.2559083368670338
1.2559083368670338
1.2559083368670338
1.2559083368670338
1.2559083368670338
1.2559083368670338
1.2559083368670338
1.2559083368670338
1.2559083368670338
1.2559083368670338
1.2559083368670338
1.2559083368670338
1.2559083368670338
1.2559677107703855
1.2559677107703855
1.2559677107703855
1.2559677107703855
1.2559677107703855
1.2559832476618953
1.2559832476618953
1.2559832476618953
1.2559832476618953
1.2559840769071617
1.2559840769071617
1.2559840769071617
1.2559845573646773
1.2559845573646773
1.2559864876911537
1.2559864876911537
1.2559873384633886
1.2559883631129067
1.2559889779015674
1.2559893467743852
1.2559898373294582
1.2559902224388415
1.2559904535045012
1.2559906142261363
1.2559908857087387
1.2559908857087387
1.2559911519362583
1.255991359402598
1.255991359402598
1.2559914643125474
1.2559915373241604
1.2559916355091718
1.2559916649224192
1.2559917151859494
1.255991794605723
1.2559918422575864
1.255991890314563
1.2559919291417656
1.2559919644822681
1.2559919861826658
1.2559919986250578
1.2559920201000903
1.2559920258388646
1.2559920327628349
1.2559920444898416
1.2559920447545827
1.255992049008797
1.255992054836083
1.2559920583324546
1.2559920604302774
1.2559920619827107
1.2559920661400668
1.2559920692034605
1.2559920692034605
1.2559920702317546
1.255992071528858
1.255992071528858
1.255992071528858
1.255992071528858
1.2559920719033468
1.2559920719456579
1.2559920720806372
1.2559920723246218
1.2559920723246218
1.2559920725260245
1.2559920725834368
1.2559920726147797
1.2559920727047198
1.2559920727095748
1.25599207276857
1.2559920728467786
1.2559920729123906
1.255992072939084
1.255992072969084
1.2559920730200518
1.2559920730407534
1.255992073052479
1.2559920730675924
1.2559920730840437
1.2559920730952483
1.2559920731019711
1.255992073106005
1.2559920731084253
1.2559920731130874
1.2559920731178882
1.2559920731182788
1.25599207312177
1.2559920731223715
1.2559920731237406
1.2559920731251344
1.2559920731255168
1.2559920731260856
1.2559920731264347
1.2559920731267482
1.2559920731270777
1.255992073127274
1.2559920731273913
1.2559920731274947
1.2559920731276297
1.2559920731276923
1.2559920731277388
1.2559920731277716
1.255992073127832
1.2559920731278684
1.2559920731278826
1.2559920731279008
1.2559920731279137
1.2559920731279344
1.255992073127947
1.255992073127955
1.2559920731279695
1.255992073127974
1.2559920731279828
1.2559920731279854
1.25599207312799
1.255992073127996
1.2559920731279997
1.2559920731280023
1.255992073128005
1.2559920731280076
1.255992073128009
1.2559920731280103
1.2559920731280116
1.255992073128013
1.2559920731280136
1.255992073128014
1.2559920731280145
1.255992073128015
1.2559920731280152
1.2559920731280154
1.2559920731280156
1.2559920731280156
1.2559920731280159
1.2559920731280159
1.2559920731280159
1.2559920731280159
1.2559920731280159
1.2559920731280159
1.2559920731280159
1.2559920731280159
1.2559920731280159
1.2559920731280159
1.2559920731280159
1.2559920731280159
