1.6532198169128665
1.6532198169128665
1.6532198169128665
1.6532198169128665
1.6532198169128665
1.6532198169128665
1.6532198169128665
1.6532198169128665
1.6532198169128665
1.6532198169128665
1.6532198169128665
1.6532198169128665
1.6532198169128665
1.6532198169128665
1.6532198169128665
1.6532198169128665
1.6532198169128665
1.6532198169128665
1.6532198169128665
1.6532198169128665
1.6532198169128665
1.6532198169128665
1.6532198169128665
1.6532198169128665
1.6532198169128665
1.6532198169128665
1.6532198169128665
1.6532198169128665
1.6532198169128665
1.6532198169128665
1.6532198169128665
1.6532198169128665
1.6532198169128665
1.6532198169128665
1.6532198169128665
1.6532198169128665
1.6532198169128665
1.6532198169128665
1.6532198169128665
1.6532198169128665
1.6532198169128665
1.6532198169128665
1.6532198169128665
1.6532198169128665
1.6532198169128665
1.6532198169128665
1.6532198169128665
1.6532198169128665
1.6532198169128665
1.6532275267769698
1.6532275267769698
1.6532295194058975
1.653230895770459
1.6532317215895462
1.6532322170811249
1.653233413283626
1.653233413283626
1.653233413283626
1.653233778109081
1.653234624906388
1.653234624906388
1.653234914801194
1.653235204105232
1.6532354744620108
1.6532356676093511
1.6532359001308479
1.6532360999340603
1.6532362388816526
1.6532362869864095
1.6532363690931318
1.653236420780345
1.6532364687284724
1.6532364687284724
1.6532365016048285
1.6532365072535329
1.653236521561549
1.6532365250681624
1.6532365299288503
1.65323653321286
1.6532365369709647
1.6532365429479192
1.6532365494915051
1.6532365539580391
1.6532365578107844
1.6532365608580244
1.6532365632157042
1.6532365651205545
1.653236566726318
1.6532365678118799
1.6532365684632166
1.6532365689071837
1.6532365692982902
1.6532365696561426
1.6532365700817655
1.6532365703371392
1.6532365705332324
1.6532365706579886
1.6532365707344059
1.6532365708113177
1.6532365708592873
1.6532365709310566
1.6532365709801418
1.6532365710096015
1.6532365710297063
1.6532365710442232
1.6532365710710908
1.6532365710895804
1.653236571100674
1.6532365711073302
1.6532365711113242
1.6532365711141372
1.6532365711172707
1.6532365711191508
1.6532365711203023
1.6532365711211106
1.6532365711217076
1.653236571122253
1.6532365711227535
1.6532365711231525
1.6532365711233914
1.6532365711235353
1.6532365711236214
1.6532365711238455
1.6532365711240968
1.6532365711242474
1.6532365711243382
1.6532365711243937
1.6532365711244674
1.6532365711245582
1.6532365711246126
1.653236571124645
1.653236571124665
1.6532365711246768
1.6532365711246848
1.6532365711247152
1.6532365711247348
1.6532365711247463
1.6532365711247539
1.6532365711247667
1.6532365711247765
1.6532365711247823
1.6532365711247856
1.6532365711247905
1.6532365711247943
1.653236571124797
1.6532365711247983
1.653236571124801
1.6532365711248025
1.6532365711248034
1.6532365711248045
1.6532365711248054
1.6532365711248058
1.6532365711248063
1.6532365711248067
1.6532365711248074
1.6532365711248076
1.6532365711248076
1.6532365711248076
1.653236571124808
1.653236571124808
1.653236571124808
1.653236571124808
1.6532365711248083
1.6532365711248083
1.6532365711248083
1.6532365711248083
1.6532365711248083
1.6532365711248083
1.6532365711248083
1.6532365711248083
1.6532365711248083
1.6532365711248083
1.6532365711248083
1.6532365711248083
1.6532365711248083
