2.680582317524767
2.680582317524767
2.680582317524767
2.680582317524767
2.680582317524767
2.680582317524767
2.680582317524767
2.680582317524767
2.680582317524767
2.680582317524767
2.680582317524767
2.680582317524767
2.680582317524767
2.680582317524767
2.680582317524767
2.680582317524767
2.680582317524767
2.680582317524767
2.680582317524767
2.680582317524767
2.680582317524767
2.680582317524767
2.680582317524767
2.680582317524767
2.680582317524767
2.680582317524767
2.680582317524767
2.680582317524767
2.680582317524767
2.680582317524767
2.680582317524767
2.680582317524767
2.680582317524767
2.680582317524767
2.680582317524767
2.680582317524767
2.680582317524767
2.680582317524767
2.680582317524767
2.680582317524767
2.680582317524767
2.680582317524767
2.680582317524767
2.680582317524767
2.680582317524767
2.680582317524767
2.680582317524767
2.680582317524767
2.680582317524767
2.680582317524767
2.680582317524767
2.680582317524767
2.680582317524767
2.680583881926152
2.680583881926152
2.680583881926152
2.680583881926152
2.680583881926152
2.680583881926152
2.680583881926152
2.680583881926152
2.680583881926152
2.6805847683591995
2.6805860076964843
2.6805860076964843
2.6805869124289785
2.6805873128992888
2.680588415314658
2.680588415314658
2.6805885838897003
2.680588914630804
2.680589236308992
2.6805894290591423
2.6805894290591423
2.6805895290763786
2.680589603160772
2.6805896813395154
2.6805897023508334
2.680589777083676
2.6805898399074275
2.6805898776016797
2.6805899258923747
2.680589956896718
2.680589978569443
2.680589993596355
2.680590003730748
2.6805900133076555
2.680590017274623
2.680590021923913
2.6805900247380046
2.680590027826485
2.6805900300488945
2.68059003134097
2.680590032369812
2.6805900333225057
2.680590033923693
2.6805900346305607
2.6805900348016616
2.680590035410507
2.680590035781204
2.680590035792679
2.680590035887758
2.6805900359874193
2.680590036081785
2.6805900362134065
2.680590036258159
2.6805900362991912
2.6805900363373145
2.680590036360045
2.6805900363814947
2.680590036396465
2.6805900364086828
2.680590036417944
2.6805900364235007
2.6805900364268354
2.6805900364288355
2.6805900364344524
2.680590036440709
2.6805900364425375
2.6805900364425375
2.6805900364443453
2.680590036445361
2.680590036445361
2.6805900364455106
2.6805900364461235
2.6805900364464947
2.6805900364467825
2.6805900364469553
2.6805900364471626
2.6805900364473234
2.6805900364475255
2.680590036447583
2.680590036447702
2.6805900364478066
2.6805900364478696
2.6805900364479447
2.6805900364479998
2.6805900364480437
2.6805900364480695
2.680590036448085
2.6805900364481063
2.6805900364481206
2.680590036448128
2.680590036448133
2.680590036448136
2.6805900364481396
2.6805900364481454
2.6805900364481485
2.6805900364481503
2.680590036448152
2.6805900364481543
2.680590036448156
2.6805900364481565
2.680590036448157
2.6805900364481583
2.6805900364481583
2.6805900364481583
2.680590036448159
2.680590036448159
2.680590036448159
2.680590036448159
2.680590036448159
2.680590036448159
2.680590036448159
2.680590036448159
2.680590036448159
2.680590036448159
2.680590036448159
2.680590036448159
2.680590036448159
2.680590036448159
2.680590036448159
2.680590036448159
2.680590036448159
2.680590036448159
2.680590036448159
2.680590036448159
2.680590036448159
2.680590036448159
2.680590036448159
2.680590036448159
2.680590036448159
2.680590036448159
2.680590036448159
2.680590036448159
