2.1041420163581184
2.1041420163581184
2.1041420163581184
2.1041420163581184
2.1041420163581184
2.1041420163581184
2.1041420163581184
2.1041420163581184
2.1041420163581184
2.1041420163581184
2.1041420163581184
2.1041420163581184
2.1041420163581184
2.1041420163581184
2.1041420163581184
2.1041420163581184
2.1041420163581184
2.1041420163581184
2.1041420163581184
2.1041420163581184
2.1041420163581184
2.1041420163581184
2.1041420163581184
2.1041420163581184
2.1041420163581184
2.1041420163581184
2.1041420163581184
2.1041420163581184
2.1041420163581184
2.1041420163581184
2.1041420163581184
2.1041420163581184
2.1041420163581184
2.1041420163581184
2.1041420163581184
2.1041420163581184
2.1041420163581184
2.1041420163581184
2.1041420163581184
2.1041420163581184
2.1041420163581184
2.1041420163581184
2.1041420163581184
2.1041420163581184
2.1041611906669533
2.1041611906669533
2.1041611906669533
2.1041611906669533
2.104175017638547
2.104175017638547
2.104181858456124
2.1041867534645595
2.1041896904705064
2.1041896904705064
2.1041896904705064
2.1041896904705064
2.104193375228977
2.104193375228977
2.104193375228977
2.1041937147840075
2.104194943595063
2.1041960932152652
2.104197768903434
2.1041987743166968
2.1041995128276736
2.104200578089375
2.1042013453721644
2.1042018753247054
2.104202318321824
2.1042025810087353
2.1042027214812986
2.1042029073818624
2.104202972086902
2.1042031504479364
2.1042032040590892
2.1042032506743023
2.1042033120608816
2.1042033488928302
2.1042033927267654
2.1042033927267654
2.104203404250975
2.1042034258857334
2.1042034397428315
2.104203448792214
2.104203449629955
2.104203453167501
2.1042034619147443
2.1042034632496818
2.1042034662817697
2.1042034691023055
2.1042034708082067
2.1042034728153536
2.1042034740196414
2.104203474945201
2.104203475643345
2.104203476315048
2.1042034776385288
2.1042034784846786
2.1042034789923685
2.104203479296982
2.1042034794797506
2.1042034795936977
2.104203479891442
2.104203480243023
2.1042034804663063
2.104203480600277
2.104203480880086
2.104203481094963
2.1042034812238892
2.1042034813012442
2.1042034813476582
2.1042034813989305
2.1042034814747224
2.1042034815270614
2.1042034815584634
2.10420348159283
2.1042034816210684
2.1042034816380113
2.104203481648177
2.104203481654276
2.1042034816660244
2.1042034816809374
2.104203481689984
2.104203481695413
2.10420348169944
2.1042034817056288
2.104203481709341
2.1042034817115693
2.104203481713183
2.1042034817166346
2.1042034817187334
2.104203481719993
2.104203481720749
2.10420348172134
2.10420348172301
2.1042034817240123
2.104203481724613
2.1042034817249737
2.1042034817259196
2.104203481726505
2.1042034817268567
2.1042034817270667
2.1042034817271933
2.1042034817273545
2.1042034817275153
2.1042034817276116
2.1042034817276725
2.104203481727772
2.104203481727832
2.104203481727868
2.104203481727901
2.1042034817279336
2.1042034817279536
2.1042034817279656
2.104203481727973
2.104203481727986
2.1042034817280006
2.1042034817280095
2.1042034817280153
2.1042034817280246
2.104203481728031
2.104203481728035
2.104203481728037
2.104203481728038
2.1042034817280393
2.1042034817280415
2.1042034817280437
2.104203481728044
2.104203481728044
2.104203481728045
2.1042034817280455
2.104203481728046
2.104203481728046
2.1042034817280464
2.104203481728047
2.1042034817280473
2.1042034817280473
2.1042034817280473
2.1042034817280473
2.1042034817280473
2.1042034817280473
2.1042034817280473
