1.8765421617053957
1.8765421617053957
1.8765421617053957
1.8765421617053957
1.8765421617053957
1.8765421617053957
1.8765421617053957
1.8765421617053957
1.8765421617053957
1.8765421617053957
1.8765421617053957
1.8765421617053957
1.8765421617053957
1.8765421617053957
1.8765421617053957
1.8765421617053957
1.8765421617053957
1.8765421617053957
1.8765421617053957
1.8765421617053957
1.8765421617053957
1.8765421617053957
1.8765421617053957
1.8765421617053957
1.8765421617053957
1.8765421617053957
1.8765421617053957
1.8765421617053957
1.8765421617053957
1.8765421617053957
1.8765421617053957
1.8765421617053957
1.8765421617053957
1.8765421617053957
1.8765421617053957
1.8765421617053957
1.8765421617053957
1.8765421617053957
1.8765421617053957
1.8765421617053957
1.8765421617053957
1.8765421617053957
1.8765421617053957
1.8765421617053957
1.8765421617053957
1.8765421617053957
1.8765421617053957
1.876550797970669
1.876550797970669
1.876550797970669
1.876550797970669
1.876562432154596
1.876565977171266
1.87657058780155
1.87657058780155
1.8765729349218414
1.8765765884062018
1.8765765884062018
1.8765780252682809
1.8765798263375901
1.8765802276122898
1.8765807245173534
1.8765812376744047
1.8765815815690825
1.8765817879059163
1.8765819520776787
1.8765822530330059
1.876582576860948
1.876582801321621
1.8765829359980364
1.8765830737104603
1.8765831631768144
1.8765832505871858
1.8765833179174163
1.876583349405564
1.8765833962105825
1.8765833962105825
1.876583426391602
1.8765834369795418
1.876583443978556
1.8765834491808215
1.8765834606705865
1.8765834736797915
1.8765834788438833
1.8765834788438833
1.8765834851761825
1.8765834857755095
1.8765834862392423
1.8765834864624207
1.876583486910836
1.8765834877489727
1.8765834884136736
1.8765834890441238
1.8765834897259432
1.8765834902095258
1.8765834905735619
1.8765834909476582
1.8765834912552077
1.8765834914567086
1.8765834915776085
1.8765834916559339
1.876583491736679
1.876583491794191
1.876583491833596
1.8765834918572386
1.8765834918799784
1.8765834919015658
1.8765834919193853
1.87658349193062
1.87658349193857
1.8765834919470876
1.876583491956412
1.8765834919620061
1.8765834919666458
1.8765834919715667
1.876583491974852
1.87658349197695
1.8765834919782083
1.876583491979523
1.8765834919805697
1.8765834919812496
1.876583491981809
1.8765834919822824
1.8765834919826399
1.8765834919828548
1.8765834919830364
1.8765834919832702
1.8765834919834263
1.8765834919835198
1.876583491983576
1.8765834919836453
1.8765834919837299
1.876583491983781
1.8765834919838116
1.87658349198383
1.8765834919838422
1.8765834919838673
1.876583491983884
1.8765834919838942
1.8765834919839
1.8765834919839115
1.8765834919839204
1.8765834919839255
1.8765834919839288
1.8765834919839308
1.876583491983934
1.8765834919839361
1.8765834919839375
1.8765834919839384
1.8765834919839401
1.876583491983941
1.876583491983942
1.8765834919839421
1.8765834919839428
1.8765834919839433
1.8765834919839437
1.876583491983944
1.876583491983944
1.8765834919839444
1.8765834919839448
1.8765834919839448
1.8765834919839448
1.8765834919839448
1.876583491983945
1.876583491983945
1.876583491983945
1.876583491983945
1.876583491983945
1.876583491983945
1.876583491983945
1.876583491983945
1.876583491983945
1.876583491983945
1.876583491983945
1.876583491983945
1.876583491983945
1.876583491983945
1.876583491983945
1.876583491983945
1.876583491983945
1.876583491983945
1.876583491983945
