1.493852467913805
1.493852467913805
1.493852467913805
1.493852467913805
1.493852467913805
1.493852467913805
1.493852467913805
1.493852467913805
1.493852467913805
1.493852467913805
1.493852467913805
1.493852467913805
1.493852467913805
1.493852467913805
1.493852467913805
1.493852467913805
1.493852467913805
1.493852467913805
1.493852467913805
1.493852467913805
1.493852467913805
1.493852467913805
1.493852467913805
1.493852467913805
1.493852467913805
1.493852467913805
1.493852467913805
1.493852467913805
1.493852467913805
1.493852467913805
1.493852467913805
1.493852467913805
1.493852467913805
1.493852467913805
1.493852467913805
1.493852467913805
1.493852467913805
1.493852467913805
1.493852467913805
1.493852467913805
1.493852467913805
1.493852467913805
1.493852467913805
1.4938673697994886
1.4939285336361745
1.4939285336361745
1.4939606476807352
1.4939606476807352
1.4939606476807352
1.4939657825526005
1.4939657825526005
1.4939669068739792
1.4939686251181397
1.4939696560656357
1.4939702746344936
1.4939735169285653
1.4939739813580275
1.4939785604706268
1.4939790319365502
1.4939810867381016
1.4939823694120171
1.4939826346669383
1.4939842158145382
1.4939847179773584
1.4939858848441587
1.4939863654844114
1.4939868530371336
1.4939872872881974
1.4939876059030077
1.493987718432922
1.4939879228934312
1.493987998917845
1.493988079917143
1.4939881308638225
1.4939881763008667
1.4939882149396433
1.493988266820628
1.4939883026832357
1.4939883242008005
1.4939883738639324
1.493988395213867
1.4939884132332368
1.4939884244455208
1.4939884319370258
1.4939884362760507
1.4939884439450617
1.493988445559352
1.4939884487517843
1.4939884516791864
1.4939884535136463
1.4939884550035583
1.493988455700014
1.4939884568477624
1.4939884573802065
1.4939884576442477
1.4939884576442477
1.493988458030623
1.4939884581624434
1.4939884581624434
1.4939884581624434
1.4939884581666127
1.49398845822394
1.4939884583181033
1.4939884583181033
1.493988458357387
1.4939884583751375
1.4939884584063365
1.4939884584326484
1.4939884584484355
1.4939884584579082
1.4939884584703673
1.493988458489194
1.493988458490058
1.493988458496786
1.493988458502453
1.4939884585057763
1.493988458509033
1.4939884585122554
1.493988458514189
1.4939884585162748
1.4939884585175267
1.4939884585188692
1.4939884585200929
1.4939884585203105
1.4939884585214673
1.4939884585220216
1.4939884585221954
1.4939884585225771
1.4939884585226282
1.493988458522802
1.4939884585228627
1.4939884585229646
1.4939884585229917
1.493988458523084
1.4939884585231449
1.4939884585231813
1.4939884585232426
1.4939884585232657
1.4939884585232794
1.4939884585232985
1.4939884585233132
1.493988458523328
1.4939884585233385
1.4939884585233454
1.493988458523349
1.4939884585233523
1.4939884585233523
1.4939884585233543
1.4939884585233565
1.4939884585233576
1.4939884585233587
1.493988458523359
1.4939884585233594
1.4939884585233603
1.4939884585233603
1.4939884585233607
1.4939884585233607
1.4939884585233607
1.4939884585233612
1.4939884585233612
1.4939884585233612
1.4939884585233612
1.4939884585233612
1.4939884585233612
1.4939884585233612
1.4939884585233612
1.4939884585233612
1.4939884585233612
1.4939884585233612
1.4939884585233612
1.4939884585233612
1.4939884585233612
1.4939884585233612
1.4939884585233612
1.4939884585233612
1.4939884585233612
1.4939884585233612
1.4939884585233612
1.4939884585233612
1.4939884585233612
1.4939884585233612
1.4939884585233612
