2.025986421606245
2.025986421606245
2.025986421606245
2.025986421606245
2.025986421606245
2.025986421606245
2.025986421606245
2.025986421606245
2.025986421606245
2.025986421606245
2.025986421606245
2.025986421606245
2.025986421606245
2.025986421606245
2.025986421606245
2.025986421606245
2.025986421606245
2.025986421606245
2.025986421606245
2.025986421606245
2.025986421606245
2.025986421606245
2.025986421606245
2.025986421606245
2.025986421606245
2.025986421606245
2.025986421606245
2.025986421606245
2.025986421606245
2.025986421606245
2.025986421606245
2.025986421606245
2.025986421606245
2.025986421606245
2.025986421606245
2.025986421606245
2.025986421606245
2.025986421606245
2.025986421606245
2.025986421606245
2.025986421606245
2.025986421606245
2.0261068734974117
2.0261068734974117
2.0261068734974117
2.0261068734974117
2.0261068734974117
2.0261068734974117
2.0261068734974117
2.0261068734974117
2.026165212517671
2.026165212517671
2.026165212517671
2.026165212517671
2.026165212517671
2.026165212517671
2.026165212517671
2.026165212517671
2.026165212517671
2.026165212517671
2.026165212517671
2.026165212517671
2.026165212517671
2.0261763501869785
2.0261844244986893
2.0262090982782497
2.0262239028878657
2.0262327857767155
2.0262492818439553
2.0262651593121555
2.02627594633436
2.0262811166891193
2.0262862724397586
2.0262952262514045
2.026300867722211
2.026304252615035
2.026308683873654
2.0263118776294307
2.0263140223061606
2.026315311551145
2.026316604367213
2.026317833791444
2.026318679835183
2.0263191874615445
2.026319492037405
2.0263199597240606
2.0263207124893325
2.026321164148674
2.0263214352828207
2.0263216661361634
2.0263219222038167
2.026322077418902
2.0263221705479584
2.0263222264253953
2.026322313756809
2.0263223814532205
2.0263224220710683
2.0263224464417773
2.02632246159634
2.0263224725647984
2.026322489972031
2.0263225011129156
2.0263225077974476
2.026322511808167
2.026322516620037
2.026322520254647
2.0263225224354127
2.0263225237438727
2.026322524735848
2.026322526271274
2.02632252741789
2.0263225281058594
2.0263225286241724
2.0263225293228513
2.026322529750631
2.0263225300073
2.026322530171837
2.0263225305003445
2.0263225307189945
2.026322530850184
2.0263225309288986
2.026322531065561
2.0263225311637387
2.0263225312226445
2.0263225312579896
2.0263225312791953
2.026322531291919
2.0263225313279714
2.0263225313565743
2.0263225313737365
2.026322531384033
2.0263225313902113
2.0263225314037414
2.02632253142216
2.026322531433212
2.0263225314398428
2.026322531443821
2.026322531451798
2.026322531458422
2.0263225314623963
2.02632253146478
2.0263225314697353
2.0263225314737237
2.0263225314761164
2.0263225314775903
2.0263225314807243
2.026322531482604
2.026322531483733
2.0263225314844107
2.0263225314848174
2.0263225314852353
2.026322531485917
2.026322531486326
2.0263225314865716
2.0263225314867186
2.026322531487023
2.0263225314872133
2.0263225314873274
2.0263225314874274
2.0263225314875517
2.0263225314876268
2.0263225314876707
2.0263225314877027
2.0263225314877453
2.02632253148777
2.0263225314877853
2.0263225314877955
2.026322531487806
2.0263225314878133
2.0263225314878177
2.02632253148782
2.026322531487824
2.026322531487826
2.026322531487828
2.0263225314878293
2.0263225314878306
2.0263225314878315
2.0263225314878324
2.0263225314878324
2.0263225314878324
2.0263225314878324
2.0263225314878324
2.0263225314878324
2.0263225314878324
2.0263225314878324
2.0263225314878324
2.0263225314878324
2.0263225314878324
2.0263225314878324
2.0263225314878324
2.0263225314878324
2.0263225314878324
2.0263225314878324
2.0263225314878324
2.0263225314878324
2.0263225314878324
2.0263225314878324
2.0263225314878324
2.0263225314878324
2.0263225314878324
2.0263225314878324
