4.472782914256949
4.472782914256949
4.472782914256949
4.472782914256949
4.472782914256949
4.472782914256949
4.472782914256949
4.472782914256949
4.472782914256949
4.472782914256949
4.472782914256949
4.472782914256949
4.472782914256949
4.472782914256949
4.472782914256949
4.472782914256949
4.472782914256949
4.472782914256949
4.472782914256949
4.472782914256949
4.472782914256949
4.472782914256949
4.472782914256949
4.472782914256949
4.472782914256949
4.472782914256949
4.472782914256949
4.472782914256949
4.472782914256949
4.472782914256949
4.472782914256949
4.472782914256949
4.472782914256949
4.472782914256949
4.472782914256949
4.472782914256949
4.472782914256949
4.472782914256949
4.472782914256949
4.472782914256949
4.472782914256949
4.472782914256949
4.472782914256949
4.472782914256949
4.472782914256949
4.472782914256949
4.472782914256949
4.472782914256949
4.472782914256949
4.472782914256949
4.472782914256949
4.472782914256949
4.472782914256949
4.472782914256949
4.472799407512654
4.472799407512654
4.472799407512654
4.472808016955339
4.472808016955339
4.472808016955339
4.472827680732946
4.472827680732946
4.472827680732946
4.472832716413703
4.472836396015397
4.472844589254592
4.472849900511325
4.472853087268735
4.472854999324395
4.472856146558228
4.472856903666059
4.4728579935892645
4.472859574929994
4.472860523734731
4.472861185050146
4.4728622258396475
4.472863352618285
4.472863953192612
4.472865043941786
4.472865844124106
4.472866383801065
4.472866801790138
4.472867292483205
4.472867298843746
4.472867299232171
4.472867299232171
4.472867299232171
4.472867317615912
4.472867317615912
4.472867317615912
4.472867317615912
4.47286734823885
4.472867371899811
4.472867371899811
4.472867371899811
4.47286740252923
4.4728674072984616
4.472867409377101
4.472867413022058
4.472867419655825
4.4728674259882695
4.472867430508445
4.47286743322055
4.472867434967261
4.472867437407628
4.4728674391353564
4.472867440364162
4.472867441101447
4.472867441676833
4.4728674425877735
4.472867443277608
4.4728674436915075
4.4728674439424605
4.47286744449296
4.472867445015939
4.472867445329726
4.4728674456499355
4.472867446093504
4.4728674462354325
4.4728674462354325
4.472867446459325
4.472867446513357
4.472867446545774
4.4728674465976255
4.472867446598283
4.472867446673604
4.47286744672436
4.4728674467548135
4.4728674467774
4.472867446809291
4.4728674468303335
4.472867446842957
4.472867446850533
4.472867446862093
4.472867446870518
4.472867446876232
4.472867446880319
4.472867446885594
4.4728674468889755
4.472867446891003
4.472867446893091
4.472867446895433
4.472867446896896
4.472867446897775
4.472867446898736
4.472867446899497
4.472867446899953
4.472867446900228
4.472867446900424
4.472867446900823
4.472867446901069
4.472867446901218
4.472867446901307
4.47286744690148
4.472867446901622
4.472867446901708
4.472867446901759
4.47286744690179
4.472867446901809
4.472867446901821
4.4728674469018275
4.4728674469018435
4.472867446901854
4.472867446901861
4.472867446901867
4.472867446901875
4.472867446901881
4.472867446901883
4.472867446901886
4.47286744690189
4.472867446901892
4.472867446901893
4.472867446901895
4.472867446901897
4.472867446901897
4.4728674469018985
4.4728674469018985
4.472867446901899
4.472867446901899
4.472867446901899
4.472867446901899
4.472867446901899
4.472867446901899
4.472867446901899
4.472867446901899
4.472867446901899
4.472867446901899
4.472867446901899
4.472867446901899
4.472867446901899
4.472867446901899
4.472867446901899
4.472867446901899
4.472867446901899
4.472867446901899
