2.2270986027828776
2.2270986027828776
2.2270986027828776
2.2270986027828776
2.2270986027828776
2.2270986027828776
2.2270986027828776
2.2270986027828776
2.2270986027828776
2.2270986027828776
2.2270986027828776
2.2270986027828776
2.2270986027828776
2.2270986027828776
2.2270986027828776
2.2270986027828776
2.2270986027828776
2.2270986027828776
2.2270986027828776
2.2270986027828776
2.2270986027828776
2.2270986027828776
2.2270986027828776
2.2270986027828776
2.2270986027828776
2.2270986027828776
2.2270986027828776
2.2270986027828776
2.2270986027828776
2.2270986027828776
2.2270986027828776
2.2270986027828776
2.2270986027828776
2.2270986027828776
2.2270986027828776
2.2270986027828776
2.2270986027828776
2.2270986027828776
2.2271234517489793
2.2271234517489793
2.2271234517489793
2.2271234517489793
2.2271234517489793
2.2271234517489793
2.2271234517489793
2.2271234517489793
2.2271234517489793
2.2271234517489793
2.2271234517489793
2.2271234517489793
2.2271234517489793
2.2271234517489793
2.2271234517489793
2.2271234517489793
2.2271420543778597
2.2271420543778597
2.2271420543778597
2.2271420543778597
2.2271481587421977
2.2271481587421977
2.2271481587421977
2.2271481587421977
2.227152281362321
2.227152281362321
2.227152281362321
2.2271535398139517
2.227154840598097
2.2271559581143414
2.227157335029422
2.227157940850855
2.227158471975089
2.227158964354628
2.227159644913851
2.2271601106412335
2.2271604154651947
2.22716087015436
2.227161142967823
2.2271613127523806
2.2271614158423922
2.227161477696397
2.227161714182909
2.2271619309544803
2.2271620670639294
2.2271621487295947
2.227162280154786
2.2271624131085304
2.227162492880773
2.2271625325739444
2.227162605303536
2.2271626502388364
2.227162677200016
2.2271626933767226
2.227162703082748
2.2271627152939866
2.227162724608408
2.227162730948972
2.2271627347533105
2.227162740383502
2.227162745789964
2.227162749359183
2.2271627515007144
2.2271627527856332
2.2271627535565846
2.227162754019156
2.2271627569063264
2.227162758888651
2.2271627600780457
2.2271627609968316
2.2271627623250723
2.22716276319053
2.227162763709806
2.227162764290656
2.2271627648863475
2.227162765243762
2.2271627654582113
2.2271627655868804
2.2271627656744672
2.227162765942592
2.227162766105611
2.2271627662034224
2.2271627663147826
2.2271627664349727
2.227162766507087
2.227162766550356
2.2271627665967
2.227162766647808
2.227162766678472
2.2271627666968716
2.2271627667149674
2.2271627667305682
2.227162766739928
2.2271627667455434
2.227162766748913
2.227162766752433
2.227162766755465
2.2271627667572846
2.2271627667583767
2.2271627667590317
2.2271627667598826
2.2271627667605447
2.2271627667609413
2.2271627667611797
2.2271627667613227
2.227162766761409
2.2271627667615403
2.227162766761648
2.2271627667617127
2.227162766761757
2.227162766761819
2.2271627667618557
2.2271627667618783
2.227162766761895
2.2271627667619187
2.227162766761932
2.2271627667619396
2.2271627667619485
2.227162766761956
2.2271627667619613
2.227162766761964
2.227162766761966
2.227162766761969
2.2271627667619702
2.2271627667619707
2.2271627667619716
2.227162766761972
2.2271627667619724
2.227162766761973
2.2271627667619733
2.2271627667619733
2.2271627667619738
2.227162766761974
2.227162766761974
2.227162766761974
2.227162766761974
2.227162766761974
2.227162766761974
2.227162766761974
2.227162766761974
2.227162766761974
2.227162766761974
2.227162766761974
2.227162766761974
2.227162766761974
2.227162766761974
2.227162766761974
2.227162766761974
2.227162766761974
2.227162766761974
2.227162766761974
2.227162766761974
2.227162766761974
2.227162766761974
2.227162766761974
