2.165639412223641
2.165639412223641
2.165639412223641
2.165639412223641
2.165639412223641
2.165639412223641
2.165639412223641
2.165639412223641
2.165639412223641
2.165639412223641
2.165639412223641
2.165639412223641
2.165639412223641
2.165639412223641
2.165639412223641
2.165639412223641
2.165639412223641
2.165639412223641
2.165639412223641
2.165639412223641
2.165639412223641
2.165639412223641
2.165639412223641
2.165639412223641
2.165639412223641
2.165639412223641
2.165639412223641
2.165639412223641
2.165639412223641
2.165639412223641
2.165639412223641
2.165639412223641
2.165639412223641
2.165639412223641
2.165639412223641
2.165639412223641
2.165639412223641
2.165639412223641
2.165639412223641
2.165639412223641
2.165639412223641
2.165639412223641
2.165639412223641
2.165639412223641
2.165639412223641
2.1656563005701885
2.1656563005701885
2.1656563005701885
2.1656563005701885
2.1656563005701885
2.1656586361092125
2.165659702327649
2.1656646577359577
2.1656676309804292
2.165670972125406
2.165670972125406
2.165671478222272
2.1656740511945403
2.165675331953909
2.165675331953909
2.165675331953909
2.165675740588922
2.165676077376573
2.165676720676284
2.1656772817127625
2.1656777523810904
2.165678198268851
2.1656784781498546
2.165678783581095
2.16567911604543
2.165679315524032
2.165679536308077
2.165679767696287
2.1656799065292107
2.165680007302555
2.165680050446181
2.1656801339353224
2.1656802123586227
2.1656802659339895
2.1656802980792103
2.1656803173663417
2.1656803173663417
2.165680333964281
2.1656803592236953
2.1656803788258956
2.165680390587216
2.1656804054988545
2.1656804202754825
2.16568042914146
2.165680434461046
2.165680437652798
2.1656804416648328
2.1656804456832437
2.165680449194161
2.1656804513007115
2.1656804525646414
2.165680455111815
2.1656804571833534
2.1656804580299287
2.165680459217206
2.1656804605571747
2.165680461394498
2.165680461896892
2.1656804621983277
2.165680462869348
2.1656804635799216
2.165680464006266
2.165680464262072
2.1656804645238026
2.1656804647321892
2.1656804648572217
2.1656804649322408
2.1656804649772528
2.165680465029831
2.1656804650756283
2.1656804651032315
2.165680465119793
2.1656804651297303
2.1656804651444963
2.1656804651568793
2.1656804651643093
2.1656804651687662
2.1656804651714414
2.165680465174652
2.1656804651782386
2.165680465180391
2.1656804651816826
2.165680465182457
2.1656804651839963
2.1656804651850967
2.1656804651857575
2.1656804651861536
2.1656804651864308
2.165680465186734
2.165680465186946
2.165680465187073
2.165680465187149
2.16568046518725
2.1656804651873927
2.1656804651874784
2.1656804651875294
2.1656804651875814
2.1656804651876325
2.165680465187663
2.1656804651876818
2.1656804651877
2.165680465187723
2.165680465187737
2.1656804651877453
2.1656804651877497
2.165680465187761
2.1656804651877692
2.165680465187775
2.1656804651877777
2.1656804651877826
2.1656804651877857
2.1656804651877875
2.1656804651877883
2.1656804651877897
2.1656804651877914
2.165680465187792
2.165680465187793
2.1656804651877932
2.165680465187794
2.1656804651877946
2.165680465187795
2.165680465187795
2.165680465187795
2.165680465187795
2.165680465187795
2.165680465187795
2.165680465187795
2.165680465187795
2.165680465187795
2.165680465187795
2.165680465187795
2.165680465187795
2.165680465187795
2.165680465187795
2.165680465187795
2.165680465187795
2.165680465187795
2.165680465187795
2.165680465187795
2.165680465187795
2.165680465187795
2.165680465187795
