2.0826499699716514
2.0826499699716514
2.0826499699716514
2.0826499699716514
2.0826499699716514
2.0826499699716514
2.0826499699716514
2.0826499699716514
2.0826499699716514
2.0826499699716514
2.0826499699716514
2.0826499699716514
2.0826499699716514
2.0826499699716514
2.0826499699716514
2.0826499699716514
2.0826499699716514
2.0826499699716514
2.0826499699716514
2.0826499699716514
2.0826499699716514
2.0826499699716514
2.0826499699716514
2.0826499699716514
2.0826499699716514
2.0826499699716514
2.0826499699716514
2.0826499699716514
2.0826499699716514
2.0826499699716514
2.0826499699716514
2.0826499699716514
2.0826499699716514
2.0826499699716514
2.0826499699716514
2.0826499699716514
2.0826499699716514
2.0826499699716514
2.0826499699716514
2.0826499699716514
2.0826499699716514
2.0826499699716514
2.0826499699716514
2.0826499699716514
2.0826499699716514
2.0826499699716514
2.0826499699716514
2.0826499699716514
2.082650286923418
2.082650286923418
2.082650286923418
2.082650286923418
2.082651630871104
2.082651630871104
2.082651630871104
2.082651630871104
2.0826525042482147
2.0826526296416703
2.0826526296416703
2.082652750104332
2.0826528232694423
2.082652988241548
2.0826534324457797
2.082653731780117
2.0826539113806426
2.0826540191409304
2.0826540865057916
2.0826541880112135
2.0826543259849317
2.082654423908619
2.0826544624843586
2.0826544899196304
2.082654519848388
2.0826545536129304
2.0826545738716553
2.082654588793722
2.082654588793722
2.0826545995953443
2.0826546078619734
2.082654612633906
2.0826546154970655
2.0826546205558163
2.0826546264572796
2.082654633604307
2.0826546383736817
2.082654641235307
2.0826546429636505
2.082654646199383
2.082654647922492
2.0826546492744717
2.0826546499586223
2.082654650898979
2.082654651594266
2.082654651873644
2.082654652094141
2.082654652393754
2.082654652567807
2.0826546526809757
2.0826546527380905
2.0826546527874084
2.0826546528521828
2.0826546528521828
2.082654652864458
2.0826546528757284
2.082654652887066
2.0826546529094907
2.0826546529094907
2.0826546529210135
2.0826546529224914
2.0826546529269354
2.082654652931726
2.082654652933893
2.0826546529358683
2.0826546529386256
2.082654652940979
2.082654652942546
2.082654652944362
2.0826546529459873
2.0826546529459873
2.0826546529466126
2.082654652946835
2.082654652947125
2.0826546529474674
2.0826546529477494
2.08265465294792
2.082654652948021
2.0826546529480825
2.082654652948255
2.0826546529486345
2.0826546529488628
2.0826546529489995
2.0826546529490813
2.0826546529491305
2.08265465294919
2.0826546529492616
2.082654652949309
2.082654652949335
2.0826546529493495
2.082654652949357
2.0826546529493655
2.082654652949377
2.08265465294938
2.0826546529493917
2.0826546529493943
2.0826546529493988
2.0826546529493997
2.082654652949402
2.0826546529494028
2.0826546529494046
2.082654652949406
2.0826546529494068
2.0826546529494077
2.082654652949408
2.082654652949409
2.0826546529494094
2.08265465294941
2.08265465294941
2.08265465294941
2.08265465294941
2.08265465294941
2.08265465294941
2.08265465294941
2.08265465294941
2.08265465294941
2.08265465294941
2.08265465294941
2.08265465294941
2.08265465294941
2.08265465294941
2.08265465294941
2.08265465294941
2.08265465294941
2.08265465294941
2.08265465294941
2.08265465294941
2.08265465294941
2.08265465294941
