1.7778948350223438
1.7778948350223438
1.7778948350223438
1.7778948350223438
1.7778948350223438
1.7778948350223438
1.7778948350223438
1.7778948350223438
1.7778948350223438
1.7778948350223438
1.7778948350223438
1.7778948350223438
1.7778948350223438
1.7778948350223438
1.7778948350223438
1.7778948350223438
1.7778948350223438
1.7778948350223438
1.7778948350223438
1.7778948350223438
1.7778948350223438
1.7778948350223438
1.7778948350223438
1.7778948350223438
1.7778948350223438
1.7778948350223438
1.7778948350223438
1.7778948350223438
1.7778948350223438
1.7778948350223438
1.7778948350223438
1.7778948350223438
1.7778948350223438
1.7778948350223438
1.7778948350223438
1.7778948350223438
1.7778948350223438
1.7778948350223438
1.7778948350223438
1.7778948350223438
1.7778948350223438
1.7778948350223438
1.7778948350223438
1.7778948350223438
1.7778948350223438
1.7778948350223438
1.7778948350223438
1.7778948350223438
1.7778948350223438
1.7778948350223438
1.7778948350223438
1.7778948350223438
1.7778948350223438
1.7778948350223438
1.7778948350223438
1.7778948350223438
1.7778948350223438
1.7778948350223438
1.7778954243809584
1.7778954243809584
1.7778954243809584
1.7778961181836446
1.7778961181836446
1.7778961181836446
1.7778967228157927
1.7778967484801336
1.7778971185838437
1.7778973381118943
1.7778975008933093
1.7778976773326556
1.7778979301770894
1.7778979987548922
1.777898218215077
1.7778982609905407
1.7778983148155882
1.7778983498042433
1.7778984090361953
1.7778984641663573
1.7778985195078345
1.7778985755761483
1.7778985976601154
1.7778986311040612
1.7778986311040612
1.7778986311040612
1.7778986391570837
1.7778986410234567
1.7778986417046538
1.7778986439798694
1.777898646703253
1.7778986509264703
1.7778986543802526
1.7778986573402722
1.7778986588758712
1.7778986603310614
1.777898660896628
1.777898661916664
1.7778986622691477
1.7778986626610649
1.7778986629306688
1.7778986633102531
1.7778986634285536
1.7778986634995333
1.7778986637058192
1.777898663919477
1.7778986640596977
1.7778986641539853
1.777898664309999
1.7778986643973014
1.7778986644496826
1.7778986644819443
1.7778986645210524
1.7778986645523096
1.7778986645727255
1.777898664585296
1.777898664592838
1.7778986645965809
1.7778986646016994
1.77789866460683
1.7778986646096684
1.777898664611519
1.777898664613382
1.7778986646151824
1.7778986646166068
1.7778986646175456
1.777898664618443
1.7778986646192538
1.777898664619791
1.7778986646201385
1.777898664620381
1.7778986646206876
1.7778986646208712
1.7778986646209824
1.7778986646210522
1.7778986646211805
1.7778986646212767
1.7778986646213397
1.7778986646213844
1.7778986646214414
1.7778986646214843
1.777898664621507
1.7778986646215258
1.777898664621533
1.7778986646215462
1.77789866462155
1.777898664621556
1.7778986646215589
1.777898664621563
1.7778986646215662
1.7778986646215678
1.77789866462157
1.7778986646215718
1.7778986646215729
1.7778986646215735
1.7778986646215744
1.7778986646215744
1.7778986646215749
1.7778986646215753
1.7778986646215758
1.777898664621576
1.777898664621576
1.7778986646215762
1.7778986646215762
1.7778986646215762
1.7778986646215766
1.7778986646215766
1.7778986646215766
1.7778986646215766
1.7778986646215766
1.7778986646215766
1.7778986646215766
1.7778986646215766
1.7778986646215766
1.7778986646215766
1.7778986646215766
1.7778986646215766
1.7778986646215766
1.7778986646215766
1.7778986646215766
1.7778986646215766
1.7778986646215766
1.7778986646215766
