2.3357644484498192
2.3357644484498192
2.3357644484498192
2.3357644484498192
2.3357644484498192
2.3357644484498192
2.3357644484498192
2.3357644484498192
2.3357644484498192
2.3357644484498192
2.3357644484498192
2.3357644484498192
2.3357644484498192
2.3357644484498192
2.3357644484498192
2.3357644484498192
2.3357644484498192
2.3357644484498192
2.3357644484498192
2.3357644484498192
2.3357644484498192
2.3357644484498192
2.3357644484498192
2.3357644484498192
2.3357644484498192
2.3357644484498192
2.3357644484498192
2.3357644484498192
2.3357644484498192
2.3357644484498192
2.3357644484498192
2.3357644484498192
2.3357644484498192
2.3357644484498192
2.3357644484498192
2.3358921920116718
2.3358921920116718
2.3358921920116718
2.3358921920116718
2.3358921920116718
2.3358921920116718
2.3358921920116718
2.3358921920116718
2.335923169431878
2.335923169431878
2.335923169431878
2.335923169431878
2.335923169431878
2.335923169431878
2.335923169431878
2.335952469235532
2.335952469235532
2.335952469235532
2.335986248844205
2.335986248844205
2.3359914506358446
2.335998295216377
2.336006342023878
2.3360118945030925
2.3360155432942724
2.3360221228507783
2.336026070589178
2.336029099125391
2.3360322198698182
2.3360340992119757
2.336035640779402
2.3360368010832526
2.3360375790973116
2.3360377856348653
2.3360385612468924
2.3360389383228717
2.336039265240357
2.3360395515557357
2.336039723344959
2.336039826418491
2.336039893614695
2.336039988678935
2.336040052349025
2.336040120338739
2.3360401611325647
2.3360401611325647
2.3360401684561904
2.336040182998519
2.3360401905746024
2.336040202493952
2.3360402028497664
2.33604020929871
2.3360402180763122
2.3360402183525038
2.3360402183525038
2.3360402223182435
2.336040223053409
2.3360402231039705
2.3360402233630175
2.336040224759628
2.336040225311817
2.3360402260261313
2.3360402265379485
2.3360402267972655
2.3360402271370173
2.3360402278984105
2.336040228150096
2.336040228586911
2.336040228797115
2.3360402290547087
2.3360402291970472
2.336040229274001
2.3360402294789053
2.3360402295651808
2.336040229592391
2.336040229676364
2.336040229726747
2.336040229792896
2.336040229792896
2.336040229833033
2.336040229860442
2.3360402298755467
2.3360402298755467
2.336040229881597
2.3360402299006164
2.3360402299088334
2.3360402299137633
2.3360402299175336
2.336040229918731
2.3360402299266783
2.336040229934616
2.3360402299373044
2.336040229940135
2.336040229941766
2.336040229942759
2.3360402299467564
2.3360402299474945
2.3360402299474945
2.3360402299484333
2.3360402299492153
2.3360402299496785
2.3360402299499956
2.3360402299504557
2.3360402299508487
2.336040229951083
2.3360402299512253
2.336040229951341
2.3360402299515415
2.3360402299516125
2.3360402299517276
2.3360402299517617
2.3360402299518284
2.3360402299518697
2.336040229951894
2.336040229951909
2.3360402299519256
2.336040229951943
2.3360402299519505
2.3360402299519585
2.3360402299519634
2.336040229951974
2.336040229951979
2.3360402299519833
2.3360402299519887
2.3360402299519945
2.336040229951998
2.3360402299519993
2.3360402299520016
2.3360402299520024
2.336040229952004
2.336040229952004
2.336040229952004
2.336040229952004
2.336040229952004
2.336040229952004
2.336040229952004
2.336040229952004
2.336040229952004
2.336040229952004
2.336040229952004
2.336040229952004
2.336040229952004
2.336040229952004
2.336040229952004
2.336040229952004
2.336040229952004
2.336040229952004
2.336040229952004
2.336040229952004
