1.8819344399718565
1.8819344399718565
1.8819344399718565
1.8819344399718565
1.8819344399718565
1.8819344399718565
1.8819344399718565
1.8819344399718565
1.8819344399718565
1.8819344399718565
1.8819344399718565
1.8819344399718565
1.8819344399718565
1.8819344399718565
1.8819344399718565
1.8819344399718565
1.8819344399718565
1.8819344399718565
1.8819344399718565
1.8819344399718565
1.8819344399718565
1.8819344399718565
1.8819344399718565
1.8819344399718565
1.8819344399718565
1.8819344399718565
1.8819344399718565
1.8819344399718565
1.8819344399718565
1.8819344399718565
1.8819344399718565
1.8819344399718565
1.8819344399718565
1.8819344399718565
1.8819344399718565
1.8819344399718565
1.8819344399718565
1.8819344399718565
1.8819344399718565
1.8819344399718565
1.8819344399718565
1.8819344399718565
1.8819344399718565
1.8819344399718565
1.8819344399718565
1.88195920886214
1.88195920886214
1.88195920886214
1.88195920886214
1.88195920886214
1.88195920886214
1.88195920886214
1.88195920886214
1.88195920886214
1.88195920886214
1.88195920886214
1.8819599827693392
1.8819641101914886
1.8819641101914886
1.8819692865230333
1.8819692865230333
1.8819715350202282
1.8819738897344864
1.881978024023119
1.8819787305227238
1.8819795320444463
1.8819816766104025
1.8819831671734129
1.8819840167024164
1.8819845834582734
1.881985306874551
1.8819857974362932
1.8819860189638091
1.881986463700305
1.881986841356022
1.8819870679495156
1.8819872194619625
1.8819873756168577
1.8819875025338682
1.8819875950358054
1.8819876505369713
1.881987683837672
1.8819877038180928
1.8819877158063454
1.8819877229992972
1.8819877544613777
1.881987778222987
1.881987789711621
1.8819877964061005
1.8819878033104667
1.8819878101666674
1.881987822976052
1.8819878268875343
1.8819878292344239
1.8819878356310387
1.8819878396733531
1.881987842791872
1.8819878448047407
1.8819878466493027
1.8819878500895368
1.881987852252396
1.8819878535501122
1.8819878543287414
1.8819878547959188
1.8819878547959188
1.8819878550099178
1.8819878550099178
1.8819878550099178
1.8819878550099178
1.8819878550307356
1.8819878552640665
1.8819878552640665
1.8819878552918596
1.881987855370207
1.8819878554565463
1.8819878555083498
1.8819878555394316
1.8819878556392344
1.8819878557349081
1.8819878557923124
1.8819878558267547
1.881987855856326
1.8819878558786471
1.8819878559230554
1.8819878559522205
1.8819878559697192
1.8819878559954493
1.8819878560132826
1.8819878560217764
1.881987856029186
1.8819878560336318
1.8819878560336318
1.8819878560374952
1.881987856041676
1.8819878560451762
1.8819878560472758
1.8819878560485515
1.8819878560516416
1.881987856053455
1.8819878560547312
1.8819878560555627
1.8819878560562087
1.8819878560571448
1.881987856057859
1.8819878560582877
1.881987856058545
1.8819878560587664
1.8819878560591041
1.8819878560593446
1.881987856059483
1.881987856059566
1.881987856059664
1.8819878560597678
1.8819878560598304
1.881987856059873
1.8819878560598973
1.8819878560599161
1.8819878560599421
1.8819878560599583
1.8819878560599663
1.8819878560599732
1.881987856059977
1.881987856059991
1.881987856060002
1.8819878560600092
1.8819878560600136
1.8819878560600174
1.8819878560600218
1.8819878560600245
1.881987856060026
1.8819878560600274
1.8819878560600285
1.8819878560600298
1.8819878560600307
1.8819878560600316
1.8819878560600318
1.8819878560600323
1.8819878560600327
1.8819878560600332
1.8819878560600332
1.8819878560600332
1.8819878560600334
1.8819878560600334
1.8819878560600334
1.8819878560600334
1.8819878560600334
1.8819878560600334
1.8819878560600334
1.8819878560600334
1.8819878560600334
1.8819878560600334
