1.7069386567496714
1.7069386567496714
1.7069386567496714
1.7069386567496714
1.7069386567496714
1.7069386567496714
1.7069386567496714
1.7069386567496714
1.7069386567496714
1.7069386567496714
1.7069386567496714
1.7069386567496714
1.7069386567496714
1.7069386567496714
1.7069386567496714
1.7069386567496714
1.7069386567496714
1.7069386567496714
1.7069386567496714
1.7069386567496714
1.7069386567496714
1.7069386567496714
1.7069386567496714
1.7069386567496714
1.7069386567496714
1.7069386567496714
1.7069386567496714
1.7069386567496714
1.7069386567496714
1.7069386567496714
1.7069386567496714
1.7069386567496714
1.7069386567496714
1.7069386567496714
1.7069386567496714
1.7069801020058475
1.7069801020058475
1.7069801020058475
1.7069801020058475
1.7069801020058475
1.7069801020058475
1.7069801020058475
1.7069801020058475
1.7069801020058475
1.7069801020058475
1.7069801020058475
1.7069801020058475
1.7069801020058475
1.7069801020058475
1.7069801020058475
1.7069801020058475
1.7069801020058475
1.7069801020058475
1.7069801020058475
1.7069801020058475
1.7069801020058475
1.7069801020058475
1.7069835377544147
1.7069835377544147
1.7069835377544147
1.7069835377544147
1.706984746415531
1.706986248150423
1.7069886484944792
1.7069900887047231
1.7069909528322404
1.706993552797086
1.706993552797086
1.7069950454464082
1.70699530070643
1.7069964748337576
1.7069971793109393
1.706997956413101
1.706998470855305
1.7069994035129077
1.7069999631080306
1.7070006695927602
1.707001183698378
1.707001592073737
1.7070019166291754
1.7070022601495123
1.707002466261771
1.707002589929147
1.707002736670029
1.7070028329440492
1.707002935587025
1.7070029971728125
1.7070030145653972
1.707003047205581
1.7070030751643417
1.7070030818392514
1.7070031005370399
1.7070031086712956
1.7070031202571954
1.7070031242672223
1.7070031274874986
1.7070031285262661
1.7070031340502794
1.7070031369407785
1.7070031369407785
1.7070031372586263
1.7070031382558832
1.7070031397073737
1.707003140679505
1.707003140679505
1.7070031414950102
1.7070031419881826
1.7070031423730903
1.7070031427832912
1.7070031429040957
1.7070031431651458
1.7070031433992785
1.7070031435115185
1.7070031435115185
1.7070031435115185
1.7070031435259436
1.7070031436664177
1.7070031436664177
1.7070031437175002
1.7070031438267617
1.7070031438923186
1.7070031439170834
1.7070031439450173
1.7070031439824902
1.7070031440204436
1.7070031440296476
1.7070031440474136
1.7070031440652131
1.7070031440781936
1.7070031440859816
1.70700314409256
1.7070031441019804
1.7070031441076328
1.7070031441119733
1.7070031441154307
1.7070031441157836
1.7070031441157836
1.7070031441157836
1.7070031441164983
1.7070031441164983
1.7070031441164983
1.7070031441164983
1.7070031441165436
1.7070031441165436
1.7070031441165436
1.7070031441165658
1.7070031441165658
1.7070031441165658
1.7070031441165667
1.7070031441165767
1.7070031441166202
1.7070031441166202
1.7070031441166205
1.7070031441166347
1.7070031441166433
1.7070031441166484
1.7070031441166496
1.7070031441166595
1.7070031441166704
1.7070031441166704
1.7070031441166726
1.7070031441166744
1.7070031441166762
1.707003144116678
1.7070031441166804
1.7070031441166822
1.7070031441166829
1.7070031441166882
1.7070031441166928
1.7070031441166955
1.7070031441166973
1.7070031441166984
1.7070031441167004
1.7070031441167017
1.7070031441167028
1.7070031441167035
1.7070031441167044
1.707003144116705
1.7070031441167057
1.707003144116706
1.7070031441167062
1.7070031441167062
1.7070031441167062
1.7070031441167068
1.7070031441167068
1.7070031441167068
1.7070031441167073
1.7070031441167073
1.7070031441167075
1.7070031441167075
1.7070031441167075
1.7070031441167075
1.7070031441167075
