1.5768497092310978
1.5768497092310978
1.5768497092310978
1.5768497092310978
1.5768497092310978
1.5768497092310978
1.5768497092310978
1.5768497092310978
1.5768497092310978
1.5768497092310978
1.5768497092310978
1.5768497092310978
1.5768497092310978
1.5768497092310978
1.5768497092310978
1.5768497092310978
1.5768497092310978
1.5768497092310978
1.5768497092310978
1.5768497092310978
1.5768497092310978
1.5768497092310978
1.5768497092310978
1.5768497092310978
1.5768497092310978
1.5768497092310978
1.5768497092310978
1.5768497092310978
1.5768497092310978
1.5768497092310978
1.5768497092310978
1.5768497092310978
1.5768497092310978
1.5768497092310978
1.5768497092310978
1.5768497092310978
1.5768497092310978
1.5768497092310978
1.5768497092310978
1.5768497092310978
1.5768497092310978
1.5768497092310978
1.5768497092310978
1.5768497092310978
1.576859641872941
1.576859641872941
1.576859641872941
1.576859641872941
1.576859641872941
1.576859641872941
1.576859641872941
1.576859641872941
1.576859641872941
1.576859641872941
1.576859641872941
1.576859641872941
1.576859641872941
1.576859641872941
1.576859641872941
1.576859641872941
1.5768611044870895
1.5768627119912806
1.5768640426286007
1.5768643324249128
1.5768647259833144
1.5768652188145744
1.576865559067244
1.5768660932596303
1.576866315625989
1.5768666097740598
1.576867085005181
1.5768672737677352
1.5768677096298804
1.5768680231340642
1.576868211236574
1.5768684844088094
1.5768687386609352
1.5768688016864276
1.5768688016864276
1.5768688016864276
1.5768688809348081
1.5768688809348081
1.5768688809348081
1.5768688809348081
1.576868883031417
1.5768688863014249
1.5768688863014249
1.576868890722032
1.576868893222854
1.5768688953537493
1.576868895873248
1.5768688961849466
1.576868898291885
1.5768688998269458
1.5768689021783138
1.57686890472873
1.5768689057646899
1.5768689066938126
1.5768689071918385
1.5768689071918385
1.5768689075641913
1.5768689075641913
1.5768689075641913
1.5768689075641913
1.5768689075641913
1.5768689076178855
1.5768689077354239
1.5768689077973952
1.5768689077973952
1.5768689077973952
1.5768689077973952
1.5768689078119797
1.5768689078119797
1.5768689078119797
1.5768689078119797
1.5768689078119797
1.5768689078119797
1.5768689078119797
1.5768689078119797
1.5768689078119797
1.5768689078119797
1.5768689078119797
1.5768689078119797
1.5768689078127258
1.5768689078141835
1.5768689078141835
1.5768689078141835
1.5768689078154081
1.5768689078154081
1.5768689078154081
1.5768689078154081
1.5768689078154592
1.5768689078155125
1.5768689078155125
1.5768689078155125
1.5768689078155125
1.5768689078155358
1.5768689078155358
1.5768689078155358
1.5768689078155358
1.5768689078155358
1.5768689078155358
1.5768689078155358
1.5768689078155358
1.5768689078155358
1.5768689078155358
1.5768689078155358
1.5768689078155358
1.5768689078155358
1.5768689078155373
1.5768689078155373
1.5768689078155373
1.5768689078155373
1.5768689078155376
1.5768689078155376
1.5768689078155376
1.5768689078155376
1.576868907815538
1.5768689078155387
1.5768689078155387
1.5768689078155387
1.5768689078155393
1.5768689078155393
1.5768689078155396
1.5768689078155396
1.57686890781554
1.57686890781554
1.57686890781554
1.57686890781554
1.57686890781554
1.57686890781554
1.57686890781554
1.57686890781554
1.57686890781554
1.57686890781554
1.57686890781554
1.57686890781554
1.57686890781554
1.57686890781554
1.57686890781554
