1.5033911600154055
1.5033911600154055
1.5033911600154055
1.5033911600154055
1.5033911600154055
1.5033911600154055
1.5033911600154055
1.5033911600154055
1.5033911600154055
1.5033911600154055
1.5033911600154055
1.5033911600154055
1.5033911600154055
1.5033911600154055
1.5033911600154055
1.5033911600154055
1.5033911600154055
1.5033911600154055
1.5033911600154055
1.5033911600154055
1.5033911600154055
1.5033911600154055
1.5033911600154055
1.5033911600154055
1.5033911600154055
1.5033911600154055
1.5033911600154055
1.5033911600154055
1.5033911600154055
1.5033911600154055
1.5033911600154055
1.5033911600154055
1.5033911600154055
1.5033911600154055
1.5033911600154055
1.503469748496792
1.503469748496792
1.503469748496792
1.503469748496792
1.503469748496792
1.503469748496792
1.503469748496792
1.503469748496792
1.503469748496792
1.503469748496792
1.503469748496792
1.503469748496792
1.503469748496792
1.503469748496792
1.503469748496792
1.503469748496792
1.503469748496792
1.503472638910106
1.503472638910106
1.503472638910106
1.503472638910106
1.5034760445574065
1.5034760445574065
1.5034760445574065
1.5034760445574065
1.5034792371604269
1.5034792371604269
1.5034812824714963
1.5034825505137739
1.5034833113395563
1.5034843622565635
1.5034850388299383
1.5034861095437475
1.5034863109085999
1.5034865174782508
1.5034867671766043
1.5034870552120057
1.5034871616442536
1.5034872255036096
1.5034872940187962
1.5034873610184245
1.503487403602356
1.5034874674921268
1.503487505825978
1.5034875646380932
1.5034876324220559
1.5034876507032098
1.5034876937927826
1.5034877076576643
1.5034877275023448
1.5034877392494894
1.5034877520788212
1.5034877597764196
1.503487764394979
1.503487767852042
1.5034877723795395
1.5034877763025412
1.5034877790934618
1.5034877820186494
1.503487783985667
1.5034877856741824
1.5034877860854274
1.503487786662918
1.5034877874552488
1.5034877875863835
1.5034877877378692
1.503487787900161
1.5034877880254933
1.5034877880722488
1.5034877880722488
1.5034877880996065
1.503487788133102
1.503487788133102
1.503487788133102
1.503487788133102
1.503487788133102
1.503487788133102
1.5034877881364144
1.5034877881378221
1.5034877881378221
1.5034877881392483
1.5034877881442408
1.5034877881442659
1.5034877881459483
1.5034877881475548
1.5034877881510373
1.5034877881518403
1.503487788152096
1.503487788154584
1.503487788154719
1.503487788155658
1.5034877881562214
1.5034877881563775
1.5034877881567352
1.5034877881571036
1.5034877881573752
1.5034877881576534
1.5034877881579458
1.503487788158169
1.5034877881583024
1.5034877881584308
1.503487788158614
1.5034877881587336
1.5034877881588362
1.5034877881589161
1.5034877881590056
1.5034877881590587
1.503487788159091
1.5034877881591093
1.5034877881591215
1.5034877881591324
1.5034877881591575
1.5034877881591733
1.503487788159183
1.50348778815919
1.5034877881591973
1.5034877881592044
1.5034877881592088
1.5034877881592126
1.5034877881592161
1.5034877881592184
1.5034877881592197
1.5034877881592201
1.5034877881592208
1.5034877881592217
1.5034877881592221
1.5034877881592221
1.5034877881592228
1.5034877881592228
1.5034877881592228
1.503487788159223
1.503487788159223
1.5034877881592235
1.5034877881592235
1.5034877881592235
1.5034877881592235
1.5034877881592235
1.5034877881592235
1.5034877881592235
1.5034877881592235
1.5034877881592235
1.5034877881592235
1.5034877881592235
1.5034877881592235
1.5034877881592235
1.5034877881592235
1.5034877881592235
1.5034877881592235
1.5034877881592235
1.5034877881592235
1.5034877881592235
