2.0805938635621315
2.0805938635621315
2.0805938635621315
2.0805938635621315
2.0805938635621315
2.0805938635621315
2.0805938635621315
2.0805938635621315
2.0805938635621315
2.0805938635621315
2.0805938635621315
2.0805938635621315
2.0805938635621315
2.0805938635621315
2.0805938635621315
2.0805938635621315
2.0805938635621315
2.0805938635621315
2.0805938635621315
2.0805938635621315
2.0805938635621315
2.0805938635621315
2.0805938635621315
2.0805938635621315
2.0805938635621315
2.0805938635621315
2.0805938635621315
2.0805938635621315
2.0805938635621315
2.0805938635621315
2.0805938635621315
2.0805938635621315
2.0805938635621315
2.0805938635621315
2.0805938635621315
2.0805938635621315
2.0805938635621315
2.0805938635621315
2.0805938635621315
2.0805938635621315
2.0805938635621315
2.0805938635621315
2.0805938635621315
2.0805938635621315
2.080597823247261
2.0806085104582484
2.0806085104582484
2.0806085104582484
2.0806085104582484
2.0806108756215234
2.0806180250292927
2.0806180250292927
2.0806190179775514
2.080625102398294
2.080628703051945
2.080628703051945
2.080629412674344
2.0806308873740442
2.0806321479835828
2.080632334191375
2.080632697006144
2.080633511509885
2.080635237348664
2.0806357466881167
2.0806362714935775
2.0806366396074263
2.0806373684124626
2.0806375576459133
2.080638291122593
2.0806390169340507
2.0806394524208818
2.080639722935136
2.0806399594936122
2.0806403040844645
2.080640764751148
2.0806409851630607
2.080641156629493
2.08064139502829
2.080641580787361
2.080641615175748
2.0806417065072194
2.0806417743341994
2.080641825028694
2.080641856526625
2.080641879409177
2.080641907044161
2.0806419301088077
2.0806419466311485
2.080641958756956
2.080641958756956
2.080641958756956
2.080641958756956
2.0806419640171785
2.0806419640171785
2.0806419640171785
2.0806419640171785
2.0806419640171785
2.0806419645851406
2.0806419645851406
2.0806419645851406
2.0806419645851406
2.0806419645851406
2.0806419645851406
2.0806419645851406
2.0806419645851406
2.0806419646558854
2.0806419646558854
2.0806419646558854
2.0806419646558854
2.0806419646781
2.0806419646781
2.0806419646781
2.0806419646781
2.0806419646781
2.0806419646916443
2.0806419646916443
2.0806419646944705
2.0806419646944705
2.0806419646987866
2.0806419646987866
2.0806419646989673
2.0806419646989673
2.0806419646989673
2.0806419646989673
2.0806419646989673
2.0806419646989673
2.0806419646989673
2.080641964698987
2.080641964698987
2.080641964698987
2.080641964698987
2.0806419646989887
2.080641964699008
2.0806419646990197
2.0806419646990997
2.0806419646992067
2.0806419646992067
2.080641964699274
2.080641964699328
2.08064196469936
2.0806419646994048
2.080641964699475
2.080641964699522
2.0806419646995518
2.0806419646995735
2.0806419646996046
2.0806419646996233
2.080641964699635
2.080641964699644
2.0806419646996615
2.0806419646996748
2.080641964699683
2.0806419646996885
2.0806419646996956
2.0806419646997023
2.0806419646997067
2.0806419646997094
2.080641964699713
2.080641964699716
2.0806419646997174
2.0806419646997187
2.0806419646997196
2.080641964699721
2.0806419646997223
2.0806419646997227
2.080641964699723
2.080641964699724
2.080641964699725
2.080641964699725
2.080641964699725
2.0806419646997254
2.0806419646997254
2.0806419646997254
2.0806419646997254
2.0806419646997254
2.0806419646997254
2.0806419646997254
2.0806419646997254
2.0806419646997254
2.0806419646997254
2.0806419646997254
2.0806419646997254
2.0806419646997254
2.0806419646997254
2.0806419646997254
2.0806419646997254
2.0806419646997254
2.0806419646997254
