4.852008927687678
4.852008927687678
4.852008927687678
4.852008927687678
4.852008927687678
4.852008927687678
4.852008927687678
4.852008927687678
4.852008927687678
4.852008927687678
4.852008927687678
4.852008927687678
4.852008927687678
4.852008927687678
4.852008927687678
4.852008927687678
4.852008927687678
4.852008927687678
4.852008927687678
4.852008927687678
4.852008927687678
4.852008927687678
4.852008927687678
4.852008927687678
4.852008927687678
4.852008927687678
4.852008927687678
4.852008927687678
4.852008927687678
4.852008927687678
4.852008927687678
4.852008927687678
4.852008927687678
4.852008927687678
4.852008927687678
4.852008927687678
4.852008927687678
4.852008927687678
4.852008927687678
4.852008927687678
4.852008927687678
4.852008927687678
4.852008927687678
4.852008927687678
4.852008927687678
4.852008927687678
4.852008927687678
4.852008927687678
4.852062018414029
4.852062018414029
4.852062018414029
4.852083330611289
4.852083330611289
4.852083330611289
4.852083330611289
4.852083330611289
4.852086468834774
4.852102604748891
4.852122062967693
4.8521314408234195
4.85213993955589
4.852143660542353
4.85214842237091
4.852158330177875
4.852167266452023
4.852172768983535
4.852176062630503
4.852179287621243
4.8521835861379925
4.852186336435137
4.852187833577323
4.85218961834206
4.852191002807614
4.852192036356318
4.852192628958557
4.8521933565526725
4.852194103496587
4.852194652323625
4.852194923022895
4.85219536929871
4.852195664165774
4.852195845318202
4.85219595400966
4.852196019224534
4.852196058919066
4.852196095595314
4.852196180747752
4.85219624095177
4.852196279018218
4.8521963203999805
4.852196356504641
4.852196378606175
4.852196391867095
4.852196399823648
4.85219640459758
4.852196407528451
4.8521964117477125
4.852196418215612
4.852196422096352
4.852196424424794
4.852196428213177
4.852196432653961
4.852196435318431
4.8521964369273185
4.852196439112141
4.852196440561482
4.852196441431087
4.85219644195285
4.852196442493038
4.852196443063347
4.852196443405534
4.8521964436118195
4.85219644386083
4.852196444050758
4.852196444164714
4.852196444233089
4.852196444274313
4.852196444309873
4.852196444363609
4.85219644439585
4.852196444415194
4.852196444429465
4.852196444452069
4.85219644446563
4.852196444473766
4.852196444478649
4.852196444481579
4.852196444483417
4.852196444486112
4.852196444488723
4.85219644449029
4.852196444491229
4.8521964444917955
4.852196444492137
4.852196444492951
4.852196444493501
4.852196444493832
4.852196444494036
4.852196444494172
4.85219644449436
4.852196444494474
4.852196444494543
4.852196444494591
4.852196444494671
4.852196444494719
4.8521964444947505
4.8521964444947745
4.852196444494812
4.852196444494833
4.852196444494846
4.852196444494859
4.85219644449487
4.852196444494878
4.852196444494883
4.852196444494886
4.852196444494887
4.852196444494891
4.852196444494893
4.852196444494895
4.852196444494895
4.852196444494895
4.852196444494895
4.852196444494895
4.852196444494895
4.852196444494895
4.852196444494895
4.852196444494895
4.852196444494895
4.852196444494895
4.852196444494895
4.852196444494895
4.852196444494895
4.852196444494895
4.852196444494895
4.852196444494895
4.852196444494895
4.852196444494895
4.852196444494895
4.852196444494895
4.852196444494895
4.852196444494895
4.852196444494895
4.852196444494895
4.852196444494895
4.852196444494895
4.852196444494895
4.852196444494895
4.852196444494895
4.852196444494895
4.852196444494895
4.852196444494895
4.852196444494895
