1.1876312824907211
1.1876312824907211
1.1876312824907211
1.1876312824907211
1.1876312824907211
1.1876312824907211
1.1876312824907211
1.1876312824907211
1.1876312824907211
1.1876312824907211
1.1876312824907211
1.1876312824907211
1.1876312824907211
1.1876312824907211
1.1876312824907211
1.1876312824907211
1.1876312824907211
1.1876312824907211
1.1876312824907211
1.1876312824907211
1.1876312824907211
1.1876312824907211
1.1876312824907211
1.1876312824907211
1.1876312824907211
1.1876312824907211
1.1876312824907211
1.1876312824907211
1.1876312824907211
1.1876312824907211
1.1876312824907211
1.1876312824907211
1.1876312824907211
1.1876312824907211
1.1876312824907211
1.1876312824907211
1.1876312824907211
1.1876312824907211
1.1876312824907211
1.1876312824907211
1.1876312824907211
1.1876312824907211
1.1876312824907211
1.1876312824907211
1.1876312824907211
1.1876312824907211
1.1876312824907211
1.1876312824907211
1.1876312824907211
1.1876312824907211
1.1876312824907211
1.1876312824907211
1.1876312824907211
1.1876312824907211
1.1876312824907211
1.1876312824907211
1.1876312824907211
1.1876312824907211
1.187632094952204
1.187632094952204
1.187632094952204
1.1876336654165582
1.1876336654165582
1.1876346515814549
1.1876354538902487
1.1876359352748636
1.1876362241053942
1.187636781691634
1.187637165636387
1.1876373960030844
1.1876375369675558
1.1876379120745661
1.1876381099364053
1.1876383795234544
1.1876385412756936
1.1876386219991124
1.187638717579152
1.187638828752702
1.1876389006893502
1.1876389411397106
1.1876389628421176
1.1876389798570741
1.1876390073819862
1.1876390333280642
1.1876390558524836
1.1876390720684937
1.1876390894445308
1.1876390934249552
1.187639097943397
1.1876391054934479
1.1876391079822737
1.1876391100338186
1.1876391117776548
1.1876391128239563
1.1876391136091065
1.1876391175425618
1.1876391191851796
1.1876391201248893
1.1876391201248893
1.1876391213758384
1.187639121515054
1.1876391216836144
1.1876391216836144
1.1876391216836144
1.1876391218059752
1.1876391219396945
1.1876391220199258
1.187639122079123
1.1876391221263367
1.1876391221696656
1.187639122195663
1.1876391222112614
1.1876391222212968
1.187639122233657
1.1876391222410734
1.1876391222455234
1.1876391222486409
1.1876391222542062
1.1876391222590046
1.1876391222640104
1.1876391222675187
1.187639122270632
1.1876391222738274
1.1876391222757443
1.187639122277144
1.187639122278187
1.1876391222788936
1.187639122279562
1.187639122280082
1.1876391222803941
1.1876391222807638
1.1876391222810811
1.1876391222812719
1.187639122281386
1.1876391222814546
1.187639122281497
1.1876391222816796
1.187639122281833
1.1876391222819251
1.1876391222819802
1.1876391222820821
1.1876391222821605
1.1876391222822076
1.1876391222822356
1.1876391222822769
1.1876391222823077
1.1876391222823262
1.1876391222823373
1.187639122282344
1.187639122282348
1.1876391222823648
1.1876391222823766
1.1876391222823832
1.1876391222823877
1.18763912228239
1.1876391222823917
1.1876391222823939
1.1876391222823959
1.1876391222823972
1.1876391222823979
1.1876391222823985
1.1876391222823988
1.1876391222823992
1.1876391222823994
1.1876391222823997
1.1876391222823997
1.1876391222823997
1.1876391222823997
1.1876391222823997
1.1876391222823997
1.1876391222823997
1.1876391222823997
1.1876391222823997
1.1876391222823997
1.1876391222823997
1.1876391222823997
1.1876391222823997
1.1876391222823997
1.1876391222823997
1.1876391222823997
1.1876391222823997
1.1876391222823997
1.1876391222823997
1.1876391222823997
1.1876391222823997
1.1876391222823997
