1.4799977568789289
1.4799977568789289
1.4799977568789289
1.4799977568789289
1.4799977568789289
1.4799977568789289
1.4799977568789289
1.4799977568789289
1.4799977568789289
1.4799977568789289
1.4799977568789289
1.4799977568789289
1.4799977568789289
1.4799977568789289
1.4799977568789289
1.4799977568789289
1.4799977568789289
1.4799977568789289
1.4799977568789289
1.4799977568789289
1.4799977568789289
1.4799977568789289
1.4799977568789289
1.4799977568789289
1.4799977568789289
1.4799977568789289
1.4799977568789289
1.4799977568789289
1.4799977568789289
1.4799977568789289
1.4799977568789289
1.4799977568789289
1.4799977568789289
1.4799977568789289
1.4799977568789289
1.4799977568789289
1.4799977568789289
1.4799977568789289
1.4799977568789289
1.4799977568789289
1.4799977568789289
1.4799977568789289
1.4799977568789289
1.4799977568789289
1.4799977568789289
1.4799977568789289
1.4799977568789289
1.4799977568789289
1.4799977568789289
1.4799977568789289
1.4799977568789289
1.4799977568789289
1.4799977568789289
1.4799977568789289
1.4799977568789289
1.4799982687748396
1.4799982687748396
1.4799982687748396
1.4799982687748396
1.479998773389319
1.479998796175377
1.479999046874019
1.479999197293306
1.4799993572897876
1.479999649537554
1.4799998786070219
1.479999972689646
1.4800001041257964
1.4800001268011749
1.4800002705138298
1.480000362205814
1.4800003951665612
1.4800005230264677
1.4800005617250198
1.4800006091278572
1.4800006329365116
1.4800006604205094
1.4800006604205094
1.4800006715686234
1.4800006793115108
1.480000687277462
1.4800006913780221
1.4800006995950092
1.4800006995950092
1.4800007021691288
1.480000703721637
1.4800007051309725
1.4800007059814504
1.4800007072804011
1.4800007082845466
1.4800007093780645
1.4800007098464236
1.480000710635753
1.480000710873283
1.480000711220516
1.4800007114577929
1.4800007117135265
1.48000071188417
1.4800007120880525
1.4800007121580026
1.4800007122377574
1.4800007123242915
1.4800007124137955
1.4800007124287458
1.4800007124906547
1.4800007125207542
1.4800007125257668
1.4800007125257668
1.4800007125398547
1.4800007125412729
1.4800007125412729
1.4800007125438217
1.4800007125514223
1.4800007125533559
1.4800007125575236
1.4800007125594807
1.4800007125602237
1.4800007125627652
1.4800007125651018
1.4800007125655825
1.4800007125668633
1.480000712567924
1.48000071256861
1.4800007125694092
1.4800007125697296
1.4800007125700267
1.4800007125703003
1.4800007125704049
1.4800007125705525
1.480000712570694
1.4800007125707861
1.4800007125709371
1.4800007125710188
1.4800007125710188
1.4800007125710943
1.4800007125711214
1.4800007125711387
1.4800007125711494
1.4800007125711696
1.4800007125711838
1.4800007125711923
1.4800007125711976
1.4800007125712131
1.4800007125712213
1.480000712571226
1.4800007125712302
1.4800007125712331
1.4800007125712364
1.4800007125712396
1.4800007125712404
1.4800007125712409
1.4800007125712422
1.4800007125712422
1.4800007125712433
1.4800007125712435
1.4800007125712438
1.4800007125712444
1.4800007125712444
1.4800007125712447
1.4800007125712447
1.4800007125712449
1.4800007125712449
1.4800007125712449
1.4800007125712449
1.4800007125712449
1.4800007125712449
1.4800007125712449
1.4800007125712449
1.4800007125712449
1.4800007125712449
1.4800007125712449
1.4800007125712449
1.4800007125712449
1.4800007125712449
1.4800007125712449
1.4800007125712449
1.4800007125712449
1.4800007125712449
