1.0160895563487073
1.0160895563487073
1.0160895563487073
1.0160895563487073
1.0160895563487073
1.0160895563487073
1.0160895563487073
1.0160895563487073
1.0160895563487073
1.0160895563487073
1.0160895563487073
1.0160895563487073
1.0160895563487073
1.0160895563487073
1.0160895563487073
1.0160895563487073
1.0160895563487073
1.0160895563487073
1.0160895563487073
1.0160895563487073
1.0160895563487073
1.0160895563487073
1.0160895563487073
1.0160895563487073
1.0160895563487073
1.0160895563487073
1.0160895563487073
1.0160895563487073
1.0160895563487073
1.0160895563487073
1.0160895563487073
1.0160895563487073
1.0160895563487073
1.0160895563487073
1.0160895563487073
1.0160895563487073
1.0160895563487073
1.0160895563487073
1.0160895563487073
1.0160895563487073
1.0160895563487073
1.0160895563487073
1.0160895563487073
1.0160895563487073
1.0160895563487073
1.0160895563487073
1.0160895563487073
1.0160895563487073
1.0160946104571504
1.0160946104571504
1.0160946104571504
1.0160946104571504
1.0160955334114987
1.0161020940811023
1.0161020940811023
1.0161020940811023
1.0161036039529021
1.0161036039529021
1.0161036039529021
1.016104060022452
1.0161045092328735
1.0161056465928349
1.0161063290087244
1.0161069042511575
1.0161082361680271
1.016108800404259
1.016109138945956
1.016109597190922
1.0161100395631066
1.016110093343345
1.016110093343345
1.0161103864449355
1.0161103864449355
1.016110489685106
1.016110489685106
1.016110489685106
1.0161105256167378
1.0161105458774868
1.0161105713518859
1.0161105713518859
1.016110574894923
1.016110579239998
1.0161105843100164
1.0161105972397364
1.0161105990258836
1.0161106001710807
1.0161106054818867
1.016110610715678
1.0161106139921057
1.0161106159579625
1.0161106169295486
1.0161106183086723
1.0161106191361473
1.0161106202558154
1.0161106204841057
1.0161106207715052
1.0161106208589934
1.0161106212746298
1.016110621717996
1.016110621717996
1.0161106218372447
1.0161106219762417
1.016110622067526
1.016110622110268
1.0161106221674883
1.016110622207866
1.016110622232092
1.016110622246628
1.0161106222663956
1.0161106223028875
1.0161106223115157
1.0161106223231917
1.016110622329841
1.0161106223357508
1.0161106223386533
1.0161106223409888
1.0161106223436032
1.0161106223458922
1.0161106223460585
1.0161106223462693
1.0161106223463285
1.0161106223470193
1.0161106223470544
1.016110622347319
1.0161106223475085
1.0161106223475815
1.0161106223476222
1.0161106223477983
1.0161106223477983
1.0161106223478642
1.0161106223479215
1.0161106223479437
1.016110622347992
1.0161106223480425
1.0161106223480612
1.0161106223481042
1.0161106223481307
1.0161106223481382
1.0161106223481653
1.0161106223481722
1.016110622348178
1.0161106223481884
1.0161106223481884
1.0161106223481964
1.0161106223481973
1.0161106223482046
1.0161106223482055
1.016110622348207
1.0161106223482095
1.0161106223482104
1.0161106223482113
1.0161106223482113
1.0161106223482113
1.0161106223482113
1.0161106223482113
1.0161106223482113
1.0161106223482113
1.0161106223482113
1.0161106223482113
1.0161106223482113
1.0161106223482113
1.0161106223482113
1.0161106223482113
1.0161106223482113
1.0161106223482113
1.0161106223482113
1.0161106223482113
1.0161106223482113
1.0161106223482113
1.0161106223482113
1.0161106223482113
1.0161106223482113
1.0161106223482113
1.0161106223482113
1.0161106223482113
1.0161106223482113
1.0161106223482113
1.0161106223482113
1.0161106223482113
1.0161106223482113
1.0161106223482113
1.0161106223482113
1.0161106223482113
