1.6961145804966866
1.6961145804966866
1.6961145804966866
1.6961145804966866
1.6961145804966866
1.6961145804966866
1.6961145804966866
1.6961145804966866
1.6961145804966866
1.6961145804966866
1.6961145804966866
1.6961145804966866
1.6961145804966866
1.6961145804966866
1.6961145804966866
1.6961145804966866
1.6961145804966866
1.6961145804966866
1.6961145804966866
1.6961145804966866
1.6961145804966866
1.6961145804966866
1.6961145804966866
1.6961145804966866
1.6961145804966866
1.6961145804966866
1.6961145804966866
1.6961145804966866
1.6961145804966866
1.6961145804966866
1.6961145804966866
1.6961145804966866
1.6961145804966866
1.6961145804966866
1.6961145804966866
1.6961145804966866
1.6961145804966866
1.6961145804966866
1.6961145804966866
1.6961145804966866
1.6961145804966866
1.6961145804966866
1.6961145804966866
1.6961145804966866
1.6961145804966866
1.6961145804966866
1.6961145804966866
1.6961145804966866
1.6961145804966866
1.6961145804966866
1.6961145804966866
1.6961158749221648
1.6961158749221648
1.6961158749221648
1.6961158749221648
1.696117650000851
1.696117650000851
1.696117650000851
1.6961189148805216
1.6961198971960454
1.6961198971960454
1.6961198971960454
1.6961211501590567
1.6961211501590567
1.696121524579289
1.6961220266226518
1.6961220266226518
1.6961220266226518
1.6961223182353442
1.6961223182353442
1.6961227926202842
1.696122930334293
1.6961230670455305
1.696123249452933
1.6961233539363854
1.696123507083133
1.6961235989711891
1.696123654104025
1.6961236871837282
1.6961238246092212
1.6961239294409363
1.696123974964536
1.696124014192372
1.696124044523597
1.6961240747315134
1.6961240910259328
1.69612410618774
1.696124116640686
1.6961241251742436
1.6961241334264159
1.69612413882655
1.696124143257092
1.6961241454967488
1.6961241482578902
1.696124150228007
1.6961241511996834
1.6961241526080102
1.6961241534530067
1.6961241540125092
1.6961241546641517
1.6961241548571975
1.6961241550236508
1.6961241552675614
1.6961241553923185
1.696124155537914
1.6961241556395692
1.6961241556488789
1.6961241557250986
1.6961241557612077
1.6961241557905447
1.6961241557905447
1.6961241557905447
1.6961241558030573
1.6961241558052196
1.696124155806517
1.69612415581003
1.6961241558281959
1.6961241558313251
1.696124155837959
1.6961241558419649
1.6961241558453737
1.6961241558465996
1.69612415584821
1.6961241558484277
1.6961241558501077
1.6961241558513416
1.696124155852342
1.6961241558530007
1.696124155853517
1.6961241558540903
1.6961241558544644
1.6961241558547562
1.696124155855001
1.6961241558550577
1.6961241558551852
1.6961241558552473
1.6961241558553153
1.6961241558553937
1.696124155855397
1.6961241558554578
1.6961241558554856
1.6961241558555173
1.6961241558555296
1.6961241558555358
1.696124155855551
1.6961241558555544
1.696124155855556
1.6961241558555575
1.6961241558555593
1.696124155855565
1.6961241558555682
1.6961241558555682
1.6961241558555697
1.6961241558555709
1.696124155855572
1.6961241558555726
1.696124155855573
1.6961241558555733
1.6961241558555737
1.6961241558555742
1.6961241558555749
1.6961241558555753
1.6961241558555757
1.6961241558555757
1.6961241558555757
1.6961241558555757
1.696124155855576
1.696124155855576
1.6961241558555762
1.6961241558555762
1.6961241558555762
1.6961241558555762
1.6961241558555762
1.6961241558555762
1.6961241558555762
1.6961241558555762
1.6961241558555762
1.6961241558555762
1.6961241558555762
1.6961241558555762
1.6961241558555762
1.6961241558555762
1.6961241558555762
1.6961241558555762
1.6961241558555762
1.6961241558555762
1.6961241558555762
