1.8183403825864404
1.8183403825864404
1.8183403825864404
1.8183403825864404
1.8183403825864404
1.8183403825864404
1.8183403825864404
1.8183403825864404
1.8183403825864404
1.8183403825864404
1.8183403825864404
1.8183403825864404
1.8183403825864404
1.8183403825864404
1.8183403825864404
1.8183403825864404
1.8183403825864404
1.8183403825864404
1.8183403825864404
1.8183403825864404
1.8183403825864404
1.8183403825864404
1.8183403825864404
1.8183403825864404
1.8183403825864404
1.8183403825864404
1.8183403825864404
1.8183403825864404
1.8183403825864404
1.8183403825864404
1.8183403825864404
1.8183403825864404
1.8183403825864404
1.8183403825864404
1.8183403825864404
1.8183403825864404
1.8183403825864404
1.8183403825864404
1.8183403825864404
1.8183403825864404
1.8183403825864404
1.8183403825864404
1.8183403825864404
1.8183403825864404
1.8183403825864404
1.8183403825864404
1.8183403825864404
1.8183403825864404
1.8183403825864404
1.8183403825864404
1.8183403825864404
1.8183403825864404
1.8183403825864404
1.8183403825864404
1.8183403825864404
1.8183403825864404
1.8183403825864404
1.8183403825864404
1.8183403825864404
1.8183403825864404
1.8183406762811332
1.8183422566109242
1.8183422566109242
1.8183422566109242
1.8183425795415382
1.8183427924181057
1.8183427924181057
1.8183433691968027
1.8183435514223008
1.8183436829543722
1.8183440886854292
1.818344162518423
1.818344337550549
1.8183444901205215
1.8183446433554882
1.818344740092929
1.8183448041396524
1.8183448983872514
1.8183450156732244
1.8183450988797103
1.8183451488036024
1.8183451787579377
1.8183452248081344
1.8183452642237263
1.8183452825668946
1.8183452825668946
1.818345301535081
1.8183453089242778
1.8183453121591846
1.8183453158920941
1.8183453202058233
1.8183453242608574
1.8183453276266601
1.8183453310091777
1.8183453330386883
1.8183453349409828
1.8183453378776275
1.8183453397579903
1.8183453408862071
1.818345341563138
1.8183453422182718
1.818345343066316
1.8183453436423647
1.8183453440232498
1.8183453445208746
1.8183453448505469
1.8183453450483507
1.8183453452561698
1.818345345399854
1.8183453454984955
1.8183453455576801
1.818345345612453
1.8183453456667553
1.8183453457016956
1.8183453457275238
1.8183453457558725
1.8183453457752405
1.8183453457871954
1.818345345794611
1.8183453458041559
1.8183453458106842
1.8183453458146417
1.8183453458170165
1.8183453458184409
1.818345345819712
1.818345345821397
1.818345345822664
1.8183453458234229
1.818345345823878
1.818345345824286
1.8183453458247196
1.8183453458250034
1.8183453458252188
1.8183453458254644
1.818345345825649
1.8183453458257592
1.8183453458258247
1.8183453458258645
1.8183453458259395
1.8183453458260217
1.818345345826071
1.818345345826101
1.8183453458261183
1.8183453458261416
1.8183453458261596
1.8183453458261705
1.8183453458261771
1.818345345826185
1.818345345826194
1.8183453458261993
1.8183453458262024
1.818345345826204
1.8183453458262053
1.8183453458262082
1.8183453458262107
1.8183453458262133
1.8183453458262135
1.8183453458262162
1.8183453458262182
1.8183453458262198
1.8183453458262206
1.8183453458262206
1.8183453458262209
1.8183453458262213
1.8183453458262215
1.8183453458262215
1.8183453458262215
1.8183453458262215
1.8183453458262215
1.8183453458262215
1.8183453458262215
1.8183453458262215
1.8183453458262215
1.8183453458262215
1.8183453458262215
1.8183453458262215
1.8183453458262215
1.8183453458262215
1.8183453458262215
1.8183453458262215
1.8183453458262215
1.8183453458262215
1.8183453458262215
1.8183453458262215
1.8183453458262215
1.8183453458262215
