2.1809226318806467
2.1809226318806467
2.1809226318806467
2.1809226318806467
2.1809226318806467
2.1809226318806467
2.1809226318806467
2.1809226318806467
2.1809226318806467
2.1809226318806467
2.1809226318806467
2.1809226318806467
2.1809226318806467
2.1809226318806467
2.1809226318806467
2.1809226318806467
2.1809226318806467
2.1809226318806467
2.1809226318806467
2.1809226318806467
2.1809226318806467
2.1809226318806467
2.1809226318806467
2.1809226318806467
2.1809226318806467
2.1809226318806467
2.1809226318806467
2.1809226318806467
2.1809226318806467
2.1809226318806467
2.1809226318806467
2.1809226318806467
2.1809226318806467
2.1809226318806467
2.1809226318806467
2.1809226318806467
2.1809226318806467
2.1809226318806467
2.1809226318806467
2.1809226318806467
2.1809226318806467
2.1809226318806467
2.1809226318806467
2.1809226318806467
2.1809226318806467
2.1809226318806467
2.180928030523817
2.180928030523817
2.180928030523817
2.180928030523817
2.180928030523817
2.180928030523817
2.180928030523817
2.1809296198623347
2.1809298379028657
2.180930864102126
2.180931479822481
2.18093214535766
2.180933838619895
2.1809357693916542
2.1809361838954415
2.180936602833995
2.1809368288575985
2.180937151773384
2.1809376920484707
2.1809378706946863
2.1809381367030776
2.18093851932007
2.180938773265196
2.180938925632274
2.1809390786657556
2.1809392284160265
2.1809393289644032
2.1809394047679103
2.180939465996248
2.180939533362561
2.1809395737823496
2.180939609834612
2.180939629518429
2.1809396518683264
2.1809396556341385
2.1809396593690256
2.1809396701715533
2.180939670931508
2.1809396784322046
2.1809396784322046
2.1809396785130435
2.180939682597124
2.180939682597124
2.180939682597124
2.180939682597124
2.1809396829199237
2.1809396829199237
2.1809396829199237
2.1809396833480275
2.1809396833480275
2.1809396833480275
2.1809396833480275
2.1809396833635604
2.1809396833635604
2.1809396833635604
2.1809396833635604
2.180939683488608
2.180939683614557
2.1809396836499433
2.1809396836499433
2.1809396836499433
2.180939683679765
2.180939683679765
2.180939683679765
2.1809396836809043
2.1809396836864248
2.1809396837054456
2.1809396837168578
2.180939683723705
2.1809396837279267
2.1809396837305433
2.1809396837346857
2.1809396837422312
2.1809396837467583
2.180939683747203
2.18093968374934
2.18093968375173
2.1809396837547323
2.1809396837565402
2.1809396837580817
2.180939683759007
2.1809396837597137
2.180939683760776
2.1809396837614137
2.180939683761796
2.1809396837620256
2.1809396837622277
2.18093968376261
2.180939683762947
2.1809396837631496
2.180939683763271
2.180939683763354
2.1809396837635084
2.1809396837636665
2.1809396837637616
2.1809396837638184
2.180939683763853
2.180939683763873
2.1809396837638855
2.1809396837638926
2.180939683763898
2.180939683763903
2.180939683763914
2.180939683763922
2.180939683763927
2.1809396837639308
2.1809396837639325
2.180939683763933
2.1809396837639357
2.180939683763938
2.18093968376394
2.180939683763941
2.1809396837639414
2.1809396837639436
2.180939683763945
2.1809396837639454
2.1809396837639463
2.1809396837639463
2.1809396837639468
2.1809396837639468
2.1809396837639468
2.1809396837639468
2.180939683763947
2.180939683763947
2.180939683763947
2.180939683763947
2.180939683763947
2.180939683763947
2.180939683763947
2.180939683763947
2.180939683763947
2.180939683763947
2.180939683763947
2.180939683763947
2.180939683763947
2.180939683763947
