2.6627812473102113
2.6627812473102113
2.6627812473102113
2.6627812473102113
2.6627812473102113
2.6627812473102113
2.6627812473102113
2.6627812473102113
2.6627812473102113
2.6627812473102113
2.6627812473102113
2.6627812473102113
2.6627812473102113
2.6627812473102113
2.6627812473102113
2.6627812473102113
2.6627812473102113
2.6627812473102113
2.6627812473102113
2.6627812473102113
2.6627812473102113
2.6627812473102113
2.6627812473102113
2.6627812473102113
2.6627812473102113
2.6627812473102113
2.6627812473102113
2.6627812473102113
2.6627812473102113
2.6627812473102113
2.6627812473102113
2.6627812473102113
2.6627812473102113
2.6627812473102113
2.6627812473102113
2.6627812473102113
2.6627812473102113
2.6627812473102113
2.6627812473102113
2.6627812473102113
2.6627812473102113
2.6627812473102113
2.6627812473102113
2.6627812473102113
2.6627812473102113
2.6627812473102113
2.6627812473102113
2.6627812473102113
2.6627812473102113
2.6627812473102113
2.6627812473102113
2.6627812473102113
2.6627812473102113
2.6627812473102113
2.6627812473102113
2.6627812473102113
2.6627812473102113
2.6627812473102113
2.6627812473102113
2.6627812473102113
2.6627812473102113
2.6627812473102113
2.66278353126063
2.66278353126063
2.66278353126063
2.662783787949309
2.6627863174395725
2.6627863174395725
2.6627863174395725
2.6627874563320884
2.6627878277721484
2.6627884497496943
2.6627888229365415
2.662789046848766
2.6627901679424655
2.6627917080739727
2.6627925719013468
2.662792944567439
2.6627937459733135
2.662794391254034
2.6627949871765693
2.66279519319137
2.6627952805469537
2.6627954777151133
2.662795638008853
2.662795775234316
2.6627959193346307
2.6627960103196853
2.6627960649107174
2.662796097665337
2.6627961294739677
2.6627961769914834
2.66279623684135
2.6627962571799926
2.6627962769950724
2.662796289433544
2.6627962931160853
2.6627963110221735
2.6627963201690865
2.662796325657233
2.662796328950122
2.662796330925855
2.6627963321112946
2.6627963344348076
2.662796337196872
2.662796338372671
2.662796338372671
2.662796338372671
2.6627963391759213
2.6627963399663495
2.66279634046079
2.6627963407574544
2.662796340935453
2.6627963410435846
2.662796341280738
2.662796341450595
2.6627963416204645
2.662796341722386
2.6627963418552154
2.662796341991527
2.662796342043427
2.662796342098657
2.6627963421364242
2.6627963421776264
2.6627963422009486
2.6627963422149405
2.662796342227116
2.6627963422515792
2.662796342269546
2.662796342280326
2.662796342292819
2.6627963423015775
2.662796342303206
2.662796342309147
2.662796342310009
2.66279634231325
2.662796342315687
2.662796342317654
2.6627963423188343
2.6627963423199414
2.662796342320839
2.662796342321476
2.6627963423222
2.6627963423226726
2.6627963423229573
2.662796342323175
2.662796342323374
2.662796342323557
2.662796342323684
2.6627963423237477
2.662796342323865
2.66279634232395
2.6627963423240013
2.662796342324074
2.662796342324076
2.6627963423240884
2.6627963423241146
2.6627963423241336
2.662796342324135
2.662796342324135
2.662796342324135
2.662796342324141
2.662796342324141
2.662796342324141
2.662796342324141
2.6627963423241425
2.6627963423241434
2.6627963423241434
2.6627963423241434
2.6627963423241434
2.662796342324144
2.662796342324144
2.662796342324144
2.662796342324144
2.662796342324144
2.662796342324144
2.662796342324144
2.662796342324144
2.662796342324144
2.662796342324144
2.662796342324144
2.662796342324144
2.662796342324144
2.662796342324144
2.662796342324144
2.662796342324144
2.662796342324144
2.662796342324144
2.662796342324144
2.662796342324144
2.662796342324144
2.662796342324144
2.662796342324144
2.662796342324144
2.662796342324144
2.662796342324144
2.662796342324144
