1.5991244961518292
1.5991244961518292
1.5991244961518292
1.5991244961518292
1.5991244961518292
1.5991244961518292
1.5991244961518292
1.5991244961518292
1.5991244961518292
1.5991244961518292
1.5991244961518292
1.5991244961518292
1.5991244961518292
1.5991244961518292
1.5991244961518292
1.5991244961518292
1.5991244961518292
1.5991244961518292
1.5991244961518292
1.5991244961518292
1.5991244961518292
1.5991244961518292
1.5991244961518292
1.5991244961518292
1.5991244961518292
1.5991244961518292
1.5991244961518292
1.5991244961518292
1.5991244961518292
1.5991244961518292
1.5991244961518292
1.5991244961518292
1.5991244961518292
1.5991244961518292
1.5991244961518292
1.5991244961518292
1.5991244961518292
1.5991244961518292
1.5991244961518292
1.5991244961518292
1.5991244961518292
1.5991244961518292
1.5991244961518292
1.5991244961518292
1.5991244961518292
1.5991244961518292
1.5991244961518292
1.5991244961518292
1.5991458623859192
1.5991458623859192
1.5991458623859192
1.599152416320061
1.599152416320061
1.599152416320061
1.599152416320061
1.599152416320061
1.5991551592972835
1.599169251027606
1.599179077118807
1.599179077118807
1.5991856415922816
1.5991856415922816
1.5991889938683603
1.5991890528466834
1.599189678251593
1.599191040522558
1.5991922881948715
1.5991930367991294
1.5991934859619976
1.5991937554598314
1.5991941679479933
1.5991952189614898
1.5991958295107382
1.599196064791222
1.599196312297284
1.599196581587756
1.599196581587756
1.5991966650435396
1.5991967193102463
1.5991967984970221
1.5991968008442732
1.5991968645679184
1.5991969164619362
1.5991969479464334
1.5991969779880633
1.5991970095778216
1.5991970458714544
1.5991970679650098
1.599197081221143
1.5991970929225636
1.5991971185758749
1.5991971349217566
1.5991971454836724
1.5991971605773683
1.599197173208303
1.599197174227701
1.599197174227701
1.5991971807037046
1.5991971815720096
1.599197181671301
1.5991971818317183
1.599197182652526
1.5991971831450102
1.5991971834405012
1.5991971837601207
1.5991971842521298
1.5991971846968094
1.5991971848252617
1.5991971848252617
1.5991971850348803
1.599197185048104
1.5991971851658828
1.5991971851668842
1.5991971852542353
1.5991971853193951
1.59919718534024
1.59919718537445
1.599197185389298
1.5991971854116818
1.5991971854284883
1.5991971854324165
1.5991971854464306
1.599197185453007
1.599197185458146
1.59919718546261
1.5991971854654334
1.5991971854679272
1.5991971854688465
1.599197185470266
1.599197185471789
1.5991971854727027
1.599197185473087
1.599197185473087
1.599197185473087
1.599197185473087
1.5991971854730889
1.5991971854730889
1.5991971854730889
1.5991971854730889
1.5991971854730889
1.599197185473103
1.5991971854731342
1.5991971854731342
1.5991971854731442
1.5991971854731442
1.5991971854731517
1.5991971854731517
1.5991971854731584
1.5991971854731641
1.5991971854731688
1.5991971854731721
1.599197185473173
1.599197185473173
1.5991971854731755
1.5991971854731755
1.5991971854731757
1.5991971854731757
1.5991971854731757
1.5991971854731761
1.5991971854731764
1.599197185473177
1.5991971854731772
1.5991971854731775
1.599197185473178
1.599197185473178
1.599197185473178
1.599197185473178
1.599197185473178
1.599197185473178
1.599197185473178
1.599197185473178
1.599197185473178
1.599197185473178
1.599197185473178
1.599197185473178
1.599197185473178
1.599197185473178
1.599197185473178
1.599197185473178
1.599197185473178
1.599197185473178
1.599197185473178
1.599197185473178
1.599197185473178
1.599197185473178
1.599197185473178
1.599197185473178
1.599197185473178
1.599197185473178
1.599197185473178
1.599197185473178
1.599197185473178
1.599197185473178
1.599197185473178
