1.9124265721535965
1.9124265721535965
1.9124265721535965
1.9124265721535965
1.9124265721535965
1.9124265721535965
1.9124265721535965
1.9124265721535965
1.9124265721535965
1.9124265721535965
1.9124265721535965
1.9124265721535965
1.9124265721535965
1.9124265721535965
1.9124265721535965
1.9124265721535965
1.9124265721535965
1.9124265721535965
1.9124265721535965
1.9124265721535965
1.9124265721535965
1.9124265721535965
1.9124265721535965
1.9124265721535965
1.9124265721535965
1.9124265721535965
1.9124265721535965
1.9124265721535965
1.9124265721535965
1.9124265721535965
1.9124265721535965
1.9124265721535965
1.9124265721535965
1.9124265721535965
1.9124265721535965
1.9124265721535965
1.9124265721535965
1.9124265721535965
1.9124265721535965
1.9124265721535965
1.9124265721535965
1.9124265721535965
1.9124265721535965
1.9124265721535965
1.9124265721535965
1.9124265721535965
1.9124265721535965
1.9124265721535965
1.9124265721535965
1.9124265721535965
1.9124265721535965
1.9124265721535965
1.9124265721535965
1.9124265721535965
1.9124265721535965
1.9124265721535965
1.9124265721535965
1.9124271458097706
1.9124271458097706
1.9124271458097706
1.9124271458097706
1.9124271515777342
1.9124274243527166
1.9124274243527166
1.9124280748855185
1.9124304034445199
1.9124304034445199
1.9124304034445199
1.9124325047524193
1.9124325047524193
1.9124330826532518
1.9124338872975561
1.912434455302393
1.912435697822805
1.912436531956769
1.9124370324371984
1.9124373484065913
1.912438022130898
1.9124384535660617
1.912438712427181
1.9124389348620943
1.9124391662762654
1.9124393132917876
1.9124394501121145
1.912439463747318
1.9124395292957899
1.9124396425990655
1.9124396912581891
1.9124397411009193
1.912439774492645
1.912439830701693
1.9124398644271228
1.9124398815399655
1.9124398942136163
1.9124399074752332
1.9124399234669807
1.9124399367146716
1.9124399446632858
1.9124399494324549
1.9124399623329718
1.9124399729161714
1.9124399792660913
1.9124399830760435
1.9124399875777225
1.9124399917572033
1.9124399942648918
1.912439995769505
1.912439995769505
1.912439995769505
1.912439995769505
1.9124399960950238
1.9124399960950238
1.9124399960950238
1.9124399960950238
1.9124399960950238
1.9124399962711967
1.9124399962711967
1.9124399962711967
1.9124399962711967
1.9124399962711967
1.9124399962711967
1.9124399962711967
1.9124399962711967
1.9124399962711967
1.9124399963171577
1.912439996371013
1.9124399964121785
1.9124399964121785
1.9124399964121785
1.9124399964270522
1.912439996429453
1.9124399964300314
1.9124399964312147
1.9124399964426027
1.9124399964480707
1.9124399964480707
1.9124399964493304
1.9124399964506003
1.9124399964507974
1.9124399964529246
1.9124399964534475
1.9124399964534475
1.9124399964537995
1.9124399964544652
1.9124399964549121
1.9124399964549121
1.9124399964549121
1.9124399964550645
1.9124399964550884
1.9124399964550884
1.9124399964550884
1.9124399964550884
1.9124399964551146
1.9124399964551146
1.9124399964551146
1.9124399964551146
1.9124399964551146
1.9124399964551146
1.9124399964551146
1.9124399964551146
1.9124399964551146
1.9124399964551146
1.9124399964551146
1.9124399964551146
1.9124399964551146
1.9124399964551162
1.9124399964551162
1.9124399964551162
1.9124399964551162
1.9124399964551169
1.9124399964551169
1.9124399964551169
1.912439996455117
1.912439996455117
1.912439996455117
1.912439996455117
1.912439996455117
1.9124399964551173
1.9124399964551173
1.9124399964551173
1.9124399964551173
1.9124399964551173
1.9124399964551173
1.9124399964551173
1.9124399964551173
1.9124399964551173
1.9124399964551173
1.9124399964551173
1.9124399964551173
1.9124399964551173
1.9124399964551173
1.9124399964551173
1.9124399964551173
1.9124399964551173
1.9124399964551173
1.9124399964551173
1.9124399964551173
1.9124399964551173
1.9124399964551173
1.9124399964551173
