2.302041905431576
2.302041905431576
2.302041905431576
2.302041905431576
2.302041905431576
2.302041905431576
2.302041905431576
2.302041905431576
2.302041905431576
2.302041905431576
2.302041905431576
2.302041905431576
2.302041905431576
2.302041905431576
2.302041905431576
2.302041905431576
2.302041905431576
2.302041905431576
2.302041905431576
2.302041905431576
2.302041905431576
2.302041905431576
2.302041905431576
2.302041905431576
2.302041905431576
2.302041905431576
2.302041905431576
2.302041905431576
2.302041905431576
2.302041905431576
2.302041905431576
2.302041905431576
2.302041905431576
2.302041905431576
2.302041905431576
2.302041905431576
2.302041905431576
2.302041905431576
2.302041905431576
2.302041905431576
2.302041905431576
2.302041905431576
2.302041905431576
2.302041905431576
2.302041905431576
2.302041905431576
2.302041905431576
2.302041905431576
2.302041905431576
2.302041905431576
2.3020447431591164
2.3020447431591164
2.3020447431591164
2.3020447431591164
2.3020447431591164
2.3020447431591164
2.3020447431591164
2.3020447431591164
2.3020447431591164
2.302045967507637
2.302045967507637
2.302045967507637
2.302046620123517
2.302046620123517
2.302046620123517
2.302046620123517
2.302047105538973
2.302047857051988
2.302048391106269
2.302048717898834
2.3020492972262945
2.3020498424243545
2.3020498424243545
2.302050294568423
2.3020510314254894
2.3020510314254894
2.302051212295237
2.3020513299297014
2.302051440224774
2.3020515993357478
2.3020516432583076
2.3020516801238147
2.3020517822329656
2.302051825052928
2.302051895709515
2.3020519074044095
2.3020519775609922
2.3020520025234377
2.302052020679715
2.3020520383386947
2.302052041300315
2.302052065615352
2.3020520810655247
2.302052093198894
2.3020520994744413
2.3020521045703073
2.3020521095405195
2.3020521157338485
2.302052116428964
2.3020521202401003
2.302052123331388
2.3020521255877044
2.302052126532683
2.3020521272058154
2.302052127833012
2.3020521284419977
2.30205212880739
2.3020521296906282
2.302052130306332
2.302052130658946
2.302052130894353
2.3020521310719846
2.3020521312521747
2.302052131397503
2.3020521314847002
2.3020521315370175
2.3020521315850857
2.302052131660164
2.302052131713042
2.302052131747317
2.302052131771971
2.302052131786763
2.3020521317956386
2.302052131842171
2.3020521318653704
2.302052131875762
2.3020521318897966
2.3020521318963945
2.3020521319035603
2.3020521319124954
2.302052131914416
2.3020521319162452
2.302052131919138
2.302052131924287
2.302052131927536
2.3020521319308527
2.30205213193233
2.3020521319333045
2.3020521319333045
2.302052131933935
2.302052131933935
2.302052131934734
2.302052131934734
2.302052131934856
2.302052131934856
2.3020521319348757
2.3020521319351617
2.3020521319351617
2.3020521319352323
2.302052131935267
2.302052131935267
2.302052131935267
2.3020521319353042
2.3020521319353073
2.3020521319353073
2.302052131935314
2.302052131935314
2.30205213193532
2.3020521319353278
2.3020521319353304
2.3020521319353304
2.3020521319353304
2.3020521319353313
2.3020521319353313
2.3020521319353313
2.3020521319353313
2.3020521319353318
2.3020521319353318
2.3020521319353318
2.3020521319353318
2.3020521319353318
2.3020521319353318
2.3020521319353318
2.3020521319353318
2.3020521319353318
2.3020521319353318
2.3020521319353318
2.3020521319353318
2.3020521319353318
2.3020521319353318
2.3020521319353318
2.3020521319353318
2.3020521319353318
2.3020521319353318
2.3020521319353318
2.3020521319353318
2.3020521319353318
2.3020521319353318
2.3020521319353318
2.3020521319353318
2.3020521319353318
2.3020521319353318
2.3020521319353318
