2.3489161298797203
2.3489161298797203
2.3489161298797203
2.3489161298797203
2.3489161298797203
2.3489161298797203
2.3489161298797203
2.3489161298797203
2.3489161298797203
2.3489161298797203
2.3489161298797203
2.3489161298797203
2.3489161298797203
2.3489161298797203
2.3489161298797203
2.3489161298797203
2.3489161298797203
2.3489161298797203
2.3489161298797203
2.3489161298797203
2.3489161298797203
2.3489161298797203
2.3489161298797203
2.3489161298797203
2.3489161298797203
2.3489161298797203
2.3489161298797203
2.3489161298797203
2.3489161298797203
2.3489161298797203
2.3489161298797203
2.3489161298797203
2.3489161298797203
2.3489161298797203
2.3489161298797203
2.3489161298797203
2.3489161298797203
2.3489161298797203
2.3489161298797203
2.3489161298797203
2.3489161298797203
2.3489161298797203
2.3489161298797203
2.3489161298797203
2.3489161298797203
2.3489161298797203
2.3489161298797203
2.3489161298797203
2.3489161298797203
2.3489161298797203
2.3489161298797203
2.3489161298797203
2.348922187447907
2.348922187447907
2.348922187447907
2.3489230989033403
2.3489253793712797
2.3489261303731572
2.3489269513287367
2.3489277236588126
2.3489290145289403
2.348929523467557
2.348930748291564
2.348931869620333
2.348932156977747
2.3489330092331926
2.3489336796669007
2.3489340819271467
2.34893455239561
2.3489349518580704
2.348935219513693
2.3489354002747387
2.34893550873136
2.348935591175483
2.348935675161956
2.3489357088853926
2.348935747793296
2.3489357711380374
2.3489357874729344
2.3489357985881556
2.3489358187184237
2.3489358335514394
2.3489358421179967
2.3489358421179967
2.3489358438153505
2.348935848525512
2.348935848525512
2.348935848525512
2.348935848525512
2.348935848525512
2.348935849184751
2.348935849184751
2.348935849184751
2.348935849184751
2.3489358495874693
2.3489358495874693
2.3489358495874693
2.3489358495874693
2.3489358499547395
2.348935850161916
2.348935850161916
2.348935850161916
2.348935850161916
2.348935850161916
2.3489358502139397
2.3489358502139397
2.3489358502219893
2.3489358502294553
2.34893585023888
2.3489358503063076
2.3489358503380253
2.3489358503380253
2.3489358503380253
2.3489358503414617
2.3489358503713156
2.3489358503747466
2.3489358503770466
2.3489358503783997
2.3489358503897853
2.3489358503986315
2.3489358504048927
2.348935850405617
2.3489358504093985
2.3489358504123716
2.3489358504197164
2.348935850420588
2.3489358504211117
2.34893585042378
2.34893585042616
2.348935850427588
2.3489358504284445
2.348935850429429
2.3489358504302578
2.3489358504310167
2.3489358504314715
2.3489358504317455
2.348935850431909
2.3489358504320075
2.3489358504321016
2.3489358504322984
2.3489358504324205
2.348935850432494
2.348935850432561
2.3489358504326017
2.3489358504326527
2.3489358504326923
2.3489358504327176
2.34893585043274
2.3489358504327607
2.3489358504327766
2.348935850432787
2.348935850432794
2.348935850432802
2.3489358504328077
2.348935850432811
2.348935850432814
2.3489358504328153
2.3489358504328166
2.3489358504328184
2.3489358504328197
2.3489358504328206
2.348935850432822
2.348935850432822
2.3489358504328224
2.348935850432823
2.348935850432823
2.348935850432823
2.348935850432823
2.348935850432823
2.348935850432823
2.348935850432823
2.348935850432823
2.348935850432823
2.348935850432823
2.348935850432823
2.348935850432823
2.348935850432823
2.348935850432823
2.348935850432823
2.348935850432823
2.348935850432823
