1.2278883180918696
1.2278883180918696
1.2278883180918696
1.2278883180918696
1.2278883180918696
1.2278883180918696
1.2278883180918696
1.2278883180918696
1.2278883180918696
1.2278883180918696
1.2278883180918696
1.2278883180918696
1.2278883180918696
1.2278883180918696
1.2278883180918696
1.2278883180918696
1.2278883180918696
1.2278883180918696
1.2278883180918696
1.2278883180918696
1.2278883180918696
1.2278883180918696
1.2278883180918696
1.2278883180918696
1.2278883180918696
1.2278883180918696
1.2278883180918696
1.2278883180918696
1.2278883180918696
1.2278883180918696
1.2278883180918696
1.2278883180918696
1.2278883180918696
1.2278883180918696
1.2278883180918696
1.2278883180918696
1.2283698214138696
1.2283698214138696
1.2283698214138696
1.2283698214138696
1.2283698214138696
1.22843631212813
1.22843631212813
1.22843631212813
1.22843631212813
1.22843631212813
1.22843631212813
1.22843631212813
1.22843631212813
1.2284818562737396
1.2284818562737396
1.2284818562737396
1.2284847533179624
1.2284996707563984
1.228507629333939
1.228512933875692
1.2285184905144695
1.2285226130832059
1.2285273786382103
1.228533168657405
1.2285366427159874
1.228538977560337
1.2285399978686629
1.228542968480056
1.228545205293849
1.2285465473871071
1.2285473526448591
1.2285478358001545
1.2285481256935658
1.2285482996296948
1.2285491516714724
1.2285498087579265
1.2285501657418523
1.2285503996175335
1.2285505399429737
1.228550771170878
1.2285508889522683
1.2285509748810868
1.2285510264383848
1.2285510607572319
1.2285510869417129
1.2285511313127462
1.228551160459874
1.2285511779481515
1.2285511888532288
1.2285512047544238
1.228551206220507
1.2285512170973483
1.2285512240145957
1.2285512294505792
1.2285512333560278
1.2285512340768423
1.228551240879951
1.2285512419305749
1.2285512439217083
1.2285512454328118
1.2285512465249222
1.2285512470734439
1.2285512474452198
1.2285512477266551
1.2285512478415994
1.228551248165227
1.2285512481708707
1.2285512482984073
1.2285512484567787
1.2285512485109198
1.2285512485713888
1.228551248671082
1.2285512487236385
1.2285512487605823
1.228551248782747
1.2285512488098602
1.2285512488365662
1.2285512488560049
1.2285512488676684
1.2285512488839272
1.228551248900274
1.2285512489079466
1.2285512489142278
1.228551248917404
1.2285512489233743
1.2285512489271126
1.2285512489308699
1.2285512489314334
1.228551248934042
1.2285512489361596
1.228551248937312
1.228551248937441
1.2285512489380381
1.2285512489386474
1.2285512489389323
1.2285512489389323
1.2285512489389323
1.2285512489389903
1.2285512489389903
1.2285512489389903
1.2285512489389903
1.228551248938991
1.2285512489390276
1.2285512489390495
1.2285512489390598
1.228551248939092
1.228551248939107
1.2285512489391215
1.228551248939132
1.2285512489391428
1.2285512489391583
1.2285512489391595
1.2285512489391628
1.2285512489391663
1.2285512489391666
1.228551248939168
1.2285512489391697
1.228551248939173
1.228551248939173
1.2285512489391734
1.2285512489391734
1.2285512489391734
1.2285512489391768
1.2285512489391768
1.2285512489391768
1.2285512489391768
1.2285512489391768
1.2285512489391768
1.2285512489391768
1.2285512489391768
1.2285512489391768
1.2285512489391768
1.2285512489391768
1.2285512489391768
1.2285512489391768
1.2285512489391768
1.2285512489391768
1.2285512489391768
1.2285512489391768
1.2285512489391768
1.2285512489391768
1.2285512489391768
1.2285512489391768
1.2285512489391768
1.2285512489391768
1.2285512489391768
1.2285512489391768
1.2285512489391768
1.2285512489391768
1.2285512489391768
1.2285512489391768
