1.7321325096169073
1.7321325096169073
1.7321325096169073
1.7321325096169073
1.7321325096169073
1.7321325096169073
1.7321325096169073
1.7321325096169073
1.7321325096169073
1.7321325096169073
1.7321325096169073
1.7321325096169073
1.7321325096169073
1.7321325096169073
1.7321325096169073
1.7321325096169073
1.7321325096169073
1.7321325096169073
1.7321325096169073
1.7321325096169073
1.7321325096169073
1.7321325096169073
1.7321325096169073
1.7321325096169073
1.7321325096169073
1.7321325096169073
1.7321325096169073
1.7321325096169073
1.7321325096169073
1.7321325096169073
1.7321325096169073
1.7321325096169073
1.7321325096169073
1.7321325096169073
1.7321325096169073
1.7321325096169073
1.7321325096169073
1.7321325096169073
1.7321325096169073
1.7321325096169073
1.7321325096169073
1.7321325096169073
1.7321325096169073
1.7321325096169073
1.7321325096169073
1.7321325096169073
1.7321325096169073
1.7321325096169073
1.7321325096169073
1.7321325096169073
1.7321325096169073
1.7321325096169073
1.7321325096169073
1.7321325096169073
1.7321325096169073
1.7321325096169073
1.7321325096169073
1.7321348478130434
1.7321348478130434
1.7321348478130434
1.7321396283007662
1.7321396283007662
1.7321396283007662
1.7321437381498597
1.7321437381498597
1.7321437381498597
1.7321437381498597
1.7321446067917925
1.7321460452771562
1.7321473788407145
1.7321481769178566
1.7321490025759265
1.7321498181640207
1.732150078025946
1.732150561367813
1.7321507141184997
1.7321508740333789
1.7321510824097885
1.7321512336862388
1.732151324452122
1.7321514121848116
1.7321515020499372
1.7321515926739641
1.7321516586546108
1.7321516982430005
1.7321517130838697
1.7321517391819288
1.7321517803561233
1.7321517955150656
1.732151808790753
1.7321518111523162
1.7321518252448573
1.7321518345435445
1.7321518386746064
1.7321518413356665
1.732151844859097
1.7321518456182508
1.7321518491591381
1.7321518508746687
1.7321518517388288
1.7321518523242136
1.7321518530767763
1.7321518540689118
1.7321518547204222
1.7321518551113309
1.7321518553932262
1.732151855634046
1.7321518560130547
1.7321518564020615
1.7321518566451164
1.7321518567909495
1.7321518569544578
1.732151857088569
1.7321518571791676
1.7321518572419006
1.7321518572795402
1.7321518573021244
1.732151857315674
1.7321518573238044
1.7321518573316572
1.7321518573631591
1.7321518573822592
1.7321518573937194
1.7321518574005974
1.7321518574126462
1.7321518574311385
1.7321518574422337
1.7321518574488886
1.7321518574570396
1.7321518574634083
1.7321518574672312
1.7321518574695238
1.7321518574726158
1.732151857474966
1.7321518574763781
1.7321518574772237
1.7321518574782295
1.7321518574788883
1.7321518574792834
1.7321518574795223
1.7321518574797037
1.7321518574799393
1.7321518574800818
1.7321518574801689
1.7321518574802204
1.7321518574802746
1.732151857480354
1.732151857480402
1.7321518574804322
1.7321518574804498
1.7321518574804649
1.7321518574804977
1.7321518574805184
1.732151857480532
1.7321518574805375
1.732151857480546
1.7321518574805594
1.732151857480569
1.7321518574805748
1.7321518574805788
1.7321518574805803
1.7321518574805843
1.7321518574805872
1.7321518574805894
1.7321518574805896
1.7321518574805899
1.732151857480591
1.7321518574805923
1.7321518574805936
1.7321518574805939
1.7321518574805939
1.7321518574805939
1.732151857480594
1.732151857480594
1.732151857480594
1.7321518574805943
1.7321518574805943
1.7321518574805943
1.7321518574805943
1.7321518574805943
1.7321518574805943
1.7321518574805943
1.7321518574805943
1.7321518574805943
1.7321518574805943
1.7321518574805943
1.7321518574805943
1.7321518574805943
1.7321518574805943
1.7321518574805943
1.7321518574805943
