2.404006047828126
2.404006047828126
2.404006047828126
2.404006047828126
2.404006047828126
2.404006047828126
2.404006047828126
2.404006047828126
2.404006047828126
2.404006047828126
2.404006047828126
2.404006047828126
2.404006047828126
2.404006047828126
2.404006047828126
2.404006047828126
2.404006047828126
2.404006047828126
2.404006047828126
2.404006047828126
2.404006047828126
2.404006047828126
2.404006047828126
2.404006047828126
2.404006047828126
2.404006047828126
2.404006047828126
2.404006047828126
2.404006047828126
2.404006047828126
2.404006047828126
2.404006047828126
2.404006047828126
2.404006047828126
2.404006047828126
2.404006047828126
2.404006047828126
2.404006047828126
2.404006047828126
2.404006047828126
2.404006047828126
2.404006047828126
2.404006047828126
2.404006047828126
2.404006047828126
2.404006047828126
2.4040602596841953
2.4040602596841953
2.4040602596841953
2.4040771940272476
2.404090397601226
2.404120373555898
2.4041548997794124
2.4041756146728406
2.4041882288623886
2.404204658538198
2.4042235897139217
2.4042364355236674
2.404243416361203
2.404247676472933
2.4042555974766566
2.404265325243111
2.4042716139273903
2.404275407488206
2.40428019316587
2.4042855286137943
2.404288729870282
2.4042906506197586
2.4042918030678546
2.4042924945361395
2.4042929094169043
2.4042938473075384
2.4042961451069425
2.404297564934427
2.4042984168300627
2.404299852595385
2.4043009219146
2.404301563505595
2.4043019484599997
2.404302179432573
2.404302452352255
2.4043029859503484
2.404303306173514
2.4043034983073666
2.4043036135876603
2.4043038649651325
2.4043040515120047
2.404304163440111
2.404304230690611
2.4043043407266773
2.4043044086600625
2.4043044494200916
2.404304473876108
2.4043044953972426
2.4043045336162208
2.4043045565476064
2.4043045703064383
2.404304591606365
2.404304606760343
2.4043046158527286
2.404304621308161
2.4043046273236746
2.4043046332041307
2.4043046367324044
2.4043046388493687
2.404304640119547
2.404304640881654
2.4043046414210827
2.4043046422417937
2.404304642734542
2.4043046430301906
2.4043046432650295
2.404304643565791
2.4043046437462476
2.4043046438545224
2.4043046439194873
2.404304643964858
2.4043046440462574
2.4043046440951543
2.404304644124492
2.404304644142095
2.4043046441739686
2.404304644200859
2.4043046442169933
2.404304644226674
2.4043046442391742
2.4043046442474223
2.4043046442523712
2.4043046442553404
2.404304644257123
2.404304644258192
2.404304644258833
2.4043046442592177
2.4043046442605958
2.404304644261757
2.404304644262454
2.404304644262872
2.40430464426339
2.404304644264113
2.4043046442645464
2.4043046442648066
2.4043046442651375
2.404304644265443
2.404304644265626
2.4043046442657356
2.404304644265928
2.4043046442660447
2.4043046442661136
2.4043046442661553
2.4043046442662086
2.4043046442662854
2.4043046442663316
2.4043046442663596
2.404304644266386
2.404304644266444
2.4043046442664786
2.4043046442664995
2.404304644266512
2.404304644266519
2.4043046442665434
2.4043046442665648
2.404304644266578
2.4043046442665856
2.4043046442665905
2.4043046442665963
2.4043046442666016
2.404304644266604
2.4043046442666065
2.4043046442666087
2.4043046442666114
2.4043046442666127
2.404304644266614
2.4043046442666145
2.404304644266615
2.404304644266615
2.404304644266616
2.4043046442666163
2.404304644266617
2.4043046442666176
2.4043046442666176
2.404304644266618
2.4043046442666185
2.4043046442666185
2.4043046442666185
2.4043046442666185
2.4043046442666185
2.4043046442666185
2.4043046442666185
2.4043046442666185
2.4043046442666185
2.4043046442666185
2.4043046442666185
2.4043046442666185
2.4043046442666185
2.4043046442666185
2.4043046442666185
2.4043046442666185
2.4043046442666185
