1.7815206957646967
1.7815206957646967
1.7815206957646967
1.7815206957646967
1.7815206957646967
1.7815206957646967
1.7815206957646967
1.7815206957646967
1.7815206957646967
1.7815206957646967
1.7815206957646967
1.7815206957646967
1.7815206957646967
1.7815206957646967
1.7815206957646967
1.7815206957646967
1.7815206957646967
1.7815206957646967
1.7815206957646967
1.7815206957646967
1.7815206957646967
1.7815206957646967
1.7815206957646967
1.7815206957646967
1.7815206957646967
1.7815206957646967
1.7815206957646967
1.7815206957646967
1.7815206957646967
1.7815206957646967
1.7815206957646967
1.7815206957646967
1.7815206957646967
1.7815206957646967
1.7815206957646967
1.7815206957646967
1.7815206957646967
1.7815206957646967
1.7815206957646967
1.7815206957646967
1.7815206957646967
1.7815206957646967
1.7815206957646967
1.7815206957646967
1.7815206957646967
1.7815206957646967
1.7815206957646967
1.7815206957646967
1.7815206957646967
1.7815206957646967
1.7815206957646967
1.7815206957646967
1.7815206957646967
1.7815206957646967
1.7815206957646967
1.7815206957646967
1.7815206957646967
1.7815206957646967
1.7815206957646967
1.7815206957646967
1.7815206957646967
1.7815206957646967
1.7815206957646967
1.7815206957646967
1.7815206957646967
1.7815206957646967
1.7815206957646967
1.781521209169853
1.7815253073942685
1.781528899707014
1.781528899707014
1.7815316228260123
1.7815340354836717
1.7815354830793606
1.781536812496426
1.7815384412758946
1.7815396017248153
1.7815402979943855
1.7815409731810459
1.7815416802327748
1.781541959784552
1.7815424149035384
1.7815426012422597
1.7815427419426342
1.7815429474674107
1.7815430222071826
1.7815431291457795
1.7815432070951185
1.7815432688618063
1.7815433130448852
1.7815433395547318
1.781543396118022
1.7815434358039077
1.781543456669576
1.781543456669576
1.781543456669576
1.7815434658474614
1.7815434664283525
1.7815434664283525
1.7815434674804544
1.7815434708140732
1.7815434732065902
1.7815434752686252
1.7815434770430483
1.7815434790219336
1.7815434804478438
1.7815434815188989
1.781543482548149
1.7815434832969945
1.7815434837784148
1.7815434840672666
1.7815434844784788
1.781543484783644
1.7815434848461016
1.7815434848461016
1.7815434848461016
1.7815434848461016
1.7815434848547584
1.7815434848547584
1.7815434848547584
1.7815434848547584
1.7815434848547584
1.7815434848547584
1.7815434848547584
1.7815434848547584
1.7815434848547584
1.7815434848573952
1.7815434848573952
1.7815434848573952
1.7815434848577416
1.781543484860746
1.781543484862008
1.7815434848635556
1.781543484864327
1.7815434848659102
1.7815434848666574
1.781543484867232
1.7815434848674474
1.7815434848677003
1.7815434848684397
1.7815434848690201
1.7815434848693248
1.7815434848696663
1.7815434848696836
1.7815434848699188
1.7815434848701373
1.7815434848702685
1.7815434848704634
1.7815434848705913
1.7815434848707312
1.7815434848708154
1.781543484870866
1.7815434848708966
1.7815434848709475
1.7815434848709757
1.7815434848709963
1.7815434848710094
1.7815434848710174
1.7815434848710268
1.7815434848710354
1.7815434848710412
1.7815434848710456
1.7815434848710479
1.781543484871051
1.7815434848710539
1.7815434848710543
1.7815434848710565
1.7815434848710578
1.7815434848710587
1.7815434848710598
1.7815434848710605
1.781543484871061
1.7815434848710614
1.7815434848710614
1.7815434848710614
1.781543484871062
1.781543484871062
1.781543484871062
1.781543484871062
1.781543484871062
1.781543484871062
1.781543484871062
1.781543484871062
1.781543484871062
1.781543484871062
1.781543484871062
1.781543484871062
1.781543484871062
1.781543484871062
1.781543484871062
1.781543484871062
1.781543484871062
1.781543484871062
