2.3850552545267494
2.3850552545267494
2.3850552545267494
2.3850552545267494
2.3850552545267494
2.3850552545267494
2.3850552545267494
2.3850552545267494
2.3850552545267494
2.3850552545267494
2.3850552545267494
2.3850552545267494
2.3850552545267494
2.3850552545267494
2.3850552545267494
2.3850552545267494
2.3850552545267494
2.3850552545267494
2.3850552545267494
2.3850552545267494
2.3850552545267494
2.3850552545267494
2.3850552545267494
2.3850552545267494
2.3850552545267494
2.3850552545267494
2.3850552545267494
2.3850552545267494
2.3850552545267494
2.3850552545267494
2.3850552545267494
2.3850552545267494
2.3850552545267494
2.3850552545267494
2.3850552545267494
2.3850552545267494
2.3850552545267494
2.3850552545267494
2.3850552545267494
2.3850552545267494
2.3850552545267494
2.3850552545267494
2.3850552545267494
2.3850552545267494
2.3850552545267494
2.3850552545267494
2.3850552545267494
2.3850552545267494
2.3850552545267494
2.3850552545267494
2.3850552545267494
2.3850552545267494
2.385058582527042
2.385058582527042
2.385058582527042
2.385058582527042
2.385058582527042
2.3850599598894124
2.3850599598894124
2.3850599598894124
2.3850599598894124
2.3850599598894124
2.3850599598894124
2.3850599598894124
2.3850599598894124
2.385060216900418
2.3850609390766646
2.385061771033821
2.385061771033821
2.3850622872399843
2.3850625146097446
2.3850626510316486
2.385062781196942
2.3850629280916467
2.3850629280916467
2.385062997579981
2.38506303784427
2.385063067493437
2.3850630852829364
2.3850630959566366
2.385063102360856
2.3850631102744204
2.3850631278108025
2.3850631337544894
2.3850631419242942
2.3850631468261767
2.3850631549968364
2.3850631667703217
2.385063178704991
2.3850631889954497
2.3850631963659397
2.385063201597641
2.3850632047366624
2.385063208582901
2.385063212153033
2.3850632142951125
2.385063216127737
2.385063217074955
2.385063218540967
2.385063219313074
2.3850632199691746
2.3850632203628357
2.385063220680184
2.3850632209547196
2.3850632212324787
2.3850632215042356
2.3850632216672896
2.385063221796247
2.385063221838531
2.385063221882576
2.385063221974368
2.3850632220308876
2.385063222064799
2.385063222085146
2.3850632221937857
2.385063222261413
2.3850632223019894
2.385063222341151
2.3850632223733244
2.3850632223962447
2.3850632224307544
2.385063222435163
2.3850632224472403
2.385063222463168
2.385063222472725
2.3850632224787254
2.385063222482119
2.3850632224847437
2.385063222485411
2.385063222487408
2.385063222487408
2.3850632224877564
2.385063222488155
2.385063222488394
2.385063222488656
2.3850632224887147
2.385063222488978
2.385063222489057
2.385063222489103
2.3850632224891726
2.3850632224892143
2.3850632224892454
2.385063222489258
2.385063222489283
2.3850632224893085
2.3850632224893085
2.3850632224893085
2.385063222489311
2.385063222489317
2.3850632224893213
2.3850632224893253
2.385063222489328
2.3850632224893307
2.3850632224893324
2.3850632224893347
2.3850632224893396
2.3850632224893396
2.3850632224893396
2.3850632224893418
2.3850632224893427
2.3850632224893435
2.3850632224893435
2.3850632224893435
2.3850632224893435
2.3850632224893435
2.385063222489344
2.385063222489344
2.385063222489344
2.385063222489344
2.385063222489344
2.385063222489344
2.385063222489344
2.385063222489344
2.385063222489344
2.385063222489344
2.385063222489344
2.385063222489344
2.385063222489344
2.385063222489344
2.385063222489344
2.385063222489344
2.385063222489344
2.385063222489344
2.385063222489344
2.385063222489344
2.385063222489344
2.385063222489344
2.385063222489344
2.385063222489344
