3.34968857251621
3.34968857251621
3.34968857251621
3.34968857251621
3.34968857251621
3.34968857251621
3.34968857251621
3.34968857251621
3.34968857251621
3.34968857251621
3.34968857251621
3.34968857251621
3.34968857251621
3.34968857251621
3.34968857251621
3.34968857251621
3.34968857251621
3.34968857251621
3.34968857251621
3.34968857251621
3.34968857251621
3.34968857251621
3.34968857251621
3.34968857251621
3.34968857251621
3.34968857251621
3.34968857251621
3.34968857251621
3.34968857251621
3.34968857251621
3.34968857251621
3.34968857251621
3.34968857251621
3.34968857251621
3.34968857251621
3.34968857251621
3.34968857251621
3.34968857251621
3.34968857251621
3.34968857251621
3.34968857251621
3.34968857251621
3.34968857251621
3.34968857251621
3.34968857251621
3.34968857251621
3.34968857251621
3.34968857251621
3.34968857251621
3.349691414628021
3.3497003736566944
3.3497003736566944
3.3497003736566944
3.3497003736566944
3.3497060480507654
3.34970748323068
3.349708344328354
3.3497121315043707
3.349712369633138
3.3497205623041526
3.349725803146614
3.3497275763922283
3.349731071870324
3.3497332775152806
3.349736982122097
3.349739951527431
3.349741823613323
3.349743647190857
3.349744741337495
3.349745643794507
3.3497468402657944
3.349747893537563
3.3497485255007367
3.3497489046786817
3.3497492790782264
3.349749802287291
3.349750119178876
3.3497503231193897
3.349750459180273
3.349750625081893
3.349750689368442
3.3497507466607646
3.349750800850641
3.3497508343543614
3.3497508544565933
3.349750866517932
3.349750878774322
3.3497508957608884
3.3497509086050785
3.3497509163115917
3.34975092487842
3.349750933472183
3.349750938803612
3.3497509425332477
3.3497509457357175
3.3497509482337153
3.3497509498405127
3.3497509508045917
3.3497509513830392
3.349750951730107
3.349750952302273
3.3497509528625335
3.3497509531986904
3.3497509534258834
3.3497509535863568
3.3497509536893717
3.349750953841039
3.3497509539344197
3.34975095400657
3.3497509540565957
3.3497509540882597
3.3497509541125754
3.349750954142153
3.349750954163374
3.349750954176106
3.3497509541837447
3.3497509541883286
3.349750954191399
3.3497509541955313
3.3497509542008634
3.3497509542041515
3.3497509542061676
3.349750954207975
3.349750954211612
3.3497509542137944
3.3497509542151036
3.349750954215889
3.3497509542163604
3.3497509542174915
3.349750954218344
3.3497509542188566
3.3497509542191626
3.3497509542193473
3.3497509542196418
3.349750954219999
3.349750954220213
3.349750954220341
3.349750954220529
3.3497509542206614
3.3497509542207395
3.3497509542207866
3.349750954220838
3.349750954220903
3.3497509542209425
3.3497509542209665
3.3497509542209807
3.349750954221013
3.3497509542210504
3.349750954221073
3.349750954221087
3.3497509542211006
3.349750954221118
3.3497509542211272
3.349750954221136
3.3497509542211463
3.349750954221153
3.349750954221157
3.3497509542211596
3.3497509542211614
3.349750954221164
3.3497509542211654
3.349750954221167
3.349750954221168
3.3497509542211694
3.349750954221171
3.349750954221172
3.349750954221172
3.349750954221173
3.349750954221173
3.3497509542211734
3.3497509542211734
3.349750954221175
3.349750954221175
3.349750954221175
3.349750954221175
3.3497509542211756
3.3497509542211756
3.3497509542211756
3.349750954221176
3.349750954221176
3.349750954221176
3.349750954221176
3.349750954221176
3.349750954221176
3.349750954221176
3.349750954221176
3.349750954221176
3.349750954221176
