1.6189643584636662
1.6189643584636662
1.6189643584636662
1.6189643584636662
1.6189643584636662
1.6189643584636662
1.6189643584636662
1.6189643584636662
1.6189643584636662
1.6189643584636662
1.6189643584636662
1.6189643584636662
1.6189643584636662
1.6189643584636662
1.6189643584636662
1.6189643584636662
1.6189643584636662
1.6189643584636662
1.6189643584636662
1.6189643584636662
1.6189643584636662
1.6189643584636662
1.6189643584636662
1.6189643584636662
1.6189643584636662
1.6189643584636662
1.6189643584636662
1.6189643584636662
1.6189643584636662
1.6189643584636662
1.6189643584636662
1.6189643584636662
1.6189643584636662
1.6189643584636662
1.6189643584636662
1.6189643584636662
1.6189643584636662
1.6189643584636662
1.6189643584636662
1.6189643584636662
1.6189643584636662
1.6189643584636662
1.6189643584636662
1.6189643584636662
1.618964977506392
1.618964977506392
1.618964977506392
1.618964977506392
1.618964977506392
1.618964977506392
1.618964977506392
1.618964977506392
1.618964977506392
1.618964977506392
1.618964977506392
1.618964977506392
1.6189652618728698
1.6189662746187123
1.6189668822519712
1.618967246826798
1.618967465569848
1.6189675968150132
1.6189676799432058
1.61896771464432
1.618967738093497
1.618967738093497
1.618967738093497
1.618968497897984
1.618968497897984
1.618968497897984
1.6189685338343478
1.6189686609865694
1.618969838473631
1.618969838473631
1.6189704811980528
1.6189711546911323
1.618971558787056
1.6189718861054065
1.6189721119084548
1.6189723327972674
1.618972832883961
1.6189728881737333
1.6189729213475972
1.61897302507408
1.6189731815020252
1.6189732753587975
1.6189733316728632
1.6189733707652376
1.6189734013911092
1.6189734580870736
1.6189735070046811
1.6189735363552462
1.6189735539655856
1.6189735645317895
1.6189735717975873
1.618973581755285
1.6189735918360704
1.6189735978845425
1.61897360297869
1.6189736088623066
1.6189736127802898
1.6189736153563152
1.6189736174677145
1.6189736204523677
1.618973622301358
1.6189736234107523
1.6189736240763883
1.6189736251514193
1.6189736266757904
1.6189736275904127
1.6189736281391862
1.6189736285595433
1.6189736296181638
1.6189736302533366
1.6189736306344402
1.618973630885072
1.6189736314517433
1.6189736317917467
1.6189736319957482
1.6189736321181494
1.6189736323584074
1.6189736325755424
1.6189736327058235
1.6189736327839925
1.6189736329227171
1.6189736330266633
1.618973633089031
1.6189736331264515
1.6189736332098459
1.6189736332721665
1.6189736333095586
1.6189736333319935
1.6189736333454545
1.6189736333535318
1.6189736333643185
1.618973633377349
1.6189736333851674
1.6189736333898586
1.6189736333960305
1.6189736334004683
1.618973633403131
1.6189736334047296
1.618973633406162
1.618973633407699
1.618973633408622
1.6189736334091758
1.6189736334097848
1.6189736334101943
1.6189736334104405
1.6189736334105884
1.618973633410704
1.6189736334108447
1.618973633410929
1.6189736334109794
1.6189736334110179
1.6189736334110656
1.6189736334110947
1.6189736334111118
1.6189736334111227
1.6189736334111375
1.6189736334111466
1.6189736334111524
1.6189736334111555
1.6189736334111577
1.6189736334111604
1.6189736334111624
1.6189736334111635
1.618973633411164
1.6189736334111646
1.6189736334111648
1.6189736334111653
1.618973633411166
1.6189736334111662
1.6189736334111662
1.6189736334111664
1.6189736334111664
1.6189736334111664
1.6189736334111664
1.6189736334111664
1.6189736334111664
1.6189736334111664
1.6189736334111664
1.6189736334111664
1.6189736334111664
1.6189736334111664
1.6189736334111664
1.6189736334111664
1.6189736334111664
1.6189736334111664
1.6189736334111664
1.6189736334111664
1.6189736334111664
1.6189736334111664
1.6189736334111664
1.6189736334111664
1.6189736334111664
