1.4649994267743334
1.4649994267743334
1.4649994267743334
1.4649994267743334
1.4649994267743334
1.4649994267743334
1.4649994267743334
1.4649994267743334
1.4649994267743334
1.4649994267743334
1.4649994267743334
1.4649994267743334
1.4649994267743334
1.4649994267743334
1.4649994267743334
1.4649994267743334
1.4649994267743334
1.4649994267743334
1.4649994267743334
1.4649994267743334
1.4649994267743334
1.4649994267743334
1.4649994267743334
1.4649994267743334
1.4649994267743334
1.4649994267743334
1.4649994267743334
1.4649994267743334
1.4649994267743334
1.4649994267743334
1.4649994267743334
1.4649994267743334
1.4649994267743334
1.4649994267743334
1.4649994267743334
1.4649994267743334
1.4649994267743334
1.4649994267743334
1.4649994267743334
1.4649994267743334
1.4649994267743334
1.4649994267743334
1.4649994267743334
1.4649994267743334
1.4649994267743334
1.4649994267743334
1.4649994267743334
1.4649994267743334
1.4649994267743334
1.4649994267743334
1.4649994267743334
1.4649994267743334
1.4649994267743334
1.4649994267743334
1.4649995098212407
1.4649995098212407
1.4649995098212407
1.4649995098212407
1.4649995098212407
1.4649995098212407
1.4649995098212407
1.4649995098212407
1.4649996223464445
1.4650000113465595
1.4650000113465595
1.4650006110745846
1.4650006110745846
1.4650009260659114
1.4650011368611513
1.4650012633382279
1.4650013392244488
1.4650015423336904
1.4650015423336904
1.465001606103073
1.4650016966639834
1.4650017618953148
1.4650017618953148
1.4650017618953148
1.465001775130933
1.4650017873781538
1.4650017873781538
1.4650017873781538
1.4650017873781538
1.4650017903391832
1.4650017903391832
1.4650017903391832
1.4650017903391832
1.4650017904314117
1.4650017904314117
1.4650017904314117
1.4650017904314117
1.4650017904314117
1.4650017936935458
1.4650017964129751
1.4650017964129751
1.4650017964129751
1.465001796635431
1.465001797056774
1.465001797056774
1.465001797056774
1.4650017973840441
1.4650017976816614
1.4650017978787337
1.4650017979891015
1.4650017979990657
1.4650017980986947
1.4650017982340762
1.4650017984497261
1.4650017985791164
1.4650017986567505
1.465001798709232
1.4650017989147144
1.4650017990980444
1.4650017992080424
1.4650017992638433
1.465001799306242
1.4650017993178706
1.4650017993287239
1.4650017993532802
1.4650017993532802
1.4650017993597588
1.4650017993656512
1.4650017993656512
1.4650017993674789
1.4650017993674789
1.4650017993674789
1.4650017993732645
1.4650017993732645
1.4650017993732645
1.4650017993733717
1.4650017993733717
1.4650017993740867
1.4650017993747417
1.4650017993752065
1.4650017993754187
1.4650017993755855
1.4650017993756863
1.4650017993757387
1.4650017993757387
1.4650017993757387
1.4650017993757836
1.4650017993758302
1.4650017993758302
1.4650017993758302
1.4650017993758302
1.4650017993758302
1.4650017993758442
1.4650017993758646
1.4650017993758848
1.465001799375892
1.4650017993758992
1.4650017993759015
1.465001799375907
1.4650017993759121
1.465001799375915
1.4650017993759152
1.4650017993759155
1.4650017993759175
1.4650017993759175
1.4650017993759188
1.4650017993759188
1.4650017993759195
1.4650017993759203
1.4650017993759208
1.465001799375921
1.4650017993759215
1.465001799375922
1.465001799375922
1.4650017993759223
1.4650017993759226
1.4650017993759228
1.4650017993759228
1.4650017993759228
1.4650017993759228
1.4650017993759228
1.4650017993759228
1.4650017993759228
1.4650017993759228
1.4650017993759228
