1.930103453484685
1.930103453484685
1.930103453484685
1.930103453484685
1.930103453484685
1.930103453484685
1.930103453484685
1.930103453484685
1.930103453484685
1.930103453484685
1.930103453484685
1.930103453484685
1.930103453484685
1.930103453484685
1.930103453484685
1.930103453484685
1.930103453484685
1.930103453484685
1.930103453484685
1.930103453484685
1.930103453484685
1.930103453484685
1.930103453484685
1.930103453484685
1.930103453484685
1.930103453484685
1.930103453484685
1.930103453484685
1.930103453484685
1.930103453484685
1.930103453484685
1.930103453484685
1.930103453484685
1.930103453484685
1.930103453484685
1.930103453484685
1.930103453484685
1.930103453484685
1.930103453484685
1.930103453484685
1.930103453484685
1.930103453484685
1.930103453484685
1.930103453484685
1.930103453484685
1.930103453484685
1.930103453484685
1.930103453484685
1.930103453484685
1.930103453484685
1.930103453484685
1.930103453484685
1.930104314366736
1.930104314366736
1.9301044762962691
1.9301050325153077
1.9301060678074817
1.930107393608145
1.9301081890891167
1.9301088298897002
1.930109117201088
1.93010990018362
1.930110755048709
1.9301108880185553
1.930111350230643
1.9301119554873678
1.9301124896630837
1.9301125085615465
1.9301128742262952
1.9301131105776241
1.9301132966559393
1.9301134983993165
1.9301136765362434
1.9301137843265015
1.9301139294695278
1.9301140729335193
1.9301141337159968
1.9301142018202402
1.930114275106792
1.9301143190787233
1.9301143492082622
1.930114398911006
1.9301144705864945
1.9301145135917879
1.9301145393949641
1.9301145548768701
1.9301145641660138
1.9301145865621905
1.9301145982244583
1.9301146181444249
1.9301146273563434
1.9301146319915627
1.9301146416039525
1.9301146416327963
1.930114647816445
1.930114652660971
1.9301146561978662
1.9301146592009342
1.9301146608093442
1.9301146615505116
1.930114663425315
1.9301146643254614
1.9301146652559755
1.9301146659120827
1.9301146666249984
1.9301146670722586
1.9301146673406142
1.9301146675150713
1.9301146676268812
1.9301146676939676
1.930114667734219
1.9301146677995527
1.9301146679890044
1.9301146681119055
1.930114668186064
1.9301146682352948
1.9301146682648336
1.9301146682825574
1.9301146683085908
1.9301146683304824
1.9301146683496835
1.9301146683613606
1.9301146683687755
1.930114668373224
1.9301146683759074
1.930114668380425
1.9301146683869317
1.930114668390847
1.9301146683931956
1.930114668395164
1.9301146683969994
1.9301146683984838
1.9301146683993997
1.9301146683999661
1.9301146684004462
1.930114668401143
1.9301146684015988
1.9301146684018724
1.930114668402036
1.9301146684021346
1.9301146684021937
1.9301146684022594
1.9301146684023518
1.9301146684024162
1.9301146684024566
1.9301146684024908
1.9301146684025305
1.930114668402557
1.930114668402573
1.9301146684025854
1.9301146684025983
1.930114668402608
1.9301146684026143
1.930114668402618
1.9301146684026205
1.9301146684026258
1.9301146684026294
1.9301146684026311
1.9301146684026327
1.9301146684026333
1.930114668402635
1.9301146684026362
1.9301146684026367
1.9301146684026371
1.9301146684026371
1.930114668402638
1.9301146684026382
1.9301146684026387
1.930114668402639
1.9301146684026393
1.9301146684026396
1.93011466840264
1.93011466840264
1.93011466840264
1.93011466840264
1.93011466840264
1.93011466840264
1.93011466840264
1.93011466840264
1.93011466840264
1.93011466840264
1.93011466840264
1.93011466840264
1.93011466840264
1.93011466840264
1.93011466840264
1.93011466840264
1.93011466840264
1.93011466840264
