2.0758177917166334
2.0758177917166334
2.0758177917166334
2.0758177917166334
2.0758177917166334
2.0758177917166334
2.0758177917166334
2.0758177917166334
2.0758177917166334
2.0758177917166334
2.0758177917166334
2.0758177917166334
2.0758177917166334
2.0758177917166334
2.0758177917166334
2.0758177917166334
2.0758177917166334
2.0758177917166334
2.0758177917166334
2.0758177917166334
2.0758177917166334
2.0758177917166334
2.0758177917166334
2.0758177917166334
2.0758177917166334
2.0758177917166334
2.0758177917166334
2.0758177917166334
2.0758177917166334
2.0758177917166334
2.0758177917166334
2.0758177917166334
2.0758177917166334
2.0758177917166334
2.0758177917166334
2.0758177917166334
2.0758177917166334
2.0758177917166334
2.0758177917166334
2.0758177917166334
2.0758177917166334
2.0758177917166334
2.0758177917166334
2.0758177917166334
2.0758177917166334
2.0758177917166334
2.0758177917166334
2.0758177917166334
2.0758177917166334
2.0758177917166334
2.0758177917166334
2.0758177917166334
2.0758177917166334
2.0758177917166334
2.0758177917166334
2.0758177917166334
2.0758177917166334
2.0758177917166334
2.0758177917166334
2.075818883964973
2.075820174492369
2.0758209488085666
2.0758214133981983
2.0758216921519463
2.0758218594041837
2.0758219597555225
2.0758221489807567
2.0758226903451558
2.075823240798451
2.0758235710702837
2.0758235710702837
2.075824005316331
2.0758242631587294
2.075824552087676
2.075825033040402
2.075825109658092
2.075825277751286
2.0758254325979077
2.0758255789459676
2.0758256789747227
2.0758257389919716
2.0758257730113656
2.0758258028309604
2.0758258780940277
2.0758259154011394
2.0758259435891557
2.0758259699277635
2.075826005570852
2.07582602125393
2.0758260338362993
2.0758260459881006
2.0758260556057637
2.0758260611841637
2.0758260651744536
2.0758260670098694
2.0758260690133703
2.0758260711734184
2.075826072829029
2.0758260743252435
2.0758260744308203
2.0758260750939606
2.0758260761118867
2.0758260761118867
2.0758260765396317
2.0758260769304133
2.075826077155984
2.075826077155984
2.075826077309721
2.075826077506773
2.0758260775208868
2.075826077666794
2.0758260778062985
2.075826077832718
2.075826077941473
2.075826077974061
2.075826078012619
2.0758260780405027
2.0758260780729314
2.075826078088715
2.0758260780999964
2.0758260781321276
2.07582607813388
2.07582607814186
2.0758260781531233
2.075826078157894
2.075826078157894
2.0758260781644293
2.07582607816469
2.0758260781657705
2.0758260781663385
2.0758260781663385
2.0758260781677813
2.0758260781683275
2.0758260781684
2.0758260781686007
2.0758260781686007
2.075826078168887
2.0758260781689835
2.0758260781690687
2.0758260781690687
2.0758260781692828
2.0758260781693423
2.0758260781694062
2.0758260781694062
2.0758260781694498
2.0758260781694893
2.0758260781694893
2.0758260781695186
2.0758260781695257
2.0758260781695426
2.0758260781695523
2.0758260781695683
2.0758260781695683
2.075826078169574
2.0758260781695808
2.075826078169585
2.0758260781695883
2.0758260781695914
2.0758260781695927
2.075826078169594
2.075826078169595
2.075826078169596
2.0758260781695963
2.075826078169597
2.075826078169598
2.0758260781695985
2.0758260781695985
2.0758260781695985
2.0758260781695985
2.075826078169599
2.075826078169599
2.075826078169599
2.075826078169599
2.075826078169599
2.075826078169599
2.075826078169599
2.075826078169599
2.075826078169599
2.075826078169599
2.075826078169599
2.075826078169599
2.075826078169599
2.075826078169599
2.075826078169599
2.075826078169599
2.075826078169599
2.075826078169599
2.075826078169599
2.075826078169599
2.075826078169599
