2.6787437643033645
2.6787437643033645
2.6787437643033645
2.6787437643033645
2.6787437643033645
2.6787437643033645
2.6787437643033645
2.6787437643033645
2.6787437643033645
2.6787437643033645
2.6787437643033645
2.6787437643033645
2.6787437643033645
2.6787437643033645
2.6787437643033645
2.6787437643033645
2.6787437643033645
2.6787437643033645
2.6787437643033645
2.6787437643033645
2.6787437643033645
2.6787437643033645
2.6787437643033645
2.6787437643033645
2.6787437643033645
2.6787437643033645
2.6787437643033645
2.6787437643033645
2.6787437643033645
2.6787437643033645
2.6787437643033645
2.6787437643033645
2.6787437643033645
2.6787437643033645
2.6787437643033645
2.6787437643033645
2.6787437643033645
2.6787437643033645
2.6787437643033645
2.6787437643033645
2.6787437643033645
2.6787437643033645
2.6787437643033645
2.6787437643033645
2.6787437643033645
2.6787437643033645
2.6787437643033645
2.6787437643033645
2.6787437643033645
2.6787437643033645
2.6787437643033645
2.6787437643033645
2.6787437643033645
2.6787457890731257
2.6787457890731257
2.6787457890731257
2.6787457890731257
2.6787584824562254
2.6787584824562254
2.6787584824562254
2.6787617476984087
2.6787617476984087
2.6787617476984087
2.6787821916505847
2.6787821916505847
2.6787821916505847
2.6787821916505847
2.6787875009526783
2.6787956933138624
2.678807016943974
2.6788138111464503
2.6788178876767232
2.67882033359805
2.6788235499304704
2.6788291920437137
2.6788327961836256
2.6788349586700657
2.6788362561628287
2.6788370346588093
2.6788378198377445
2.678838954718733
2.6788400084186406
2.6788407485508525
2.678841192630301
2.678841459078013
2.678841824880563
2.678842222791291
2.67884242724106
2.6788426198883095
2.6788427673554356
2.678842907570449
2.6788429916994616
2.67884304217687
2.6788430724633168
2.6788431617699318
2.67884323626173
2.6788432597285166
2.6788433062621277
2.6788433207001874
2.678843332034889
2.6788433463136605
2.6788433691073554
2.6788433827835725
2.678843390989303
2.678843401432628
2.678843409343194
2.67884341546799
2.6788434193110398
2.6788434210581547
2.678843423233977
2.6788434264019405
2.678843428302718
2.678843428302718
2.6788434289820713
2.6788434297435915
2.6788434302986808
2.6788434307762756
2.6788434309849705
2.678843431159905
2.6788434314675555
2.678843431719334
2.6788434318704013
2.6788434320541703
2.6788434322842183
2.6788434324222457
2.6788434325050625
2.678843432554754
2.6788434326222648
2.6788434326585073
2.678843432660642
2.6788434326822603
2.6788434326921267
2.6788434326980077
2.678843432702857
2.678843432706769
2.6788434327100403
2.6788434327212625
2.6788434327279957
2.6788434327320365
2.6788434327370263
2.6788434327420996
2.678843432745144
2.678843432747033
2.678843432748783
2.6788434327513864
2.6788434327529482
2.678843432753886
2.678843432754448
2.6788434327551407
2.6788434327559574
2.678843432756448
2.6788434327567856
2.678843432757021
2.6788434327571657
2.6788434327571995
2.678843432757326
2.678843432757364
2.6788434327574135
2.678843432757444
2.6788434327574637
2.6788434327574877
2.678843432757531
2.6788434327575565
2.678843432757572
2.678843432757582
2.6788434327575947
2.6788434327576036
2.678843432757609
2.678843432757609
2.678843432757609
2.678843432757609
2.6788434327576103
2.6788434327576103
2.6788434327576103
2.6788434327576103
2.6788434327576107
2.678843432757611
2.678843432757611
2.678843432757611
2.678843432757611
2.678843432757611
2.678843432757611
2.6788434327576116
2.6788434327576116
2.6788434327576116
2.6788434327576116
2.6788434327576116
2.6788434327576116
2.6788434327576116
2.6788434327576116
2.6788434327576116
2.6788434327576116
2.6788434327576116
2.6788434327576116
2.6788434327576116
2.6788434327576116
2.6788434327576116
2.6788434327576116
2.6788434327576116
2.6788434327576116
2.6788434327576116
2.6788434327576116
2.6788434327576116
2.6788434327576116
