2.20388185797689
2.20388185797689
2.20388185797689
2.20388185797689
2.20388185797689
2.20388185797689
2.20388185797689
2.20388185797689
2.20388185797689
2.20388185797689
2.20388185797689
2.20388185797689
2.20388185797689
2.20388185797689
2.20388185797689
2.20388185797689
2.20388185797689
2.20388185797689
2.20388185797689
2.20388185797689
2.20388185797689
2.20388185797689
2.20388185797689
2.20388185797689
2.20388185797689
2.20388185797689
2.20388185797689
2.20388185797689
2.20388185797689
2.20388185797689
2.20388185797689
2.20388185797689
2.20388185797689
2.20388185797689
2.20388185797689
2.20388185797689
2.20388185797689
2.20388185797689
2.20388185797689
2.20388185797689
2.20388185797689
2.20388185797689
2.20388185797689
2.20388185797689
2.20388185797689
2.20388185797689
2.20388185797689
2.20388185797689
2.20388185797689
2.20388185797689
2.20388185797689
2.20388185797689
2.20388185797689
2.20388185797689
2.20388185797689
2.20388185797689
2.20388185797689
2.20388185797689
2.20388185797689
2.20388185797689
2.20388185797689
2.20388185797689
2.20388185797689
2.203882789368213
2.203886793899689
2.203890804755077
2.203890804755077
2.203892886098294
2.2039003655178417
2.203904870643968
2.203904870643968
2.2039077581777775
2.2039108946458246
2.2039148224929814
2.20391717920135
2.203918876673085
2.2039220135393434
2.203923954322123
2.20392511879183
2.2039258511800934
2.2039270243053153
2.203927869041289
2.203928375882889
2.2039286799878557
2.2039288872278697
2.2039291642821537
2.203929302542631
2.2039293932578885
2.203929475241659
2.2039295498394718
2.203929617717553
2.203929653161652
2.2039296796454924
2.2039297059295593
2.203929723633607
2.203929730267793
2.203929741891616
2.2039297493117807
2.2039297570172436
2.203929759212593
2.20392976218251
2.2039297655322256
2.2039297660680286
2.2039297663895105
2.2039297681066916
2.203929769261576
2.203929769261576
2.2039297696684677
2.2039297700280365
2.2039297702735388
2.203929770493117
2.2039297706390215
2.203929770834181
2.203929770942394
2.203929771124434
2.203929771171823
2.203929771171823
2.203929771224551
2.203929771290766
2.203929771310056
2.203929771341066
2.203929771361314
2.203929771378401
2.203929771388654
2.2039297714004924
2.2039297714023953
2.20392977142075
2.203929771438694
2.2039297714494603
2.20392977145592
2.203929771459796
2.203929771474674
2.2039297714872013
2.203929771494718
2.203929771499228
2.203929771501934
2.203929771507305
2.203929771514993
2.203929771519606
2.203929771522373
2.2039297715240336
2.2039297715250297
2.2039297715256283
2.2039297715269126
2.2039297715280095
2.2039297715285784
2.2039297715285784
2.2039297715290056
2.203929771529248
2.2039297715293413
2.2039297715293973
2.203929771529452
2.203929771529594
2.2039297715296797
2.203929771529731
2.203929771529776
2.203929771529874
2.2039297715299
2.2039297715299
2.2039297715299
2.203929771529933
2.203929771529933
2.203929771529933
2.2039297715299333
2.203929771529935
2.2039297715299395
2.2039297715299417
2.2039297715299417
2.2039297715299435
2.2039297715299444
2.2039297715299453
2.203929771529946
2.2039297715299466
2.203929771529947
2.2039297715299475
2.2039297715299475
2.203929771529948
2.203929771529948
2.2039297715299484
2.2039297715299484
2.2039297715299484
2.2039297715299484
2.2039297715299484
2.2039297715299484
2.2039297715299484
2.2039297715299484
2.2039297715299484
2.2039297715299484
2.2039297715299484
2.2039297715299484
2.2039297715299484
2.2039297715299484
2.2039297715299484
2.2039297715299484
2.2039297715299484
2.2039297715299484
