1.3224544064246866
1.3224544064246866
1.3224544064246866
1.3224544064246866
1.3224544064246866
1.3224544064246866
1.3224544064246866
1.3224544064246866
1.3224544064246866
1.3224544064246866
1.3224544064246866
1.3224544064246866
1.3224544064246866
1.3224544064246866
1.3224544064246866
1.3224544064246866
1.3224544064246866
1.3224544064246866
1.3224544064246866
1.3224544064246866
1.3224544064246866
1.3224544064246866
1.3224544064246866
1.3224544064246866
1.3224544064246866
1.3224544064246866
1.3224544064246866
1.3224544064246866
1.3224544064246866
1.3224544064246866
1.3224544064246866
1.3224544064246866
1.3224544064246866
1.3224544064246866
1.3224544064246866
1.3224544064246866
1.3224544064246866
1.3224544064246866
1.3224544064246866
1.3224544064246866
1.3224544064246866
1.3224544064246866
1.3224544064246866
1.3224544064246866
1.3224544064246866
1.3224691458561477
1.3224691458561477
1.3224691458561477
1.3224691458561477
1.3224730882331768
1.3224730882331768
1.3224730882331768
1.3224730882331768
1.3224730882331768
1.3224730882331768
1.3224730882331768
1.3224733407987064
1.3224733407987064
1.3224733407987064
1.3224743943028185
1.3224745644566749
1.322475454452961
1.3224759884511756
1.322476308850264
1.3224767632737782
1.3224773349874082
1.32247762350356
1.3224778909598143
1.3224781733224775
1.3224783267972944
1.3224784567145662
1.3224785816356552
1.3224786866657583
1.3224787637088122
1.32247878777379
1.3224788446267108
1.3224788857600542
1.3224789175665077
1.3224789463317108
1.3224789635908332
1.3224789831084478
1.3224790007867542
1.3224790146608263
1.32247902365622
1.3224790290534558
1.322479034509804
1.3224790417262666
1.3224790472517916
1.3224790505671062
1.3224790528006884
1.3224790559736328
1.3224790582732633
1.3224790596530418
1.3224790604809085
1.322479060977629
1.3224790613555322
1.3224790620027371
1.322479062505988
1.3224790628079381
1.3224790629891088
1.322479063097811
1.3224790631630323
1.3224790632637695
1.3224790634650694
1.3224790635858494
1.3224790636583177
1.322479063701798
1.3224790637562565
1.3224790638279518
1.322479063870969
1.3224790638967794
1.3224790639178783
1.3224790639611554
1.3224790639871216
1.3224790640027013
1.3224790640179263
1.3224790640413697
1.3224790640554354
1.322479064063875
1.3224790640780673
1.3224790640883095
1.3224790640944553
1.322479064099639
1.3224790641058315
1.3224790641095472
1.3224790641117765
1.322479064113114
1.3224790641149538
1.3224790641166524
1.3224790641176711
1.3224790641182824
1.3224790641187198
1.322479064119497
1.3224790641199633
1.322479064120243
1.322479064120411
1.3224790641205115
1.322479064120665
1.3224790641207913
1.3224790641208675
1.322479064120913
1.3224790641209851
1.3224790641210349
1.3224790641210646
1.3224790641210824
1.3224790641211077
1.3224790641211288
1.322479064121142
1.3224790641211497
1.322479064121154
1.3224790641211592
1.3224790641211672
1.3224790641211719
1.3224790641211748
1.3224790641211763
1.3224790641211777
1.32247906412118
1.322479064121181
1.322479064121182
1.3224790641211823
1.3224790641211828
1.322479064121183
1.3224790641211839
1.3224790641211845
1.322479064121185
1.3224790641211854
1.3224790641211859
1.3224790641211863
1.3224790641211865
1.3224790641211865
1.3224790641211868
1.3224790641211868
1.322479064121187
1.322479064121187
1.3224790641211872
1.3224790641211872
1.3224790641211872
1.3224790641211874
1.3224790641211874
1.3224790641211874
1.3224790641211874
1.3224790641211874
