1.9615204897673824
1.9615204897673824
1.9615204897673824
1.9615204897673824
1.9615204897673824
1.9615204897673824
1.9615204897673824
1.9615204897673824
1.9615204897673824
1.9615204897673824
1.9615204897673824
1.9615204897673824
1.9615204897673824
1.9615204897673824
1.9615204897673824
1.9615204897673824
1.9615204897673824
1.9615204897673824
1.9615204897673824
1.9615204897673824
1.9615204897673824
1.9615204897673824
1.9615204897673824
1.9615204897673824
1.9615204897673824
1.9615204897673824
1.9615204897673824
1.9615204897673824
1.9615204897673824
1.9615204897673824
1.9615204897673824
1.9615204897673824
1.9615204897673824
1.9615204897673824
1.9615204897673824
1.9615204897673824
1.9615204897673824
1.9615204897673824
1.9615204897673824
1.9615204897673824
1.9615204897673824
1.9615204897673824
1.9615204897673824
1.9615204897673824
1.9615204897673824
1.9615204897673824
1.9615204897673824
1.9615303426719934
1.9615303426719934
1.9615303426719934
1.9615303426719934
1.9615331399189722
1.9615346105960596
1.9615374195441695
1.961541795873355
1.961542861348397
1.9615456011810666
1.9615471952779824
1.961548492093743
1.9615491924696122
1.9615497092313057
1.9615506061719872
1.9615510203807573
1.961551531618471
1.9615518383609973
1.9615522381942825
1.9615525170476846
1.9615527276893887
1.9615529519555586
1.9615531210573802
1.9615532225184695
1.9615533421850266
1.9615534406783806
1.96155350962259
1.9615535509891155
1.9615536159610292
1.9615536780439828
1.961553720020622
1.9615537515517987
1.961553781282242
1.9615538018492489
1.9615538086459359
1.9615538086459359
1.9615538086459359
1.9615538086459359
1.9615538101864218
1.9615538101864218
1.9615538101864218
1.9615538101864218
1.961553810750633
1.9615538116136515
1.9615538122111824
1.9615538131801549
1.9615538138472781
1.961553814287513
1.9615538145879345
1.9615538151133611
1.9615538153805883
1.9615538155866927
1.9615538156653043
1.961553815849445
1.9615538159447026
1.961553816009075
1.961553816036363
1.9615538160570665
1.9615538160963009
1.961553816128946
1.96155381615129
1.9615538161657573
1.9615538161833903
1.961553816204554
1.9615538162178683
1.9615538162258572
1.9615538162376476
1.961553816246784
1.9615538162522965
1.9615538162556365
1.9615538162603858
1.9615538162635617
1.9615538162654673
1.9615538162666106
1.9615538162672965
1.9615538162680077
1.96155381626882
1.9615538162693371
1.961553816269648
1.9615538162698338
1.961553816269959
1.9615538162702997
1.9615538162705128
1.9615538162706407
1.9615538162707176
1.961553816270881
1.9615538162710169
1.9615538162710981
1.9615538162711468
1.9615538162711779
1.9615538162712791
1.9615538162713404
1.9615538162713761
1.9615538162714128
1.9615538162714505
1.961553816271473
1.9615538162714867
1.961553816271499
1.9615538162715085
1.961553816271514
1.9615538162715174
1.9615538162715207
1.9615538162715238
1.9615538162715254
1.9615538162715265
1.961553816271527
1.9615538162715271
1.9615538162715285
1.9615538162715287
1.9615538162715294
1.9615538162715294
1.9615538162715296
1.9615538162715296
1.9615538162715296
1.9615538162715296
1.9615538162715296
1.9615538162715296
1.9615538162715296
1.9615538162715296
1.9615538162715296
1.9615538162715296
1.9615538162715296
1.9615538162715296
1.9615538162715296
1.9615538162715296
1.9615538162715296
1.9615538162715296
1.9615538162715296
1.9615538162715296
1.9615538162715296
1.9615538162715296
1.9615538162715296
1.9615538162715296
