2.0894477398316957
2.0894477398316957
2.0894477398316957
2.0894477398316957
2.0894477398316957
2.0894477398316957
2.0894477398316957
2.0894477398316957
2.0894477398316957
2.0894477398316957
2.0894477398316957
2.0894477398316957
2.0894477398316957
2.0894477398316957
2.0894477398316957
2.0894477398316957
2.0894477398316957
2.0894477398316957
2.0894477398316957
2.0894477398316957
2.0894477398316957
2.0894477398316957
2.0894477398316957
2.0894477398316957
2.0894477398316957
2.0894477398316957
2.0894477398316957
2.0894477398316957
2.0894477398316957
2.0894477398316957
2.0894477398316957
2.0894477398316957
2.0894477398316957
2.0894477398316957
2.0894477398316957
2.0894477398316957
2.0894477398316957
2.0894477398316957
2.0894477398316957
2.0894477398316957
2.0894477398316957
2.0894477398316957
2.0894477398316957
2.0894477398316957
2.0894477398316957
2.0894477398316957
2.0894477398316957
2.0894477398316957
2.0894477398316957
2.0894477398316957
2.0894477398316957
2.0894477398316957
2.0894477398316957
2.0894477398316957
2.0894477398316957
2.0894477398316957
2.0894477398316957
2.089448987128153
2.089448987128153
2.089448987128153
2.089448987128153
2.0894496647871335
2.0894496647871335
2.0894496647871335
2.0894496647871335
2.0894496647871335
2.0894497022710725
2.0894497022710725
2.0894497022710725
2.0894497650003205
2.089450001336176
2.089450001336176
2.089450001336176
2.0894501662242715
2.0894502456694553
2.089451479659903
2.0894522642885307
2.089452735065756
2.0894530175321084
2.089453187011926
2.0894535479099763
2.089453728193858
2.089453933362512
2.0894540575166736
2.0894541003109772
2.089454169886555
2.089454277735248
2.0894543448808314
2.089454385168182
2.089454409340594
2.089454443309513
2.089454472976962
2.089454491019167
2.0894545039153534
2.089454516118726
2.0894545294380307
2.089454540567815
2.089454547245685
2.0894545544299468
2.0894545599885337
2.0894545633236863
2.089454565474573
2.0894545684559507
2.0894545705131997
2.089454571892232
2.0894545728836595
2.089454573478516
2.0894545744246753
2.0894545750142863
2.0894545753680527
2.0894545755803127
2.089454575707907
2.0894545759487984
2.0894545761887735
2.0894545763337136
2.089454576420678
2.0894545764728565
2.089454576570071
2.0894545766524826
2.0894545767019292
2.0894545767315975
2.0894545767493984
2.0894545767803394
2.089454576805375
2.0894545768203963
2.089454576829409
2.0894545768348167
2.089454576844936
2.089454576851184
2.0894545768549326
2.0894545768576163
2.0894545768623534
2.089454576865286
2.0894545768670465
2.0894545768681017
2.089454576868736
2.0894545768694206
2.0894545768700716
2.089454576870462
2.0894545768706965
2.089454576870844
2.089454576871061
2.089454576871216
2.0894545768713098
2.0894545768713653
2.0894545768713995
2.0894545768714683
2.0894545768715544
2.0894545768716064
2.0894545768716384
2.089454576871657
2.0894545768716677
2.0894545768716903
2.0894545768717077
2.0894545768717174
2.089454576871723
2.089454576871727
2.089454576871735
2.0894545768717414
2.089454576871745
2.089454576871747
2.0894545768717507
2.0894545768717543
2.0894545768717565
2.0894545768717583
2.089454576871759
2.0894545768717605
2.089454576871761
2.0894545768717614
2.0894545768717623
2.0894545768717623
2.0894545768717627
2.089454576871763
2.089454576871763
2.0894545768717636
2.0894545768717636
2.0894545768717636
2.0894545768717636
2.0894545768717636
2.0894545768717636
2.0894545768717636
2.0894545768717636
2.0894545768717636
2.0894545768717636
2.0894545768717636
2.0894545768717636
2.0894545768717636
2.0894545768717636
2.0894545768717636
2.0894545768717636
2.0894545768717636
2.0894545768717636
2.0894545768717636
2.0894545768717636
2.0894545768717636
2.0894545768717636
