1.3367419036724288
1.3367419036724288
1.3367419036724288
1.3367419036724288
1.3367419036724288
1.3367419036724288
1.3367419036724288
1.3367419036724288
1.3367419036724288
1.3367419036724288
1.3367419036724288
1.3367419036724288
1.3367419036724288
1.3367419036724288
1.3367419036724288
1.3367419036724288
1.3367419036724288
1.3367419036724288
1.3367419036724288
1.3367419036724288
1.3367419036724288
1.3367419036724288
1.3367419036724288
1.3367419036724288
1.3367419036724288
1.3367419036724288
1.3367419036724288
1.3367419036724288
1.3367419036724288
1.3367419036724288
1.3367419036724288
1.3367419036724288
1.3367419036724288
1.3367419036724288
1.3367419036724288
1.3367419036724288
1.3367419036724288
1.3367419036724288
1.3367419036724288
1.3367419036724288
1.3367419036724288
1.3367419036724288
1.3367419036724288
1.3367419036724288
1.3367419036724288
1.3367419036724288
1.3367419036724288
1.3367419036724288
1.3367419036724288
1.3367419036724288
1.3367419036724288
1.3367419036724288
1.3367423929701254
1.3367423929701254
1.3367423929701254
1.3367423929701254
1.336742946204132
1.3367435465155209
1.3367437404648814
1.3367449178163124
1.3367456242272142
1.3367460480737707
1.336746789644849
1.336747361023982
1.3367477038514448
1.3367481555758831
1.336748227803759
1.336748575504609
1.3367489866517779
1.3367492333401823
1.3367494515874123
1.3367498872134849
1.3367499953409883
1.3367501476564334
1.3367502633137787
1.3367504084059834
1.3367504954613167
1.3367505476945207
1.3367505790344443
1.3367506422184623
1.3367506894983554
1.3367507198261865
1.3367507380228851
1.3367507380228851
1.3367507493265685
1.336750762700882
1.3367507709041548
1.3367507758261188
1.3367507796232314
1.3367507874564222
1.336750792861289
1.3367507961042093
1.3367507980499613
1.336750801551598
1.3367508038460396
1.3367508052227044
1.3367508063569384
1.3367508075134564
1.3367508085571318
1.3367508093118825
1.3367508097647331
1.3367508097647331
1.336750810036666
1.3367508102324759
1.3367508103499617
1.3367508104204535
1.3367508104850903
1.3367508105630075
1.3367508106097576
1.3367508106378079
1.3367508106678418
1.336750810686014
1.33675081069937
1.33675081069937
1.3367508107070964
1.3367508107119241
1.3367508107147215
1.3367508107163997
1.336750810720345
1.336750810721878
1.3367508107236588
1.336750810725154
1.3367508107272483
1.336750810727496
1.3367508107285968
1.3367508107285968
1.3367508107285968
1.3367508107289248
1.3367508107289248
1.3367508107289778
1.3367508107289778
1.3367508107290262
1.3367508107290262
1.3367508107290262
1.3367508107290262
1.3367508107290262
1.3367508107290262
1.3367508107290262
1.3367508107290262
1.3367508107290262
1.3367508107290262
1.3367508107290262
1.3367508107290262
1.3367508107290262
1.3367508107290262
1.3367508107290262
1.3367508107290262
1.3367508107290262
1.3367508107290262
1.3367508107290262
1.3367508107290262
1.3367508107290265
1.3367508107290267
1.3367508107290267
1.3367508107290267
1.3367508107290271
1.3367508107290271
1.3367508107290271
1.3367508107290271
1.3367508107290271
1.3367508107290271
1.3367508107290271
1.3367508107290271
1.3367508107290271
1.3367508107290271
1.3367508107290271
1.3367508107290271
1.3367508107290271
1.3367508107290271
1.3367508107290271
1.3367508107290271
1.3367508107290271
1.3367508107290271
1.3367508107290271
1.3367508107290271
1.3367508107290271
1.3367508107290271
1.3367508107290271
1.3367508107290271
1.3367508107290271
1.3367508107290271
1.3367508107290271
1.3367508107290271
1.3367508107290271
1.3367508107290271
