1.4322661299921928
1.4322661299921928
1.4322661299921928
1.4322661299921928
1.4322661299921928
1.4322661299921928
1.4322661299921928
1.4322661299921928
1.4322661299921928
1.4322661299921928
1.4322661299921928
1.4322661299921928
1.4322661299921928
1.4322661299921928
1.4322661299921928
1.4322661299921928
1.4322661299921928
1.4322661299921928
1.4322661299921928
1.4322661299921928
1.4322661299921928
1.4322661299921928
1.4322661299921928
1.4322661299921928
1.4322661299921928
1.4322661299921928
1.4322661299921928
1.4322661299921928
1.4322661299921928
1.4322661299921928
1.4322661299921928
1.4322661299921928
1.4322661299921928
1.4322661299921928
1.4322661299921928
1.4322661299921928
1.4322661299921928
1.4322661299921928
1.4322661299921928
1.4322661299921928
1.4322661299921928
1.4322661299921928
1.4322661299921928
1.4322661299921928
1.4322661299921928
1.4322661299921928
1.4322661299921928
1.4322661299921928
1.4322661299921928
1.4322661299921928
1.4322677454344774
1.4322677454344774
1.4322677454344774
1.4322677454344774
1.4322677454344774
1.4322677454344774
1.4322677454344774
1.4322677454344774
1.4322681942296134
1.4322681942296134
1.4322686636814161
1.4322689454284065
1.4322691366535776
1.4322695532770557
1.4322698061776455
1.432270186853716
1.4322703357611464
1.4322704348113091
1.4322706070730171
1.4322707556509011
1.432270844797632
1.43227090706046
1.4322709325388603
1.4322709938406886
1.4322710323684955
1.4322710554851794
1.4322710850491494
1.4322711073688554
1.432271120760679
1.4322711287957735
1.43227113361683
1.4322711473681413
1.4322711649120567
1.4322711756581177
1.4322711809411348
1.4322711868281506
1.4322711918587212
1.4322711948826177
1.4322711964456791
1.4322711984483458
1.4322712002734337
1.4322712013684868
1.4322712026470061
1.4322712043820314
1.4322712051090716
1.4322712057558513
1.4322712057558513
1.4322712062175553
1.4322712062330203
1.4322712063484329
1.4322712063863972
1.4322712066612813
1.4322712068349872
1.4322712069392112
1.4322712071382155
1.4322712073106958
1.4322712074141837
1.432271207476277
1.4322712075141135
1.4322712075141135
1.4322712075514503
1.4322712075639294
1.4322712075717172
1.4322712075721424
1.4322712075755777
1.4322712075810529
1.4322712075846922
1.4322712075877029
1.432271207592055
1.4322712075961688
1.432271207598644
1.4322712076001975
1.4322712076013917
1.4322712076022877
1.4322712076032897
1.4322712076040454
1.432271207604499
1.4322712076048478
1.4322712076052733
1.4322712076054838
1.4322712076054838
1.432271207605716
1.4322712076057589
1.4322712076057849
1.4322712076058
1.432271207605811
1.4322712076058561
1.4322712076058868
1.432271207605905
1.432271207605916
1.4322712076059225
1.4322712076059267
1.4322712076059307
1.432271207605951
1.4322712076059632
1.4322712076059705
1.4322712076059747
1.4322712076059783
1.4322712076059823
1.432271207605985
1.4322712076059865
1.4322712076059876
1.4322712076059891
1.4322712076059907
1.432271207605992
1.4322712076059927
1.4322712076059931
1.4322712076059938
1.4322712076059942
1.4322712076059947
1.4322712076059951
1.4322712076059951
1.4322712076059954
1.4322712076059956
1.4322712076059956
1.4322712076059956
1.4322712076059956
1.4322712076059956
1.4322712076059956
1.4322712076059956
1.4322712076059956
1.4322712076059956
1.4322712076059956
1.4322712076059956
1.4322712076059956
1.4322712076059956
1.4322712076059956
1.4322712076059956
1.4322712076059956
1.4322712076059956
1.4322712076059956
1.4322712076059956
1.4322712076059956
