1.3539453888143005
1.3539453888143005
1.3539453888143005
1.3539453888143005
1.3539453888143005
1.3539453888143005
1.3539453888143005
1.3539453888143005
1.3539453888143005
1.3539453888143005
1.3539453888143005
1.3539453888143005
1.3539453888143005
1.3539453888143005
1.3539453888143005
1.3539453888143005
1.3539453888143005
1.3539453888143005
1.3539453888143005
1.3539453888143005
1.3539453888143005
1.3539453888143005
1.3539453888143005
1.3539453888143005
1.3539453888143005
1.3539453888143005
1.3539453888143005
1.3539453888143005
1.3539453888143005
1.3539453888143005
1.3539453888143005
1.3539453888143005
1.3539453888143005
1.3539453888143005
1.3539453888143005
1.3539453888143005
1.353986909644611
1.353986909644611
1.353986909644611
1.3540006610478568
1.3540006610478568
1.3540006610478568
1.3540006610478568
1.3540006610478568
1.3540006610478568
1.3540006610478568
1.3540029182254891
1.3540029182254891
1.3540029182254891
1.3540029182254891
1.3540029572468943
1.3540039504209036
1.3540046392684129
1.3540046392684129
1.3540046392684129
1.3540050820435032
1.3540052218771357
1.3540052218771357
1.3540052218771357
1.354005515554853
1.3540056365276218
1.3540058776596862
1.3540060070063213
1.354006150831581
1.3540063380767124
1.3540065522397462
1.3540066807375806
1.3540068544167556
1.3540071086883598
1.3540072771450697
1.3540074019666413
1.3540074507157536
1.3540075040858595
1.3540075905091027
1.3540075983188211
1.3540075983188211
1.3540075983188211
1.35400760029393
1.3540076127641405
1.3540076202462665
1.3540076313870117
1.3540076427496388
1.3540076427496388
1.3540076427496388
1.3540076456246841
1.3540076456246841
1.3540076456246841
1.3540076456246841
1.3540076456246841
1.3540076463405144
1.3540076470930726
1.3540076470930726
1.3540076470930726
1.3540076470930726
1.3540076474655074
1.3540076474655074
1.3540076474719884
1.3540076475595857
1.3540076476121439
1.354007647643679
1.3540076477570555
1.3540076477792553
1.3540076477792553
1.3540076477792553
1.3540076478049725
1.3540076478119514
1.3540076478119514
1.3540076478119514
1.3540076478268213
1.3540076478325433
1.3540076478325433
1.3540076478325433
1.3540076478325433
1.3540076478356815
1.3540076478356815
1.354007647837356
1.354007647837356
1.354007647837356
1.354007647837744
1.3540076478382306
1.3540076478384448
1.3540076478386578
1.354007647838739
1.3540076478388312
1.3540076478389707
1.3540076478389955
1.3540076478390666
1.3540076478391307
1.3540076478391692
1.3540076478391923
1.3540076478392062
1.3540076478392062
1.3540076478392062
1.3540076478392156
1.3540076478392233
1.3540076478392233
1.3540076478392233
1.354007647839225
1.3540076478392258
1.3540076478392287
1.3540076478392291
1.3540076478392291
1.3540076478392298
1.3540076478392307
1.3540076478392307
1.3540076478392313
1.3540076478392322
1.3540076478392322
1.3540076478392324
1.3540076478392324
1.3540076478392324
1.3540076478392327
1.3540076478392327
1.3540076478392327
1.3540076478392327
1.3540076478392327
1.3540076478392327
1.3540076478392327
1.3540076478392327
1.3540076478392327
1.3540076478392327
1.3540076478392327
1.3540076478392327
1.3540076478392327
1.3540076478392327
1.3540076478392327
1.3540076478392327
1.3540076478392327
1.3540076478392327
1.3540076478392327
1.3540076478392327
1.3540076478392327
1.3540076478392327
1.3540076478392327
1.3540076478392327
1.3540076478392327
1.3540076478392327
1.3540076478392327
1.3540076478392327
1.3540076478392327
1.3540076478392327
