1.149834412435007
1.149834412435007
1.149834412435007
1.149834412435007
1.149834412435007
1.149834412435007
1.149834412435007
1.149834412435007
1.149834412435007
1.149834412435007
1.149834412435007
1.149834412435007
1.149834412435007
1.149834412435007
1.149834412435007
1.149834412435007
1.149834412435007
1.149834412435007
1.149834412435007
1.149834412435007
1.149834412435007
1.149834412435007
1.149834412435007
1.149834412435007
1.149834412435007
1.149834412435007
1.149834412435007
1.149834412435007
1.149834412435007
1.149834412435007
1.149834412435007
1.149834412435007
1.149834412435007
1.149834412435007
1.149834412435007
1.149834412435007
1.149834412435007
1.149834412435007
1.149834412435007
1.149834412435007
1.149834412435007
1.149834412435007
1.149834412435007
1.149834412435007
1.149834412435007
1.149834412435007
1.149834412435007
1.149834412435007
1.149834412435007
1.149834412435007
1.149834412435007
1.149834412435007
1.149838607979944
1.149838607979944
1.149838607979944
1.149838607979944
1.1498395398527321
1.1498395398527321
1.1498395398527321
1.1498395398527321
1.1498399492534335
1.1498399492534335
1.1498399492534335
1.1498417720936858
1.1498417720936858
1.1498445340809138
1.149847764312897
1.1498499392428556
1.1498530157113154
1.1498555073087935
1.1498570246474578
1.1498581771130394
1.149859807296799
1.1498606256371884
1.149861125191939
1.1498616792316991
1.14986215703006
1.1498624234672072
1.1498625544327692
1.1498626931685132
1.149862797408187
1.1498628703428042
1.1498629659506956
1.1498631204980032
1.149863225909162
1.1498632891558656
1.1498633634118454
1.149863434049708
1.1498634813578117
1.1498635114903948
1.149863540374905
1.149863567695305
1.1498635844248344
1.1498635944625506
1.1498636004851817
1.1498636040987595
1.149863626141072
1.1498636429292646
1.1498636530021795
1.1498636590459292
1.1498636626721792
1.1498636648479292
1.1498636661533799
1.1498636683910464
1.1498636721060416
1.1498636743350372
1.1498636756724354
1.149863676535416
1.1498636780972886
1.149863679054525
1.1498636796288677
1.1498636800229076
1.1498636807657834
1.1498636812115086
1.1498636814789442
1.149863681639405
1.149863681806057
1.1498636820207948
1.149863682149638
1.1498636822269444
1.1498636822733268
1.1498636823286548
1.1498636823962665
1.1498636824368316
1.149863682461171
1.1498636824883108
1.1498636825112758
1.1498636825250548
1.1498636825333226
1.1498636825382818
1.1498636825480844
1.1498636825551014
1.1498636825593105
1.1498636825631154
1.1498636825681703
1.149863682571203
1.1498636825730235
1.1498636825741166
1.1498636825758008
1.1498636825768564
1.1498636825774893
1.1498636825778699
1.1498636825785618
1.1498636825790722
1.1498636825793773
1.1498636825795603
1.1498636825796704
1.149863682579868
1.1498636825800126
1.1498636825801
1.1498636825801531
1.1498636825802406
1.1498636825802924
1.1498636825803241
1.1498636825803417
1.1498636825803665
1.1498636825803905
1.1498636825804038
1.1498636825804118
1.1498636825804158
1.1498636825804198
1.1498636825804225
1.1498636825804291
1.1498636825804331
1.1498636825804345
1.1498636825804371
1.1498636825804398
1.1498636825804411
1.1498636825804422
1.1498636825804425
1.1498636825804425
1.1498636825804438
1.1498636825804438
1.1498636825804438
1.1498636825804438
1.1498636825804438
1.1498636825804438
1.1498636825804438
1.1498636825804438
1.1498636825804438
1.1498636825804438
1.1498636825804438
1.1498636825804438
1.1498636825804438
1.1498636825804438
1.1498636825804438
1.1498636825804438
1.1498636825804438
1.1498636825804438
1.1498636825804438
1.1498636825804438
1.1498636825804438
1.1498636825804438
1.1498636825804438
1.1498636825804438
1.1498636825804438
1.1498636825804438
1.1498636825804438
