2.1446058989014882
2.1446058989014882
2.1446058989014882
2.1446058989014882
2.1446058989014882
2.1446058989014882
2.1446058989014882
2.1446058989014882
2.1446058989014882
2.1446058989014882
2.1446058989014882
2.1446058989014882
2.1446058989014882
2.1446058989014882
2.1446058989014882
2.1446058989014882
2.1446058989014882
2.1446058989014882
2.1446058989014882
2.1446058989014882
2.1446058989014882
2.1446058989014882
2.1446058989014882
2.1446058989014882
2.1446058989014882
2.1446058989014882
2.1446058989014882
2.1446058989014882
2.1446058989014882
2.1446058989014882
2.1446058989014882
2.1446058989014882
2.1446058989014882
2.1446058989014882
2.1446058989014882
2.1446058989014882
2.1446058989014882
2.1446058989014882
2.1446058989014882
2.1446058989014882
2.1446058989014882
2.1446058989014882
2.1446058989014882
2.1446058989014882
2.1446058989014882
2.1446058989014882
2.1446058989014882
2.1446058989014882
2.1446058989014882
2.1446074681705247
2.1446074681705247
2.1446074681705247
2.1446074681705247
2.1446074681705247
2.1446074681705247
2.1446074681705247
2.1446074681705247
2.1446074681705247
2.1446074681705247
2.1446081414777165
2.144608504367787
2.1446090561368747
2.1446092315987317
2.1446105140226885
2.1446110640288008
2.144611655970222
2.1446121623715864
2.1446130415978097
2.144613366480506
2.144613632177323
2.1446138952263887
2.1446141567342307
2.144614346362592
2.1446144678856762
2.144614614328277
2.1446147267196793
2.1446148001207477
2.1446148687860664
2.1446148827465366
2.14461490502054
2.144614922101589
2.1446149359473403
2.144614956093134
2.144614970334611
2.144614976262535
2.1446149821386578
2.1446149857917063
2.1446149857917063
2.14461498952446
2.144614989946897
2.1446149902821325
2.1446149903326726
2.1446149906718217
2.1446149922103985
2.1446149936737844
2.1446149945518163
2.144614995020633
2.144614995020633
2.144614995020633
2.1446149956410774
2.1446149956636056
2.1446149956773146
2.144614995705484
2.1446149957624234
2.144614995828495
2.144614995973785
2.1446149960717054
2.144614996130457
2.144614996188946
2.144614996188946
2.144614996188946
2.1446149962010743
2.1446149962010743
2.1446149962010743
2.1446149962010743
2.1446149962033165
2.144614996205131
2.144614996205131
2.144614996205131
2.1446149962075594
2.1446149962075594
2.1446149962075594
2.1446149962075594
2.1446149962080385
2.1446149962080385
2.144614996208346
2.1446149962084484
2.1446149962085106
2.144614996208547
2.1446149962085697
2.1446149962086594
2.144614996208746
2.144614996208746
2.144614996208746
2.1446149962088175
2.1446149962088277
2.144614996208835
2.1446149962088445
2.144614996208859
2.144614996208892
2.1446149962089107
2.144614996208919
2.144614996208919
2.144614996208919
2.144614996208923
2.144614996208924
2.144614996208924
2.144614996208924
2.144614996208924
2.144614996208924
2.1446149962089254
2.1446149962089254
2.1446149962089254
2.144614996208926
2.144614996208926
2.1446149962089263
2.1446149962089263
2.1446149962089263
2.1446149962089263
2.1446149962089263
2.1446149962089263
2.1446149962089263
2.1446149962089263
2.1446149962089263
2.1446149962089263
2.1446149962089263
2.1446149962089263
2.1446149962089263
2.1446149962089263
2.1446149962089263
2.1446149962089263
2.1446149962089263
2.1446149962089263
2.1446149962089263
2.1446149962089263
2.1446149962089263
2.1446149962089263
2.1446149962089263
2.1446149962089263
2.1446149962089263
2.1446149962089263
2.1446149962089263
2.1446149962089263
