1.7599724342415002
1.7599724342415002
1.7599724342415002
1.7599724342415002
1.7599724342415002
1.7599724342415002
1.7599724342415002
1.7599724342415002
1.7599724342415002
1.7599724342415002
1.7599724342415002
1.7599724342415002
1.7599724342415002
1.7599724342415002
1.7599724342415002
1.7599724342415002
1.7599724342415002
1.7599724342415002
1.7599724342415002
1.7599724342415002
1.7599724342415002
1.7599724342415002
1.7599724342415002
1.7599724342415002
1.7599724342415002
1.7599724342415002
1.7599724342415002
1.7599724342415002
1.7599724342415002
1.7599724342415002
1.7599724342415002
1.7599724342415002
1.7599724342415002
1.7599724342415002
1.7599724342415002
1.7599724342415002
1.7599724342415002
1.7599724342415002
1.7599724342415002
1.7599724342415002
1.7599724342415002
1.7599724342415002
1.7599724342415002
1.7599724342415002
1.7599724342415002
1.7599724342415002
1.7599724342415002
1.7599724342415002
1.7599724342415002
1.7599724342415002
1.7599724342415002
1.7599724342415002
1.7599724342415002
1.7599724342415002
1.7599724342415002
1.7599724342415002
1.7599724342415002
1.7599724342415002
1.7599724342415002
1.7599724342415002
1.7599724342415002
1.7599724342415002
1.7599724342415002
1.7599724342415002
1.7599724342415002
1.7599725797102719
1.7599730050920777
1.7599730050920777
1.7599730050920777
1.7599735922295812
1.7599741628184706
1.759974239922861
1.759974239922861
1.7599745603357186
1.7599747601946705
1.7599751318812025
1.7599753192039906
1.7599758714132485
1.759976146873365
1.759976146873365
1.7599762570375703
1.759976330576835
1.7599764368331532
1.7599764368331532
1.7599764368331532
1.7599764597142278
1.7599764881160926
1.7599764881160926
1.7599765040265236
1.7599765040265236
1.7599765117284494
1.7599765160188747
1.7599765281533832
1.7599765358093358
1.759976536648048
1.7599765371512748
1.759976540098348
1.7599765423926306
1.7599765462841241
1.7599765473877287
1.7599765484746557
1.7599765499390527
1.7599765508735163
1.7599765514341943
1.759976551778933
1.7599765528086522
1.7599765534822298
1.7599765539047107
1.7599765541581993
1.759976554330632
1.7599765546276518
1.7599765549632849
1.7599765551646636
1.7599765552854925
1.759976555425853
1.7599765554915463
1.7599765554915463
1.7599765555225062
1.759976555547696
1.759976555547696
1.759976555547696
1.7599765555560187
1.7599765555560187
1.7599765555560187
1.7599765555560187
1.7599765555560187
1.7599765555565294
1.7599765555567441
1.7599765555567441
1.7599765555567441
1.7599765555567441
1.7599765555584
1.7599765555600966
1.7599765555612084
1.7599765555612084
1.7599765555612084
1.7599765555612084
1.7599765555612084
1.7599765555617246
1.7599765555617246
1.7599765555617246
1.7599765555617246
1.7599765555617481
1.759976555561804
1.7599765555619575
1.7599765555620692
1.7599765555621358
1.7599765555621516
1.7599765555621787
1.7599765555621965
1.7599765555622642
1.7599765555622988
1.75997655556232
1.759976555562337
1.7599765555623659
1.7599765555623836
1.759976555562395
1.7599765555624063
1.7599765555624203
1.7599765555624296
1.759976555562434
1.7599765555624378
1.7599765555624405
1.759976555562444
1.7599765555624465
1.7599765555624478
1.7599765555624487
1.7599765555624494
1.7599765555624505
1.7599765555624511
1.7599765555624514
1.7599765555624514
1.7599765555624514
1.7599765555624514
1.7599765555624514
1.7599765555624514
1.7599765555624514
1.7599765555624514
1.7599765555624514
1.7599765555624514
1.7599765555624514
1.7599765555624514
1.7599765555624514
1.7599765555624514
1.7599765555624514
1.7599765555624514
1.7599765555624514
1.7599765555624514
1.7599765555624514
1.7599765555624514
1.7599765555624514
1.7599765555624514
