2.141580992514443
2.141580992514443
2.141580992514443
2.141580992514443
2.141580992514443
2.141580992514443
2.141580992514443
2.141580992514443
2.141580992514443
2.141580992514443
2.141580992514443
2.141580992514443
2.141580992514443
2.141580992514443
2.141580992514443
2.141580992514443
2.141580992514443
2.141580992514443
2.141580992514443
2.141580992514443
2.141580992514443
2.141580992514443
2.141580992514443
2.141580992514443
2.141580992514443
2.141580992514443
2.141580992514443
2.141580992514443
2.141580992514443
2.141580992514443
2.141580992514443
2.141580992514443
2.141580992514443
2.141580992514443
2.141580992514443
2.141580992514443
2.141580992514443
2.141580992514443
2.141580992514443
2.141580992514443
2.141580992514443
2.141580992514443
2.141580992514443
2.141580992514443
2.141580992514443
2.141581009879097
2.141581009879097
2.141581009879097
2.141581009879097
2.141581009879097
2.141581009879097
2.141581009879097
2.141581009879097
2.141581009879097
2.141581009879097
2.141581009879097
2.1415819942369922
2.1415819942369922
2.1415819942369922
2.1415819942369922
2.1415819942369922
2.141586468190196
2.1415904941461994
2.1415929097177213
2.141596340801327
2.141596340801327
2.141601462806435
2.141602334107022
2.1416036508449894
2.141605020380621
2.1416060610148997
2.1416070733150785
2.141607117290908
2.141607817359566
2.141608415051168
2.1416090513739223
2.141609802765724
2.141610408657819
2.141610772193186
2.1416110246388644
2.1416112694823086
2.141611515477495
2.1416117038804194
2.141611816922183
2.1416119055917635
2.1416120027267898
2.1416120769764344
2.1416121229785783
2.141612150579865
2.1416122041196815
2.1416122501400943
2.1416122777523428
2.1416123172605808
2.1416123334280326
2.141612350378992
2.1416123664435287
2.141612374389848
2.1416123910523264
2.141612393582367
2.141612399311209
2.1416124027485144
2.1416124082311736
2.1416124082311736
2.141612410002702
2.141612413815952
2.141612416881145
2.141612419632184
2.141612420409957
2.1416124228199416
2.141612423870204
2.1416124245003623
2.1416124249340447
2.14161242538548
2.1416124258293157
2.14161242610117
2.141612426385668
2.141612426556366
2.1416124267290724
2.1416124269874337
2.141612427146213
2.1416124272414807
2.141612427298641
2.1416124273273986
2.1416124273909833
2.1416124274453647
2.1416124274779933
2.14161242749757
2.141612427522878
2.1416124275457884
2.1416124275617805
2.1416124275712893
2.14161242757713
2.141612427583082
2.141612427588351
2.1416124275923014
2.1416124275947177
2.141612427596167
2.141612427597037
2.1416124275978183
2.141612427599344
2.141612427600405
2.141612427601019
2.141612427601432
2.14161242760164
2.141612427602164
2.1416124276025266
2.1416124276027433
2.141612427602906
2.1416124276030235
2.1416124276032074
2.1416124276033854
2.141612427603492
2.141612427603549
2.141612427603591
2.141612427603619
2.1416124276036386
2.1416124276036963
2.141612427603736
2.1416124276037607
2.1416124276037762
2.141612427603807
2.14161242760383
2.1416124276038437
2.141612427603852
2.1416124276038553
2.141612427603865
2.1416124276038704
2.1416124276038744
2.141612427603876
2.1416124276038815
2.1416124276038846
2.1416124276038873
2.141612427603888
2.1416124276038895
2.14161242760389
2.1416124276038913
2.141612427603892
2.1416124276038926
2.1416124276038935
2.1416124276038935
2.141612427603894
2.141612427603894
2.141612427603894
2.141612427603894
2.141612427603894
2.141612427603894
2.141612427603894
2.141612427603894
2.141612427603894
2.141612427603894
2.141612427603894
2.141612427603894
2.141612427603894
2.141612427603894
2.141612427603894
2.141612427603894
2.141612427603894
