2.6841214227116414
2.6841214227116414
2.6841214227116414
2.6841214227116414
2.6841214227116414
2.6841214227116414
2.6841214227116414
2.6841214227116414
2.6841214227116414
2.6841214227116414
2.6841214227116414
2.6841214227116414
2.6841214227116414
2.6841214227116414
2.6841214227116414
2.6841214227116414
2.6841214227116414
2.6841214227116414
2.6841214227116414
2.6841214227116414
2.6841214227116414
2.6841214227116414
2.6841214227116414
2.6841214227116414
2.6841214227116414
2.6841214227116414
2.6841214227116414
2.6841214227116414
2.6841214227116414
2.6841214227116414
2.6841214227116414
2.6841214227116414
2.6841214227116414
2.6841214227116414
2.6841214227116414
2.6841214227116414
2.6841214227116414
2.6841214227116414
2.6841275590039513
2.6841275590039513
2.6841275590039513
2.6841275590039513
2.6841275590039513
2.6841275590039513
2.6841275590039513
2.6841275590039513
2.6841275590039513
2.6841275590039513
2.6841275590039513
2.6841275590039513
2.6841275590039513
2.6841275590039513
2.6841275590039513
2.6841275590039513
2.6841275590039513
2.6841275590039513
2.6841275590039513
2.684127594067392
2.684127594067392
2.684127594067392
2.684127594067392
2.684127594067392
2.684127594067392
2.684127594067392
2.684129045039023
2.684129045039023
2.684129045039023
2.684129045039023
2.6841320875923795
2.6841320875923795
2.6841320875923795
2.684133436162491
2.6841344403755154
2.6841355090050683
2.684135845932655
2.684136740679546
2.684137662872021
2.6841381991204303
2.6841386111743697
2.684138973982624
2.6841391916675805
2.6841394394968807
2.684139754358017
2.684139943274691
2.684139997192774
2.684140202434923
2.6841403656085987
2.6841404635128066
2.684140524811243
2.6841405797065363
2.6841406159840915
2.6841406547291626
2.6841406893718345
2.6841407101574384
2.6841407369810093
2.6841407606457186
2.6841407702944733
2.6841407769353802
2.6841407769353802
2.684140783029192
2.6841407903576697
2.6841407925069682
2.6841407925069682
2.6841407925069682
2.6841407933011987
2.684140794468371
2.684140795168674
2.6841407956373184
2.6841407975415823
2.6841407980628484
2.684140798537983
2.684140798537983
2.684140798830243
2.684140799118177
2.684140799118177
2.6841407991240893
2.684140799209572
2.6841407992919897
2.6841407993502684
2.6841407994152675
2.684140799455008
2.684140799523241
2.684140799587208
2.684140799625588
2.684140799648617
2.6841407996625475
2.684140799681553
2.6841407996999447
2.6841407997125777
2.684140799720156
2.6841407997257467
2.6841407997340254
2.6841407997391444
2.6841407997424698
2.6841407997459545
2.6841407997483917
2.684140799750223
2.684140799751355
2.6841407997521554
2.684140799752896
2.6841407997534623
2.6841407997538074
2.6841407997540148
2.684140799754197
2.6841407997543825
2.6841407997545432
2.6841407997546627
2.6841407997547635
2.6841407997548505
2.684140799754904
2.684140799754936
2.684140799754956
2.684140799755003
2.6841407997550366
2.684140799755057
2.6841407997550797
2.684140799755102
2.6841407997551143
2.6841407997551214
2.684140799755129
2.684140799755136
2.68414079975514
2.6841407997551423
2.6841407997551454
2.684140799755149
2.6841407997551503
2.684140799755151
2.6841407997551516
2.684140799755152
2.6841407997551525
2.6841407997551534
2.684140799755154
2.684140799755154
2.6841407997551543
2.6841407997551543
2.6841407997551543
2.6841407997551547
2.684140799755155
2.684140799755155
2.684140799755155
2.684140799755155
2.684140799755155
2.684140799755155
2.684140799755155
2.684140799755155
2.684140799755155
2.684140799755155
2.684140799755155
2.684140799755155
2.684140799755155
2.684140799755155
2.684140799755155
2.684140799755155
2.684140799755155
2.684140799755155
