3.6214151745473977
3.6214151745473977
3.6214151745473977
3.6214151745473977
3.6214151745473977
3.6214151745473977
3.6214151745473977
3.6214151745473977
3.6214151745473977
3.6214151745473977
3.6214151745473977
3.6214151745473977
3.6214151745473977
3.6214151745473977
3.6214151745473977
3.6214151745473977
3.6214151745473977
3.6214151745473977
3.6214151745473977
3.6214151745473977
3.6214151745473977
3.6214151745473977
3.6214151745473977
3.6214151745473977
3.6214151745473977
3.6214151745473977
3.6214151745473977
3.6214151745473977
3.6214151745473977
3.6214151745473977
3.6214151745473977
3.6214151745473977
3.6214151745473977
3.6214151745473977
3.6214151745473977
3.6214151745473977
3.6214151745473977
3.6214151745473977
3.6214151745473977
3.6214151745473977
3.6214151745473977
3.6214151745473977
3.6214151745473977
3.6214151745473977
3.6214151745473977
3.6214151745473977
3.6214151745473977
3.6214151745473977
3.6214180673331327
3.6214180673331327
3.6214180673331327
3.6214180673331327
3.6214200739228666
3.6214200739228666
3.6214200739228666
3.6214200739228666
3.6214210005757415
3.621424616570694
3.621424616570694
3.621424616570694
3.6214281633612786
3.6214281633612786
3.6214294227262864
3.6214304060358598
3.6214315659606977
3.62143209643183
3.62143278653435
3.621433680443733
3.6214342057008397
3.6214345250847524
3.6214347167150893
3.621434831693289
3.6214350543439173
3.6214352288032976
3.6214353334789235
3.621435411558977
3.62143548802237
3.6214355339004043
3.621435579629029
3.621435587391432
3.6214355920488734
3.6214355972327588
3.621435601444728
3.621435607765963
3.6214356274563966
3.6214356423304856
3.6214356512549384
3.6214356566096093
3.621435662746851
3.6214356686896143
3.6214356723745067
3.6214356748641414
3.621435678999944
3.621435681617124
3.621435683356959
3.621435684457405
3.621435685604073
3.6214356868500035
3.621435687597562
3.6214356880460965
3.621435688427948
3.6214356889758688
3.621435689304621
3.6214356895018716
3.62143568962426
3.6214356899251463
3.6214356901976266
3.621435690361115
3.621435690475173
3.6214356906440726
3.6214356907454137
3.6214356908062166
3.6214356908427
3.6214356908647156
3.621435690909282
3.621435690947116
3.6214356909698173
3.621435690983438
3.621435690998666
3.6214356910172736
3.6214356910284384
3.621435691035138
3.6214356910391565
3.621435691041568
3.62143569104657
3.6214356910505145
3.621435691052881
3.621435691054301
3.6214356910551526
3.6214356910576857
3.621435691059491
3.621435691060573
3.6214356910612215
3.6214356910625054
3.621435691063359
3.6214356910638705
3.6214356910641765
3.621435691064361
3.6214356910644714
3.621435691064537
3.6214356910645775
3.6214356910646996
3.6214356910647925
3.6214356910648475
3.6214356910648813
3.6214356910649017
3.621435691064953
3.621435691064988
3.6214356910650083
3.6214356910650216
3.6214356910650314
3.621435691065045
3.6214356910650527
3.6214356910650576
3.621435691065064
3.621435691065069
3.6214356910650722
3.621435691065075
3.6214356910650767
3.621435691065078
3.6214356910650793
3.62143569106508
3.621435691065081
3.6214356910650816
3.621435691065082
3.621435691065082
3.621435691065082
3.6214356910650825
3.6214356910650833
3.6214356910650833
3.6214356910650833
3.6214356910650833
3.6214356910650833
3.6214356910650833
3.6214356910650833
3.6214356910650833
3.6214356910650833
3.6214356910650833
3.6214356910650833
3.6214356910650833
3.6214356910650833
3.6214356910650833
3.6214356910650833
3.6214356910650833
3.6214356910650833
