2.1709991918135922
2.1709991918135922
2.1709991918135922
2.1709991918135922
2.1709991918135922
2.1709991918135922
2.1709991918135922
2.1709991918135922
2.1709991918135922
2.1709991918135922
2.1709991918135922
2.1709991918135922
2.1709991918135922
2.1709991918135922
2.1709991918135922
2.1709991918135922
2.1709991918135922
2.1709991918135922
2.1709991918135922
2.1709991918135922
2.1709991918135922
2.1709991918135922
2.1709991918135922
2.1709991918135922
2.1709991918135922
2.1709991918135922
2.1709991918135922
2.1709991918135922
2.1709991918135922
2.1709991918135922
2.1709991918135922
2.1709991918135922
2.1709991918135922
2.1709991918135922
2.1709991918135922
2.1709991918135922
2.1709991918135922
2.1709991918135922
2.1709991918135922
2.1709991918135922
2.1709991918135922
2.1709991918135922
2.1709991918135922
2.1709991918135922
2.1709991918135922
2.1709991918135922
2.1709991918135922
2.1709991918135922
2.1709991918135922
2.1709991918135922
2.1709991918135922
2.1709991918135922
2.1709991918135922
2.1709991918135922
2.1709991918135922
2.1709991918135922
2.1709991918135922
2.1709991918135922
2.171002476986465
2.1710045474474877
2.1710066327846604
2.1710078839854487
2.171009410544832
2.1710106122538004
2.1710118663948843
2.1710131096040195
2.1710134987722327
2.171015128121736
2.1710158013534078
2.171016545222556
2.1710172934598346
2.171017830411529
2.1710182200542096
2.171018461199883
2.171018605887275
2.171018605887275
2.171018605887275
2.1710187729199206
2.171018792361207
2.171018804025978
2.171018817694406
2.171018845499394
2.171018886438594
2.171018911126054
2.1710189261584847
2.1710189428519233
2.1710189652300427
2.171018978656914
2.171018986713037
2.1710189921656746
2.1710190007577745
2.1710190077105813
2.1710190118947543
2.171019015944851
2.1710190211042657
2.1710190241999143
2.1710190260573032
2.171019027171737
2.171019027879348
2.171019028316888
2.171019028611255
2.1710190291368883
2.17101902947536
2.171019029678443
2.171019029800293
2.171019029876448
2.1710190300089414
2.17101903010126
2.171019030160529
2.1710190301960908
2.1710190302184964
2.1710190302500014
2.1710190302744508
2.171019030289121
2.1710190302979226
2.1710190303118977
2.1710190303230217
2.1710190303296955
2.1710190303337007
2.1710190303363834
2.1710190303398895
2.1710190303423436
2.171019030343816
2.1710190303449344
2.171019030345841
2.1710190303465873
2.171019030347104
2.171019030347464
2.1710190303476784
2.1710190303478076
2.171019030347886
2.171019030347975
2.1710190303481713
2.17101903034829
2.1710190303483645
2.171019030348475
2.171019030348553
2.1710190303485986
2.1710190303486487
2.1710190303486865
2.1710190303487096
2.1710190303487225
2.171019030348732
2.171019030348743
2.1710190303487518
2.1710190303487567
2.1710190303487598
2.171019030348762
2.1710190303487655
2.171019030348768
2.1710190303487695
2.1710190303487704
2.171019030348771
2.1710190303487713
2.1710190303487718
2.171019030348772
2.171019030348772
2.171019030348772
2.1710190303487726
2.1710190303487726
2.171019030348773
2.171019030348773
2.171019030348773
2.171019030348773
2.1710190303487735
2.1710190303487735
2.1710190303487735
2.1710190303487735
2.1710190303487735
2.1710190303487735
2.1710190303487735
2.1710190303487735
2.1710190303487735
2.1710190303487735
2.1710190303487735
2.1710190303487735
2.1710190303487735
2.1710190303487735
2.1710190303487735
2.1710190303487735
2.1710190303487735
2.1710190303487735
2.1710190303487735
2.1710190303487735
2.1710190303487735
2.1710190303487735
2.1710190303487735
