1.4686861983334303
1.4686861983334303
1.4686861983334303
1.4686861983334303
1.4686861983334303
1.4686861983334303
1.4686861983334303
1.4686861983334303
1.4686861983334303
1.4686861983334303
1.4686861983334303
1.4686861983334303
1.4686861983334303
1.4686861983334303
1.4686861983334303
1.4686861983334303
1.4686861983334303
1.4686861983334303
1.4686861983334303
1.4686861983334303
1.4686861983334303
1.4686861983334303
1.4686861983334303
1.4686861983334303
1.4686861983334303
1.4686861983334303
1.4686861983334303
1.4686861983334303
1.4686861983334303
1.4686861983334303
1.4686861983334303
1.4686861983334303
1.4686861983334303
1.4686861983334303
1.4686861983334303
1.4686861983334303
1.4686861983334303
1.4686861983334303
1.4686861983334303
1.4686861983334303
1.4686861983334303
1.4686861983334303
1.4686861983334303
1.4686861983334303
1.4686861983334303
1.4686861983334303
1.4686861983334303
1.4686861983334303
1.4686861983334303
1.4686861983334303
1.4686872401821813
1.4686872401821813
1.4686872401821813
1.4686872401821813
1.4686872401821813
1.4686872401821813
1.4686872401821813
1.468687874529105
1.468687874529105
1.468687874529105
1.468687874529105
1.468688153861771
1.4686882108082224
1.4686882449760628
1.4686882697029642
1.4686888417546515
1.4686888417546515
1.4686888417546515
1.468689106998117
1.4686891656234848
1.4686893904370946
1.4686896847761601
1.4686898795094525
1.4686902139838962
1.4686904146685333
1.468690535079305
1.468690656159347
1.4686908104662562
1.4686909118706766
1.468691024726302
1.4686910322056483
1.4686910641157116
1.4686910893654206
1.4686911079759604
1.4686911333624564
1.4686911503665632
1.468691163667339
1.4686911798188143
1.468691195184702
1.468691204470021
1.4686912100412142
1.4686912165989243
1.468691222572668
1.4686912256023223
1.4686912286740417
1.4686912297298573
1.46869123055666
1.468691232024996
1.4686912329845707
1.4686912337046938
1.4686912345463692
1.4686912351572872
1.4686912355238368
1.4686912360110738
1.468691236388873
1.4686912366530314
1.4686912368840417
1.4686912370516387
1.4686912371521965
1.46869123721253
1.468691237278411
1.4686912373648988
1.4686912374274002
1.4686912374649008
1.4686912374988215
1.4686912375501233
1.468691237581502
1.4686912376003294
1.4686912376161196
1.4686912376373462
1.468691237650083
1.4686912376577241
1.4686912376623098
1.4686912376651178
1.46869123767215
1.4686912376767394
1.468691237679494
1.4686912376811476
1.4686912376822272
1.4686912376845311
1.4686912376860393
1.4686912376869425
1.4686912376875474
1.468691237689033
1.4686912376899255
1.4686912376904608
1.4686912376911365
1.4686912376918428
1.4686912376922672
1.4686912376925219
1.4686912376926822
1.468691237692961
1.4686912376931283
1.4686912376932293
1.4686912376932937
1.4686912376933843
1.4686912376934367
1.46869123769347
1.4686912376934897
1.468691237693533
1.4686912376935621
1.4686912376935803
1.4686912376935914
1.4686912376936032
1.4686912376936243
1.4686912376936367
1.468691237693645
1.4686912376936485
1.4686912376936507
1.4686912376936543
1.468691237693658
1.4686912376936603
1.4686912376936623
1.468691237693663
1.4686912376936638
1.4686912376936638
1.4686912376936645
1.4686912376936647
1.4686912376936654
1.4686912376936654
1.4686912376936654
1.4686912376936654
1.4686912376936654
1.4686912376936654
1.4686912376936654
1.4686912376936654
1.4686912376936654
1.4686912376936654
1.4686912376936654
1.4686912376936654
1.4686912376936654
1.4686912376936654
1.4686912376936654
1.4686912376936654
1.4686912376936654
1.4686912376936654
1.4686912376936654
1.4686912376936654
