1.8246226311217897
1.8246226311217897
1.8246226311217897
1.8246226311217897
1.8246226311217897
1.8246226311217897
1.8246226311217897
1.8246226311217897
1.8246226311217897
1.8246226311217897
1.8246226311217897
1.8246226311217897
1.8246226311217897
1.8246226311217897
1.8246226311217897
1.8246226311217897
1.8246226311217897
1.8246226311217897
1.8246226311217897
1.8246226311217897
1.8246226311217897
1.8246226311217897
1.8246226311217897
1.8246226311217897
1.8246226311217897
1.8246226311217897
1.8246226311217897
1.8246226311217897
1.8246226311217897
1.8246226311217897
1.8246226311217897
1.8246226311217897
1.8246226311217897
1.8246226311217897
1.8246226311217897
1.8246226311217897
1.8246226311217897
1.8246226311217897
1.8246226311217897
1.8246226311217897
1.8246226311217897
1.8246226311217897
1.8246226311217897
1.8246226311217897
1.8246226311217897
1.8246226311217897
1.8246226311217897
1.8246226311217897
1.8246226311217897
1.8246226311217897
1.8246226311217897
1.8246226311217897
1.8246226311217897
1.8246226311217897
1.8246226311217897
1.8246250540319127
1.8246255396807471
1.8246267873308537
1.8246282000269685
1.824628405944028
1.824628405944028
1.824628827855666
1.8246292539725661
1.8246292539725661
1.8246292539725661
1.8246298828362253
1.8246302358588575
1.824630907815824
1.8246321143967483
1.8246328383456079
1.8246332727150332
1.8246335333367276
1.8246340596359953
1.824634473014706
1.8246350530351274
1.8246353999780824
1.8246356079861221
1.8246357327909593
1.8246358076738671
1.824635857228304
1.8246360221905225
1.824636206359244
1.824636325013418
1.824636396205925
1.8246364764839806
1.8246365508105857
1.8246365964182707
1.8246366240927347
1.8246366478619505
1.8246366787567774
1.8246366988369196
1.8246367108850046
1.8246367181138556
1.8246367257458895
1.8246367337828038
1.8246367387226314
1.8246367417027265
1.8246367446221075
1.8246367473321976
1.82463674902235
1.8246367500364413
1.8246367506448957
1.8246367510099686
1.8246367513587016
1.8246367522279823
1.82463675275432
1.8246367530701226
1.8246367535412638
1.8246367539693744
1.8246367542262407
1.8246367543803608
1.8246367545556625
1.8246367546781264
1.824636754751605
1.824636754795692
1.8246367548221443
1.824636754860633
1.8246367549008893
1.8246367549250424
1.8246367549395346
1.8246367549494624
1.824636754963385
1.824636754971827
1.824636754976892
1.8246367549799312
1.8246367549822096
1.8246367549853295
1.824636754987284
1.8246367549884566
1.8246367549894833
1.8246367549906621
1.8246367549913771
1.824636754991806
1.8246367549921798
1.8246367549926434
1.8246367549929217
1.8246367549930889
1.824636754993189
1.8246367549933653
1.8246367549935205
1.824636754993614
1.82463675499367
1.824636754993727
1.8246367549937914
1.8246367549938296
1.824636754993853
1.8246367549938902
1.8246367549939235
1.8246367549939437
1.8246367549939555
1.8246367549939628
1.8246367549939884
1.824636754994006
1.8246367549940166
1.8246367549940234
1.8246367549940343
1.8246367549940408
1.8246367549940448
1.824636754994048
1.8246367549940523
1.8246367549940548
1.824636754994056
1.8246367549940568
1.8246367549940574
1.8246367549940583
1.8246367549940592
1.8246367549940594
1.8246367549940599
1.8246367549940603
1.8246367549940605
1.8246367549940605
1.8246367549940607
1.8246367549940607
1.8246367549940607
1.8246367549940607
1.824636754994061
1.824636754994061
1.824636754994061
1.824636754994061
1.824636754994061
1.824636754994061
1.824636754994061
1.824636754994061
1.824636754994061
1.824636754994061
1.824636754994061
1.824636754994061
1.824636754994061
1.824636754994061
1.824636754994061
1.824636754994061
