1.4184337170152543
1.4184337170152543
1.4184337170152543
1.4184337170152543
1.4184337170152543
1.4184337170152543
1.4184337170152543
1.4184337170152543
1.4184337170152543
1.4184337170152543
1.4184337170152543
1.4184337170152543
1.4184337170152543
1.4184337170152543
1.4184337170152543
1.4184337170152543
1.4184337170152543
1.4184337170152543
1.4184337170152543
1.4184337170152543
1.4184337170152543
1.4184337170152543
1.4184337170152543
1.4184337170152543
1.4184337170152543
1.4184337170152543
1.4184337170152543
1.4184337170152543
1.4184337170152543
1.4184337170152543
1.4184337170152543
1.4184337170152543
1.4184337170152543
1.4184337170152543
1.4184337170152543
1.4184337170152543
1.4184337170152543
1.4184337170152543
1.4184337170152543
1.4184337170152543
1.4184337170152543
1.4184337170152543
1.4184337170152543
1.4184337170152543
1.4184337170152543
1.4184337170152543
1.4184337170152543
1.4184337170152543
1.4184337170152543
1.418441578067069
1.418441578067069
1.418447424396563
1.418447424396563
1.418447424396563
1.418447424396563
1.418448742297881
1.418448742297881
1.4184491212517816
1.4184494544055897
1.418449654298016
1.418449856556863
1.4184510594821067
1.4184516554427056
1.4184520130193456
1.4184522864675935
1.4184524420238185
1.4184525958770988
1.4184527587219071
1.4184529243095392
1.4184530236621362
1.418453059860386
1.4184530982079857
1.4184531734157073
1.4184532301461257
1.4184532567556258
1.418453304264374
1.4184533491436335
1.4184533913562074
1.4184533986628203
1.418453412082394
1.41845343591929
1.4184534471525756
1.4184534540889153
1.4184534582507191
1.418453467811614
1.4184534768262167
1.4184534837587537
1.4184534879182757
1.4184534903336043
1.4184534921279635
1.4184534935147028
1.4184534952303256
1.4184534955993022
1.4184534961782291
1.4184534962929767
1.4184534966329987
1.418453496727265
1.418453496781739
1.418453496781739
1.4184534969742095
1.4184534969742095
1.4184534970178428
1.4184534970737102
1.4184534970816702
1.4184534971338036
1.4184534971510807
1.4184534971557066
1.4184534971887157
1.4184534971911702
1.4184534971999239
1.4184534972051757
1.4184534972184317
1.4184534972184317
1.4184534972222047
1.4184534972264689
1.4184534972293805
1.4184534972303267
1.4184534972315774
1.4184534972320009
1.4184534972334095
1.418453497233689
1.4184534972342453
1.4184534972342453
1.4184534972346372
1.4184534972347258
1.4184534972349545
1.4184534972350404
1.4184534972351082
1.4184534972351683
1.4184534972352731
1.4184534972353975
1.4184534972354574
1.4184534972355447
1.418453497235579
1.4184534972356038
1.4184534972356344
1.4184534972356655
1.418453497235683
1.4184534972356875
1.4184534972356928
1.4184534972357032
1.4184534972357086
1.4184534972357115
1.4184534972357183
1.41845349723572
1.418453497235723
1.4184534972357254
1.418453497235727
1.4184534972357292
1.4184534972357308
1.4184534972357317
1.4184534972357326
1.4184534972357332
1.4184534972357337
1.4184534972357339
1.4184534972357339
1.4184534972357339
1.4184534972357343
1.4184534972357343
1.4184534972357343
1.4184534972357343
1.4184534972357343
1.4184534972357343
1.4184534972357343
1.4184534972357343
1.4184534972357343
1.4184534972357343
1.4184534972357343
1.4184534972357343
1.4184534972357343
1.4184534972357343
1.4184534972357343
1.4184534972357343
1.4184534972357343
1.4184534972357343
1.4184534972357343
1.4184534972357343
1.4184534972357343
1.4184534972357343
1.4184534972357343
1.4184534972357343
