1.8676969466899231
1.8676969466899231
1.8676969466899231
1.8676969466899231
1.8676969466899231
1.8676969466899231
1.8676969466899231
1.8676969466899231
1.8676969466899231
1.8676969466899231
1.8676969466899231
1.8676969466899231
1.8676969466899231
1.8676969466899231
1.8676969466899231
1.8676969466899231
1.8676969466899231
1.8676969466899231
1.8676969466899231
1.8676969466899231
1.8676969466899231
1.8676969466899231
1.8676969466899231
1.8676969466899231
1.8676969466899231
1.8676969466899231
1.8676969466899231
1.8676969466899231
1.8676969466899231
1.8676969466899231
1.8676969466899231
1.8676969466899231
1.8676969466899231
1.8676969466899231
1.8676969466899231
1.8676969466899231
1.8676969466899231
1.8676969466899231
1.8676969466899231
1.8676969466899231
1.8676969466899231
1.8676969466899231
1.8676969466899231
1.8676969466899231
1.8676969466899231
1.8676969466899231
1.8676969466899231
1.8676969466899231
1.8676969466899231
1.8676969466899231
1.8676989214977247
1.8676989214977247
1.8677020435798448
1.8677025135993872
1.8677025135993872
1.8677026117286906
1.867703288524165
1.867705155471599
1.8677068284338654
1.867707832212528
1.8677086256550737
1.8677089857009066
1.8677096117898135
1.8677109950528723
1.8677118250117102
1.8677121405699624
1.8677125861444712
1.8677130136401847
1.8677132362759592
1.8677135437570014
1.8677137282456713
1.8677139201681494
1.8677141186728683
1.8677142842217749
1.8677143707296058
1.8677144920605278
1.867714571018247
1.86771461839288
1.8677146811530987
1.867714730485771
1.867714768342166
1.8677147897339557
1.8677148228379281
1.8677148498656777
1.8677148660823282
1.8677148761715794
1.8677148840583628
1.8677148995738337
1.8677149088831173
1.8677149144686864
1.8677149178200285
1.8677149201619723
1.8677149238445983
1.867714928003606
1.867714929462496
1.8677149303472476
1.8677149309218608
1.8677149327339493
1.867714933969294
1.8677149347105007
1.8677149351552247
1.8677149357380363
1.867714936209335
1.8677149365171435
1.8677149367018284
1.8677149367018284
1.8677149367018284
1.8677149367654624
1.8677149367654624
1.8677149367654624
1.8677149367654624
1.8677149367654624
1.8677149367807222
1.867714936782627
1.8677149367881334
1.8677149367914374
1.8677149367934194
1.8677149368000718
1.8677149368000718
1.867714936800398
1.867714936802216
1.8677149368033064
1.867714936805045
1.867714936807648
1.867714936807648
1.867714936808085
1.8677149368097514
1.8677149368098882
1.867714936810382
1.8677149368106787
1.8677149368110366
1.8677149368114814
1.8677149368117558
1.8677149368118637
1.8677149368120207
1.867714936812033
1.8677149368120933
1.8677149368121377
1.8677149368121377
1.867714936812195
1.8677149368122365
1.8677149368122785
1.8677149368122952
1.8677149368123118
1.8677149368123345
1.867714936812349
1.8677149368123573
1.8677149368123673
1.8677149368123764
1.8677149368123855
1.8677149368123869
1.8677149368123898
1.8677149368123913
1.8677149368123929
1.8677149368123966
1.8677149368124002
1.8677149368124022
1.8677149368124037
1.8677149368124069
1.8677149368124086
1.86771493681241
1.8677149368124113
1.8677149368124115
1.867714936812412
1.8677149368124122
1.8677149368124129
1.8677149368124129
1.8677149368124129
1.8677149368124135
1.8677149368124135
1.8677149368124135
1.8677149368124135
1.8677149368124135
1.8677149368124135
1.8677149368124135
1.8677149368124135
1.8677149368124135
1.8677149368124135
1.8677149368124135
1.8677149368124135
1.8677149368124135
1.8677149368124135
1.8677149368124135
1.8677149368124135
1.8677149368124135
1.8677149368124135
1.8677149368124135
