1.1483795303121866
1.1483795303121866
1.1483795303121866
1.1483795303121866
1.1483795303121866
1.1483795303121866
1.1483795303121866
1.1483795303121866
1.1483795303121866
1.1483795303121866
1.1483795303121866
1.1483795303121866
1.1483795303121866
1.1483795303121866
1.1483795303121866
1.1483795303121866
1.1483795303121866
1.1483795303121866
1.1483795303121866
1.1483795303121866
1.1483795303121866
1.1483795303121866
1.1483795303121866
1.1483795303121866
1.1483795303121866
1.1483795303121866
1.1483795303121866
1.1483795303121866
1.1483795303121866
1.1483795303121866
1.1483795303121866
1.1483795303121866
1.1483795303121866
1.1483795303121866
1.1483795303121866
1.1483795303121866
1.1483795303121866
1.1483795303121866
1.1483795303121866
1.1483795303121866
1.1483795303121866
1.1483795303121866
1.1483795303121866
1.1483795303121866
1.1483795303121866
1.1483795303121866
1.1483795303121866
1.1483795303121866
1.1483795303121866
1.148382101162129
1.148382101162129
1.148382101162129
1.148382101162129
1.1483830393374888
1.1483830393374888
1.1483830393374888
1.1483830393374888
1.1483831944424125
1.1483843796913427
1.1483851195087902
1.1483856639126993
1.1483858531219069
1.1483860269564936
1.148386431186844
1.1483867773040994
1.1483868684797571
1.1483872057599784
1.1483872867897338
1.1483874310909823
1.1483875479091823
1.1483876284786845
1.1483876581571235
1.1483876880188952
1.1483877196656562
1.148387766007857
1.148387811983194
1.1483878463570651
1.1483878669813874
1.1483878793559803
1.148387891055425
1.1483879032090547
1.1483879138090767
1.1483879221627542
1.14838792730037
1.148387930846138
1.1483879326799056
1.1483879354297246
1.1483879373443202
1.1483879384930773
1.148387940459976
1.1483879423219767
1.1483879434687123
1.1483879434687123
1.1483879439744542
1.1483879445091332
1.148387945095032
1.1483879454465715
1.148387945657495
1.1483879457840493
1.1483879458599817
1.1483879461070226
1.1483879463131332
1.1483879464367999
1.1483879465109998
1.1483879465596456
1.1483879466678975
1.1483879467378313
1.1483879467828066
1.1483879468137463
1.1483879468524667
1.148387946869141
1.1483879468813918
1.148387946896834
1.1483879469015572
1.1483879469055935
1.1483879469110112
1.1483879469163099
1.1483879469201295
1.148387946923258
1.1483879469251352
1.1483879469267442
1.1483879469280212
1.1483879469300633
1.148387946930783
1.148387946930783
1.148387946930783
1.148387946930783
1.148387946930783
1.1483879469312515
1.1483879469312515
1.1483879469312515
1.1483879469312515
1.1483879469313525
1.1483879469313525
1.1483879469313525
1.1483879469313525
1.1483879469313525
1.1483879469313525
1.1483879469313525
1.1483879469313525
1.148387946931359
1.1483879469313734
1.1483879469313734
1.1483879469313893
1.1483879469313893
1.1483879469313893
1.1483879469313893
1.1483879469313907
1.1483879469313911
1.1483879469313911
1.1483879469313916
1.148387946931392
1.148387946931392
1.148387946931392
1.148387946931392
1.1483879469313922
1.1483879469313922
1.1483879469313922
1.1483879469313922
1.1483879469313922
1.1483879469313922
1.1483879469313922
1.1483879469313922
1.1483879469313922
1.1483879469313922
1.1483879469313922
1.1483879469313922
1.1483879469313922
1.1483879469313922
1.1483879469313922
1.1483879469313922
1.1483879469313922
1.1483879469313922
1.1483879469313922
1.1483879469313922
1.1483879469313922
1.1483879469313922
1.1483879469313922
1.1483879469313922
1.1483879469313922
1.1483879469313922
