1.7057696521161396
1.7057696521161396
1.7057696521161396
1.7057696521161396
1.7057696521161396
1.7057696521161396
1.7057696521161396
1.7057696521161396
1.7057696521161396
1.7057696521161396
1.7057696521161396
1.7057696521161396
1.7057696521161396
1.7057696521161396
1.7057696521161396
1.7057696521161396
1.7057696521161396
1.7057696521161396
1.7057696521161396
1.7057696521161396
1.7057696521161396
1.7057696521161396
1.7057696521161396
1.7057696521161396
1.7057696521161396
1.7057696521161396
1.7057696521161396
1.7057696521161396
1.7057696521161396
1.7057696521161396
1.7057696521161396
1.7057696521161396
1.7057696521161396
1.7057696521161396
1.7057696521161396
1.7057696521161396
1.7057696521161396
1.7077573911989627
1.7077573911989627
1.7077573911989627
1.7077573911989627
1.7077573911989627
1.7077573911989627
1.7077573911989627
1.7077573911989627
1.7077573911989627
1.7077573911989627
1.7078484528469486
1.7078484528469486
1.7078484528469486
1.7078484528469486
1.7079034666351949
1.7079034666351949
1.7079034666351949
1.7079223649034938
1.7079223649034938
1.7079230262862992
1.7079236226047596
1.7079245645369356
1.7079324846932151
1.707937872490396
1.707941105176615
1.7079433738587826
1.7079477178054598
1.7079517623987925
1.7079542347731544
1.70795571819932
1.7079566082555768
1.7079594461703747
1.7079618006003474
1.7079632132604328
1.70796406085724
1.7079657618998632
1.7079673007119154
1.7079682239999654
1.7079687779730899
1.7079691103570709
1.7079694341842633
1.7079699873295973
1.7079703192169018
1.7079705183493217
1.7079706378287873
1.7079707095164713
1.7079707799462889
1.7079709395222669
1.7079710352678628
1.7079710927152232
1.7079711271836404
1.7079711745477013
1.7079712096767126
1.7079712307541202
1.7079712434005645
1.7079712509884313
1.707971265196643
1.7079712773386653
1.7079712846238788
1.7079712889950067
1.7079712939592304
1.707971298575085
1.707971301344598
1.7079713030063055
1.7079713043007028
1.7079713058578945
1.7079713067928801
1.7079713073538714
1.7079713076957295
1.7079713081566883
1.7079713084574693
1.7079713086379382
1.7079713088199668
1.7079713090410054
1.7079713091736286
1.7079713092532025
1.7079713093240168
1.7079713094277829
1.7079713094900424
1.707971309527398
1.7079713095614806
1.7079713096135627
1.7079713096448121
1.7079713096635616
1.7079713096748115
1.7079713096815616
1.7079713096986129
1.7079713097098588
1.7079713097166063
1.7079713097239166
1.707971309732278
1.7079713097372948
1.7079713097403049
1.707971309742111
1.7079713097433893
1.707971309745884
1.707971309747381
1.7079713097482792
1.707971309748818
1.7079713097502418
1.7079713097512088
1.7079713097517892
1.7079713097523195
1.7079713097528826
1.7079713097532203
1.7079713097534228
1.7079713097535445
1.7079713097536782
1.707971309753774
1.7079713097538318
1.7079713097538662
1.7079713097539113
1.7079713097539473
1.7079713097539695
1.7079713097539824
1.7079713097539904
1.707971309753995
1.7079713097540044
1.7079713097540106
1.7079713097540143
1.7079713097540163
1.7079713097540197
1.707971309754023
1.7079713097540254
1.7079713097540266
1.7079713097540274
1.7079713097540286
1.7079713097540299
1.7079713097540306
1.707971309754031
1.7079713097540314
1.707971309754032
1.7079713097540323
1.7079713097540326
1.7079713097540328
1.707971309754033
1.7079713097540332
1.7079713097540332
1.7079713097540332
1.7079713097540332
1.7079713097540332
1.7079713097540332
1.7079713097540332
1.7079713097540332
1.7079713097540332
1.7079713097540332
1.7079713097540332
1.7079713097540332
1.7079713097540332
1.7079713097540332
1.7079713097540332
1.7079713097540332
1.7079713097540332
1.7079713097540332
1.7079713097540332
1.7079713097540332
1.7079713097540332
