1.900617371039013
1.900617371039013
1.900617371039013
1.900617371039013
1.900617371039013
1.900617371039013
1.900617371039013
1.900617371039013
1.900617371039013
1.900617371039013
1.900617371039013
1.900617371039013
1.900617371039013
1.900617371039013
1.900617371039013
1.900617371039013
1.900617371039013
1.900617371039013
1.900617371039013
1.900617371039013
1.900617371039013
1.900617371039013
1.900617371039013
1.900617371039013
1.900617371039013
1.900617371039013
1.900617371039013
1.900617371039013
1.900617371039013
1.900617371039013
1.900617371039013
1.900617371039013
1.900617371039013
1.900617371039013
1.900617371039013
1.900617371039013
1.900617371039013
1.900617371039013
1.900617371039013
1.900617371039013
1.900617371039013
1.900617371039013
1.900617371039013
1.900617371039013
1.900617371039013
1.900617371039013
1.900617371039013
1.900617371039013
1.900617371039013
1.900617371039013
1.900617371039013
1.900617371039013
1.900617371039013
1.900617371039013
1.900617371039013
1.900617371039013
1.900617371039013
1.900617371039013
1.9006383575920809
1.9006447859913245
1.900653557158984
1.9006595468652512
1.900661892984349
1.9006710699962395
1.900676630603582
1.9006786847993027
1.9006808940939512
1.9006828905538484
1.9006878057584116
1.9006907548821415
1.9006916403886145
1.9006933770873444
1.9006947589593286
1.900696397709559
1.9006972909825615
1.900697854400114
1.9006988202296664
1.900699823213137
1.9007004250032717
1.9007007860773706
1.9007010439345375
1.9007015626683004
1.900701853651685
1.9007020514163746
1.900702172547513
1.9007023157003418
1.9007024808537143
1.9007025799457387
1.9007026394009534
1.9007027396008154
1.9007028055164716
1.9007028521963856
1.9007028915862887
1.9007029250363754
1.9007029491948297
1.9007029636899022
1.900702972386946
1.9007029796161172
1.9007029936294495
1.900703001748681
1.9007030085727183
1.9007030085727183
1.9007030085727183
1.9007030103421152
1.900703012108622
1.9007030122441313
1.9007030123254371
1.900703012374221
1.9007030126662365
1.9007030139047976
1.9007030147462358
1.9007030152510989
1.900703015554017
1.9007030157357674
1.900703015851318
1.900703016236739
1.9007030165442382
1.9007030167287382
1.9007030168468462
1.9007030170658423
1.9007030172217803
1.900703017315343
1.9007030173734087
1.90070301747071
1.9007030175290907
1.9007030175641195
1.9007030175880948
1.9007030176126536
1.9007030176283453
1.9007030176377604
1.9007030176437434
1.9007030176489932
1.9007030176542732
1.9007030176574522
1.9007030176595143
1.9007030176607518
1.9007030176631916
1.9007030176647504
1.9007030176657043
1.900703017666935
1.9007030176678719
1.9007030176684345
1.9007030176687771
1.9007030176691249
1.9007030176695674
1.9007030176698325
1.900703017669992
1.900703017670159
1.9007030176703394
1.9007030176704474
1.9007030176705122
1.9007030176705517
1.9007030176705906
1.9007030176706357
1.9007030176706625
1.9007030176706783
1.900703017670688
1.9007030176706967
1.9007030176707218
1.900703017670736
1.9007030176707451
1.9007030176707511
1.9007030176707598
1.900703017670765
1.9007030176707678
1.900703017670772
1.900703017670775
1.9007030176707767
1.9007030176707786
1.9007030176707795
1.9007030176707802
1.9007030176707809
1.9007030176707815
1.9007030176707815
1.9007030176707824
1.9007030176707824
1.9007030176707833
1.9007030176707833
1.9007030176707833
1.9007030176707833
1.9007030176707833
1.9007030176707833
1.9007030176707833
1.9007030176707833
1.9007030176707833
1.9007030176707833
1.9007030176707833
1.9007030176707833
1.9007030176707833
1.9007030176707833
1.9007030176707833
1.9007030176707833
1.9007030176707833
1.9007030176707833
1.9007030176707833
1.9007030176707833
1.9007030176707833
1.9007030176707833
