8.012762661288898
8.012762661288898
8.012762661288898
8.012762661288898
8.012762661288898
8.012762661288898
8.012762661288898
8.012762661288898
8.012762661288898
8.012762661288898
8.012762661288898
8.012762661288898
8.012762661288898
8.012762661288898
8.012762661288898
8.012762661288898
8.012762661288898
8.012762661288898
8.012762661288898
8.012762661288898
8.012762661288898
8.012762661288898
8.012762661288898
8.012762661288898
8.012762661288898
8.012762661288898
8.012762661288898
8.012762661288898
8.012762661288898
8.012762661288898
8.012762661288898
8.012762661288898
8.012762661288898
8.012762661288898
8.012762661288898
8.012762661288898
8.012762661288898
8.012762661288898
8.012762661288898
8.012762661288898
8.01377725925784
8.01377725925784
8.01377725925784
8.01377725925784
8.01377725925784
8.01377725925784
8.013812014102793
8.014234775194817
8.014488443743891
8.014640649155298
8.01473815281003
8.014791626588972
8.014827418414404
8.014848893595435
8.014861778734932
8.014869509829746
8.014874148490634
8.014876931688613
8.014878601607915
8.01493496730098
8.01493496730098
8.01493496730098
8.015060301209534
8.015061312634861
8.015159612318184
8.01522204083797
8.015261854944386
8.015289093283574
8.015363405688799
8.015416559239862
8.015448451530949
8.015483113503025
8.015522482998641
8.01554694098604
8.015559322272932
8.015568878253843
8.015574611847155
8.015584540434793
8.01559611504811
8.01560305982395
8.015607226692282
8.015609726814299
8.015611226887872
8.015612138211738
8.015616760007072
8.015620918093028
8.015623412945635
8.01562490985757
8.015625808004865
8.015626780391463
8.015628386654074
8.015629350411798
8.015629928666486
8.015630275619321
8.015630948406681
8.015631545595557
8.015631903908906
8.01563211889692
8.01563244877471
8.015632713793686
8.015632872805073
8.015632968211905
8.015633112647132
8.01563321959255
8.015633283759799
8.01563332226015
8.015633362761285
8.015633426904186
8.015633465389929
8.015633488481374
8.015633514831954
8.01563355251486
8.015633575124605
8.015633588690452
8.015633607892545
8.015633620198221
8.015633627581627
8.015633632011669
8.015633635826234
8.015633642167977
8.01563364597302
8.015633648256049
8.015633649625869
8.015633650447757
8.015633650940892
8.015633652834948
8.015633653993547
8.015633654688706
8.015633655510214
8.015633656582006
8.015633657225083
8.015633657610925
8.01563365792724
8.015633658598915
8.015633659001923
8.015633659243726
8.015633659398018
8.015633659629776
8.01563365976883
8.015633659852261
8.015633659929996
8.015633660019777
8.015633660073645
8.015633660105967
8.015633660134627
8.015633660166586
8.015633660185765
8.01563366019727
8.015633660204173
8.015633660208316
8.015633660211792
8.015633660217564
8.01563366022103
8.015633660223106
8.01563366022435
8.015633660225099
8.015633660225731
8.015633660227197
8.015633660228078
8.015633660228605
8.015633660228925
8.015633660229113
8.015633660229296
8.015633660229835
8.015633660230156
8.015633660230348
8.015633660230465
8.01563366023068
8.015633660230819
8.0156336602309
8.01563366023095
8.01563366023098
8.015633660230998
8.015633660231014
8.01563366023104
8.015633660231057
8.015633660231066
8.015633660231074
8.015633660231087
8.015633660231092
8.015633660231098
8.0156336602311
8.015633660231106
8.01563366023111
8.015633660231114
8.015633660231114
8.015633660231119
8.015633660231119
8.015633660231119
8.01563366023112
8.01563366023112
8.01563366023112
8.01563366023112
8.015633660231122
8.015633660231122
8.015633660231122
8.015633660231122
8.015633660231122
8.015633660231122
8.015633660231122
8.015633660231122
8.015633660231122
8.015633660231122
8.015633660231122
8.015633660231122
8.015633660231122
8.015633660231122
8.015633660231122
8.015633660231122
8.015633660231122
8.015633660231122
8.015633660231122
8.015633660231122
8.015633660231122
8.015633660231122
