2.011717415952819
2.011717415952819
2.011717415952819
2.011717415952819
2.011717415952819
2.011717415952819
2.011717415952819
2.011717415952819
2.011717415952819
2.011717415952819
2.011717415952819
2.011717415952819
2.011717415952819
2.011717415952819
2.011717415952819
2.011717415952819
2.011717415952819
2.011717415952819
2.011717415952819
2.011717415952819
2.011717415952819
2.011717415952819
2.011717415952819
2.011717415952819
2.011717415952819
2.011717415952819
2.011717415952819
2.011717415952819
2.011717415952819
2.011717415952819
2.011717415952819
2.011717415952819
2.011717415952819
2.011717415952819
2.011717415952819
2.011717415952819
2.011717415952819
2.011717415952819
2.011717415952819
2.011717415952819
2.011717415952819
2.011717415952819
2.011717415952819
2.011717415952819
2.011717415952819
2.011717415952819
2.011717415952819
2.011717415952819
2.011717415952819
2.011717415952819
2.011717415952819
2.011717415952819
2.011717415952819
2.011717444248245
2.011717444248245
2.011717444248245
2.0117174998184297
2.0117179802339713
2.0117198200510047
2.0117212640899083
2.011722130514168
2.0117230241318227
2.011724111177041
2.0117248262820033
2.0117254925466512
2.011725967056514
2.011726315156464
2.011726611615387
2.0117268717174643
2.0117270495162325
2.0117271808245327
2.0117273051996083
2.011727391406597
2.01172744313079
2.011727474165305
2.011727495283566
2.0117276190545335
2.0117276355695823
2.0117276939137207
2.011727737016593
2.011727806251882
2.011727847793054
2.0117278727177563
2.0117279094605336
2.0117279270004955
2.0117279404834054
2.0117279507564256
2.0117279561302133
2.0117279672983064
2.011727969148234
2.0117279745160483
2.0117279795530076
2.01172798505375
2.011727988354196
2.0117279910516666
2.0117279936083294
2.011727995142327
2.0117279960627252
2.0117279971093227
2.011727997670975
2.011727999758111
2.011727999758111
2.0117280002194837
2.011728000531615
2.011728000950998
2.011728001473174
2.011728001505669
2.0117280015251664
2.0117280015368646
2.0117280016119565
2.0117280018536783
2.011728001955533
2.011728002006229
2.0117280020104986
2.011728002132517
2.011728002132517
2.011728002159935
2.0117280021665658
2.011728002191669
2.011728002191669
2.011728002191669
2.011728002191669
2.011728002191669
2.0117280021934105
2.011728002197433
2.0117280021979553
2.0117280021979553
2.01172800220047
2.0117280022009654
2.011728002202007
2.011728002202007
2.011728002202319
2.0117280022027875
2.0117280022027875
2.0117280022028745
2.0117280022028745
2.011728002202876
2.0117280022029536
2.0117280022030006
2.0117280022030006
2.0117280022030006
2.0117280022030086
2.0117280022030317
2.0117280022030375
2.0117280022030375
2.011728002203042
2.0117280022030632
2.0117280022030632
2.0117280022030712
2.0117280022030712
2.01172800220308
2.0117280022030837
2.0117280022030855
2.0117280022030903
2.0117280022030943
2.0117280022030943
2.0117280022030952
2.011728002203097
2.0117280022030988
2.011728002203099
2.0117280022031
2.011728002203101
2.0117280022031014
2.0117280022031014
2.011728002203102
2.0117280022031023
2.0117280022031023
2.0117280022031023
2.0117280022031023
2.0117280022031023
2.0117280022031023
2.0117280022031023
2.0117280022031023
2.0117280022031023
2.0117280022031023
2.0117280022031023
2.0117280022031023
2.0117280022031023
2.0117280022031023
2.0117280022031023
2.0117280022031023
2.0117280022031023
2.0117280022031023
2.0117280022031023
2.0117280022031023
2.0117280022031023
2.0117280022031023
2.0117280022031023
