1.5988162473071346
1.5988162473071346
1.5988162473071346
1.5988162473071346
1.5988162473071346
1.5988162473071346
1.5988162473071346
1.5988162473071346
1.5988162473071346
1.5988162473071346
1.5988162473071346
1.5988162473071346
1.5988162473071346
1.5988162473071346
1.5988162473071346
1.5988162473071346
1.5988162473071346
1.5988162473071346
1.5988162473071346
1.5988162473071346
1.5988162473071346
1.5988162473071346
1.5988162473071346
1.5988162473071346
1.5988162473071346
1.5988162473071346
1.5988162473071346
1.5988162473071346
1.5988162473071346
1.5988162473071346
1.5988162473071346
1.5988162473071346
1.5988162473071346
1.5988162473071346
1.5988162473071346
1.5988162473071346
1.5988162473071346
1.5988162473071346
1.5988162473071346
1.5988162473071346
1.5988162473071346
1.5988162473071346
1.5988162473071346
1.5988162473071346
1.5988162473071346
1.5988162473071346
1.5988162473071346
1.5988162473071346
1.5988162473071346
1.5988162473071346
1.5988162473071346
1.5988162473071346
1.5988162473071346
1.5988162473071346
1.5988162473071346
1.5988162473071346
1.5988162473071346
1.5988162473071346
1.5988162473071346
1.598816476290211
1.5988167568046807
1.598817585927839
1.5988180834017163
1.598818381886036
1.5988186561549254
1.598819695485263
1.598820893201705
1.5988216118317793
1.5988220430098994
1.598822586490418
1.598823295610836
1.598823536781212
1.5988239002398232
1.5988242346916346
1.5988244449300355
1.59882457107307
1.5988247467065884
1.5988248837526509
1.5988249659802811
1.598825015316857
1.5988250511410314
1.5988251089756738
1.598825148029753
1.598825148029753
1.598825148029753
1.5988251704542098
1.5988251787928947
1.598825183796106
1.5988251867980325
1.598825201820975
1.5988252089117656
1.598825216655978
1.5988252214823662
1.5988252243781989
1.5988252268390424
1.5988252319989558
1.5988252351261298
1.5988252370024347
1.5988252381282173
1.598825241570899
1.5988252443949422
1.5988252460893688
1.5988252471060242
1.5988252477160176
1.5988252487988004
1.5988252492778166
1.598825249755174
1.5988252500415883
1.598825250189448
1.598825250511194
1.5988252507170433
1.5988252508405532
1.5988252509276941
1.5988252510821788
1.5988252511675372
1.5988252512266707
1.5988252512672607
1.5988252513153207
1.5988252513540915
1.5988252513573464
1.598825251371039
1.598825251381314
1.5988252513857812
1.5988252513999774
1.598825251400868
1.5988252514049104
1.5988252514093986
1.598825251411263
1.5988252514127284
1.598825251413787
1.598825251414463
1.598825251415435
1.598825251416539
1.5988252514173407
1.5988252514181178
1.598825251418882
1.5988252514196826
1.598825251419773
1.5988252514199994
1.598825251420247
1.598825251420304
1.5988252514205572
1.598825251420813
1.598825251420966
1.5988252514210584
1.598825251421154
1.5988252514212467
1.5988252514213017
1.598825251421335
1.5988252514213797
1.598825251421411
1.5988252514214307
1.5988252514214478
1.5988252514214676
1.5988252514214802
1.59882525142149
1.5988252514214962
1.5988252514215038
1.5988252514215093
1.5988252514215129
1.598825251421516
1.598825251421519
1.598825251421521
1.5988252514215227
1.5988252514215233
1.5988252514215244
1.5988252514215253
1.5988252514215258
1.5988252514215262
1.5988252514215269
1.598825251421527
1.5988252514215273
1.5988252514215273
1.5988252514215273
1.5988252514215278
1.5988252514215278
1.5988252514215278
1.5988252514215278
1.5988252514215278
1.5988252514215278
1.5988252514215278
1.5988252514215278
1.5988252514215278
1.5988252514215278
1.5988252514215278
1.5988252514215278
1.5988252514215278
1.5988252514215278
1.5988252514215278
