1.9907682624980616
1.9907682624980616
1.9907682624980616
1.9907682624980616
1.9907682624980616
1.9907682624980616
1.9907682624980616
1.9907682624980616
1.9907682624980616
1.9907682624980616
1.9907682624980616
1.9907682624980616
1.9907682624980616
1.9907682624980616
1.9907682624980616
1.9907682624980616
1.9907682624980616
1.9907682624980616
1.9907682624980616
1.9907682624980616
1.9907682624980616
1.9907682624980616
1.9907682624980616
1.9907682624980616
1.9907682624980616
1.9907682624980616
1.9907682624980616
1.9907682624980616
1.9907682624980616
1.9907682624980616
1.9907682624980616
1.9907682624980616
1.9907682624980616
1.9907682624980616
1.9907682624980616
1.9907682624980616
1.9907682624980616
1.9907682624980616
1.9907682624980616
1.9907682624980616
1.9907682624980616
1.9907682624980616
1.9907682624980616
1.9907682624980616
1.9907682624980616
1.9907682624980616
1.9907682624980616
1.9907682624980616
1.9907682624980616
1.9907682624980616
1.9907682624980616
1.9907682624980616
1.9907696934630768
1.9907696934630768
1.9907696934630768
1.990771012493437
1.9907717896683605
1.9907731746284691
1.9907731746284691
1.9907737416589106
1.990776373420495
1.9907781349205016
1.9907781349205016
1.9907790601852455
1.9907801721829301
1.9907814673951443
1.9907822445225238
1.9907827107989697
1.99078311906768
1.9907843522383428
1.9907850921407844
1.9907855360822646
1.9907858024471592
1.9907860415902507
1.990786339799164
1.9907865961257762
1.9907867086523883
1.9907867996700173
1.990786830476163
1.9907868931188994
1.9907869436756591
1.9907869841565022
1.990787019411946
1.9907870457474703
1.9907870615985013
1.990787074242239
1.990787075274587
1.990787083160068
1.990787083160068
1.990787091777573
1.9907870918386432
1.990787095085338
1.9907870971101744
1.990787099047177
1.9907871002093789
1.9907871009067
1.9907871016147354
1.990787103403797
1.9907871047297077
1.9907871055596535
1.9907871065896068
1.990787107456011
1.990787108025223
1.9907871082802917
1.9907871085034896
1.9907871089006812
1.9907871089356266
1.990787108956594
1.9907871089863824
1.9907871090829727
1.9907871091476574
1.9907871091915825
1.9907871092179381
1.990787109250672
1.9907871092925276
1.9907871093287304
1.9907871093547516
1.990787109375485
1.9907871093923843
1.9907871094031986
1.9907871094061629
1.9907871094061629
1.9907871094086913
1.990787109411633
1.9907871094120022
1.9907871094120022
1.9907871094120022
1.9907871094123641
1.9907871094133964
1.9907871094140634
1.9907871094140634
1.9907871094140634
1.9907871094140634
1.9907871094143015
1.9907871094143743
1.9907871094144898
1.990787109414597
1.9907871094146612
1.9907871094148064
1.9907871094149203
1.9907871094150167
1.9907871094150753
1.9907871094151142
1.9907871094151617
1.9907871094152245
1.990787109415263
1.9907871094152865
1.9907871094153227
1.9907871094153506
1.9907871094153673
1.9907871094153773
1.9907871094153835
1.9907871094153893
1.9907871094153966
1.990787109415401
1.9907871094154037
1.9907871094154068
1.9907871094154108
1.990787109415413
1.9907871094154148
1.9907871094154155
1.9907871094154161
1.9907871094154164
1.990787109415417
1.9907871094154175
1.9907871094154175
1.9907871094154177
1.990787109415418
1.990787109415418
1.9907871094154184
1.9907871094154186
1.9907871094154186
1.9907871094154186
1.9907871094154186
1.9907871094154186
1.9907871094154186
1.9907871094154186
1.9907871094154186
1.9907871094154186
1.9907871094154186
1.9907871094154186
1.9907871094154186
1.9907871094154186
1.9907871094154186
1.9907871094154186
