1.2802043800162326
1.2802043800162326
1.2802043800162326
1.2802043800162326
1.2802043800162326
1.2802043800162326
1.2802043800162326
1.2802043800162326
1.2802043800162326
1.2802043800162326
1.2802043800162326
1.2802043800162326
1.2802043800162326
1.2802043800162326
1.2802043800162326
1.2802043800162326
1.2802043800162326
1.2802043800162326
1.2802043800162326
1.2802043800162326
1.2802043800162326
1.2802043800162326
1.2802043800162326
1.2802043800162326
1.2802043800162326
1.2802043800162326
1.2802043800162326
1.2802043800162326
1.2802043800162326
1.2802043800162326
1.2802043800162326
1.2802043800162326
1.2802043800162326
1.2802043800162326
1.2802043800162326
1.2802043800162326
1.2802043800162326
1.2802043800162326
1.2802043800162326
1.2802043800162326
1.2802043800162326
1.2802043800162326
1.2802043800162326
1.2802043800162326
1.280255103735066
1.280255103735066
1.280255103735066
1.280255103735066
1.2802793093096432
1.2803101273028354
1.2803286190591203
1.2803397144586441
1.280346828065421
1.28035054408921
1.2803669747437971
1.2803763557507688
1.2803787057281626
1.2803803502654447
1.280385410890294
1.2803884472851423
1.2803902691292266
1.2803929636940057
1.2803946226346763
1.2803958061362253
1.2803967692852076
1.280397621167869
1.2803984641408366
1.2803994966209007
1.2803999442353233
1.280400442681386
1.280400644280175
1.2804011594628253
1.280401442889509
1.2804016565516183
1.2804017967746346
1.2804019720327222
1.2804019720327222
1.2804020793096749
1.28040220551343
1.2804022703411968
1.2804023197201924
1.2804023481212088
1.2804023856246232
1.2804024191762158
1.2804024393071707
1.2804024532729021
1.280402462916769
1.2804024774814615
1.2804024909083611
1.280402495886799
1.2804025047836156
1.2804025114050668
1.2804025153779368
1.2804025168102124
1.2804025204585463
1.2804025240481909
1.2804025262019783
1.2804025274942503
1.280402529809095
1.2804025320671286
1.280402532889741
1.2804025342144199
1.2804025348732655
1.2804025348732655
1.2804025352711201
1.2804025354256312
1.2804025354921618
1.2804025356141218
1.2804025358168651
1.2804025358698339
1.2804025359016151
1.280402535947153
1.2804025360246156
1.2804025360246156
1.2804025360246156
1.2804025360246156
1.280402536051936
1.280402536051936
1.2804025360535636
1.2804025360535636
1.280402536055775
1.28040253606118
1.2804025360669855
1.2804025360715312
1.2804025360732247
1.2804025360733786
1.2804025360777125
1.2804025360782285
1.2804025360782285
1.2804025360793865
1.2804025360808797
1.2804025360813311
1.2804025360816589
1.2804025360820153
1.2804025360820277
1.280402536082165
1.2804025360823688
1.2804025360824405
1.2804025360824405
1.2804025360824665
1.280402536082498
1.280402536082517
1.2804025360825284
1.2804025360825526
1.2804025360825875
1.2804025360825875
1.2804025360826368
1.2804025360826368
1.2804025360826472
1.2804025360826583
1.280402536082665
1.2804025360826725
1.2804025360826803
1.2804025360826803
1.2804025360826852
1.2804025360826856
1.2804025360826876
1.2804025360826894
1.2804025360826894
1.2804025360826898
1.2804025360826925
1.2804025360826925
1.2804025360826925
1.2804025360826925
1.2804025360826925
1.2804025360826925
1.2804025360826925
1.2804025360826925
1.2804025360826925
1.2804025360826925
1.2804025360826925
1.2804025360826925
1.2804025360826925
1.2804025360826925
1.2804025360826925
1.2804025360826925
1.2804025360826925
1.2804025360826925
1.2804025360826925
1.2804025360826925
1.2804025360826925
1.2804025360826925
1.2804025360826925
1.2804025360826925
1.2804025360826925
1.2804025360826925
1.2804025360826925
1.2804025360826925
