1.7077456084298748
1.7077456084298748
1.7077456084298748
1.7077456084298748
1.7077456084298748
1.7077456084298748
1.7077456084298748
1.7077456084298748
1.7077456084298748
1.7077456084298748
1.7077456084298748
1.7077456084298748
1.7077456084298748
1.7077456084298748
1.7077456084298748
1.7077456084298748
1.7077456084298748
1.7077456084298748
1.7077456084298748
1.7077456084298748
1.7077456084298748
1.7077456084298748
1.7077456084298748
1.7077456084298748
1.7077456084298748
1.7077456084298748
1.7077456084298748
1.7077456084298748
1.7077456084298748
1.7077456084298748
1.7077456084298748
1.7077456084298748
1.7077456084298748
1.7077456084298748
1.7077456084298748
1.7077456084298748
1.7077456084298748
1.7077456084298748
1.7077456084298748
1.7077456084298748
1.7077456084298748
1.7077456084298748
1.7077456084298748
1.7077456084298748
1.707776674906736
1.707776674906736
1.707776674906736
1.707776674906736
1.7077829127302535
1.7078039711125232
1.7078169326946113
1.7078306798412994
1.7078408580138886
1.7078480676599765
1.7078556119049337
1.7078601384658518
1.707862854407422
1.7078668020254097
1.7078697222190276
1.7078714743344097
1.707873698067868
1.7078753049722444
1.70787706415022
1.707877642643424
1.707879030563057
1.7078796402155287
1.7078806136601041
1.7078809709542455
1.7078815104396368
1.7078819881649505
1.7078823259703215
1.707882528653554
1.7078826502634967
1.7078829075274076
1.7078832226659386
1.707883347408537
1.7078834795654756
1.7078835835756647
1.7078837028647378
1.7078837948869832
1.7078838714163471
1.707883943742331
1.707884005809159
1.7078840431889637
1.7078840681563032
1.707884078833207
1.7078840982701091
1.707884109893041
1.707884128842942
1.7078841362260608
1.707884146704943
1.7078841499468398
1.70788415640645
1.7078841583399464
1.7078841603427597
1.7078841620241112
1.7078841624834802
1.7078841648748246
1.707884164986758
1.7078841650539185
1.7078841650942145
1.7078841657284172
1.7078841663711903
1.7078841667650075
1.7078841670442497
1.7078841674248224
1.7078841676204435
1.7078841677928223
1.7078841678014114
1.7078841679085022
1.707884167973943
1.7078841680845243
1.7078841681035342
1.707884168112756
1.7078841681426553
1.7078841681651074
1.7078841681762842
1.7078841681876151
1.7078841681886907
1.7078841681964276
1.707884168198472
1.7078841682003996
1.7078841682016277
1.7078841682022934
1.7078841682039356
1.7078841682039356
1.7078841682046153
1.7078841682050836
1.7078841682050836
1.7078841682050836
1.7078841682050836
1.7078841682052863
1.7078841682053385
1.7078841682053385
1.7078841682054495
1.7078841682055144
1.7078841682055144
1.7078841682055144
1.7078841682055144
1.7078841682055241
1.7078841682055241
1.707884168205545
1.707884168205545
1.707884168205545
1.707884168205545
1.707884168205545
1.707884168205551
1.707884168205551
1.707884168205551
1.707884168205551
1.707884168205551
1.7078841682055523
1.7078841682055523
1.7078841682055523
1.7078841682055523
1.7078841682055534
1.7078841682055534
1.7078841682055534
1.7078841682055534
1.7078841682055537
1.7078841682055537
1.7078841682055537
1.707884168205554
1.707884168205554
1.707884168205554
1.707884168205554
1.707884168205554
1.707884168205554
1.707884168205554
1.707884168205554
1.707884168205554
1.707884168205554
1.707884168205554
1.707884168205554
1.707884168205554
1.707884168205554
1.707884168205554
1.707884168205554
1.707884168205554
1.707884168205554
1.707884168205554
1.707884168205554
1.707884168205554
1.707884168205554
1.707884168205554
1.707884168205554
1.707884168205554
1.707884168205554
1.707884168205554
1.707884168205554
