2.557441910252817
2.557441910252817
2.557441910252817
2.557441910252817
2.557441910252817
2.557441910252817
2.557441910252817
2.557441910252817
2.557441910252817
2.557441910252817
2.557441910252817
2.557441910252817
2.557441910252817
2.557441910252817
2.557441910252817
2.557441910252817
2.557441910252817
2.557441910252817
2.557441910252817
2.557441910252817
2.557441910252817
2.557441910252817
2.557441910252817
2.557441910252817
2.557441910252817
2.557441910252817
2.557441910252817
2.557441910252817
2.557441910252817
2.557441910252817
2.557441910252817
2.557441910252817
2.557441910252817
2.557441910252817
2.557441910252817
2.557441910252817
2.557441910252817
2.557441910252817
2.557441910252817
2.557441910252817
2.557441910252817
2.557441910252817
2.557441910252817
2.557441910252817
2.557441910252817
2.557441910252817
2.557441910252817
2.557450020920478
2.557450020920478
2.557450020920478
2.557450020920478
2.557457729030235
2.557457729030235
2.557457729030235
2.5574596454632266
2.5574597120967946
2.557460027281091
2.557461669019211
2.5574619199140933
2.5574632864211266
2.5574645487421432
2.5574653092368638
2.5574663051246462
2.5574666946897042
2.5574677077182235
2.557468419286276
2.5574684971028017
2.557468888719918
2.5574692496733977
2.5574694353425738
2.557469546744076
2.557469634373813
2.5574697232886394
2.557469811719671
2.557469903367172
2.5574699608919
2.557469996416019
2.557470023008682
2.557470080245159
2.557470117875466
2.5574701404536513
2.5574701540005624
2.5574701636876984
2.557470184371125
2.557470197675736
2.5574702056585026
2.5574702104481637
2.557470213507588
2.557470220473316
2.557470225269184
2.557470228146706
2.5574702299119387
2.5574702331163603
2.5574702353658596
2.557470236715558
2.557470237551748
2.5574702383399264
2.557470239075681
2.5574702395182176
2.557470239783739
2.557470239945121
2.557470240218158
2.5574702404577163
2.557470240602689
2.5574702406898804
2.5574702408511856
2.557470240988512
2.5574702410709076
2.557470241120575
2.557470241177012
2.5574702412190997
2.55747024124458
2.557470241259892
2.5574702412690775
2.5574702412805737
2.5574702412899177
2.5574702412955252
2.5574702412989145
2.5574702413049706
2.5574702413091464
2.5574702413116674
2.5574702413131836
2.5574702413157495
2.557470241317325
2.557470241318271
2.5574702413188386
2.557470241319187
2.557470241319715
2.557470241320057
2.5574702413202646
2.557470241320388
2.5574702413205532
2.5574702413207735
2.5574702413209054
2.5574702413209844
2.5574702413210573
2.557470241321143
2.557470241321195
2.557470241321226
2.557470241321245
2.5574702413212687
2.557470241321292
2.5574702413213064
2.557470241321315
2.5574702413213197
2.557470241321325
2.5574702413213326
2.557470241321337
2.5574702413213393
2.557470241321344
2.5574702413213473
2.557470241321349
2.5574702413213504
2.5574702413213517
2.5574702413213535
2.5574702413213544
2.5574702413213553
2.5574702413213566
2.557470241321357
2.557470241321358
2.557470241321358
2.557470241321358
2.557470241321358
2.557470241321358
2.557470241321358
2.557470241321358
2.557470241321358
2.557470241321358
2.557470241321358
2.557470241321358
2.557470241321358
2.557470241321358
2.557470241321358
2.557470241321358
2.557470241321358
2.557470241321358
2.557470241321358
2.557470241321358
2.557470241321358
2.557470241321358
2.557470241321358
2.557470241321358
2.557470241321358
2.557470241321358
