2.0836531026345755
2.0836531026345755
2.0836531026345755
2.0836531026345755
2.0836531026345755
2.0836531026345755
2.0836531026345755
2.0836531026345755
2.0836531026345755
2.0836531026345755
2.0836531026345755
2.0836531026345755
2.0836531026345755
2.0836531026345755
2.0836531026345755
2.0836531026345755
2.0836531026345755
2.0836531026345755
2.0836531026345755
2.0836531026345755
2.0836531026345755
2.0836531026345755
2.0836531026345755
2.0836531026345755
2.0836531026345755
2.0836531026345755
2.0836531026345755
2.0836531026345755
2.0836531026345755
2.0836531026345755
2.0836531026345755
2.0836531026345755
2.0836531026345755
2.0836531026345755
2.0836531026345755
2.0836531026345755
2.0836531026345755
2.0836531026345755
2.0836531026345755
2.0836531026345755
2.0836531026345755
2.0836531026345755
2.0836531026345755
2.0836531026345755
2.0836531026345755
2.0836531026345755
2.0836531026345755
2.0836531026345755
2.0836531026345755
2.0836531026345755
2.0836531026345755
2.0836531026345755
2.0836531026345755
2.0836531026345755
2.0836540696800787
2.0836540696800787
2.0836540696800787
2.0836540696800787
2.0836550398758
2.0836550398758
2.0836573652959047
2.0836573652959047
2.0836573652959047
2.083658127573395
2.083658127573395
2.083658517058328
2.0836587845023793
2.0836591734128977
2.0836594802984996
2.083659695456199
2.0836597904796537
2.0836598934110175
2.083660091864073
2.0836602656113796
2.0836603220961494
2.0836604215519725
2.083660531288003
2.0836605971296196
2.08366063663459
2.0836606656979537
2.0836607133758407
2.083660751796497
2.083660767563521
2.083660780849085
2.083660800426095
2.0836608116754762
2.083660823599256
2.083660826856809
2.083660828427305
2.0836608353016217
2.0836608398187466
2.0836608425290213
2.0836608463292317
2.083660849920609
2.0836608520754356
2.0836608533683316
2.083660854144069
2.0836608546665127
2.083660855882499
2.083660856765268
2.0836608572949293
2.0836608576127262
2.0836608578034044
2.0836608582259477
2.0836608586028356
2.083660858828969
2.083660858964649
2.083660859046057
2.083660859138167
2.0836608592374475
2.083660859297016
2.083660859332757
2.0836608593542016
2.0836608593670682
2.0836608593885573
2.0836608594107258
2.083660859424027
2.083660859432008
2.083660859441445
2.0836608594515154
2.083660859457558
2.0836608594611836
2.083660859464242
2.0836608594685284
2.0836608594711
2.083660859472644
2.083660859473798
2.0836608594760597
2.0836608594774173
2.0836608594782313
2.0836608594790365
2.08366085948004
2.0836608594806427
2.083660859481004
2.0836608594812365
2.0836608594815487
2.0836608594817356
2.0836608594818484
2.0836608594819155
2.0836608594819572
2.083660859482072
2.083660859482141
2.0836608594821833
2.083660859482241
2.0836608594822836
2.0836608594823085
2.0836608594823245
2.083660859482348
2.083660859482363
2.0836608594823716
2.083660859482377
2.0836608594823836
2.0836608594823893
2.083660859482393
2.0836608594823947
2.083660859482396
2.083660859482398
2.083660859482399
2.0836608594823995
2.0836608594824004
2.0836608594824013
2.0836608594824018
2.0836608594824018
2.0836608594824018
2.083660859482402
2.0836608594824026
2.0836608594824026
2.0836608594824026
2.0836608594824026
2.0836608594824026
2.0836608594824026
2.0836608594824026
2.0836608594824026
2.0836608594824026
2.0836608594824026
2.0836608594824026
2.0836608594824026
2.0836608594824026
2.0836608594824026
2.0836608594824026
2.0836608594824026
2.0836608594824026
2.0836608594824026
2.0836608594824026
2.0836608594824026
2.0836608594824026
