1.5240153407055241
1.5240153407055241
1.5240153407055241
1.5240153407055241
1.5240153407055241
1.5240153407055241
1.5240153407055241
1.5240153407055241
1.5240153407055241
1.5240153407055241
1.5240153407055241
1.5240153407055241
1.5240153407055241
1.5240153407055241
1.5240153407055241
1.5240153407055241
1.5240153407055241
1.5240153407055241
1.5240153407055241
1.5240153407055241
1.5240153407055241
1.5240153407055241
1.5240153407055241
1.5240153407055241
1.5240153407055241
1.5240153407055241
1.5240153407055241
1.5240153407055241
1.5240153407055241
1.5240153407055241
1.5240153407055241
1.5240153407055241
1.5240153407055241
1.5240153407055241
1.5240153407055241
1.5240153407055241
1.5240153407055241
1.5240153407055241
1.5240153407055241
1.5240153407055241
1.5240153407055241
1.5240153407055241
1.5240153407055241
1.5240153407055241
1.5240153407055241
1.5240153407055241
1.5240153407055241
1.5240153407055241
1.5240153407055241
1.5240209264954259
1.5240209264954259
1.5240378125463805
1.5240378125463805
1.5240378125463805
1.5240378125463805
1.5240378125463805
1.5240412430559516
1.5240447618135486
1.524046873078716
1.524048322683252
1.5240502375434504
1.5240516046219197
1.524052533289173
1.5240533118154775
1.524054114503314
1.5240556658343576
1.5240561028285862
1.524056705978314
1.5240573551813779
1.5240577505568274
1.5240583180724816
1.52405907443829
1.524059622187153
1.5240600869332768
1.5240604582223694
1.5240606465920854
1.5240608836816563
1.524060965921697
1.524061078486925
1.5240610978796625
1.5240611384635792
1.52406116539741
1.5240612006512961
1.5240612048758047
1.5240612143314527
1.5240612203947432
1.5240612332696226
1.52406124099455
1.5240612456295066
1.5240612511934144
1.5240612579122792
1.524061262747301
1.5240612651895304
1.524061268895341
1.5240612729576584
1.524061275395048
1.5240612768574822
1.5240612777349423
1.5240612789266361
1.524061281444321
1.5240612827615405
1.5240612833530998
1.5240612838238892
1.5240612845631956
1.5240612850695157
1.5240612852617321
1.5240612854690463
1.524061285609998
1.5240612857722289
1.5240612858726514
1.524061285916414
1.5240612859659899
1.524061286041708
1.5240612860695024
1.5240612860900975
1.5240612861054297
1.5240612861263305
1.524061286148373
1.5240612861615974
1.5240612861695333
1.5240612861742953
1.5240612861773815
1.524061286183116
1.524061286189927
1.5240612861929566
1.524061286194775
1.5240612861958958
1.5240612861967195
1.5240612861986051
1.5240612862011915
1.5240612862032614
1.5240612862040848
1.5240612862055858
1.5240612862071579
1.5240612862078866
1.5240612862086635
1.5240612862097709
1.5240612862104896
1.5240612862109202
1.5240612862114582
1.5240612862120633
1.5240612862124272
1.5240612862126446
1.5240612862128218
1.5240612862129639
1.5240612862130565
1.5240612862131295
1.5240612862131737
1.5240612862132001
1.5240612862132341
1.5240612862132608
1.5240612862132767
1.5240612862132867
1.5240612862133043
1.524061286213316
1.5240612862133254
1.5240612862133318
1.5240612862133371
1.5240612862133418
1.5240612862133442
1.5240612862133462
1.5240612862133482
1.5240612862133502
1.5240612862133511
1.5240612862133522
1.5240612862133531
1.5240612862133534
1.5240612862133534
1.5240612862133545
1.5240612862133545
1.5240612862133545
1.5240612862133545
1.5240612862133545
1.5240612862133545
1.5240612862133545
1.5240612862133545
1.5240612862133545
1.5240612862133545
1.5240612862133545
1.5240612862133545
1.5240612862133545
1.5240612862133545
1.5240612862133545
1.5240612862133545
1.5240612862133545
1.5240612862133545
