3.3195259555406254
3.3195259555406254
3.3195259555406254
3.3195259555406254
3.3195259555406254
3.3195259555406254
3.3195259555406254
3.3195259555406254
3.3195259555406254
3.3195259555406254
3.3195259555406254
3.3195259555406254
3.3195259555406254
3.3195259555406254
3.3195259555406254
3.3195259555406254
3.3195259555406254
3.3195259555406254
3.3195259555406254
3.3195259555406254
3.3195259555406254
3.3195259555406254
3.3195259555406254
3.3195259555406254
3.3195259555406254
3.3195259555406254
3.3195259555406254
3.3195259555406254
3.3195259555406254
3.3195259555406254
3.3195259555406254
3.3195259555406254
3.3195259555406254
3.3195259555406254
3.3195259555406254
3.3195259555406254
3.3195259555406254
3.3195259555406254
3.3195259555406254
3.3195259555406254
3.3195259555406254
3.3195259555406254
3.3197666712396803
3.3197666712396803
3.3197666712396803
3.319884839969742
3.3199612910855407
3.3199612910855407
3.3199736236040125
3.319987567184586
3.3199959333183893
3.3200121592669256
3.320013338487479
3.3200265368635202
3.3200265368635202
3.3200296088183188
3.3200330407358183
3.320036394163486
3.320042390876534
3.3200443476077783
3.3200467800630635
3.320049678713241
3.320053393210533
3.3200556219085455
3.3200569591272227
3.320057913792786
3.320058942959227
3.3200598072668233
3.320060326190779
3.320060637545144
3.3200608443216244
3.320061486585602
3.320061955020794
3.3200622360818994
3.320062404718558
3.320062680466242
3.320062860270348
3.32006296815281
3.320063050344691
3.3200631544071104
3.320063222627126
3.3200632665493406
3.3200632929026686
3.3200633087146647
3.320063343943694
3.3200633779449107
3.3200633983456402
3.320063415769315
3.320063437957576
3.320063451503184
3.320063459630548
3.320063466686198
3.3200634739271244
3.3200634782716802
3.3200634808784137
3.3200634837482785
3.3200634858774283
3.3200634871608887
3.32006348796799
3.320063488452251
3.3200634890601006
3.3200634894963716
3.3200634897581347
3.3200634899151917
3.320063490009426
3.3200634900659667
3.320063490138024
3.3200634903024797
3.320063490401448
3.320063490462419
3.3200634905155133
3.320063490565164
3.320063490595156
3.320063490613151
3.3200634906239483
3.3200634906416537
3.3200634906548867
3.320063490663104
3.3200634906692543
3.3200634906766404
3.3200634906811044
3.3200634906837823
3.3200634906859388
3.320063490689276
3.320063490691311
3.3200634906925344
3.3200634906939963
3.3200634906951314
3.3200634906958117
3.3200634906962256
3.320063490696891
3.3200634906972977
3.320063490697543
3.3200634906976907
3.320063490697778
3.3200634906978777
3.3200634906979736
3.320063490698031
3.320063490698065
3.3200634906980935
3.320063490698128
3.32006349069815
3.320063490698162
3.3200634906981734
3.3200634906981934
3.3200634906982045
3.320063490698212
3.3200634906982174
3.320063490698225
3.320063490698229
3.3200634906982316
3.3200634906982334
3.3200634906982356
3.3200634906982365
3.320063490698237
3.320063490698238
3.3200634906982387
3.32006349069824
3.3200634906982405
3.3200634906982405
3.320063490698241
3.320063490698241
3.320063490698241
3.320063490698241
3.320063490698241
3.320063490698241
3.320063490698241
3.320063490698241
3.320063490698241
3.320063490698241
3.320063490698241
3.320063490698241
3.320063490698241
3.320063490698241
3.320063490698241
3.320063490698241
3.320063490698241
3.320063490698241
3.320063490698241
3.320063490698241
3.320063490698241
3.320063490698241
3.320063490698241
3.320063490698241
3.320063490698241
3.320063490698241
3.320063490698241
3.320063490698241
3.320063490698241
