2.9459618155033365
2.9459618155033365
2.9459618155033365
2.9459618155033365
2.9459618155033365
2.9459618155033365
2.9459618155033365
2.9459618155033365
2.9459618155033365
2.9459618155033365
2.9459618155033365
2.9459618155033365
2.9459618155033365
2.9459618155033365
2.9459618155033365
2.9459618155033365
2.9459618155033365
2.9459618155033365
2.9459618155033365
2.9459618155033365
2.9459618155033365
2.9459618155033365
2.9459618155033365
2.9459618155033365
2.9459618155033365
2.9459618155033365
2.9459618155033365
2.9459618155033365
2.9459618155033365
2.9459618155033365
2.9459618155033365
2.9459618155033365
2.9459618155033365
2.9459618155033365
2.9459618155033365
2.9459618155033365
2.9459618155033365
2.9459618155033365
2.9459618155033365
2.9459618155033365
2.9459618155033365
2.9459618155033365
2.9459618155033365
2.9459618155033365
2.9459618155033365
2.9459618155033365
2.9459618155033365
2.9459618155033365
2.9459618155033365
2.9459618155033365
2.9459618155033365
2.9459618155033365
2.9459618155033365
2.9459631923014444
2.945975765732772
2.945975765732772
2.945975765732772
2.9459811619255785
2.9459830174581683
2.945984438826636
2.945984438826636
2.945986303393733
2.945986303393733
2.9459876626739514
2.945988489133895
2.9459892127012575
2.945989857399128
2.945990446015633
2.9459909776870985
2.945991360269152
2.9459916537110633
2.94599185116422
2.9459920397806223
2.9459922472807194
2.945992425941697
2.945992533138287
2.9459925732738053
2.9459926632685094
2.945992732413238
2.9459927744531296
2.9459928007727654
2.945992816564547
2.94599283970967
2.945992873119193
2.945992893164905
2.945992905192332
2.9459929147949735
2.9459929245974594
2.9459929273035548
2.9459929306009096
2.9459929328874686
2.9459929366523023
2.9459929393916355
2.9459929410352355
2.945992942021395
2.9459929426130915
2.9459929429829
2.9459929450046953
2.9459929462769323
2.945992946580195
2.945992947248665
2.9459929477893003
2.945992948301825
2.9459929485280547
2.9459929487360386
2.945992949040142
2.945992949225551
2.9459929493367953
2.9459929494998924
2.945992949624725
2.9459929496996238
2.9459929497445643
2.9459929497962207
2.9459929498374295
2.945992949862155
2.94599294987699
2.945992949886007
2.945992949900445
2.9459929499103383
2.945992949916551
2.945992949920279
2.9459929499225153
2.9459929499263424
2.9459929499300874
2.9459929499323336
2.9459929499336823
2.9459929499344906
2.9459929499349755
2.945992949936441
2.945992949937528
2.94599294993818
2.945992949938571
2.9459929499388062
2.9459929499397166
2.945992949940537
2.945992949941028
2.9459929499413238
2.9459929499416337
2.9459929499420334
2.945992949942274
2.945992949942417
2.945992949942505
2.9459929499426036
2.945992949942705
2.945992949942766
2.945992949942803
2.9459929499428252
2.945992949942869
2.9459929499429007
2.9459929499429203
2.945992949942938
2.9459929499429647
2.94599294994298
2.94599294994299
2.945992949942996
2.9459929499430126
2.945992949943025
2.945992949943033
2.9459929499430366
2.9459929499430397
2.9459929499430455
2.9459929499430517
2.945992949943056
2.9459929499430584
2.945992949943061
2.9459929499430624
2.9459929499430637
2.945992949943065
2.945992949943066
2.945992949943066
2.9459929499430664
2.9459929499430664
2.9459929499430664
2.9459929499430664
2.9459929499430664
2.9459929499430664
2.9459929499430664
2.9459929499430664
2.9459929499430664
2.9459929499430664
2.9459929499430664
2.9459929499430664
2.9459929499430664
2.9459929499430664
2.9459929499430664
