2.5980096333416465
2.5980096333416465
2.5980096333416465
2.5980096333416465
2.5980096333416465
2.5980096333416465
2.5980096333416465
2.5980096333416465
2.5980096333416465
2.5980096333416465
2.5980096333416465
2.5980096333416465
2.5980096333416465
2.5980096333416465
2.5980096333416465
2.5980096333416465
2.5980096333416465
2.5980096333416465
2.5980096333416465
2.5980096333416465
2.5980096333416465
2.5980096333416465
2.5980096333416465
2.5980096333416465
2.5980096333416465
2.5980096333416465
2.5980096333416465
2.5980096333416465
2.5980096333416465
2.5980096333416465
2.5980096333416465
2.5980096333416465
2.5980096333416465
2.5980096333416465
2.5980096333416465
2.5980096333416465
2.5980096333416465
2.5980096333416465
2.5980096333416465
2.5980096333416465
2.5980096333416465
2.598013933541399
2.598013933541399
2.598013933541399
2.598013933541399
2.598013933541399
2.598013933541399
2.598013933541399
2.598013933541399
2.598013933541399
2.598017034730517
2.598017034730517
2.598017034730517
2.598017034730517
2.5980191315669754
2.5980210711672203
2.5980210711672203
2.598023772494159
2.598024816333418
2.598024816333418
2.598025616498077
2.598026114300493
2.5980269399733085
2.598027435376755
2.598027822117569
2.598028517555493
2.5980291389515537
2.5980295287685373
2.5980299830620592
2.5980301855851913
2.598030494748981
2.598030617303709
2.5980307949131265
2.598030896918171
2.598030987728234
2.598031066843524
2.59803115217138
2.5980312195671393
2.5980312802051007
2.598031329909719
2.598031369998225
2.598031389207368
2.5980313968430098
2.5980313968430098
2.5980314176177943
2.598031421028335
2.5980314232953203
2.598031427212306
2.598031430646428
2.598031432706901
2.5980314342350157
2.5980314360450047
2.598031439173151
2.598031441262445
2.5980314425199165
2.59803144330642
2.5980314439431558
2.598031445178633
2.5980314459974783
2.5980314464887853
2.598031446818797
2.5980314472079016
2.598031447514075
2.5980314476994426
2.5980314478503646
2.5980314480086264
2.5980314481133697
2.5980314481762146
2.5980314482205507
2.598031448263747
2.5980314482913207
2.598031448310837
2.5980314483225464
2.598031448329572
2.598031448334143
2.5980314483410893
2.5980314483465023
2.598031448350419
2.598031448354805
2.598031448358393
2.598031448360545
2.598031448362111
2.5980314483630913
2.5980314483644227
2.598031448365527
2.59803144836619
2.598031448366588
2.598031448366826
2.5980314483669695
2.5980314483670544
2.598031448367386
2.5980314483676623
2.5980314483678293
2.598031448367929
2.5980314483679887
2.5980314483680287
2.5980314483680753
2.598031448368113
2.598031448368135
2.598031448368149
2.5980314483681566
2.598031448368163
2.598031448368169
2.5980314483681766
2.5980314483681823
2.598031448368185
2.598031448368188
2.5980314483681894
2.5980314483681908
2.5980314483681917
2.598031448368192
2.598031448368193
2.598031448368193
2.598031448368193
2.598031448368193
2.598031448368193
2.598031448368193
2.598031448368193
2.598031448368193
2.598031448368193
2.598031448368193
2.598031448368193
2.598031448368193
2.598031448368193
2.598031448368193
2.598031448368193
2.598031448368193
2.598031448368193
2.598031448368193
2.598031448368193
2.598031448368193
2.598031448368193
2.598031448368193
2.598031448368193
2.598031448368193
2.598031448368193
2.598031448368193
2.598031448368193
2.598031448368193
2.598031448368193
2.598031448368193
2.598031448368193
2.598031448368193
2.598031448368193
