2.4188969004513345
2.4188969004513345
2.4188969004513345
2.4188969004513345
2.4188969004513345
2.4188969004513345
2.4188969004513345
2.4188969004513345
2.4188969004513345
2.4188969004513345
2.4188969004513345
2.4188969004513345
2.4188969004513345
2.4188969004513345
2.4188969004513345
2.4188969004513345
2.4188969004513345
2.4188969004513345
2.4188969004513345
2.4188969004513345
2.4188969004513345
2.4188969004513345
2.4188969004513345
2.4188969004513345
2.4188969004513345
2.4188969004513345
2.4188969004513345
2.4188969004513345
2.4188969004513345
2.4188969004513345
2.4188969004513345
2.4188969004513345
2.4188969004513345
2.4188969004513345
2.4188969004513345
2.4188969004513345
2.4188969004513345
2.4188969004513345
2.4188969004513345
2.4188969004513345
2.4188969004513345
2.4188969004513345
2.4188969004513345
2.4188969004513345
2.4188969004513345
2.4188969004513345
2.4188969004513345
2.4188969004513345
2.4188969004513345
2.418910821795528
2.418910821795528
2.418910821795528
2.418910821795528
2.4189220945809393
2.4189220945809393
2.4189220945809393
2.4189220945809393
2.4189220945809393
2.4189254416435992
2.4189254416435992
2.4189254416435992
2.41892547077001
2.418925843752991
2.4189265945921763
2.4189271949174564
2.4189275551126235
2.4189277712297246
2.418927952541565
2.418928484209043
2.418929091748054
2.4189293615329928
2.418929597040618
2.418929889141321
2.4189301465551445
2.4189303128882735
2.418930412688151
2.418930506455509
2.4189306367305274
2.418930720394554
2.4189307774877147
2.418930840673846
2.418930896341466
2.418930929742038
2.4189309499051648
2.418930969849142
2.4189309899907254
2.418931002617191
2.4189310094500605
2.418931013946075
2.418931019216092
2.418931024339101
2.4189310285693435
2.4189310305541643
2.418931032001564
2.4189310336644527
2.418931035194842
2.418931036030828
2.418931036576473
2.41893103690386
2.4189310371002923
2.4189310374018356
2.4189310377389637
2.4189310379412396
2.418931038062606
2.4189310382031946
2.4189310383556153
2.4189310384586094
2.418931038520405
2.4189310385574827
2.41893103857973
2.418931038593077
2.418931038601086
2.4189310386058915
2.4189310386087746
2.4189310386234677
2.418931038645188
2.418931038658307
2.4189310386703298
2.4189310386836596
2.4189310386916576
2.418931038696484
2.418931038696484
2.418931038696484
2.4189310387004563
2.418931038701325
2.418931038701667
2.4189310387020955
2.4189310387030782
2.418931038703733
2.418931038704256
2.4189310387046183
2.418931038704839
2.4189310387049563
2.4189310387051766
2.4189310387051766
2.4189310387051766
2.418931038705232
2.4189310387052583
2.418931038705273
2.4189310387052863
2.418931038705295
2.4189310387053005
2.418931038705307
2.418931038705327
2.4189310387053427
2.4189310387053538
2.418931038705364
2.418931038705372
2.4189310387053777
2.4189310387053817
2.418931038705386
2.418931038705389
2.418931038705391
2.4189310387053937
2.418931038705395
2.418931038705396
2.418931038705396
2.4189310387053973
2.4189310387053977
2.4189310387053977
2.4189310387053977
2.4189310387053977
2.4189310387053977
2.4189310387053977
2.4189310387053977
2.4189310387053977
2.4189310387053977
2.4189310387053977
2.4189310387053977
2.4189310387053977
2.4189310387053977
2.4189310387053977
2.4189310387053977
2.4189310387053977
2.4189310387053977
2.4189310387053977
2.4189310387053977
2.4189310387053977
2.4189310387053977
2.4189310387053977
2.4189310387053977
2.4189310387053977
2.4189310387053977
2.4189310387053977
2.4189310387053977
2.4189310387053977
