2.615357111294143
2.615357111294143
2.615357111294143
2.615357111294143
2.615357111294143
2.615357111294143
2.615357111294143
2.615357111294143
2.615357111294143
2.615357111294143
2.615357111294143
2.615357111294143
2.615357111294143
2.615357111294143
2.615357111294143
2.615357111294143
2.615357111294143
2.615357111294143
2.615357111294143
2.615357111294143
2.615357111294143
2.615357111294143
2.615357111294143
2.615357111294143
2.615357111294143
2.615357111294143
2.615357111294143
2.615357111294143
2.615357111294143
2.615357111294143
2.615357111294143
2.615357111294143
2.615357111294143
2.615357111294143
2.615357111294143
2.615357111294143
2.615357111294143
2.615357111294143
2.615357111294143
2.615357111294143
2.615357111294143
2.615357111294143
2.615357111294143
2.615357111294143
2.615357111294143
2.615357111294143
2.615357111294143
2.615357111294143
2.615357111294143
2.615357111294143
2.615357111294143
2.61536078252013
2.61536078252013
2.61536078252013
2.61536078252013
2.6153619375734443
2.6153633456375602
2.6153648535914957
2.6153663412799935
2.6153675563762624
2.6153683926299998
2.6153694554350335
2.6153701733212955
2.615370619228804
2.6153710228168245
2.6153713164594756
2.6153719174694054
2.6153722780753643
2.6153725067056284
2.6153727542087357
2.6153729858323485
2.6153731248065166
2.6153732081910177
2.6153732652824324
2.615373368388498
2.615373440085184
2.615373483103196
2.615373508914003
2.615373524636319
2.615373546695902
2.615373572795463
2.615373589149088
2.615373601345674
2.6153736160184393
2.6153736252130457
2.61537363072981
2.6153736340398686
2.615373636954045
2.61537364107995
2.615373643690957
2.6153736452575616
2.6153736466618733
2.615373648343223
2.6153736493520316
2.6153736499573177
2.615373650690416
2.6153736514263333
2.615373651867883
2.6153736521328135
2.6153736522917717
2.6153736525879783
2.615373653010649
2.6153736532642524
2.615373653416414
2.615373653667581
2.6153736538587786
2.615373653973498
2.615373654047086
2.6153736541625827
2.6153736542318797
2.6153736542734585
2.6153736542984056
2.615373654313373
2.6153736543446655
2.6153736543654795
2.615373654377968
2.6153736543854613
2.6153736543912367
2.6153736543989146
2.615373654403521
2.6153736544062847
2.6153736544079424
2.6153736544089377
2.6153736544105604
2.6153736544117296
2.6153736544124313
2.6153736544128523
2.615373654413718
2.6153736544144155
2.6153736544148343
2.615373654415085
2.6153736544152366
2.615373654415327
2.6153736544154826
2.6153736544158055
2.6153736544159973
2.6153736544161137
2.6153736544162625
2.6153736544164334
2.615373654416537
2.6153736544165986
2.615373654416664
2.615373654416723
2.6153736544167585
2.6153736544167803
2.6153736544167985
2.615373654416834
2.6153736544168553
2.6153736544168678
2.6153736544168753
2.615373654416884
2.615373654416892
2.6153736544168966
2.6153736544168993
2.6153736544169006
2.6153736544169033
2.615373654416904
2.6153736544169055
2.6153736544169055
2.6153736544169064
2.6153736544169064
2.6153736544169064
2.615373654416907
2.615373654416907
2.615373654416907
2.6153736544169073
2.6153736544169073
2.6153736544169073
2.6153736544169073
2.6153736544169073
2.6153736544169073
2.6153736544169073
2.6153736544169073
2.6153736544169073
2.6153736544169073
2.6153736544169073
2.6153736544169073
2.6153736544169073
2.6153736544169073
2.6153736544169073
2.6153736544169073
2.6153736544169073
2.6153736544169073
