2.129334999175254
2.129334999175254
2.129334999175254
2.129334999175254
2.129334999175254
2.129334999175254
2.129334999175254
2.129334999175254
2.129334999175254
2.129334999175254
2.129334999175254
2.129334999175254
2.129334999175254
2.129334999175254
2.129334999175254
2.129334999175254
2.129334999175254
2.129334999175254
2.129334999175254
2.129334999175254
2.129334999175254
2.129334999175254
2.129334999175254
2.129334999175254
2.129334999175254
2.129334999175254
2.129334999175254
2.129334999175254
2.129334999175254
2.129334999175254
2.129334999175254
2.129334999175254
2.129334999175254
2.129334999175254
2.129334999175254
2.129334999175254
2.129334999175254
2.129334999175254
2.129334999175254
2.129334999175254
2.129334999175254
2.1294527662963914
2.1294527662963914
2.1294527662963914
2.12949336108364
2.12949336108364
2.12949336108364
2.12949336108364
2.1294994223783466
2.1294994223783466
2.1294994223783466
2.1295152742619705
2.1295152742619705
2.1295152742619705
2.129519396614358
2.129525739791246
2.1295295457087264
2.1295318292633003
2.1295331993975157
2.129534021478574
2.1295370817597687
2.1295394381815758
2.1295408520364405
2.1295424814734925
2.12954406713419
2.129545018531259
2.1295456419875114
2.1295463843481937
2.129547446411262
2.1295480836492326
2.1295483641295094
2.1295486636660295
2.129548858688916
2.1295491021863717
2.1295492932928273
2.1295494354179736
2.12954952069306
2.1295495576870214
2.129549592886071
2.1295496674656555
2.129549711336305
2.129549739293551
2.1295497711387705
2.1295497902459024
2.1295498043245806
2.129549826862193
2.129549840745184
2.129549849074979
2.1295498540728564
2.129549858128864
2.129549861935549
2.1295498645580784
2.129549866722701
2.129549868122845
2.129549868962932
2.129549869466984
2.129549870068627
2.129549871477983
2.129549872666454
2.129549873379537
2.1295498738073873
2.129549874064097
2.1295498743547507
2.1295498747551855
2.1295498749954462
2.129549875139603
2.129549875244491
2.129549875443404
2.1295498755807745
2.129549875663197
2.1295498757126503
2.1295498757663065
2.129549875816871
2.1295498758505014
2.1295498758710285
2.1295498758855644
2.1295498759053317
2.1295498759171916
2.1295498759243077
2.129549875928577
2.1295498759312204
2.1295498759333342
2.1295498759348743
2.129549875936089
2.1295498759371982
2.1295498759379874
2.1295498759384612
2.1295498759387455
2.1295498759389164
2.1295498759391944
2.129549875939414
2.1295498759396057
2.129549875939729
2.1295498759398033
2.1295498759398934
2.1295498759399893
2.129549875940047
2.1295498759400813
2.129549875940118
2.129549875940144
2.1295498759401625
2.1295498759401745
2.1295498759401825
2.129549875940189
2.1295498759401963
2.1295498759402007
2.129549875940204
2.129549875940207
2.12954987594021
2.1295498759402127
2.129549875940214
2.1295498759402154
2.129549875940217
2.1295498759402176
2.1295498759402185
2.129549875940219
2.129549875940219
2.12954987594022
2.12954987594022
2.12954987594022
2.12954987594022
2.12954987594022
2.12954987594022
2.12954987594022
2.12954987594022
2.12954987594022
2.12954987594022
2.12954987594022
2.12954987594022
2.12954987594022
2.12954987594022
2.12954987594022
2.12954987594022
2.12954987594022
2.12954987594022
2.12954987594022
2.12954987594022
2.12954987594022
2.12954987594022
2.12954987594022
2.12954987594022
2.12954987594022
2.12954987594022
2.12954987594022
2.12954987594022
2.12954987594022
