2.6223874383169212
2.6223874383169212
2.6223874383169212
2.6223874383169212
2.6223874383169212
2.6223874383169212
2.6223874383169212
2.6223874383169212
2.6223874383169212
2.6223874383169212
2.6223874383169212
2.6223874383169212
2.6223874383169212
2.6223874383169212
2.6223874383169212
2.6223874383169212
2.6223874383169212
2.6223874383169212
2.6223874383169212
2.6223874383169212
2.6223874383169212
2.6223874383169212
2.6223874383169212
2.6223874383169212
2.6223874383169212
2.6223874383169212
2.6223874383169212
2.6223874383169212
2.6223874383169212
2.6223874383169212
2.6223874383169212
2.6223874383169212
2.6223874383169212
2.6223874383169212
2.6223874383169212
2.6223874383169212
2.6223874383169212
2.622412595143834
2.622412595143834
2.622412595143834
2.622412595143834
2.6224757605033235
2.622532657649553
2.622566795209672
2.622587277483807
2.622599566753994
2.6226069402821595
2.6226113643868385
2.6226140188452463
2.6226140188452463
2.6226140188452463
2.622619250461998
2.622619250461998
2.622619250461998
2.622619250461998
2.6226209755417016
2.6226214099722496
2.6226221760221557
2.622627049786805
2.622627049786805
2.622627049786805
2.622627879035703
2.622627879035703
2.6226289744151523
2.622629665297479
2.62263022176779
2.622631793149043
2.6226330097202846
2.622634327552167
2.622635710623818
2.6226365404669454
2.6226370960229635
2.6226379593665055
2.6226388151278397
2.6226391283893355
2.6226393189380115
2.622639538132546
2.6226397612329007
2.62264001894372
2.6226401735702236
2.62264026634613
2.6226403191242684
2.6226403414791166
2.622640423044082
2.6226404656629083
2.6226404857419814
2.622640513903731
2.6226405404573683
2.6226405540965403
2.6226405631700933
2.6226405791042424
2.6226405918370106
2.6226406022788007
2.6226406066487504
2.6226406123986883
2.622640615106783
2.6226406169155263
2.622640619111908
2.622640619311251
2.6226406197439696
2.622640620622148
2.6226406208527813
2.6226406213342224
2.6226406218995613
2.6226406223258523
2.6226406225098153
2.622640622533711
2.6226406227335635
2.6226406228495343
2.6226406229377504
2.6226406230067916
2.622640623085711
2.622640623176537
2.622640623231034
2.622640623267353
2.622640623317175
2.6226406233510833
2.6226406233794637
2.6226406233998527
2.6226406234189255
2.622640623435366
2.622640623442424
2.622640623450555
2.622640623455836
2.622640623459676
2.6226406234618325
2.6226406234638757
2.622640623465247
2.622640623467016
2.62264062346853
2.622640623468786
2.622640623469857
2.6226406234702244
2.622640623470746
2.622640623471157
2.6226406234714035
2.6226406234719137
2.6226406234720208
2.6226406234723014
2.6226406234724693
2.6226406234725714
2.62264062347267
2.6226406234727486
2.6226406234728135
2.622640623472844
2.6226406234729094
2.6226406234729307
2.6226406234729422
2.622640623472957
2.6226406234729702
2.6226406234729835
2.6226406234729946
2.622640623473005
2.62264062347301
2.62264062347302
2.622640623473025
2.6226406234730284
2.6226406234730306
2.6226406234730315
2.6226406234730333
2.622640623473034
2.622640623473036
2.622640623473036
2.622640623473036
2.622640623473036
2.622640623473037
2.622640623473037
2.622640623473037
2.622640623473037
2.622640623473037
2.622640623473037
2.622640623473037
2.622640623473037
2.622640623473037
2.622640623473037
2.622640623473037
2.622640623473037
2.622640623473037
2.622640623473037
2.622640623473037
2.622640623473037
2.622640623473037
2.622640623473037
2.622640623473037
2.622640623473037
2.622640623473037
2.622640623473037
2.622640623473037
2.622640623473037
2.622640623473037
2.622640623473037
2.622640623473037
