2.0941001649753654
2.0941001649753654
2.0941001649753654
2.0941001649753654
2.0941001649753654
2.0941001649753654
2.0941001649753654
2.0941001649753654
2.0941001649753654
2.0941001649753654
2.0941001649753654
2.0941001649753654
2.0941001649753654
2.0941001649753654
2.0941001649753654
2.0941001649753654
2.0941001649753654
2.0941001649753654
2.0941001649753654
2.0941001649753654
2.0941001649753654
2.0941001649753654
2.0941001649753654
2.0941001649753654
2.0941001649753654
2.0941001649753654
2.0941001649753654
2.0941001649753654
2.0941001649753654
2.0941001649753654
2.0941001649753654
2.0941001649753654
2.0941001649753654
2.0941001649753654
2.0941001649753654
2.0941001649753654
2.0941001649753654
2.0941001649753654
2.0941001649753654
2.0941001649753654
2.0941001649753654
2.0941001649753654
2.0941001649753654
2.0941001649753654
2.0941001649753654
2.0941001649753654
2.0941001649753654
2.0941001649753654
2.0941001649753654
2.0941001649753654
2.0941001649753654
2.0941001649753654
2.0941001649753654
2.0941001649753654
2.0941001649753654
2.0941001649753654
2.0941001649753654
2.0941001649753654
2.0941001649753654
2.0941001649753654
2.094100492767686
2.0941025065148335
2.0941025065148335
2.0941025065148335
2.0941048150466384
2.094104842242731
2.09410562623209
2.0941065813590805
2.0941070399704333
2.0941078583997625
2.0941082558636
2.0941086004393266
2.094108995748133
2.094109155538035
2.0941093642775015
2.0941094931495026
2.0941095704726953
2.0941096188251067
2.0941098713738
2.094109933337552
2.094110077369935
2.094110122170025
2.094110188686296
2.094110224510704
2.0941102438017807
2.0941102726719487
2.0941102899940494
2.0941103003873103
2.0941103066232665
2.0941103123914853
2.0941103282778806
2.09411033856895
2.0941103470043805
2.0941103556867917
2.094110360896239
2.0941103646023707
2.094110368705015
2.094110368705015
2.094110368705015
2.094110368705015
2.0941103692485714
2.0941103692485714
2.0941103692485714
2.0941103692485714
2.0941103692720073
2.094110369445538
2.094110369541547
2.094110369628664
2.094110369628664
2.0941103696926473
2.0941103696926473
2.0941103696926473
2.0941103696926473
2.0941103696968564
2.0941103696968564
2.0941103696968564
2.0941103696968564
2.0941103696968564
2.0941103696983236
2.0941103696983236
2.0941103696983236
2.0941103696983236
2.094110369699075
2.094110369699075
2.094110369699454
2.0941103696996985
2.0941103697000134
2.0941103697000134
2.094110369700082
2.0941103697001346
2.0941103697001657
2.0941103697001857
2.0941103697001973
2.0941103697002035
2.094110369700208
2.09411036970021
2.0941103697002115
2.0941103697002124
2.0941103697002132
2.0941103697003283
2.0941103697003283
2.094110369700374
2.094110369700374
2.094110369700384
2.094110369700384
2.094110369700389
2.094110369700389
2.094110369700389
2.094110369700395
2.094110369700428
2.0941103697004584
2.094110369700483
2.0941103697005086
2.094110369700525
2.094110369700545
2.094110369700558
2.094110369700566
2.0941103697005827
2.0941103697005925
2.094110369700597
2.0941103697006014
2.0941103697006045
2.094110369700606
2.0941103697006067
2.094110369700607
2.0941103697006076
2.0941103697006085
2.09411036970061
2.09411036970061
2.09411036970061
2.0941103697006103
2.0941103697006107
2.094110369700611
2.0941103697006116
2.0941103697006116
2.094110369700612
2.094110369700612
2.0941103697006125
2.0941103697006125
2.0941103697006125
2.0941103697006125
2.0941103697006125
2.094110369700613
2.094110369700613
2.094110369700613
2.094110369700613
2.094110369700613
2.094110369700613
2.094110369700613
2.094110369700613
2.094110369700613
