1.5109217907194832
1.5109217907194832
1.5109217907194832
1.5109217907194832
1.5109217907194832
1.5109217907194832
1.5109217907194832
1.5109217907194832
1.5109217907194832
1.5109217907194832
1.5109217907194832
1.5109217907194832
1.5109217907194832
1.5109217907194832
1.5109217907194832
1.5109217907194832
1.5109217907194832
1.5109217907194832
1.5109217907194832
1.5109217907194832
1.5109217907194832
1.5109217907194832
1.5109217907194832
1.5109217907194832
1.5109217907194832
1.5109217907194832
1.5109217907194832
1.5109217907194832
1.5109217907194832
1.5109217907194832
1.5109217907194832
1.5109217907194832
1.5109217907194832
1.5109217907194832
1.5109217907194832
1.5109217907194832
1.5109217907194832
1.5109217907194832
1.5109217907194832
1.5109217907194832
1.5109217907194832
1.5109217907194832
1.5109217907194832
1.5109217907194832
1.5109217907194832
1.5109217907194832
1.5109217907194832
1.5109217907194832
1.5109217907194832
1.5109241597327072
1.5109241597327072
1.5109241597327072
1.5109241597327072
1.5109241597327072
1.5109241597327072
1.5109241597327072
1.5109241597327072
1.5109242614518998
1.5109242614518998
1.5109242614518998
1.5109242614518998
1.5109246934244505
1.510926215366861
1.5109271285323729
1.510927900572321
1.5109280917460624
1.5109283409347412
1.5109284904479712
1.5109294614382887
1.5109299747342506
1.5109302240913411
1.5109302928005823
1.5109303340261273
1.5109306739333286
1.5109310571890888
1.510931302067909
1.5109314727674787
1.5109315580433123
1.5109316632652776
1.510931774361899
1.510931850606604
1.5109319025060448
1.5109319651475244
1.5109320104023714
1.51093203755528
1.5109320538470252
1.5109320636220724
1.5109320713578624
1.5109320917030595
1.5109321081889502
1.5109321180804844
1.510932124015405
1.5109321276147982
1.5109321337984818
1.5109321381379397
1.5109321407416145
1.5109321423038193
1.5109321432657252
1.510932144081984
1.5109321447051427
1.510932145633615
1.5109321462289758
1.510932146586192
1.510932146800522
1.5109321469619243
1.5109321470791712
1.5109321471893613
1.5109321472661936
1.510932147336574
1.5109321473810768
1.5109321474077784
1.5109321474237993
1.5109321474334119
1.5109321474640636
1.5109321475103175
1.5109321475380697
1.5109321475547215
1.510932147564712
1.5109321475707065
1.5109321475757973
1.5109321476053794
1.5109321476231288
1.5109321476337785
1.5109321476401683
1.510932147644002
1.51093214764715
1.510932147656167
1.5109321476615774
1.5109321476648236
1.5109321476687656
1.5109321476727668
1.5109321476751683
1.5109321476766087
1.510932147678032
1.5109321476792443
1.5109321476799715
1.510932147680408
1.5109321476808553
1.510932147681213
1.5109321476814275
1.510932147681556
1.5109321476816335
1.51093214768168
1.5109321476818
1.5109321476818782
1.5109321476819246
1.5109321476819533
1.5109321476819888
1.5109321476820397
1.5109321476820698
1.510932147682088
1.510932147682099
1.5109321476821147
1.5109321476821258
1.5109321476821325
1.510932147682137
1.5109321476821391
1.5109321476821431
1.510932147682147
1.5109321476821491
1.5109321476821505
1.510932147682153
1.5109321476821544
1.5109321476821556
1.5109321476821562
1.510932147682157
1.5109321476821576
1.5109321476821578
1.5109321476821582
1.5109321476821584
1.5109321476821587
1.5109321476821587
1.5109321476821589
1.510932147682159
1.510932147682159
1.510932147682159
1.510932147682159
1.510932147682159
1.510932147682159
1.510932147682159
1.510932147682159
1.510932147682159
1.510932147682159
1.510932147682159
1.510932147682159
1.510932147682159
1.510932147682159
1.510932147682159
1.510932147682159
