1.5268141832690452
1.5268141832690452
1.5268141832690452
1.5268141832690452
1.5268141832690452
1.5268141832690452
1.5268141832690452
1.5268141832690452
1.5268141832690452
1.5268141832690452
1.5268141832690452
1.5268141832690452
1.5268141832690452
1.5268141832690452
1.5268141832690452
1.5268141832690452
1.5268141832690452
1.5268141832690452
1.5268141832690452
1.5268141832690452
1.5268141832690452
1.5268141832690452
1.5268141832690452
1.5268141832690452
1.5268141832690452
1.5268141832690452
1.5268141832690452
1.5268141832690452
1.5268141832690452
1.5268141832690452
1.5268141832690452
1.5268141832690452
1.5268141832690452
1.5268141832690452
1.5268141832690452
1.5268141832690452
1.5268141832690452
1.5268141832690452
1.5268141832690452
1.5268141832690452
1.5268141832690452
1.5268141832690452
1.5268141832690452
1.5268141832690452
1.5268141832690452
1.5268141832690452
1.5268141832690452
1.5268141832690452
1.5268141832690452
1.5268141832690452
1.5268141832690452
1.5268141832690452
1.5268141832690452
1.526815246300122
1.526815246300122
1.526815246300122
1.526815246300122
1.5268175963485293
1.5268175963485293
1.5268175963485293
1.5268204419675502
1.5268204419675502
1.5268219116719404
1.52682299829204
1.5268236420687364
1.5268250738258307
1.5268259328808846
1.5268266203016787
1.5268272249166044
1.526828004339702
1.52682852680164
1.5268292340912275
1.5268298964610862
1.5268303305071431
1.5268304799078012
1.5268306588832379
1.5268308362161107
1.526831089227164
1.5268312239260846
1.5268313059468495
1.526831370500992
1.526831526277564
1.5268316197435114
1.5268316758230824
1.5268317281941703
1.526831791092004
1.5268318369933005
1.526831863429665
1.5268318792575426
1.5268318944992456
1.5268319118114677
1.5268319221988007
1.5268319284312006
1.5268319346905437
1.5268319405571686
1.5268319440771436
1.5268319461891289
1.526831948768782
1.5268319517920776
1.5268319536060557
1.526831954694442
1.526831955803146
1.5268319574832427
1.5268319583889352
1.5268319589323505
1.5268319593691535
1.5268319599790716
1.5268319602423042
1.5268319605840919
1.5268319606730376
1.5268319607902037
1.5268319609281422
1.5268319610035863
1.5268319610526417
1.526831961111257
1.5268319611597825
1.5268319611878485
1.5268319611996954
1.5268319612211334
1.526831961237226
1.5268319612463825
1.5268319612519585
1.5268319612558365
1.526831961259265
1.52683196126148
1.5268319612651664
1.5268319612658545
1.5268319612675112
1.5268319612691437
1.5268319612703496
1.5268319612710857
1.5268319612717238
1.5268319612723553
1.5268319612726253
1.5268319612730812
1.526831961273187
1.5268319612734365
1.5268319612735886
1.5268319612736858
1.5268319612737422
1.526831961273843
1.5268319612739591
1.5268319612740013
1.5268319612740362
1.5268319612740664
1.5268319612740953
1.5268319612741104
1.5268319612741188
1.5268319612741266
1.5268319612741332
1.5268319612741363
1.5268319612741406
1.5268319612741454
1.5268319612741503
1.5268319612741532
1.5268319612741545
1.526831961274156
1.5268319612741572
1.526831961274158
1.5268319612741583
1.5268319612741588
1.5268319612741592
1.5268319612741597
1.52683196127416
1.5268319612741603
1.5268319612741608
1.5268319612741608
1.5268319612741608
1.526831961274161
1.5268319612741612
1.5268319612741612
1.5268319612741612
1.5268319612741612
1.5268319612741612
1.5268319612741612
1.5268319612741612
1.5268319612741612
1.5268319612741612
1.5268319612741612
1.5268319612741612
1.5268319612741612
1.5268319612741612
1.5268319612741612
1.5268319612741612
1.5268319612741612
1.5268319612741612
1.5268319612741612
1.5268319612741612
1.5268319612741612
1.5268319612741612
1.5268319612741612
