1.9749610781891382
1.9749610781891382
1.9749610781891382
1.9749610781891382
1.9749610781891382
1.9749610781891382
1.9749610781891382
1.9749610781891382
1.9749610781891382
1.9749610781891382
1.9749610781891382
1.9749610781891382
1.9749610781891382
1.9749610781891382
1.9749610781891382
1.9749610781891382
1.9749610781891382
1.9749610781891382
1.9749610781891382
1.9749610781891382
1.9749610781891382
1.9749610781891382
1.9749610781891382
1.9749610781891382
1.9749610781891382
1.9749610781891382
1.9749610781891382
1.9749610781891382
1.9749610781891382
1.9749610781891382
1.9749610781891382
1.9749610781891382
1.9749610781891382
1.9749610781891382
1.9749610781891382
1.9749610781891382
1.9749610781891382
1.9749610781891382
1.9749610781891382
1.9749610781891382
1.9749610781891382
1.9749610781891382
1.9749610781891382
1.9749610781891382
1.9749610781891382
1.9749610781891382
1.9749610781891382
1.9749610781891382
1.9749610781891382
1.9749610781891382
1.9749610781891382
1.9749610781891382
1.974964413059454
1.974964413059454
1.974964413059454
1.974964413059454
1.974964413059454
1.974964413059454
1.974964413059454
1.9749652397372783
1.9749652397372783
1.9749652397372783
1.974967263874264
1.9749685734830658
1.9749685734830658
1.9749685734830658
1.9749712882027026
1.9749712882027026
1.9749714297592924
1.9749723397145558
1.974973079339501
1.974973439864113
1.9749742394170786
1.9749747191489893
1.9749750785022597
1.9749755110707838
1.9749761646194586
1.9749765770497827
1.9749767322250005
1.9749768172346376
1.9749771117518231
1.974977206819727
1.9749772638604701
1.9749773884215522
1.9749774842705066
1.974977549127739
1.9749775880420792
1.9749776113906836
1.9749776253998468
1.9749776387965285
1.9749776570983752
1.9749776752860397
1.974977679674524
1.974977686969479
1.9749776941140527
1.9749776981895213
1.9749777014994283
1.9749777039127467
1.974977706152723
1.9749777076324693
1.9749777085203166
1.9749777090530258
1.9749777102626518
1.9749777111978208
1.9749777124667258
1.9749777124667258
1.9749777126588905
1.9749777137672553
1.9749777137672553
1.9749777138717795
1.9749777138717795
1.9749777139816145
1.9749777140153213
1.9749777140153213
1.974977714134398
1.974977714134398
1.9749777141824756
1.9749777141824756
1.9749777141826357
1.9749777141938374
1.9749777141938374
1.9749777141938374
1.9749777141938374
1.9749777141938374
1.9749777141938374
1.9749777141962142
1.9749777141962142
1.9749777141972373
1.9749777141972373
1.9749777141983764
1.9749777142003855
1.9749777142003855
1.9749777142003855
1.9749777142008498
1.9749777142008498
1.9749777142008498
1.9749777142008498
1.9749777142008498
1.9749777142008498
1.9749777142008498
1.9749777142008498
1.9749777142008498
1.974977714200972
1.974977714200972
1.974977714200972
1.974977714201021
1.974977714201021
1.974977714201021
1.974977714201021
1.9749777142010443
1.9749777142010443
1.9749777142010443
1.9749777142010443
1.9749777142010696
1.974977714201077
1.974977714201077
1.974977714201077
1.974977714201077
1.9749777142010791
1.9749777142010878
1.9749777142010903
1.974977714201092
1.9749777142010976
1.9749777142010985
1.974977714201101
1.9749777142011025
1.9749777142011067
1.9749777142011076
1.9749777142011078
1.974977714201109
1.9749777142011091
1.9749777142011098
1.974977714201111
1.974977714201112
1.974977714201112
1.974977714201112
1.974977714201112
1.974977714201112
1.974977714201112
1.974977714201112
1.974977714201112
1.974977714201112
1.974977714201112
1.974977714201112
1.974977714201112
1.974977714201112
1.974977714201112
1.974977714201112
1.974977714201112
1.974977714201112
1.974977714201112
