1.9463698887193992
1.9463698887193992
1.9463698887193992
1.9463698887193992
1.9463698887193992
1.9463698887193992
1.9463698887193992
1.9463698887193992
1.9463698887193992
1.9463698887193992
1.9463698887193992
1.9463698887193992
1.9463698887193992
1.9463698887193992
1.9463698887193992
1.9463698887193992
1.9463698887193992
1.9463698887193992
1.9463698887193992
1.9463698887193992
1.9463698887193992
1.9463698887193992
1.9463698887193992
1.9463698887193992
1.9463698887193992
1.9463698887193992
1.9463698887193992
1.9463698887193992
1.9463698887193992
1.9463698887193992
1.9463698887193992
1.9463698887193992
1.9463698887193992
1.9463698887193992
1.9463698887193992
1.9463698887193992
1.9463698887193992
1.9463698887193992
1.946448548432668
1.946448548432668
1.946448548432668
1.946448548432668
1.946448548432668
1.946448548432668
1.946448548432668
1.946448548432668
1.946448548432668
1.9464491657758611
1.9464628062795466
1.9464709904768571
1.9464709904768571
1.9464744209682838
1.9464840556064111
1.9465044724662546
1.9465111417355745
1.946515143305353
1.9465175442501677
1.946518984818118
1.9465198491592695
1.9465224887859192
1.9465250824839946
1.94652663870396
1.9465292942914558
1.9465314961429143
1.9465323867321191
1.9465348349650367
1.9465348349650367
1.9465364475872933
1.9465378340204151
1.9465383627969233
1.9465397270301237
1.9465407268591424
1.946541358933213
1.9465424224604293
1.9465437171131563
1.9465443455368243
1.9465447225910388
1.9465453363992318
1.9465459291303757
1.9465463199535538
1.946546505152392
1.9465467410156214
1.9465469491746192
1.9465470439479668
1.946547111462013
1.9465471695208862
1.9465472504464039
1.946547299001715
1.9465473281349015
1.9465473456148135
1.9465473701938487
1.9465474032064785
1.9465474032064785
1.9465474077747085
1.946547421929496
1.9465474259090254
1.946547432055798
1.946547434992597
1.94654743765355
1.9465474430400111
1.9465474466432777
1.9465474488052377
1.9465474501024138
1.9465474508807192
1.9465474523240927
1.9465474546439248
1.9465474560337488
1.9465474569254064
1.9465474574604007
1.9465474584693696
1.9465474593980734
1.9465474599552959
1.9465474602896293
1.9465474608181346
1.9465474614181912
1.9465474617875627
1.9465474620091856
1.9465474621421726
1.946547462302358
1.9465474625680408
1.9465474627274508
1.9465474628230965
1.9465474628995647
1.946547462995001
1.9465474630663087
1.9465474631046422
1.9465474631309427
1.9465474631749837
1.9465474632280684
1.94654746325992
1.9465474632795532
1.946547463312986
1.9465474633374014
1.9465474633520503
1.9465474633608402
1.9465474633671194
1.9465474633756026
1.9465474633756026
1.9465474633756026
1.9465474633780522
1.9465474633788447
1.946547463379783
1.9465474633803461
1.9465474633806839
1.9465474633808868
1.9465474633810131
1.9465474633811883
1.9465474633817494
1.9465474633820985
1.946547463382313
1.9465474633825315
1.94654746338274
1.946547463382881
1.9465474633829658
1.9465474633830187
1.9465474633830957
1.946547463383152
1.9465474633831856
1.9465474633832198
1.9465474633832571
1.9465474633832802
1.946547463383294
1.9465474633833113
1.9465474633833266
1.9465474633833355
1.9465474633833408
1.9465474633833442
1.9465474633833466
1.9465474633833533
1.9465474633833573
1.9465474633833595
1.9465474633833617
1.9465474633833655
1.9465474633833675
1.9465474633833686
1.9465474633833695
1.9465474633833708
1.9465474633833717
1.9465474633833721
1.9465474633833728
1.9465474633833728
1.9465474633833735
1.9465474633833737
1.946547463383374
1.946547463383374
1.946547463383374
1.946547463383374
1.946547463383374
1.946547463383374
1.946547463383374
1.946547463383374
1.946547463383374
1.946547463383374
1.946547463383374
