1.9076856784885456
1.9076856784885456
1.9076856784885456
1.9076856784885456
1.9076856784885456
1.9076856784885456
1.9076856784885456
1.9076856784885456
1.9076856784885456
1.9076856784885456
1.9076856784885456
1.9076856784885456
1.9076856784885456
1.9076856784885456
1.9076856784885456
1.9076856784885456
1.9076856784885456
1.9076856784885456
1.9076856784885456
1.9076856784885456
1.9076856784885456
1.9076856784885456
1.9076856784885456
1.9076856784885456
1.9076856784885456
1.9076856784885456
1.9076856784885456
1.9076856784885456
1.9076856784885456
1.9076856784885456
1.9076856784885456
1.9076856784885456
1.9076856784885456
1.9076856784885456
1.9076856784885456
1.9076856784885456
1.9076856784885456
1.9076856784885456
1.9076856784885456
1.9076856784885456
1.9076856784885456
1.9076856784885456
1.9076856784885456
1.9077068943155966
1.9077068943155966
1.9077068943155966
1.9077068943155966
1.9077068943155966
1.9077068943155966
1.9077068943155966
1.9077108702871426
1.9077108702871426
1.9077108702871426
1.9077108702871426
1.9077108702871426
1.9077118478404398
1.907712800723355
1.9077138934404783
1.9077140100335614
1.907714451240214
1.907715581463167
1.9077162595975463
1.907716666478393
1.9077171377690707
1.9077175615160262
1.9077178638734984
1.9077180119849164
1.9077182317981716
1.9077184386969774
1.9077185134233798
1.9077186118009894
1.9077186667873076
1.9077187384895689
1.907718789372309
1.9077188229825426
1.9077188337606221
1.907718841159229
1.9077188507455323
1.907718881664915
1.9077189044685874
1.9077189181507908
1.9077189263601129
1.9077189312857064
1.9077189368171619
1.907718948555546
1.9077189556856526
1.9077189600306868
1.9077189656348688
1.9077189702406132
1.9077189730040607
1.9077189746621286
1.9077189765946763
1.9077189783282318
1.90771897938673
1.9077189802740913
1.9077189812254283
1.907718981796231
1.9077189821476386
1.9077189825043646
1.907718982747089
1.9077189828927235
1.907718982982
1.907718983046888
1.907718983109681
1.907718983147357
1.9077189831699912
1.9077189831869
1.9077189831970451
1.9077189832152566
1.9077189832294372
1.9077189832379464
1.9077189832430512
1.9077189832461143
1.9077189832479526
1.9077189832568897
1.9077189832655643
1.9077189832707695
1.9077189832738926
1.9077189832761121
1.9077189832836394
1.9077189832881558
1.9077189832908656
1.907718983292492
1.9077189832934673
1.9077189832940524
1.907718983294983
1.9077189832960144
1.9077189832966335
1.9077189832970047
1.9077189832972572
1.9077189832976664
1.907718983297912
1.9077189832980594
1.9077189832982056
1.9077189832983672
1.907718983298464
1.9077189832985222
1.9077189832986037
1.90771898329869
1.9077189832987416
1.9077189832987727
1.9077189832988188
1.9077189832988524
1.907718983298873
1.9077189832988852
1.9077189832988926
1.907718983298904
1.9077189832989152
1.9077189832989219
1.9077189832989263
1.9077189832989287
1.9077189832989307
1.9077189832989334
1.9077189832989354
1.9077189832989363
1.9077189832989379
1.9077189832989392
1.9077189832989405
1.907718983298941
1.9077189832989419
1.9077189832989423
1.907718983298943
1.9077189832989432
1.9077189832989438
1.9077189832989443
1.9077189832989445
1.9077189832989445
1.9077189832989445
1.9077189832989445
1.9077189832989447
1.9077189832989452
1.9077189832989452
1.9077189832989452
1.9077189832989456
1.9077189832989456
1.9077189832989456
1.9077189832989456
1.9077189832989456
1.9077189832989456
1.9077189832989456
1.9077189832989456
1.9077189832989456
1.9077189832989456
1.9077189832989456
