2.0446625910806904
2.0446625910806904
2.0446625910806904
2.0446625910806904
2.0446625910806904
2.0446625910806904
2.0446625910806904
2.0446625910806904
2.0446625910806904
2.0446625910806904
2.0446625910806904
2.0446625910806904
2.0446625910806904
2.0446625910806904
2.0446625910806904
2.0446625910806904
2.0446625910806904
2.0446625910806904
2.0446625910806904
2.0446625910806904
2.0446625910806904
2.0446625910806904
2.0446625910806904
2.0446625910806904
2.0446625910806904
2.0446625910806904
2.0446625910806904
2.0446625910806904
2.0446625910806904
2.0446625910806904
2.0446625910806904
2.0446625910806904
2.0446625910806904
2.0446625910806904
2.0446625910806904
2.0446625910806904
2.0446625910806904
2.0446625910806904
2.0446625910806904
2.0446625910806904
2.0446625910806904
2.0446625910806904
2.0446625910806904
2.0446625910806904
2.0446625910806904
2.0446625910806904
2.0446625910806904
2.0446625910806904
2.0446625910806904
2.0446625910806904
2.0446625910806904
2.0446625910806904
2.0446625910806904
2.0446625910806904
2.0446625910806904
2.0446625910806904
2.044662786875837
2.044662786875837
2.044662786875837
2.044662786875837
2.044662786875837
2.044662786875837
2.0446628276841188
2.0446630451387353
2.0446633538444443
2.044663619315299
2.0446639306387553
2.044664048284453
2.0446640622120147
2.0446641777429613
2.0446642470615344
2.044664331699288
2.044664341427103
2.044664369998752
2.044664422255817
2.0446644788274737
2.0446644990521903
2.044664527617065
2.0446645542420367
2.0446645690781726
2.044664579376676
2.0446645837783946
2.0446645908368812
2.044664595747364
2.0446646024771664
2.0446646040524823
2.044664606041417
2.0446646085361273
2.0446646099713055
2.0446646105638497
2.044664611078048
2.0446646118790937
2.0446646121978476
2.0446646124719052
2.0446646128979458
2.0446646129659634
2.044664613233384
2.044664613363852
2.044664613439671
2.0446646134673685
2.0446646135303235
2.0446646135819453
2.0446646136372295
2.0446646136731625
2.044664613722281
2.0446646137527367
2.04466461376677
2.0446646137755344
2.044664613790141
2.044664613795192
2.0446646138006437
2.044664613808622
2.0446646138134095
2.04466461381799
2.0446646138214875
2.044664613825186
2.044664613827609
2.044664613829063
2.044664613829063
2.0446646138302484
2.0446646138303968
2.0446646138304647
2.0446646138310123
2.0446646138310123
2.0446646138313422
2.04466461383158
2.0446646138317335
2.044664613831826
2.0446646138318894
2.0446646138319364
2.0446646138319986
2.0446646138321323
2.0446646138321323
2.044664613832223
2.0446646138322904
2.0446646138323303
2.044664613832355
2.0446646138323823
2.04466461383241
2.04466461383243
2.0446646138324405
2.0446646138324462
2.044664613832459
2.0446646138324627
2.0446646138324684
2.0446646138324707
2.044664613832474
2.044664613832476
2.044664613832478
2.0446646138324795
2.044664613832481
2.044664613832481
2.0446646138324813
2.0446646138324818
2.0446646138324818
2.0446646138324827
2.0446646138324827
2.0446646138324827
2.0446646138324827
2.0446646138324827
2.0446646138324827
2.0446646138324827
2.0446646138324827
2.0446646138324827
2.0446646138324827
2.0446646138324827
2.0446646138324827
2.0446646138324827
2.0446646138324827
2.0446646138324827
2.0446646138324827
2.0446646138324827
2.0446646138324827
2.0446646138324827
2.0446646138324827
2.0446646138324827
2.0446646138324827
2.0446646138324827
2.0446646138324827
2.0446646138324827
