2.418689019968673
2.418689019968673
2.418689019968673
2.418689019968673
2.418689019968673
2.418689019968673
2.418689019968673
2.418689019968673
2.418689019968673
2.418689019968673
2.418689019968673
2.418689019968673
2.418689019968673
2.418689019968673
2.418689019968673
2.418689019968673
2.418689019968673
2.418689019968673
2.418689019968673
2.418689019968673
2.418689019968673
2.418689019968673
2.418689019968673
2.418689019968673
2.418689019968673
2.418689019968673
2.418689019968673
2.418689019968673
2.418689019968673
2.418689019968673
2.418689019968673
2.418689019968673
2.418689019968673
2.418689019968673
2.418689019968673
2.418689019968673
2.418689019968673
2.4192494316016395
2.4192494316016395
2.4192494316016395
2.41934398678154
2.41934398678154
2.41934398678154
2.41934398678154
2.41934398678154
2.41934398678154
2.41934398678154
2.41934398678154
2.41934398678154
2.41934398678154
2.41934398678154
2.41934398678154
2.4193890374397182
2.4193890374397182
2.4193890374397182
2.419413513977522
2.4194233088633053
2.4194433755470945
2.4194555731239356
2.419493926357697
2.419493926357697
2.4194957221264928
2.4195186490330807
2.4195324051313416
2.41954065877385
2.4195456109534343
2.4195613763119708
2.419576197386524
2.41958559021841
2.4195912259096413
2.4195949745167167
2.419603898599474
2.4196098640188684
2.4196134432671084
2.4196155908148294
2.419616879343023
2.419620395255906
2.4196233801733813
2.419625171123084
2.4196262456926223
2.419627292435862
2.41962908612878
2.419630180536241
2.4196308371806152
2.4196312342626842
2.419632355965519
2.4196331529751998
2.4196336595313928
2.41963398703828
2.419634694778408
2.419635160169555
2.419635439404227
2.4196356682082034
2.419635949260253
2.419636122017548
2.4196362256719244
2.4196363114825945
2.4196364641974206
2.4196365519225576
2.419636612447729
2.419636696048515
2.4196367551834532
2.4196367906644136
2.4196368128850976
2.4196368553671914
2.4196368829048445
2.419636899427437
2.4196369150662522
2.419636930995769
2.4196369400436133
2.4196369458774796
2.4196369508048168
2.4196369573834433
2.4196369613306206
2.4196369637857216
2.4196369672580325
2.4196369696032667
2.419636971010407
2.4196369718645503
2.419636972986003
2.4196369741055177
2.4196369747772284
2.419636975180253
2.4196369754220672
2.4196369757054903
2.419636975978961
2.419636976185686
2.419636976319836
2.4196369764113457
2.41963697647369
2.419636976511097
2.4196369765600982
2.419636976594299
2.4196369766179746
2.4196369766346155
2.419636976647997
2.4196369766583854
2.4196369766712804
2.41963697668036
2.4196369766858465
2.4196369766921775
2.4196369766964096
2.4196369766995134
2.419636976701372
2.4196369767024923
2.419636976703335
2.4196369767056822
2.419636976707574
2.419636976708709
2.4196369767093877
2.419636976709872
2.419636976711011
2.4196369767117045
2.419636976712118
2.419636976712369
2.419636976712531
2.41963697671283
2.419636976713024
2.4196369767131394
2.41963697671321
2.4196369767133312
2.4196369767134507
2.419636976713523
2.419636976713565
2.41963697671359
2.419636976713669
2.419636976713729
2.419636976713765
2.4196369767137855
2.419636976713819
2.4196369767138366
2.419636976713849
2.4196369767138552
2.4196369767138615
2.4196369767138712
2.419636976713876
2.41963697671388
2.419636976713884
2.419636976713887
2.419636976713888
2.4196369767138886
2.41963697671389
2.41963697671389
2.4196369767138903
2.4196369767138917
2.4196369767138917
2.419636976713892
2.4196369767138934
2.4196369767138934
2.4196369767138934
2.4196369767138934
2.4196369767138934
2.4196369767138934
2.4196369767138934
2.4196369767138934
2.4196369767138934
2.4196369767138934
2.4196369767138934
2.4196369767138934
2.4196369767138934
2.4196369767138934
2.4196369767138934
2.4196369767138934
2.4196369767138934
2.4196369767138934
2.4196369767138934
2.4196369767138934
2.4196369767138934
