2.415597008880156
2.415597008880156
2.415597008880156
2.415597008880156
2.415597008880156
2.415597008880156
2.415597008880156
2.415597008880156
2.415597008880156
2.415597008880156
2.415597008880156
2.415597008880156
2.415597008880156
2.415597008880156
2.415597008880156
2.415597008880156
2.415597008880156
2.415597008880156
2.415597008880156
2.415597008880156
2.415597008880156
2.415597008880156
2.415597008880156
2.415597008880156
2.415597008880156
2.415597008880156
2.415597008880156
2.415597008880156
2.415597008880156
2.415597008880156
2.415597008880156
2.415597008880156
2.415597008880156
2.415597008880156
2.415597008880156
2.415597008880156
2.415597008880156
2.415597008880156
2.415597008880156
2.415597008880156
2.415597008880156
2.415597008880156
2.415597008880156
2.415597008880156
2.415597008880156
2.415597008880156
2.415597008880156
2.415597008880156
2.415597008880156
2.415597008880156
2.415597008880156
2.415597008880156
2.415597008880156
2.415597008880156
2.415597008880156
2.415597008880156
2.415597008880156
2.4155972225927593
2.4155972225927593
2.4155972225927593
2.4155972225927593
2.4155973925571197
2.4155990655458788
2.415599982954499
2.4156005909694347
2.415600955778417
2.415601174663815
2.4156013059950556
2.415604184832509
2.415605946377282
2.415607655802582
2.4156088209595574
2.4156103784307175
2.4156103867753864
2.4156115730519625
2.4156115730519625
2.4156120424818712
2.4156125483818482
2.415612887628968
2.4156130911772418
2.4156131644525094
2.415613242585555
2.4156133998057965
2.4156135087595003
2.4156136550410094
2.4156136650183173
2.4156137453486175
2.4156138307617447
2.4156138879156432
2.415613922207983
2.415613942783388
2.415614000098484
2.415614043590815
2.4156140507578376
2.4156140783278577
2.415614084876033
2.415614101394821
2.41561411636014
2.4156141207132618
2.415614123325133
2.4156141316331725
2.415614136893112
2.41561414047384
2.415614143569593
2.415614144771349
2.41561414594375
2.4156141474699626
2.4156141475619695
2.4156141479680207
2.415614148077745
2.4156141483248836
2.4156141485191855
2.4156141486617564
2.4156141488083014
2.4156141489301763
2.415614149064923
2.4156141491436984
2.4156141491951058
2.4156141492875363
2.4156141493469456
2.4156141494348558
2.4156141494601346
2.4156141494733805
2.4156141495053958
2.41561414952443
2.4156141495412027
2.4156141495509416
2.415614149559535
2.4156141495663737
2.4156141495704766
2.4156141495746013
2.415614149578394
2.4156141495807586
2.4156141495821783
2.415614149583487
2.415614149584838
2.4156141495856485
2.415614149586929
2.415614149587181
2.415614149587404
2.4156141495882677
2.4156141495888273
2.4156141495888273
2.415614149589196
2.4156141495894436
2.415614149589539
2.4156141495896
2.415614149589692
2.4156141495897447
2.4156141495898087
2.41561414958984
2.41561414958984
2.415614149589864
2.415614149589892
2.4156141495899126
2.415614149589914
2.4156141495899215
2.4156141495899335
2.415614149589943
2.415614149589951
2.415614149589954
2.4156141495899566
2.4156141495899632
2.4156141495899677
2.4156141495899712
2.4156141495899734
2.4156141495899766
2.4156141495899783
2.415614149589979
2.4156141495899797
2.4156141495899806
2.415614149589981
2.415614149589981
2.4156141495899814
2.4156141495899823
2.4156141495899823
2.4156141495899823
2.4156141495899823
2.4156141495899823
2.4156141495899823
2.4156141495899823
2.4156141495899823
2.4156141495899823
2.4156141495899823
2.4156141495899823
2.4156141495899823
2.4156141495899823
2.4156141495899823
2.4156141495899823
2.4156141495899823
2.4156141495899823
2.4156141495899823
2.4156141495899823
2.4156141495899823
2.4156141495899823
2.4156141495899823
2.4156141495899823
