1.7893726338569012
1.7893726338569012
1.7893726338569012
1.7893726338569012
1.7893726338569012
1.7893726338569012
1.7893726338569012
1.7893726338569012
1.7893726338569012
1.7893726338569012
1.7893726338569012
1.7893726338569012
1.7893726338569012
1.7893726338569012
1.7893726338569012
1.7893726338569012
1.7893726338569012
1.7893726338569012
1.7893726338569012
1.7893726338569012
1.7893726338569012
1.7893726338569012
1.7893726338569012
1.7893726338569012
1.7893726338569012
1.7893726338569012
1.7893726338569012
1.7893726338569012
1.7893726338569012
1.7893726338569012
1.7893726338569012
1.7893726338569012
1.7893726338569012
1.7893726338569012
1.7893726338569012
1.7893726338569012
1.7893726338569012
1.7893726338569012
1.7893726338569012
1.7893726338569012
1.7893726338569012
1.7893726338569012
1.7893726338569012
1.7893726338569012
1.7893726338569012
1.7893726338569012
1.7893726338569012
1.7893726338569012
1.7893726338569012
1.7893726338569012
1.7893726338569012
1.7893726338569012
1.7893731882830741
1.7893731882830741
1.7893745830346637
1.7893745830346637
1.7893745830346637
1.7893747033965337
1.789374786478841
1.78937483632821
1.7893751605799437
1.7893756728438852
1.7893756728438852
1.789376744672855
1.789376744672855
1.789377398869309
1.7893782807905338
1.7893789045528044
1.7893792530817332
1.7893797327501921
1.7893799613222834
1.789380165028228
1.789380291614314
1.7893803254565346
1.7893804159574218
1.7893804847872157
1.789380504955006
1.7893805220458192
1.7893805425913036
1.7893805557632632
1.7893805795459568
1.7893806049695835
1.7893806109436696
1.7893806123741172
1.7893806123741172
1.7893806207350789
1.7893806234725549
1.7893806234725549
1.7893806272548913
1.7893806294802868
1.789380631672131
1.7893806324885855
1.7893806324885855
1.789380633442333
1.7893806344641514
1.7893806352950208
1.7893806359050424
1.789380636809952
1.7893806372888006
1.7893806376606596
1.7893806376606596
1.7893806378839086
1.7893806379634891
1.7893806380770148
1.7893806381733908
1.7893806382238806
1.7893806382866586
1.7893806383309303
1.7893806383813107
1.7893806384075372
1.789380638430787
1.789380638450959
1.789380638450959
1.789380638469504
1.7893806384821729
1.7893806384839694
1.7893806384857407
1.7893806384928184
1.7893806384953717
1.7893806384974267
1.789380638498033
1.789380638498033
1.7893806384989346
1.7893806384992657
1.7893806384992657
1.7893806384992819
1.7893806384994118
1.789380638499686
1.7893806384999247
1.789380638500068
1.7893806385001774
1.7893806385002515
1.7893806385003008
1.7893806385003512
1.7893806385003852
1.7893806385004383
1.7893806385004432
1.7893806385004811
1.7893806385005178
1.7893806385005395
1.7893806385005528
1.7893806385005806
1.7893806385005961
1.7893806385006106
1.789380638500622
1.789380638500631
1.789380638500639
1.789380638500643
1.7893806385006463
1.7893806385006492
1.7893806385006523
1.7893806385006534
1.7893806385006545
1.7893806385006554
1.7893806385006563
1.7893806385006576
1.789380638500658
1.789380638500658
1.7893806385006585
1.7893806385006585
1.7893806385006585
1.7893806385006585
1.7893806385006585
1.7893806385006585
1.7893806385006585
1.7893806385006585
1.7893806385006585
1.7893806385006585
1.7893806385006585
1.7893806385006585
1.7893806385006585
1.7893806385006585
1.7893806385006585
1.7893806385006585
1.7893806385006585
1.7893806385006585
1.7893806385006585
1.7893806385006585
1.7893806385006585
1.7893806385006585
1.7893806385006585
