2.251568089688071
2.251568089688071
2.251568089688071
2.251568089688071
2.251568089688071
2.251568089688071
2.251568089688071
2.251568089688071
2.251568089688071
2.251568089688071
2.251568089688071
2.251568089688071
2.251568089688071
2.251568089688071
2.251568089688071
2.251568089688071
2.251568089688071
2.251568089688071
2.251568089688071
2.251568089688071
2.251568089688071
2.251568089688071
2.251568089688071
2.251568089688071
2.251568089688071
2.251568089688071
2.251568089688071
2.251568089688071
2.251568089688071
2.251568089688071
2.251568089688071
2.251568089688071
2.251568089688071
2.251568089688071
2.251568089688071
2.251568089688071
2.251568089688071
2.251568089688071
2.251568089688071
2.251568089688071
2.251568089688071
2.251568089688071
2.251568089688071
2.251568089688071
2.251568089688071
2.251568089688071
2.251568089688071
2.251568089688071
2.251568089688071
2.251568089688071
2.251568089688071
2.251568089688071
2.251568089688071
2.251568089688071
2.251568089688071
2.251568089688071
2.251568089688071
2.2515688796733873
2.2515688796733873
2.2515688796733873
2.2515688796733873
2.2515688796733873
2.251568899114234
2.25156918254072
2.2515697038746323
2.2515702022120716
2.2515705100815966
2.25157085352637
2.251571331702528
2.2515717099657007
2.25157180950676
2.251572045082491
2.2515722301982284
2.2515723571719573
2.2515724406312865
2.2515725419197516
2.251572629351238
2.25157268926372
2.25157268926372
2.25157268926372
2.2515727037087445
2.2515727267289343
2.251572742365553
2.251572751747524
2.2515727574235402
2.251572768516315
2.2515727932918983
2.2515728088351894
2.2515728187173645
2.2515728246466695
2.251572830171155
2.251572837049664
2.2515728413211624
2.2515728442503904
2.251572847670396
2.251572850473626
2.251572852229249
2.251572853332427
2.251572855006935
2.2515728561385817
2.2515728568175692
2.251572857282182
2.2515728579429264
2.25157285834966
2.2515728586062123
2.2515728587651904
2.2515728589288537
2.2515728590638204
2.2515728591448
2.251572859193388
2.2515728592225406
2.251572859241332
2.251572859255701
2.251572859283406
2.2515728593007864
2.2515728593115982
2.251572859318085
2.2515728593316147
2.251572859341406
2.2515728593472804
2.2515728593528657
2.2515728593602486
2.2515728593647224
2.25157285936744
2.2515728593690696
2.251572859370048
2.2515728593719646
2.2515728593735846
2.251572859374558
2.2515728593751416
2.25157285937568
2.251572859376354
2.251572859376762
2.2515728593770077
2.2515728593771547
2.2515728593774047
2.251572859377625
2.251572859377757
2.2515728593778364
2.251572859377961
2.251572859378086
2.25157285937816
2.251572859378204
2.251572859378231
2.251572859378247
2.251572859378257
2.251572859378296
2.2515728593783226
2.2515728593783386
2.2515728593783484
2.2515728593783635
2.251572859378375
2.251572859378382
2.251572859378386
2.2515728593783884
2.2515728593783906
2.251572859378393
2.2515728593783946
2.2515728593783955
2.251572859378396
2.2515728593783964
2.2515728593783972
2.2515728593783977
2.251572859378398
2.251572859378398
2.2515728593783986
2.2515728593783986
2.2515728593783986
2.2515728593783986
2.2515728593783986
2.2515728593783986
2.2515728593783986
2.2515728593783986
2.2515728593783986
2.2515728593783986
2.2515728593783986
2.2515728593783986
2.2515728593783986
2.2515728593783986
2.2515728593783986
2.2515728593783986
2.2515728593783986
2.2515728593783986
2.2515728593783986
2.2515728593783986
2.2515728593783986
2.2515728593783986
