2.2728344301485346
2.2728344301485346
2.2728344301485346
2.2728344301485346
2.2728344301485346
2.2728344301485346
2.2728344301485346
2.2728344301485346
2.2728344301485346
2.2728344301485346
2.2728344301485346
2.2728344301485346
2.2728344301485346
2.2728344301485346
2.2728344301485346
2.2728344301485346
2.2728344301485346
2.2728344301485346
2.2728344301485346
2.2728344301485346
2.2728344301485346
2.2728344301485346
2.2728344301485346
2.2728344301485346
2.2728344301485346
2.2728344301485346
2.2728344301485346
2.2728344301485346
2.2728344301485346
2.2728344301485346
2.2728344301485346
2.2728344301485346
2.2728344301485346
2.2728344301485346
2.2728344301485346
2.2728344301485346
2.2728344301485346
2.2728344301485346
2.2728344301485346
2.2728344301485346
2.2728344301485346
2.2728344301485346
2.2728344301485346
2.2728344301485346
2.2728344301485346
2.2728344301485346
2.2728344301485346
2.2728344301485346
2.2728344301485346
2.2728344301485346
2.2728344301485346
2.2728344301485346
2.2728344301485346
2.2728344301485346
2.2728344301485346
2.2728344301485346
2.2728344301485346
2.2728378971422987
2.2728378971422987
2.2728378971422987
2.272848332264292
2.272848332264292
2.272849272227358
2.2728511489567307
2.272852274995106
2.2728548061287954
2.272855009155417
2.27285583712627
2.272857307743609
2.2728585018587277
2.2728593244426216
2.2728601105077524
2.2728612725760238
2.2728615899771065
2.272862265108253
2.272862778206033
2.272863194227836
2.2728634758362833
2.272863580312762
2.272863665194063
2.272863716122846
2.2728639260629113
2.2728639819404206
2.2728639819404206
2.2728639930851067
2.27286401512137
2.2728640355913035
2.2728640478732633
2.2728640735366255
2.2728640869060905
2.2728641051705925
2.2728641161292926
2.272864122704514
2.272864126649646
2.2728641341907663
2.27286415002922
2.272864155451598
2.2728641617964547
2.2728641632396736
2.272864164796658
2.2728641659136306
2.2728641670559044
2.2728641705237456
2.2728641716026043
2.272864172979145
2.2728641746409446
2.2728641761391937
2.272864177038143
2.272864177616815
2.272864178052917
2.2728641782436085
2.27286417864815
2.27286417869652
2.2728641787550905
2.2728641788101926
2.2728641788821737
2.2728641789105435
2.2728641789425303
2.2728641789664925
2.27286417900272
2.272864179032738
2.2728641790727537
2.272864179078768
2.272864179078768
2.2728641790899045
2.2728641790973914
2.2728641791017736
2.27286417910326
2.2728641791041513
2.2728641791112625
2.272864179114605
2.2728641791184123
2.272864179120914
2.272864179120914
2.272864179120914
2.272864179122597
2.2728641791229967
2.2728641791236353
2.272864179124131
2.2728641791244804
2.272864179125101
2.2728641791256483
2.272864179126013
2.2728641791262922
2.2728641791264597
2.2728641791266013
2.272864179126731
2.2728641791268247
2.272864179126889
2.2728641791269615
2.2728641791270094
2.2728641791270388
2.27286417912706
2.272864179127075
2.2728641791270854
2.2728641791270907
2.272864179127096
2.272864179127108
2.2728641791271156
2.272864179127121
2.2728641791271262
2.272864179127131
2.2728641791271342
2.272864179127136
2.272864179127137
2.272864179127138
2.272864179127139
2.2728641791271404
2.2728641791271404
2.272864179127141
2.2728641791271413
2.2728641791271413
2.2728641791271413
2.2728641791271413
2.2728641791271413
2.2728641791271413
2.2728641791271413
2.2728641791271413
2.2728641791271413
2.2728641791271413
2.2728641791271413
2.2728641791271413
2.2728641791271413
2.2728641791271413
2.2728641791271413
2.2728641791271413
2.2728641791271413
2.2728641791271413
2.2728641791271413
2.2728641791271413
2.2728641791271413
2.2728641791271413
2.2728641791271413
2.2728641791271413
2.2728641791271413
