2.6236766309323527
2.6236766309323527
2.6236766309323527
2.6236766309323527
2.6236766309323527
2.6236766309323527
2.6236766309323527
2.6236766309323527
2.6236766309323527
2.6236766309323527
2.6236766309323527
2.6236766309323527
2.6236766309323527
2.6236766309323527
2.6236766309323527
2.6236766309323527
2.6236766309323527
2.6236766309323527
2.6236766309323527
2.6236766309323527
2.6236766309323527
2.6236766309323527
2.6236766309323527
2.6236766309323527
2.6236766309323527
2.6236766309323527
2.6236766309323527
2.6236766309323527
2.6236766309323527
2.6236766309323527
2.6236766309323527
2.6236766309323527
2.6236766309323527
2.6236766309323527
2.6236766309323527
2.6236766309323527
2.6236766309323527
2.6236766309323527
2.6236766309323527
2.6236766309323527
2.6236766309323527
2.6236766309323527
2.6236766309323527
2.6236766309323527
2.6236766309323527
2.6236766309323527
2.6236766309323527
2.6236766309323527
2.623699590715965
2.623699590715965
2.623699590715965
2.623699590715965
2.623714279490017
2.623714279490017
2.623714279490017
2.6237248433266647
2.6237248433266647
2.6237248433266647
2.6237301780196383
2.623732073312189
2.6237347146453875
2.6237377455687563
2.623740350685505
2.6237410183075056
2.6237426709359304
2.623744305812065
2.6237452867378415
2.6237460423252714
2.6237471297576667
2.6237480288459163
2.623748571259334
2.6237491109297086
2.623749493133964
2.6237497810210453
2.6237499807881886
2.6237501281823157
2.623750300485843
2.623750403867961
2.6237504980294686
2.623750545015428
2.6237505916906496
2.6237506292838604
2.6237506431423685
2.6237506661288426
2.6237506826972465
2.6237506926382888
2.6237506996510023
2.6237507063066374
2.6237507144076853
2.623750719249001
2.6237507225811214
2.6237507258168864
2.6237507291699895
2.6237507306650585
2.623750731646941
2.623750732338722
2.6237507327537912
2.623750733404947
2.6237507341615367
2.6237507345743416
2.6237507348967126
2.623750735276927
2.623750735574071
2.6237507357974788
2.6237507358876115
2.623750736058722
2.6237507361795513
2.623750736252049
2.623750736306143
2.6237507363780206
2.623750736431872
2.6237507364641837
2.6237507364835704
2.6237507364952024
2.6237507365121657
2.623750736523399
2.623750736534877
2.6237507365389177
2.6237507365470445
2.623750736552534
2.6237507365560897
2.6237507365578296
2.623750736559031
2.623750736560383
2.6237507365617097
2.6237507365625055
2.6237507365630575
2.6237507365636814
2.6237507365642077
2.6237507365643413
2.6237507365643644
2.6237507365645856
2.6237507365646473
2.6237507365647095
2.623750736564743
2.623750736564752
2.6237507365647774
2.6237507365648147
2.623750736564831
2.623750736564831
2.623750736564831
2.623750736564831
2.623750736564831
2.623750736564831
2.623750736564831
2.623750736564831
2.623750736564831
2.6237507365648316
2.6237507365648316
2.6237507365648316
2.6237507365648316
2.623750736564832
2.623750736564832
2.623750736564832
2.623750736564832
2.623750736564832
2.623750736564832
2.623750736564832
2.623750736564832
2.623750736564832
2.623750736564832
2.623750736564832
2.623750736564832
2.623750736564832
2.623750736564832
2.623750736564832
2.623750736564832
2.623750736564832
2.623750736564832
2.623750736564832
2.623750736564832
2.623750736564832
2.623750736564832
2.623750736564832
2.623750736564832
2.623750736564832
2.623750736564832
2.623750736564832
2.623750736564832
2.623750736564832
2.623750736564832
2.623750736564832
2.623750736564832
2.623750736564832
