1.8120443307676015
1.8120443307676015
1.8120443307676015
1.8120443307676015
1.8120443307676015
1.8120443307676015
1.8120443307676015
1.8120443307676015
1.8120443307676015
1.8120443307676015
1.8120443307676015
1.8120443307676015
1.8120443307676015
1.8120443307676015
1.8120443307676015
1.8120443307676015
1.8120443307676015
1.8120443307676015
1.8120443307676015
1.8120443307676015
1.8120443307676015
1.8120443307676015
1.8120443307676015
1.8120443307676015
1.8120443307676015
1.8120443307676015
1.8120443307676015
1.8120443307676015
1.8120443307676015
1.8120443307676015
1.8120443307676015
1.8120443307676015
1.8120443307676015
1.8120443307676015
1.8120443307676015
1.8120443307676015
1.8120443307676015
1.8120443307676015
1.8120443307676015
1.8120443307676015
1.8120443307676015
1.8120443307676015
1.8120443307676015
1.8120443307676015
1.8120443307676015
1.8120443307676015
1.8120443307676015
1.8121632797252185
1.8121632797252185
1.8121632797252185
1.8121632797252185
1.8121676315171305
1.8121789959273649
1.8121789959273649
1.8121789959273649
1.8121801432879139
1.8121801432879139
1.8121801432879139
1.8121801432879139
1.8121864602946183
1.8121864602946183
1.8122044795754593
1.8122178744935515
1.8122259114643264
1.8122307336539611
1.8122338545361885
1.8122438062268849
1.812252655389782
1.812261478113657
1.8122651811392247
1.8122676621142741
1.8122735176929594
1.8122778752173707
1.8122809190845297
1.8122824257729706
1.812284989895952
1.812288835996705
1.8122911631553296
1.812292559451362
1.8122936188842036
1.8122962469570427
1.8122979763649856
1.8122988993363536
1.812299552556809
1.8123008841347283
1.812302075181169
1.8123027898092074
1.8123032185860921
1.812303761084356
1.8123044710331757
1.8123048970025335
1.8123051525841722
1.8123053059331635
1.8123055579108192
1.812305830232934
1.812306018144859
1.812306115664257
1.812306175920972
1.8123062709031224
1.8123063320647868
1.8123063687617853
1.8123063915713564
1.8123064190649374
1.8123064377443514
1.8123064492616756
1.8123064561720703
1.8123064603183063
1.8123064629479855
1.8123064669562692
1.8123064701946012
1.8123064721375992
1.8123064733057723
1.8123064740458086
1.8123064754306695
1.8123064765160182
1.8123064771672277
1.8123064776520537
1.812306478475779
1.812306478970014
1.8123064792665549
1.8123064794444792
1.8123064795512343
1.812306479701291
1.8123064799503052
1.8123064800997153
1.8123064801893605
1.8123064802431474
1.8123064802754192
1.8123064803310756
1.8123064803825988
1.8123064804135118
1.8123064804320606
1.8123064804549252
1.8123064804756892
1.812306480488148
1.8123064804986742
1.81230648051165
1.8123064805194367
1.8123064805241078
1.8123064805269105
1.8123064805285927
1.8123064805316955
1.8123064805347728
1.8123064805366187
1.8123064805379205
1.8123064805401754
1.8123064805415288
1.8123064805423403
1.8123064805428288
1.8123064805435682
1.8123064805440219
1.812306480544294
1.8123064805444569
1.8123064805445557
1.8123064805446139
1.812306480544752
1.8123064805449034
1.8123064805449947
1.8123064805450495
1.8123064805451272
1.8123064805451978
1.8123064805452391
1.8123064805452636
1.8123064805452787
1.8123064805452882
1.8123064805453222
1.8123064805453468
1.8123064805453628
1.8123064805453715
1.8123064805453766
1.8123064805453932
1.8123064805454039
1.8123064805454103
1.8123064805454145
1.812306480545417
1.8123064805454183
1.812306480545419
1.8123064805454199
1.8123064805454219
1.812306480545423
1.812306480545424
1.812306480545424
1.8123064805454245
1.8123064805454252
1.8123064805454252
1.8123064805454252
1.8123064805454252
1.8123064805454252
1.8123064805454252
1.8123064805454252
1.8123064805454252
1.8123064805454252
1.8123064805454252
1.8123064805454252
1.8123064805454252
1.8123064805454252
1.8123064805454252
1.8123064805454252
1.8123064805454252
1.8123064805454252
1.8123064805454252
1.8123064805454252
1.8123064805454252
1.8123064805454252
