1.3729952545248845
1.3729952545248845
1.3729952545248845
1.3729952545248845
1.3729952545248845
1.3729952545248845
1.3729952545248845
1.3729952545248845
1.3729952545248845
1.3729952545248845
1.3729952545248845
1.3729952545248845
1.3729952545248845
1.3729952545248845
1.3729952545248845
1.3729952545248845
1.3729952545248845
1.3729952545248845
1.3729952545248845
1.3729952545248845
1.3729952545248845
1.3729952545248845
1.3729952545248845
1.3729952545248845
1.3729952545248845
1.3729952545248845
1.3729952545248845
1.3729952545248845
1.3729952545248845
1.3729952545248845
1.3729952545248845
1.3729952545248845
1.3730778124006522
1.3730778124006522
1.3730778124006522
1.3730778124006522
1.3730778124006522
1.3730778124006522
1.3730778124006522
1.3730778124006522
1.373081657640623
1.373081657640623
1.373081657640623
1.373081657640623
1.373081657640623
1.373081657640623
1.373081657640623
1.3730860966166545
1.3730935838402933
1.3730935838402933
1.3730935838402933
1.3730935838402933
1.3730935838402933
1.3730935838402933
1.3730935838402933
1.373094249668147
1.3730949035564728
1.3730959564174205
1.3730965881346242
1.3730970145432166
1.3730972156245798
1.3730973647002274
1.3730974541456182
1.3730979119167699
1.3730979119167699
1.3730979119167699
1.3730979119167699
1.3730979119167699
1.3730980472490109
1.3730980472490109
1.3730980472490109
1.373098141026158
1.3730983191028787
1.3730983801141146
1.3730984206596113
1.373098447462051
1.373098541901835
1.3730985941116225
1.3730986579551594
1.3730987007124733
1.3730988306532594
1.373098854115101
1.373098891102845
1.373098957642146
1.3730990084388193
1.37309905044753
1.3730991249438589
1.3730991696416588
1.3730991964603396
1.3730992125515484
1.3730992254468766
1.3730992254468766
1.3730992448594246
1.37309924703996
1.3730992484025333
1.373099249942401
1.3730992570840659
1.3730992613690651
1.3730992639400643
1.3730992667041413
1.3730992667041413
1.373099267309196
1.3730992674705462
1.3730992676837013
1.3730992677125855
1.373099267729916
1.3730992683347372
1.3730992691222013
1.3730992696086388
1.3730992698788924
1.373099269901626
1.3730992700127547
1.3730992700214135
1.373099270085855
1.3730992702362461
1.3730992702375109
1.373099270281368
1.3730992703553915
1.3730992704122005
1.373099270432035
1.373099270432035
1.3730992704495233
1.3730992704595522
1.3730992704606797
1.373099270466971
1.3730992704747054
1.3730992704866587
1.3730992704953755
1.3730992705006055
1.3730992705075367
1.373099270513436
1.3730992705176044
1.3730992705205587
1.3730992705218659
1.373099270522569
1.3730992705234712
1.3730992705239327
1.3730992705242169
1.3730992705244083
1.3730992705244962
1.3730992705245837
1.373099270524713
1.3730992705248328
1.373099270525054
1.3730992705251905
1.3730992705252791
1.373099270525349
1.373099270525506
1.3730992705256047
1.3730992705256662
1.3730992705256662
1.3730992705256662
1.3730992705257241
1.3730992705257292
1.3730992705257292
1.3730992705257292
1.373099270525731
1.3730992705257354
1.3730992705257379
1.3730992705257408
1.3730992705257408
1.3730992705257408
1.3730992705257408
1.3730992705257408
1.373099270525741
1.373099270525741
1.373099270525741
1.373099270525741
1.3730992705257414
1.3730992705257417
1.3730992705257419
1.373099270525742
1.373099270525742
1.373099270525742
1.373099270525742
1.373099270525742
1.373099270525742
1.373099270525742
1.373099270525742
1.373099270525742
1.373099270525742
1.373099270525742
1.373099270525742
1.373099270525742
1.373099270525742
1.373099270525742
1.373099270525742
1.373099270525742
1.373099270525742
1.373099270525742
1.373099270525742
1.373099270525742
