2.3112827511642524
2.3112827511642524
2.3112827511642524
2.3112827511642524
2.3112827511642524
2.3112827511642524
2.3112827511642524
2.3112827511642524
2.3112827511642524
2.3112827511642524
2.3112827511642524
2.3112827511642524
2.3112827511642524
2.3112827511642524
2.3112827511642524
2.3112827511642524
2.3112827511642524
2.3112827511642524
2.3112827511642524
2.3112827511642524
2.3112827511642524
2.3112827511642524
2.3112827511642524
2.3112827511642524
2.3112827511642524
2.3112827511642524
2.3112827511642524
2.3112827511642524
2.3112827511642524
2.3112827511642524
2.3112827511642524
2.3112827511642524
2.3112827511642524
2.3112827511642524
2.3112827511642524
2.3112827511642524
2.3112827511642524
2.3112827511642524
2.3112827511642524
2.3112827511642524
2.3112827511642524
2.3112827511642524
2.3112827511642524
2.3112827511642524
2.3112827511642524
2.3112827511642524
2.3112827511642524
2.3112827511642524
2.3112827511642524
2.311293287251449
2.311293287251449
2.311293287251449
2.311293287251449
2.311293287251449
2.311293287251449
2.311293287251449
2.311293287251449
2.311293792514815
2.3112952388137025
2.31129632851078
2.311296666376682
2.3112970022467794
2.311297203768848
2.3112983265187883
2.3112983265187883
2.3112983512833125
2.3112986780556977
2.3112986780556977
2.3112990092421404
2.311299289069624
2.3112997517203
2.311300023836682
2.311300388519125
2.3113006103459037
2.311300891380077
2.31130110076401
2.3113013140222582
2.31130149819897
2.3113015826281558
2.3113017211277285
2.3113018123176317
2.3113018670315753
2.3113018670315753
2.3113018972952086
2.311301913477824
2.3113019538767503
2.311301963257855
2.3113019705639584
2.311301989027664
2.3113020017292043
2.3113020093501278
2.3113020196745784
2.3113020368055834
2.3113020403446973
2.311302048447654
2.311302048447654
2.311302048447654
2.311302051180641
2.311302051180641
2.311302051180641
2.3113020511923925
2.311302051694912
2.3113020521101055
2.3113020535002886
2.311302054461362
2.3113020550380066
2.311302055384957
2.3113020557086665
2.311302056082777
2.311302056212129
2.311302056212129
2.311302056212129
2.31130205627992
2.31130205627992
2.31130205627992
2.31130205627992
2.31130205627992
2.31130205627992
2.31130205627992
2.31130205627992
2.3113020562799975
2.3113020562799975
2.3113020562799975
2.3113020562799975
2.3113020562809994
2.3113020562839783
2.311302056286388
2.311302056286388
2.311302056286388
2.311302056286388
2.3113020562866646
2.3113020562866646
2.3113020562866646
2.3113020562866646
2.3113020562866646
2.3113020562867495
2.311302056286902
2.311302056286994
2.311302056287049
2.3113020562871815
2.311302056287229
2.311302056287229
2.311302056287258
2.3113020562872815
2.311302056287305
2.3113020562873214
2.311302056287338
2.311302056287348
2.3113020562873574
2.311302056287364
2.3113020562873676
2.31130205628737
2.3113020562873716
2.311302056287374
2.3113020562873756
2.3113020562873765
2.311302056287379
2.31130205628738
2.3113020562873805
2.3113020562873814
2.3113020562873823
2.3113020562873827
2.3113020562873827
2.3113020562873827
2.311302056287383
2.311302056287383
2.311302056287383
2.311302056287383
2.311302056287383
2.311302056287383
2.311302056287383
2.311302056287383
2.311302056287383
2.311302056287383
2.311302056287383
2.311302056287383
2.311302056287383
2.311302056287383
2.311302056287383
2.311302056287383
2.311302056287383
2.311302056287383
2.311302056287383
2.311302056287383
2.311302056287383
2.311302056287383
2.311302056287383
2.311302056287383
2.311302056287383
2.311302056287383
2.311302056287383
2.311302056287383
