1.9826931636399225
1.9826931636399225
1.9826931636399225
1.9826931636399225
1.9826931636399225
1.9826931636399225
1.9826931636399225
1.9826931636399225
1.9826931636399225
1.9826931636399225
1.9826931636399225
1.9826931636399225
1.9826931636399225
1.9826931636399225
1.9826931636399225
1.9826931636399225
1.9826931636399225
1.9826931636399225
1.9826931636399225
1.9826931636399225
1.9826931636399225
1.9826931636399225
1.9826931636399225
1.9826931636399225
1.9826931636399225
1.9826931636399225
1.9826931636399225
1.9826931636399225
1.9826931636399225
1.9826931636399225
1.9826931636399225
1.9826931636399225
1.9826931636399225
1.9826931636399225
1.9826931636399225
1.9826931636399225
1.9826931636399225
1.9826931636399225
1.9826931636399225
1.9826931636399225
1.9826931636399225
1.9826931636399225
1.9826931636399225
1.9826931636399225
1.9826931636399225
1.9826931636399225
1.9826931636399225
1.9826931636399225
1.9826931636399225
1.9826931636399225
1.9826931636399225
1.9826931636399225
1.9826931636399225
1.9826931636399225
1.9826931636399225
1.9826931636399225
1.9826931636399225
1.9826944675758413
1.9826944675758413
1.9826944675758413
1.9826944675758413
1.9826944675758413
1.9826944697881428
1.9826944805699027
1.9826944870389587
1.9826944909203932
1.9826944932492525
1.9826944946465683
1.9826946369026666
1.982694758856711
1.9826951781022168
1.9826952934972106
1.982695373796264
1.9826954116932505
1.9826956828843854
1.982695925765616
1.982695925765616
1.9826959883133712
1.9826960414290757
1.9826960905851494
1.982696126595419
1.982696151922844
1.982696169993955
1.9826962098235679
1.9826962341494065
1.9826962487449105
1.9826962610694434
1.9826962788042357
1.982696290987055
1.9826962987080585
1.982696304438611
1.9826963093814407
1.9826963143595404
1.9826963173464005
1.9826963202998962
1.9826963223806817
1.982696323835222
1.982696324976726
1.9826963259221129
1.9826963267715438
1.9826963272812026
1.982696327586998
1.982696327770474
1.9826963279329934
1.982696328116407
1.982696328248688
1.9826963283323629
1.9826963284254735
1.9826963285353743
1.9826963286013144
1.9826963286408787
1.9826963286646175
1.9826963287109634
1.9826963287411947
1.9826963287597836
1.9826963287711465
1.982696328781407
1.982696328792203
1.9826963287986807
1.9826963288025672
1.982696328807066
1.9826963288108146
1.9826963288131731
1.982696328814745
1.9826963288159232
1.982696328816933
1.9826963288176402
1.9826963288180652
1.982696328818548
1.9826963288188797
1.982696328819098
1.9826963288192327
1.982696328819314
1.982696328819396
1.9826963288195194
1.9826963288196016
1.9826963288196504
1.9826963288196793
1.9826963288197212
1.982696328819766
1.982696328819793
1.9826963288198096
1.9826963288198196
1.982696328819828
1.9826963288198385
1.9826963288198474
1.9826963288198522
1.9826963288198554
1.9826963288198578
1.9826963288198607
1.9826963288198638
1.9826963288198656
1.982696328819867
1.9826963288198678
1.9826963288198678
1.982696328819869
1.982696328819869
1.9826963288198696
1.9826963288198702
1.9826963288198702
1.9826963288198702
1.9826963288198702
1.9826963288198702
1.9826963288198702
1.9826963288198702
1.9826963288198702
1.9826963288198702
1.9826963288198702
1.9826963288198702
1.9826963288198702
1.9826963288198702
1.9826963288198702
1.9826963288198702
1.9826963288198702
1.9826963288198702
1.9826963288198702
1.9826963288198702
1.9826963288198702
1.9826963288198702
1.9826963288198702
1.9826963288198702
1.9826963288198702
1.9826963288198702
1.9826963288198702
1.9826963288198702
1.9826963288198702
1.9826963288198702
1.9826963288198702
