2.047244236991814
2.047244236991814
2.047244236991814
2.047244236991814
2.047244236991814
2.047244236991814
2.047244236991814
2.047244236991814
2.047244236991814
2.047244236991814
2.047244236991814
2.047244236991814
2.047244236991814
2.047244236991814
2.047244236991814
2.047244236991814
2.047244236991814
2.047244236991814
2.047244236991814
2.047244236991814
2.047244236991814
2.047244236991814
2.047244236991814
2.047244236991814
2.047244236991814
2.047244236991814
2.047244236991814
2.047244236991814
2.047244236991814
2.047244236991814
2.047244236991814
2.047244236991814
2.047244236991814
2.047244236991814
2.047244236991814
2.047244236991814
2.047244236991814
2.047244236991814
2.047244236991814
2.047244236991814
2.047244236991814
2.047244236991814
2.047244236991814
2.047244236991814
2.047244236991814
2.047244236991814
2.047244236991814
2.047244236991814
2.047257937987368
2.047314809322782
2.047314809322782
2.047314809322782
2.0473274029158417
2.047340278341244
2.047348003609833
2.0473543323299483
2.0473660626532557
2.047370438508847
2.047373012208519
2.0473745564288928
2.0473763262579885
2.047381957978243
2.047384395626194
2.0473864648415487
2.0473877063711052
2.0473884512889624
2.0473897530576948
2.04739128148673
2.0473921985447054
2.0473927522975104
2.0473933256806696
2.0473944716881434
2.0473949991264058
2.0473953643710123
2.0473956140525447
2.047395763861476
2.047396180672864
2.047396586833178
2.0473968429669323
2.047396998473
2.047397206938523
2.0473974477171355
2.0473975921843106
2.047397678864619
2.04739773556604
2.047397814822107
2.0473978671091455
2.0473978986654124
2.0473979217983573
2.0473979604303305
2.0473979838621124
2.0473979979211823
2.047398006356624
2.047398012465787
2.04739802406703
2.0473980310277757
2.047398035204224
2.0473980379724397
2.0473980430076204
2.0473980460519425
2.047398047878536
2.0473980489744923
2.047398049632066
2.047398050044121
2.047398050925904
2.0473980514909913
2.047398051830158
2.047398052042256
2.0473980522938864
2.0473980525027144
2.0473980526280107
2.047398052703189
2.0473980527862365
2.047398052907518
2.0473980529802875
2.0473980530239486
2.047398053050811
2.0473980530719103
2.0473980530954043
2.047398053109525
2.0473980531179965
2.04739805312308
2.0473980531261295
2.04739805312796
2.0473980531292026
2.0473980531320106
2.0473980531338793
2.0473980531350433
2.0473980531357414
2.047398053136356
2.047398053137246
2.0473980531377802
2.047398053138101
2.0473980531382923
2.047398053138408
2.04739805313848
2.047398053138689
2.047398053138851
2.0473980531389486
2.0473980531390072
2.0473980531390747
2.0473980531392084
2.0473980531392884
2.0473980531393368
2.0473980531393656
2.0473980531393834
2.0473980531394242
2.0473980531394758
2.047398053139507
2.047398053139532
2.0473980531395632
2.0473980531395815
2.047398053139592
2.0473980531395988
2.047398053139603
2.047398053139608
2.047398053139613
2.0473980531396156
2.047398053139618
2.04739805313962
2.047398053139621
2.047398053139622
2.0473980531396228
2.0473980531396236
2.0473980531396245
2.0473980531396245
2.0473980531396245
2.0473980531396245
2.0473980531396245
2.0473980531396245
2.0473980531396245
2.0473980531396245
2.0473980531396245
2.0473980531396245
2.0473980531396245
2.0473980531396245
2.0473980531396245
2.0473980531396245
2.0473980531396245
2.0473980531396245
2.0473980531396245
2.0473980531396245
2.0473980531396245
2.0473980531396245
2.0473980531396245
2.0473980531396245
2.0473980531396245
2.0473980531396245
2.0473980531396245
2.0473980531396245
2.0473980531396245
2.0473980531396245
2.0473980531396245
2.0473980531396245
