1.942693609093794
1.942693609093794
1.942693609093794
1.942693609093794
1.942693609093794
1.942693609093794
1.942693609093794
1.942693609093794
1.942693609093794
1.942693609093794
1.942693609093794
1.942693609093794
1.942693609093794
1.942693609093794
1.942693609093794
1.942693609093794
1.942693609093794
1.942693609093794
1.942693609093794
1.942693609093794
1.942693609093794
1.942693609093794
1.942693609093794
1.943079632960884
1.943079632960884
1.943079632960884
1.943079632960884
1.943079632960884
1.943079632960884
1.943079632960884
1.943079632960884
1.943079632960884
1.943079632960884
1.943079632960884
1.943079632960884
1.943079632960884
1.943079632960884
1.943079632960884
1.943079632960884
1.943079632960884
1.943079632960884
1.943079632960884
1.943079632960884
1.943079632960884
1.9430992655756896
1.943118734298183
1.9431304154068463
1.9431589380776364
1.943181671214074
1.9431953109969833
1.9432034948311057
1.9432125884812623
1.9432125884812623
1.9432179647874777
1.943220313696746
1.9432219635036623
1.9432240281259079
1.9432256863147312
1.9432274551545372
1.9432300312184847
1.9432315768558197
1.9432325042378489
1.9432338872787915
1.9432354596296528
1.9432364030391729
1.943237608261257
1.943238412059123
1.943239827530968
1.9432402692134343
1.9432411395967801
1.9432417229735854
1.9432420774754677
1.9432424178111503
1.9432428371138735
1.9432431409907136
1.9432433233168163
1.943243509278903
1.9432436845521275
1.9432438120027966
1.943243878867235
1.943243970480666
1.9432440254487249
1.9432440584295605
1.9432440856567725
1.9432441226466484
1.9432441448405735
1.9432441612001814
1.9432441801830085
1.9432441912379517
1.943244200385749
1.9432442058744273
1.9432442058744273
1.9432442058744273
1.9432442071717222
1.9432442082459502
1.9432442092783841
1.9432442099646163
1.9432442104963032
1.9432442109504469
1.9432442110091015
1.943244211462641
1.9432442115890711
1.943244211742041
1.9432442118330258
1.9432442119237985
1.9432442119727389
1.9432442120104279
1.9432442120332878
1.9432442121007267
1.9432442121411904
1.9432442121654683
1.9432442121665643
1.9432442122017015
1.943244212240299
1.9432442122645233
1.9432442122770348
1.943244212296795
1.943244212333061
1.9432442123440317
1.943244212353385
1.9432442123710412
1.9432442123856164
1.9432442123943618
1.9432442124003668
1.9432442124029985
1.9432442124052816
1.9432442124081764
1.9432442124103557
1.9432442124116636
1.9432442124126104
1.9432442124137734
1.9432442124145575
1.9432442124147662
1.9432442124150113
1.9432442124151803
1.9432442124153677
1.9432442124155862
1.9432442124158233
1.9432442124160154
1.9432442124161304
1.9432442124161562
1.9432442124162783
1.9432442124163047
1.9432442124163543
1.943244212416374
1.9432442124163851
1.9432442124164062
1.943244212416427
1.943244212416427
1.9432442124164349
1.9432442124164377
1.9432442124164409
1.9432442124164504
1.9432442124164602
1.9432442124164602
1.943244212416466
1.9432442124164695
1.943244212416472
1.9432442124164753
1.9432442124164826
1.943244212416485
1.943244212416487
1.943244212416487
1.9432442124164895
1.9432442124164906
1.9432442124164906
1.9432442124164906
1.9432442124164908
1.9432442124164915
1.943244212416492
1.943244212416492
1.943244212416492
1.9432442124164924
1.9432442124164924
1.9432442124164924
1.9432442124164924
1.9432442124164924
1.9432442124164924
1.9432442124164924
1.9432442124164924
1.9432442124164924
1.9432442124164924
1.9432442124164924
1.9432442124164924
1.9432442124164924
1.9432442124164924
1.9432442124164924
1.9432442124164924
