2.8476569533676144
2.8476569533676144
2.8476569533676144
2.8476569533676144
2.8476569533676144
2.8476569533676144
2.8476569533676144
2.8476569533676144
2.8476569533676144
2.8476569533676144
2.8476569533676144
2.8476569533676144
2.8476569533676144
2.8476569533676144
2.8476569533676144
2.8476569533676144
2.8476569533676144
2.8476569533676144
2.8476569533676144
2.8476569533676144
2.8476569533676144
2.8476569533676144
2.8476569533676144
2.8476569533676144
2.8476569533676144
2.8476569533676144
2.8476569533676144
2.8476569533676144
2.8476569533676144
2.8476569533676144
2.8476569533676144
2.8476569533676144
2.8476569533676144
2.8476569533676144
2.8476569533676144
2.8476569533676144
2.8476569533676144
2.8476569533676144
2.8476569533676144
2.8476569533676144
2.8476569533676144
2.8476569533676144
2.8476569533676144
2.8476569533676144
2.8476569533676144
2.8476569533676144
2.8476569533676144
2.8476569533676144
2.8476569533676144
2.8476569533676144
2.8476569533676144
2.8476569533676144
2.8476569533676144
2.8476569533676144
2.8476600026841976
2.8476600026841976
2.8476600026841976
2.8476606021614375
2.847661365078809
2.847662405598034
2.8476630299097048
2.847663770720863
2.8476638956435725
2.8476641903316895
2.8476653149906412
2.847665833832946
2.847665833832946
2.8476660290825846
2.847666502017184
2.8476666579013727
2.8476667284723947
2.8476668307950677
2.847666874468166
2.8476669738060063
2.8476669796921423
2.8476670103204067
2.8476670497590266
2.847667055779612
2.8476670717885453
2.8476670717885453
2.8476670717885453
2.8476670717885453
2.8476670717885453
2.8476670717885453
2.8476670717885453
2.8476670735360927
2.8476670735360927
2.8476670735360927
2.8476670735360927
2.8476670735360927
2.8476670735360927
2.8476670735360927
2.8476670735360927
2.8476670735360927
2.8476670736970657
2.8476670736970657
2.8476670736970657
2.8476670744652117
2.847667074727406
2.847667074894561
2.847667074894561
2.847667074894561
2.8476670750838706
2.847667075244525
2.847667075343137
2.847667075662206
2.8476670758219638
2.847667076048465
2.847667076224753
2.847667076234105
2.847667076308791
2.8476670763465908
2.847667076374335
2.8476670763840444
2.847667076399416
2.8476670764207532
2.8476670764207532
2.8476670764207532
2.8476670764303647
2.8476670764319834
2.847667076433115
2.8476670764384733
2.8476670764424012
2.8476670764442713
2.8476670764456737
2.8476670764461582
2.847667076446424
2.8476670764467813
2.8476670764472516
2.8476670764475336
2.8476670764477023
2.8476670764478036
2.8476670764478875
2.847667076448043
2.847667076448137
2.847667076448192
2.8476670764482606
2.8476670764482606
2.847667076448262
2.847667076448292
2.847667076448292
2.8476670764482934
2.8476670764482934
2.8476670764482934
2.847667076448294
2.847667076448294
2.847667076448294
2.847667076448294
2.8476670764482943
2.847667076448295
2.847667076448296
2.8476670764482965
2.8476670764482965
2.8476670764482965
2.8476670764482965
2.8476670764482965
2.847667076448297
2.847667076448297
2.847667076448297
2.847667076448297
2.847667076448297
2.847667076448297
2.847667076448297
2.847667076448297
2.847667076448297
2.847667076448297
2.847667076448297
2.847667076448297
2.847667076448297
2.847667076448297
2.847667076448297
2.847667076448297
2.847667076448297
2.847667076448297
2.847667076448297
2.847667076448297
2.847667076448297
2.847667076448297
