2.047139760434676
2.047139760434676
2.047139760434676
2.047139760434676
2.047139760434676
2.047139760434676
2.047139760434676
2.047139760434676
2.047139760434676
2.047139760434676
2.047139760434676
2.047139760434676
2.047139760434676
2.047139760434676
2.047139760434676
2.047139760434676
2.047139760434676
2.047139760434676
2.047139760434676
2.047139760434676
2.047139760434676
2.047139760434676
2.047139760434676
2.047139760434676
2.047139760434676
2.047139760434676
2.047139760434676
2.047139760434676
2.047139760434676
2.047139760434676
2.047139760434676
2.047139760434676
2.047139760434676
2.047139760434676
2.047139760434676
2.047139760434676
2.047139760434676
2.047139760434676
2.047139760434676
2.047139760434676
2.047139760434676
2.047139760434676
2.047139760434676
2.047139760434676
2.047139760434676
2.047139760434676
2.047139760434676
2.047139760434676
2.0471533941867213
2.0471533941867213
2.0471533941867213
2.0471533941867213
2.0471533941867213
2.0471533941867213
2.0471533941867213
2.0471533941867213
2.0471533941867213
2.0471564064785706
2.0471564064785706
2.0471581167491184
2.0471593758121918
2.0471618203606385
2.0471621722298705
2.0471636536542968
2.0471644613327493
2.047164689503985
2.047165657148713
2.0471662377349915
2.0471667304048573
2.047167685840107
2.0471684903803355
2.0471689731044806
2.047169286255707
2.0471696632472116
2.047169944614084
2.047170171505457
2.0471703193061552
2.0471704739160166
2.047170566889261
2.047170622673211
2.047170692886702
2.047170760412327
2.0471707933701877
2.0471708257595203
2.047170840903241
2.04717085347996
2.047170861025992
2.047170869351201
2.0471708737105927
2.0471708749945794
2.0471708797891806
2.047170881038748
2.047170882611399
2.0471708843924934
2.047170886280269
2.047170887412935
2.0471708882421327
2.047170889660626
2.0471708905117216
2.0471708910223785
2.0471708910223785
2.0471708911368127
2.0471708912526823
2.0471708917823435
2.047170891893055
2.0471708919911986
2.04717089205632
2.04717089218337
2.0471708923271454
2.0471708923673964
2.0471708923673964
2.0471708924001333
2.0471708924001333
2.047170892401775
2.047170892401775
2.0471708924185736
2.0471708924600214
2.0471708924600214
2.0471708924691976
2.047170892478776
2.047170892487217
2.047170892491065
2.047170892491665
2.047170892493876
2.0471708924960494
2.0471708924977605
2.0471708924984777
2.047170892498996
2.0471708924998775
2.0471708924998775
2.047170892500243
2.047170892500243
2.047170892500243
2.047170892500243
2.047170892500343
2.0471708925004632
2.0471708925004632
2.0471708925004632
2.0471708925004632
2.0471708925005188
2.0471708925005285
2.0471708925005396
2.0471708925005845
2.0471708925006245
2.0471708925006245
2.0471708925006404
2.0471708925006467
2.047170892500652
2.0471708925006635
2.047170892500668
2.047170892500668
2.047170892500671
2.047170892500679
2.047170892500679
2.04717089250068
2.047170892500682
2.0471708925006844
2.047170892500686
2.047170892500687
2.047170892500687
2.047170892500688
2.047170892500688
2.047170892500688
2.047170892500689
2.047170892500689
2.047170892500689
2.047170892500689
2.0471708925006893
2.0471708925006893
2.0471708925006893
2.0471708925006893
2.0471708925006893
2.0471708925006893
2.0471708925006893
2.0471708925006893
2.0471708925006893
2.0471708925006893
2.0471708925006893
2.0471708925006893
2.0471708925006893
2.0471708925006893
2.0471708925006893
2.0471708925006893
2.0471708925006893
2.0471708925006893
