2.07911492229041
2.07911492229041
2.07911492229041
2.07911492229041
2.07911492229041
2.07911492229041
2.07911492229041
2.07911492229041
2.07911492229041
2.07911492229041
2.07911492229041
2.07911492229041
2.07911492229041
2.07911492229041
2.07911492229041
2.07911492229041
2.07911492229041
2.07911492229041
2.07911492229041
2.07911492229041
2.07911492229041
2.07911492229041
2.07911492229041
2.07911492229041
2.07911492229041
2.07911492229041
2.07911492229041
2.07911492229041
2.07911492229041
2.07911492229041
2.07911492229041
2.07911492229041
2.07911492229041
2.07911492229041
2.07911492229041
2.07911492229041
2.07911492229041
2.07911492229041
2.07911492229041
2.07911492229041
2.07911492229041
2.07911492229041
2.07911492229041
2.07911492229041
2.07911492229041
2.07911492229041
2.07911492229041
2.07911492229041
2.07911492229041
2.07911492229041
2.07911492229041
2.07911492229041
2.07911492229041
2.079116242178565
2.079116242178565
2.079116242178565
2.0791169190544863
2.0791169190544863
2.0791169190544863
2.0791180121058352
2.0791195544401906
2.079120479840663
2.0791210350808953
2.0791220009653792
2.079123012481163
2.079123841965134
2.079124236688281
2.079124765419199
2.0791252004043046
2.079125463346445
2.079125621111737
2.079125821975623
2.0791260029692213
2.079126217262028
2.0791263579851478
2.0791264424190206
2.0791265444753737
2.0791266397328756
2.079126708434755
2.079126753312683
2.079126779782119
2.0791268302084913
2.079126851466904
2.0791268642219536
2.0791268773788665
2.0791268935118055
2.0791269052399644
2.079126912276858
2.0791269186752235
2.0791269245921655
2.079126929339464
2.0791269334568048
2.0791269359272087
2.0791269374094514
2.079126939055433
2.0791269402910815
2.079126941414989
2.079126941958736
2.0791269423986583
2.079126943129089
2.079126943567348
2.079126943830303
2.0791269439880757
2.07912694408274
2.079126944203648
2.0791269443730975
2.0791269444747678
2.0791269445497607
2.079126944639235
2.07912694471331
2.0791269447577543
2.079126944784421
2.0791269448004206
2.0791269448100205
2.079126944821855
2.0791269448354117
2.079126944845634
2.0791269448519394
2.0791269448599805
2.0791269448651284
2.0791269448682166
2.0791269448706133
2.079126944873399
2.079126944875122
2.0791269448761556
2.079126944876921
2.079126944877965
2.0791269448788112
2.0791269448793193
2.079126944879657
2.07912694488014
2.0791269448804437
2.0791269448806267
2.0791269448808363
2.0791269448810965
2.0791269448812533
2.079126944881347
2.079126944881403
2.0791269448815393
2.079126944881667
2.0791269448817435
2.079126944881808
2.0791269448818914
2.0791269448819416
2.0791269448819714
2.079126944881989
2.0791269448820002
2.079126944882007
2.079126944882032
2.07912694488205
2.0791269448820597
2.0791269448820664
2.0791269448820717
2.0791269448820824
2.0791269448820895
2.079126944882093
2.079126944882097
2.0791269448821006
2.079126944882103
2.079126944882104
2.0791269448821055
2.079126944882106
2.0791269448821064
2.0791269448821064
2.079126944882107
2.079126944882107
2.0791269448821073
2.0791269448821077
2.0791269448821077
2.0791269448821077
2.0791269448821077
2.0791269448821077
2.0791269448821077
2.0791269448821077
2.0791269448821077
2.0791269448821077
2.0791269448821077
2.0791269448821077
2.0791269448821077
2.0791269448821077
2.0791269448821077
2.0791269448821077
2.0791269448821077
2.0791269448821077
2.0791269448821077
2.0791269448821077
