3.019124936955653
3.019124936955653
3.019124936955653
3.019124936955653
3.019124936955653
3.019124936955653
3.019124936955653
3.019124936955653
3.019124936955653
3.019124936955653
3.019124936955653
3.019124936955653
3.019124936955653
3.019124936955653
3.019124936955653
3.019124936955653
3.019124936955653
3.019124936955653
3.019124936955653
3.019124936955653
3.019124936955653
3.019124936955653
3.019124936955653
3.019124936955653
3.019124936955653
3.019124936955653
3.019124936955653
3.019124936955653
3.019124936955653
3.019124936955653
3.019124936955653
3.019124936955653
3.019124936955653
3.019124936955653
3.019124936955653
3.019124936955653
3.019124936955653
3.019124936955653
3.019124936955653
3.019124936955653
3.019124936955653
3.019124936955653
3.019124936955653
3.019124936955653
3.019124936955653
3.019124936955653
3.019124936955653
3.019124936955653
3.019124936955653
3.019124936955653
3.019124936955653
3.019124936955653
3.019124936955653
3.019124936955653
3.019124936955653
3.019124936955653
3.019124936955653
3.019124936955653
3.019124936955653
3.019124936955653
3.019124936955653
3.019124936955653
3.019124936955653
3.019124936955653
3.019124936955653
3.019126346779858
3.019126346779858
3.019126346779858
3.0191272002866167
3.0191272002866167
3.0191272002866167
3.0191281068739286
3.019128352897668
3.019128352897668
3.019128597299079
3.0191288756338306
3.019129146427509
3.0191293089037186
3.019129478192924
3.019129478192924
3.019129672078237
3.019129804729593
3.0191298890603697
3.019129940326536
3.019129986096614
3.0191300379030555
3.019130060754772
3.019130097694874
3.0191301030728748
3.019130117923729
3.019130122697769
3.0191301279682623
3.019130130511803
3.019130133891271
3.019130138409112
3.019130138409112
3.0191301389664114
3.0191301413246365
3.01913014415233
3.01913014415233
3.0191301446727468
3.0191301451432
3.019130146127904
3.019130146902297
3.0191301471351206
3.0191301473302645
3.019130147680172
3.019130148006044
3.0191301482418433
3.0191301483833226
3.0191301485694044
3.0191301487568327
3.0191301489209814
3.019130149029906
3.019130149094596
3.01913014919084
3.0191301492503233
3.0191301492860134
3.0191301493139004
3.0191301493712253
3.0191301493947083
3.0191301494257017
3.019130149440617
3.019130149448948
3.019130149461331
3.019130149464589
3.0191301494720144
3.019130149473915
3.0191301494767364
3.0191301494793006
3.0191301494812324
3.019130149482494
3.0191301494837592
3.0191301494849427
3.019130149485652
3.019130149486421
3.0191301494871707
3.0191301494871707
3.019130149487563
3.019130149487742
3.019130149487763
3.0191301494878733
3.0191301494878857
3.019130149487935
3.019130149487975
3.019130149487999
3.0191301494880047
3.0191301494880225
3.0191301494880287
3.0191301494880287
3.0191301494880354
3.0191301494880434
3.0191301494880443
3.019130149488047
3.0191301494880505
3.0191301494880514
3.0191301494880527
3.019130149488054
3.0191301494880554
3.019130149488058
3.019130149488059
3.019130149488061
3.0191301494880625
3.019130149488063
3.0191301494880634
3.019130149488064
3.019130149488064
3.019130149488064
3.019130149488064
3.019130149488064
3.019130149488064
3.019130149488064
3.019130149488064
3.019130149488064
3.019130149488064
3.019130149488064
3.019130149488064
3.019130149488064
3.019130149488064
3.019130149488064
3.019130149488064
3.019130149488064
3.019130149488064
3.019130149488064
3.019130149488064
3.019130149488064
3.019130149488064
3.019130149488064
3.019130149488064
