1.548489080643082
1.548489080643082
1.548489080643082
1.548489080643082
1.548489080643082
1.548489080643082
1.548489080643082
1.548489080643082
1.548489080643082
1.548489080643082
1.548489080643082
1.548489080643082
1.548489080643082
1.548489080643082
1.548489080643082
1.548489080643082
1.548489080643082
1.548489080643082
1.548489080643082
1.548489080643082
1.548489080643082
1.548489080643082
1.548489080643082
1.548489080643082
1.548489080643082
1.548489080643082
1.548489080643082
1.548489080643082
1.548489080643082
1.548489080643082
1.548489080643082
1.548489080643082
1.548489080643082
1.548489080643082
1.548489080643082
1.548489080643082
1.548489080643082
1.548489080643082
1.548489080643082
1.548489080643082
1.548489080643082
1.548489080643082
1.548489080643082
1.548489080643082
1.5484910909440457
1.5484910909440457
1.5484910909440457
1.5484910909440457
1.5484910909440457
1.5484910909440457
1.5484910909440457
1.5484910909440457
1.5484910909440457
1.5484910909440457
1.5484910909440457
1.5484910909440457
1.54849317090906
1.54849317090906
1.54849317090906
1.54849317090906
1.5484941597614696
1.5484941597614696
1.5484941597614696
1.5484950117075467
1.5484950117075467
1.5484950117075467
1.548496344119089
1.5484974388393138
1.5484980369535133
1.5484984192182514
1.548498648856445
1.5484987866393813
1.5484989829783289
1.5484995427230668
1.5485000446864043
1.5485002342247325
1.5485004616259335
1.5485006633709848
1.5485007844180267
1.5485009313009492
1.5485009820980238
1.548501103712678
1.5485011894157115
1.5485012408375336
1.5485013280893059
1.548501390837214
1.5485014284859597
1.5485014510752075
1.548501482242506
1.54850152204678
1.5485015459293447
1.5485015602588836
1.5485015812972214
1.5485015965778908
1.5485016057462926
1.5485016112473338
1.5485016180947921
1.5485016220292738
1.5485016251885346
1.5485016275863965
1.5485016301991315
1.5485016317893867
1.5485016327628767
1.548501634126814
1.5485016350495908
1.5485016355147074
1.5485016358687864
1.5485016361070632
1.548501636333185
1.548501636419374
1.5485016364722177
1.5485016365691529
1.5485016366314026
1.548501636668753
1.548501636691163
1.548501636731295
1.5485016367708377
1.5485016368030573
1.548501636822389
1.5485016368371558
1.5485016368485722
1.5485016368585955
1.5485016368650983
1.548501636870536
1.548501636874042
1.5485016368761462
1.5485016368816376
1.5485016368869104
1.5485016368900741
1.5485016368919722
1.5485016368931501
1.5485016368942763
1.5485016368952729
1.5485016368959248
1.5485016368963829
1.5485016368969013
1.5485016368972928
1.5485016368975273
1.548501636897677
1.5485016368978914
1.5485016368980367
1.5485016368981257
1.5485016368981865
1.548501636898223
1.5485016368982447
1.548501636898274
1.5485016368983007
1.548501636898317
1.5485016368983266
1.5485016368983353
1.5485016368983475
1.548501636898355
1.5485016368983597
1.5485016368983633
1.5485016368983675
1.5485016368983706
1.5485016368983726
1.5485016368983735
1.5485016368983744
1.5485016368983764
1.5485016368983777
1.5485016368983784
1.548501636898379
1.5485016368983793
1.5485016368983797
1.5485016368983802
1.5485016368983804
1.5485016368983806
1.5485016368983806
1.5485016368983806
1.5485016368983808
1.5485016368983808
1.5485016368983808
1.5485016368983808
1.5485016368983808
1.5485016368983808
1.5485016368983808
1.5485016368983808
1.5485016368983808
1.5485016368983808
1.5485016368983808
1.5485016368983808
1.5485016368983808
1.5485016368983808
1.5485016368983808
1.5485016368983808
1.5485016368983808
1.5485016368983808
1.5485016368983808
1.5485016368983808
1.5485016368983808
1.5485016368983808
1.5485016368983808
