1.9103933214380777
1.9103933214380777
1.9103933214380777
1.9103933214380777
1.9103933214380777
1.9103933214380777
1.9103933214380777
1.9103933214380777
1.9103933214380777
1.9103933214380777
1.9103933214380777
1.9103933214380777
1.9103933214380777
1.9103933214380777
1.9103933214380777
1.9103933214380777
1.9103933214380777
1.9103933214380777
1.9103933214380777
1.9103933214380777
1.9103933214380777
1.9103933214380777
1.9103933214380777
1.9103933214380777
1.9103933214380777
1.9103933214380777
1.9103933214380777
1.9103933214380777
1.9103933214380777
1.9103933214380777
1.9103933214380777
1.9103933214380777
1.9103933214380777
1.9103933214380777
1.9103933214380777
1.9103933214380777
1.9103933214380777
1.9103933214380777
1.9103933214380777
1.9103933214380777
1.9103933214380777
1.9103933214380777
1.9103933214380777
1.9103933214380777
1.9103933214380777
1.9103933214380777
1.9103933214380777
1.9103933214380777
1.9103933214380777
1.9103933214380777
1.9103933214380777
1.9103933214380777
1.9103933214380777
1.9103933214380777
1.9103943368853809
1.9103976889336451
1.9104001125615306
1.9104001125615306
1.9104001125615306
1.9104025149864867
1.9104025149864867
1.9104025149864867
1.9104052380496332
1.9104054929031162
1.9104060993679974
1.9104064284556215
1.9104074434122387
1.9104084127909957
1.9104088764296736
1.9104095707373696
1.9104100817063814
1.9104103476721828
1.9104105387158687
1.9104107259031522
1.9104108392952095
1.9104109770047633
1.9104112245155676
1.9104113649962473
1.9104114634987035
1.9104115509800441
1.910411665485956
1.9104116887965172
1.9104117629234048
1.9104118121634954
1.9104118417075504
1.9104118594339836
1.9104118700698436
1.9104118864465305
1.910411894022714
1.910411901975683
1.9104119095465968
1.9104119158380126
1.910411924162609
1.9104119291573676
1.9104119377427309
1.9104119482892106
1.9104119513228106
1.9104119513228106
1.9104119540495426
1.9104119545856113
1.9104119557402217
1.9104119557402217
1.9104119557402217
1.9104119557402217
1.9104119557542691
1.9104119562439774
1.9104119566024615
1.9104119566024615
1.9104119566024615
1.9104119566024615
1.9104119567153408
1.9104119567153408
1.9104119567153408
1.9104119567153408
1.9104119567153408
1.9104119567157458
1.9104119567595554
1.9104119567595554
1.9104119567595554
1.9104119567595554
1.9104119567595554
1.9104119567595554
1.9104119567595554
1.9104119567595554
1.9104119567595554
1.910411956767238
1.910411956767238
1.910411956767238
1.910411956767238
1.910411956767238
1.910411956767238
1.910411956767238
1.910411956767238
1.9104119567678794
1.9104119567678794
1.9104119567678794
1.9104119567678794
1.9104119567678794
1.9104119567678794
1.9104119567678794
1.9104119567678794
1.9104119567678794
1.9104119567681888
1.9104119567681888
1.9104119567681888
1.9104119567683897
1.9104119567683897
1.9104119567683897
1.9104119567683897
1.9104119567683897
1.9104119567683897
1.9104119567683953
1.9104119567684303
1.9104119567684326
1.9104119567684446
1.9104119567684446
1.9104119567684446
1.9104119567684446
1.9104119567684472
1.9104119567684472
1.9104119567684488
1.9104119567684508
1.910411956768457
1.910411956768466
1.9104119567684712
1.9104119567684712
1.9104119567684712
1.910411956768473
1.910411956768473
1.910411956768473
1.910411956768473
1.910411956768473
1.9104119567684732
1.9104119567684732
1.9104119567684732
1.9104119567684732
1.9104119567684732
1.9104119567684732
1.9104119567684732
1.9104119567684732
1.9104119567684732
1.9104119567684732
1.9104119567684732
1.9104119567684732
1.9104119567684732
1.9104119567684732
1.9104119567684732
1.9104119567684732
1.9104119567684732
1.9104119567684732
1.9104119567684732
1.9104119567684732
1.9104119567684732
1.9104119567684732
1.9104119567684732
