1.1104087825701503
1.1104087825701503
1.1104087825701503
1.1104087825701503
1.1104087825701503
1.1104087825701503
1.1104087825701503
1.1104087825701503
1.1104087825701503
1.1104087825701503
1.1104087825701503
1.1104087825701503
1.1104087825701503
1.1104087825701503
1.1104087825701503
1.1104087825701503
1.1104087825701503
1.1104087825701503
1.1104087825701503
1.1104087825701503
1.1104087825701503
1.1104087825701503
1.1104087825701503
1.1104087825701503
1.1104087825701503
1.1104087825701503
1.1104087825701503
1.1104087825701503
1.1104087825701503
1.1104087825701503
1.1104087825701503
1.1104087825701503
1.1104087825701503
1.1104087825701503
1.1104087825701503
1.1104087825701503
1.1104087825701503
1.1104087825701503
1.1104087825701503
1.1104087825701503
1.1104087825701503
1.1104087825701503
1.1104087825701503
1.1104087825701503
1.1104104943143525
1.1104104943143525
1.1104104943143525
1.1104104943143525
1.1104104943143525
1.1104104943143525
1.1104104943143525
1.1104104943143525
1.1104104943143525
1.1104104943143525
1.110411032984827
1.110411032984827
1.110411032984827
1.1104135391527996
1.1104135391527996
1.1104135391527996
1.1104155234146542
1.110415942200067
1.1104164746453407
1.1104180747803316
1.1104192245968791
1.1104199144869267
1.110420835445581
1.110421992225912
1.110422686294291
1.1104231527010868
1.1104239120199404
1.1104244138678145
1.110424637175631
1.110424992027246
1.1104252555279084
1.1104253737726149
1.1104254627339118
1.1104255778162389
1.110425672668061
1.1104257355491878
1.1104257605195809
1.1104257929178802
1.1104258186680738
1.1104258298629346
1.110425839318044
1.1104258498952497
1.110425856568122
1.110425863039669
1.1104258683797983
1.110425873749295
1.11042587741192
1.1104258794563433
1.1104258794563433
1.1104258794563433
1.1104258812873813
1.110425881487221
1.110425881806461
1.1104258820161528
1.1104258822484852
1.1104258824416435
1.1104258826140747
1.1104258828949058
1.1104258831126443
1.1104258831126443
1.11042588317131
1.110425883224259
1.1104258832884606
1.110425883336272
1.110425883356243
1.1104258833726135
1.110425883415136
1.110425883430079
1.1104258834407978
1.110425883454579
1.1104258834702891
1.1104258834797152
1.1104258834853706
1.1104258834887641
1.1104258835051233
1.1104258835174143
1.1104258835247887
1.1104258835293555
1.1104258835336305
1.1104258835381884
1.1104258835413947
1.1104258835435328
1.1104258835448158
1.1104258835465146
1.1104258835482361
1.1104258835492753
1.1104258835499121
1.1104258835505063
1.1104258835510092
1.1104258835513419
1.1104258835515812
1.1104258835518883
1.1104258835521053
1.1104258835522365
1.110425883552315
1.1104258835524154
1.1104258835525345
1.1104258835526057
1.1104258835526486
1.1104258835526744
1.1104258835527114
1.110425883552753
1.1104258835527778
1.1104258835527931
1.1104258835528098
1.1104258835528227
1.1104258835528307
1.1104258835528358
1.1104258835528393
1.110425883552844
1.1104258835528467
1.1104258835528484
1.1104258835528502
1.1104258835528515
1.1104258835528524
1.1104258835528529
1.1104258835528533
1.1104258835528535
1.1104258835528542
1.1104258835528544
1.1104258835528547
1.1104258835528547
1.1104258835528549
1.1104258835528549
1.1104258835528549
1.1104258835528549
1.1104258835528549
1.1104258835528549
1.1104258835528549
1.1104258835528549
1.1104258835528549
1.1104258835528549
1.1104258835528549
1.1104258835528549
1.1104258835528549
1.1104258835528549
1.1104258835528549
1.1104258835528549
1.1104258835528549
1.1104258835528549
1.1104258835528549
