1.606911872698707
1.606911872698707
1.606911872698707
1.606911872698707
1.606911872698707
1.606911872698707
1.606911872698707
1.606911872698707
1.606911872698707
1.606911872698707
1.606911872698707
1.606911872698707
1.606911872698707
1.606911872698707
1.606911872698707
1.606911872698707
1.606911872698707
1.606911872698707
1.606911872698707
1.606911872698707
1.606911872698707
1.606911872698707
1.606911872698707
1.606911872698707
1.606911872698707
1.606911872698707
1.606911872698707
1.606911872698707
1.606911872698707
1.606911872698707
1.606911872698707
1.606911872698707
1.606911872698707
1.606911872698707
1.606911872698707
1.606911872698707
1.606911872698707
1.606911872698707
1.606911872698707
1.606911872698707
1.606911872698707
1.606911872698707
1.606911872698707
1.606911872698707
1.606911872698707
1.606911872698707
1.606911872698707
1.606911872698707
1.606911872698707
1.606911872698707
1.6069125463795528
1.6069125463795528
1.6069125463795528
1.6069125463795528
1.6069125463795528
1.6069125463795528
1.6069125463795528
1.6069125463795528
1.6069125463795528
1.6069125463795528
1.6069125463795528
1.6069125463795528
1.6069127201278988
1.6069127201278988
1.6069127201278988
1.6069127201278988
1.6069134737665178
1.6069134737665178
1.6069134869275703
1.6069137630014994
1.6069139286458896
1.6069141247691017
1.6069141247691017
1.6069144394276071
1.6069147217247106
1.6069148911029945
1.6069150202166966
1.6069150547728765
1.6069150571970106
1.6069152136201987
1.6069152136201987
1.6069152396278457
1.6069152539826725
1.6069152774961704
1.6069152962149733
1.6069153010149386
1.6069153152061966
1.6069153152061966
1.6069153152061966
1.6069153172063004
1.6069153324750498
1.6069153324750498
1.6069153324750498
1.6069153324750498
1.6069153335876787
1.6069153370072042
1.606915337926759
1.6069153406708703
1.6069153412313026
1.6069153423670723
1.6069153432876198
1.6069153440929815
1.6069153445761983
1.6069153449149307
1.6069153450712375
1.6069153452988005
1.6069153455397356
1.6069153456283436
1.6069153456283436
1.6069153456991512
1.606915345748691
1.6069153457833796
1.606915345853936
1.606915345853936
1.606915345853936
1.6069153458589462
1.606915345883375
1.6069153458910412
1.6069153458910412
1.606915345895154
1.6069153458957717
1.6069153458959957
1.6069153458961303
1.6069153458972385
1.6069153458972385
1.6069153458972385
1.6069153459009615
1.6069153459009615
1.6069153459009615
1.6069153459011438
1.6069153459026706
1.606915345903587
1.6069153459041365
1.6069153459044665
1.6069153459051295
1.6069153459051295
1.6069153459054204
1.6069153459054204
1.6069153459055263
1.6069153459055263
1.6069153459055263
1.6069153459055263
1.6069153459055263
1.6069153459055263
1.6069153459055279
1.6069153459055279
1.6069153459055399
1.6069153459055399
1.6069153459055443
1.6069153459055492
1.606915345905558
1.6069153459055587
1.6069153459055634
1.6069153459055656
1.6069153459055665
1.6069153459055683
1.606915345905569
1.6069153459055703
1.6069153459055714
1.6069153459055723
1.6069153459055727
1.606915345905573
1.6069153459055732
1.6069153459055734
1.6069153459055736
1.6069153459055736
1.6069153459055738
1.6069153459055738
1.6069153459055738
1.6069153459055738
1.6069153459055738
1.6069153459055738
1.6069153459055738
1.6069153459055738
1.6069153459055738
1.6069153459055738
1.6069153459055738
1.6069153459055738
1.6069153459055738
1.6069153459055738
1.6069153459055738
1.6069153459055738
1.6069153459055738
1.6069153459055738
1.6069153459055738
1.6069153459055738
1.6069153459055738
1.6069153459055738
1.6069153459055738
1.6069153459055738
