1.3643449840308501
1.3643449840308501
1.3643449840308501
1.3643449840308501
1.3643449840308501
1.3643449840308501
1.3643449840308501
1.3643449840308501
1.3643449840308501
1.3643449840308501
1.3643449840308501
1.3643449840308501
1.3643449840308501
1.3643449840308501
1.3643449840308501
1.3643449840308501
1.3643449840308501
1.3643449840308501
1.3643449840308501
1.3643449840308501
1.3643449840308501
1.3643449840308501
1.3643449840308501
1.3643449840308501
1.3643449840308501
1.3643449840308501
1.3643449840308501
1.3643449840308501
1.3643449840308501
1.3643449840308501
1.3643449840308501
1.3643449840308501
1.3643449840308501
1.3643449840308501
1.3643449840308501
1.3643449840308501
1.3643449840308501
1.3643449840308501
1.3643449840308501
1.3643449840308501
1.3643449840308501
1.3643449840308501
1.3643449840308501
1.3643449840308501
1.3643449840308501
1.3643449840308501
1.3643449840308501
1.3643449840308501
1.3643449840308501
1.3643449840308501
1.3643449840308501
1.3643449840308501
1.3643449840308501
1.364346494706373
1.364346494706373
1.364346494706373
1.3643476275101918
1.3643476275101918
1.3643486115726187
1.3643493291337547
1.3643504080496158
1.3643504080496158
1.3643511581151355
1.364351498730119
1.3643520357465657
1.3643522783268907
1.3643525034500137
1.3643526385238818
1.3643527854684536
1.3643529264696146
1.3643531373915967
1.3643532144764166
1.3643532440228834
1.3643532566459227
1.3643533326633557
1.3643533956518379
1.3643533956518379
1.364353418386865
1.3643534188349895
1.3643534387480933
1.3643534506959556
1.3643534506959556
1.3643534539173334
1.3643534581626349
1.3643534613902684
1.3643534621177398
1.3643534631281038
1.3643534638181605
1.364353464711672
1.364353464711672
1.364353464711672
1.364353464711672
1.3643534653388323
1.3643534653468221
1.3643534653468221
1.3643534653468221
1.3643534653468221
1.3643534653468221
1.3643534653468221
1.3643534653468221
1.3643534653468221
1.3643534653468221
1.364353465401138
1.364353465401138
1.364353465409305
1.364353465409305
1.364353465409305
1.3643534654180574
1.3643534654180574
1.3643534654180574
1.3643534654180574
1.3643534654221001
1.3643534654243719
1.3643534654271834
1.3643534654271834
1.3643534654273748
1.3643534654284146
1.3643534654284146
1.3643534654284146
1.3643534654287075
1.3643534654299194
1.3643534654299194
1.3643534654299194
1.3643534654299194
1.3643534654299434
1.3643534654301344
1.3643534654302492
1.364353465430318
1.36435346543036
1.3643534654309883
1.3643534654317835
1.3643534654321094
1.3643534654321094
1.3643534654321094
1.3643534654324152
1.3643534654324856
1.3643534654324856
1.3643534654325964
1.3643534654326235
1.3643534654326472
1.3643534654326712
1.3643534654326752
1.3643534654326837
1.3643534654326888
1.3643534654326996
1.3643534654327114
1.3643534654327114
1.36435346543272
1.3643534654327254
1.3643534654327292
1.3643534654327314
1.3643534654327316
1.364353465432736
1.3643534654327383
1.3643534654327392
1.3643534654327412
1.3643534654327423
1.3643534654327432
1.3643534654327443
1.3643534654327447
1.3643534654327454
1.3643534654327454
1.3643534654327454
1.3643534654327454
1.3643534654327454
1.3643534654327454
1.3643534654327454
1.3643534654327454
1.3643534654327454
1.3643534654327454
1.3643534654327454
1.3643534654327454
1.3643534654327454
1.3643534654327454
1.3643534654327454
1.3643534654327454
1.3643534654327454
1.3643534654327454
1.3643534654327454
1.3643534654327454
