1.624951718109719
1.624951718109719
1.624951718109719
1.624951718109719
1.624951718109719
1.624951718109719
1.624951718109719
1.624951718109719
1.624951718109719
1.624951718109719
1.624951718109719
1.624951718109719
1.624951718109719
1.624951718109719
1.624951718109719
1.624951718109719
1.624951718109719
1.624951718109719
1.624951718109719
1.624951718109719
1.624951718109719
1.624951718109719
1.624951718109719
1.624951718109719
1.624951718109719
1.624951718109719
1.624951718109719
1.624951718109719
1.624951718109719
1.624951718109719
1.624951718109719
1.624951718109719
1.624951718109719
1.624951718109719
1.624951718109719
1.624951718109719
1.624951718109719
1.624951718109719
1.624951718109719
1.624952426860771
1.624952426860771
1.624952426860771
1.624952426860771
1.624952426860771
1.624952426860771
1.624952426860771
1.624952426860771
1.624952426860771
1.624952426860771
1.624952426860771
1.624952426860771
1.624952426860771
1.624955863248015
1.624955863248015
1.624955863248015
1.624957724366412
1.624957724366412
1.624957724366412
1.6249625729768724
1.6249625729768724
1.6249639424230897
1.6249658900122668
1.6249675877797582
1.6249703649245395
1.6249732744077297
1.624975020094761
1.6249760675059413
1.6249766959522758
1.6249787553883268
1.6249797853058834
1.624981103522604
1.624982408174534
1.6249828331781173
1.6249834513662567
1.6249839527342458
1.6249845014483015
1.6249848474070883
1.624985147271837
1.624985147271837
1.6249852686339996
1.6249853555195524
1.6249854320458044
1.6249855150546282
1.6249855551093901
1.6249855812480294
1.624985606684417
1.6249856723299305
1.6249857117172382
1.6249857353496233
1.6249857523522158
1.624985782796408
1.6249857980418014
1.6249858086859426
1.6249858129391908
1.6249858168551703
1.6249858234823553
1.6249858279264051
1.624985830332353
1.624985832607918
1.624985834344495
1.6249858364319825
1.6249858381067448
1.624985839104778
1.6249858397063164
1.6249858404961208
1.6249858412274594
1.624985841698048
1.6249858421182586
1.6249858426725363
1.6249858430951638
1.624985843348741
1.6249858435008864
1.6249858436325753
1.6249858436325753
1.6249858436325753
1.6249858436325753
1.6249858436325753
1.6249858436325753
1.6249858436325753
1.6249858436325753
1.6249858436325753
1.6249858436400324
1.62498584364246
1.62498584364246
1.62498584364246
1.62498584364246
1.6249858436429563
1.6249858436429563
1.6249858436429563
1.6249858436429563
1.6249858436443048
1.6249858436461913
1.6249858436473228
1.6249858436480025
1.6249858436480025
1.6249858436480025
1.6249858436480025
1.6249858436480025
1.6249858436480444
1.6249858436480444
1.6249858436480444
1.6249858436480444
1.6249858436480518
1.6249858436481017
1.6249858436481106
1.6249858436481153
1.6249858436481697
1.6249858436481697
1.6249858436481697
1.6249858436481914
1.6249858436481914
1.6249858436481914
1.6249858436481914
1.6249858436481952
1.6249858436481952
1.6249858436481952
1.624985843648198
1.624985843648198
1.624985843648198
1.624985843648198
1.624985843648198
1.624985843648198
1.624985843648198
1.6249858436481988
1.624985843648199
1.624985843648199
1.624985843648199
1.624985843648199
1.624985843648199
1.624985843648199
1.624985843648199
1.624985843648199
1.624985843648199
1.624985843648199
1.624985843648199
1.624985843648199
1.624985843648199
1.624985843648199
1.624985843648199
1.624985843648199
1.624985843648199
1.624985843648199
1.624985843648199
1.624985843648199
1.624985843648199
1.624985843648199
1.624985843648199
1.624985843648199
1.624985843648199
1.624985843648199
1.624985843648199
1.624985843648199
