1.7805928299596587
1.7805928299596587
1.7805928299596587
1.7805928299596587
1.7805928299596587
1.7805928299596587
1.7805928299596587
1.7805928299596587
1.7805928299596587
1.7805928299596587
1.7805928299596587
1.7805928299596587
1.7805928299596587
1.7805928299596587
1.7805928299596587
1.7805928299596587
1.7805928299596587
1.7805928299596587
1.7805928299596587
1.7805928299596587
1.7805928299596587
1.7805928299596587
1.7805928299596587
1.7805928299596587
1.7805928299596587
1.7805928299596587
1.7805928299596587
1.7805928299596587
1.7805928299596587
1.7805928299596587
1.7805928299596587
1.7805928299596587
1.7805928299596587
1.7805928299596587
1.7805928299596587
1.7805928299596587
1.7805928299596587
1.7805928299596587
1.7805928299596587
1.7805928299596587
1.7805928299596587
1.7805928299596587
1.7805928299596587
1.7805928299596587
1.7805928299596587
1.7805928299596587
1.7805928299596587
1.7805928299596587
1.7805928299596587
1.7805928299596587
1.7805928299596587
1.7805928299596587
1.7805928299596587
1.7805928299596587
1.7805928299596587
1.7805928299596587
1.7806012991759237
1.7806012991759237
1.7806012991759237
1.7806012991759237
1.7806039948853525
1.7806039948853525
1.7806039948853525
1.7806039948853525
1.7806039948853525
1.7806039948853525
1.7806068106932302
1.7806068106932302
1.7806089467763704
1.7806105626726028
1.7806118827342843
1.7806127839234747
1.780613929436372
1.7806146167445995
1.7806151447061453
1.7806157725163285
1.780616342004203
1.7806166836969892
1.7806168961306184
1.7806170941822763
1.780617263051388
1.78061736437286
1.7806174646364452
1.78061754879095
1.780617599283655
1.7806176325943615
1.7806176582063775
1.7806177205346525
1.7806177312644196
1.7806177681057473
1.780617783164158
1.78061779321692
1.7806178060925584
1.780617816620083
1.7806178252407947
1.7806178385403724
1.7806178456712691
1.780617851123209
1.7806178545588953
1.7806178575205487
1.7806178601166611
1.7806178625594857
1.780617862888832
1.780617863842204
1.7806178649422106
1.7806178656190892
1.7806178665967074
1.7806178667964214
1.7806178671724773
1.7806178673981106
1.7806178675334905
1.7806178676147184
1.7806178677497644
1.780617867847248
1.780617867908376
1.7806178681105793
1.7806178682607514
1.7806178683898095
1.7806178683898095
1.7806178683898095
1.7806178684499927
1.780617868461996
1.7806178684863636
1.7806178685286558
1.780617868529915
1.7806178685489122
1.7806178685761949
1.7806178686007403
1.7806178686160548
1.7806178686243601
1.7806178686274392
1.7806178686358034
1.7806178686439187
1.7806178686489225
1.7806178686517928
1.7806178686549095
1.7806178686584442
1.7806178686606895
1.780617868661881
1.7806178686633571
1.7806178686649068
1.7806178686655736
1.7806178686661196
1.7806178686665914
1.7806178686667744
1.7806178686669822
1.7806178686672722
1.7806178686673897
1.7806178686675156
1.7806178686675156
1.780617868667584
1.7806178686676057
1.7806178686676057
1.7806178686676188
1.7806178686676324
1.78061786866764
1.7806178686676621
1.7806178686676686
1.7806178686676741
1.7806178686676801
1.7806178686676866
1.7806178686676866
1.7806178686676888
1.7806178686676917
1.7806178686676937
1.780617868667695
1.780617868667695
1.780617868667695
1.7806178686676957
1.7806178686676957
1.7806178686676957
1.7806178686676957
1.780617868667696
1.780617868667696
1.780617868667696
1.7806178686676961
1.7806178686676961
1.7806178686676963
1.7806178686676963
1.7806178686676963
1.7806178686676963
1.7806178686676963
1.7806178686676963
1.7806178686676963
1.7806178686676963
1.7806178686676963
1.7806178686676963
1.7806178686676963
1.7806178686676963
1.7806178686676963
1.7806178686676963
1.7806178686676963
1.7806178686676963
1.7806178686676963
1.7806178686676963
