1.1666732924454155
1.1666732924454155
1.1666732924454155
1.1666732924454155
1.1666732924454155
1.1666732924454155
1.1666732924454155
1.1666732924454155
1.1666732924454155
1.1666732924454155
1.1666732924454155
1.1666732924454155
1.1666732924454155
1.1666732924454155
1.1666732924454155
1.1666732924454155
1.1666732924454155
1.1666732924454155
1.1666732924454155
1.1666732924454155
1.1666732924454155
1.1666732924454155
1.1666732924454155
1.1666732924454155
1.1666732924454155
1.1666732924454155
1.1666732924454155
1.1666732924454155
1.1666732924454155
1.1666732924454155
1.1666732924454155
1.1666732924454155
1.1666732924454155
1.1666732924454155
1.1666732924454155
1.1666732924454155
1.1666732924454155
1.1666732924454155
1.1666732924454155
1.1666732924454155
1.1666732924454155
1.1666732924454155
1.1666732924454155
1.1666732924454155
1.1666732924454155
1.1666732924454155
1.1666732924454155
1.1666732924454155
1.1666732924454155
1.1666732924454155
1.1666732924454155
1.1666732924454155
1.1666732924454155
1.1666732924454155
1.1666732924454155
1.1666732924454155
1.1666732924454155
1.1666736448402169
1.1666736448402169
1.1666736448402169
1.1666737651286583
1.1666739357289793
1.1666741852082794
1.166675044064278
1.1666751445434314
1.1666756472278246
1.166676099171588
1.1666762601561251
1.1666766000712667
1.1666769109808868
1.1666771949326697
1.166677263124826
1.1666776465180164
1.1666776857636434
1.1666778175502375
1.1666778966221913
1.1666780634601497
1.1666781468624108
1.1666781653732328
1.1666782323911788
1.1666782745924649
1.1666782926439572
1.1666783373418872
1.166678350445499
1.1666783617522243
1.1666783797772673
1.166678407390241
1.1666784239676127
1.1666784339140353
1.16667844035133
1.1666784506641328
1.1666784558435728
1.1666784606924747
1.1666784636018153
1.1666784653474198
1.1666784663947827
1.166678469632519
1.166678473118699
1.166678474116018
1.166678475817199
1.1666784761812743
1.1666784774034282
1.1666784787474827
1.1666784791600688
1.1666784797094991
1.1666784800435785
1.166678480296011
1.1666784805306238
1.1666784806713915
1.166678480770905
1.1666784808277024
1.1666784809494013
1.1666784810224209
1.1666784810736441
1.1666784810736441
1.1666784811265472
1.1666784811450663
1.1666784811581228
1.1666784811659696
1.166678481169105
1.1666784811815536
1.1666784811951825
1.1666784812045519
1.166678481212997
1.1666784812222073
1.1666784812268183
1.1666784812268183
1.1666784812268183
1.1666784812306739
1.166678481231821
1.166678481232613
1.1666784812329343
1.166678481233127
1.1666784812336197
1.1666784812343194
1.1666784812347388
1.166678481234991
1.166678481235147
1.1666784812354214
1.1666784812355955
1.1666784812356998
1.1666784812357742
1.1666784812358257
1.166678481235889
1.166678481235958
1.166678481236001
1.1666784812360296
1.1666784812360786
1.1666784812361084
1.1666784812361262
1.1666784812361366
1.1666784812361493
1.1666784812361577
1.1666784812361632
1.1666784812361668
1.1666784812361704
1.1666784812361726
1.1666784812361741
1.1666784812361752
1.1666784812361768
1.1666784812361777
1.1666784812361781
1.1666784812361786
1.166678481236179
1.1666784812361792
1.1666784812361795
1.1666784812361797
1.16667848123618
1.16667848123618
1.16667848123618
1.16667848123618
1.16667848123618
1.16667848123618
1.16667848123618
1.16667848123618
1.16667848123618
1.16667848123618
1.16667848123618
1.16667848123618
1.16667848123618
1.16667848123618
1.16667848123618
1.16667848123618
1.16667848123618
1.16667848123618
1.16667848123618
1.16667848123618
1.16667848123618
1.16667848123618
1.16667848123618
