2.3396483897965594
2.3396483897965594
2.3396483897965594
2.3396483897965594
2.3396483897965594
2.3396483897965594
2.3396483897965594
2.3396483897965594
2.3396483897965594
2.3396483897965594
2.3396483897965594
2.3396483897965594
2.3396483897965594
2.3396483897965594
2.3396483897965594
2.3396483897965594
2.3396483897965594
2.3396483897965594
2.3396483897965594
2.3396483897965594
2.3396483897965594
2.3396483897965594
2.3396483897965594
2.3396483897965594
2.3396483897965594
2.3396483897965594
2.3396483897965594
2.3396483897965594
2.3396483897965594
2.3396483897965594
2.3396483897965594
2.3396483897965594
2.3396483897965594
2.3396483897965594
2.3396483897965594
2.3396483897965594
2.3396483897965594
2.3396483897965594
2.3396483897965594
2.3396483897965594
2.3396483897965594
2.3396483897965594
2.3396483897965594
2.3396483897965594
2.3396483897965594
2.3396483897965594
2.3396483897965594
2.3396483897965594
2.3396483897965594
2.3396483897965594
2.3396483897965594
2.3396483897965594
2.3396483897965594
2.3396483897965594
2.3396483897965594
2.3396483897965594
2.3396483897965594
2.3396483897965594
2.3396483897965594
2.3396483897965594
2.3396483897965594
2.3396483897965594
2.3396483897965594
2.3396485626159804
2.3396546345642912
2.3396584648597076
2.3396584648597076
2.3396584648597076
2.339658615480281
2.3396611832172516
2.3396624315678105
2.3396637082432963
2.339664209215124
2.3396645097981943
2.3396646901480276
2.3396647983579237
2.339664863283861
2.3396651911665893
2.3396652107117077
2.339665258606631
2.3396652873435837
2.33966541107664
2.3396655774264374
2.3396656362874038
2.3396657008552584
2.3396657827566276
2.339665819877287
2.3396658582893752
2.3396658859207293
2.3396659024995414
2.3396659158837365
2.339665932595209
2.3396659393430292
2.339665954244717
2.33966595657094
2.3396659663755406
2.3396659756429683
2.3396659812034257
2.3396659845397
2.3396659885501605
2.33966599695312
2.3396660033828183
2.3396660056293457
2.339666008494323
2.339666009450118
2.3396660126003725
2.339666013653954
2.3396660146414145
2.339666014820176
2.3396660157349136
2.3396660166127443
2.339666017054865
2.33966601732214
2.339666017506872
2.339666017651268
2.339666018051393
2.339666018117893
2.339666018236905
2.3396660184011986
2.339666018486456
2.3396660185488356
2.339666018589344
2.3396660186099174
2.3396660186420384
2.3396660186809237
2.339666018705958
2.339666018720979
2.3396660187351297
2.33966601874778
2.339666018755371
2.339666018759925
2.3396660187626575
2.3396660187642966
2.339666018767751
2.339666018767751
2.339666018767751
2.3396660187680967
2.339666018768479
2.3396660187687077
2.339666018768845
2.3396660187691847
2.3396660187691847
2.3396660187691847
2.339666018769575
2.339666018769575
2.339666018769751
2.3396660187698877
2.33966601876997
2.3396660187700187
2.339666018770088
2.339666018770155
2.339666018770208
2.339666018770222
2.339666018770246
2.3396660187702567
2.3396660187702762
2.339666018770284
2.3396660187702922
2.339666018770301
2.339666018770307
2.3396660187703118
2.3396660187703153
2.339666018770316
2.3396660187703175
2.3396660187703198
2.33966601877032
2.3396660187703207
2.3396660187703215
2.3396660187703224
2.3396660187703233
2.3396660187703238
2.3396660187703238
2.339666018770324
2.339666018770324
2.339666018770324
2.339666018770324
2.339666018770324
2.339666018770324
2.339666018770324
2.339666018770324
2.339666018770324
2.339666018770324
2.339666018770324
2.339666018770324
2.339666018770324
2.339666018770324
2.339666018770324
2.339666018770324
2.339666018770324
2.339666018770324
2.339666018770324
2.339666018770324
2.339666018770324
