2.0456286323011854
2.0456286323011854
2.0456286323011854
2.0456286323011854
2.0456286323011854
2.0456286323011854
2.0456286323011854
2.0456286323011854
2.0456286323011854
2.0456286323011854
2.0456286323011854
2.0456286323011854
2.0456286323011854
2.0456286323011854
2.0456286323011854
2.0456286323011854
2.0456286323011854
2.0456286323011854
2.0456286323011854
2.0456286323011854
2.0456286323011854
2.0456286323011854
2.0456286323011854
2.0456286323011854
2.0456286323011854
2.0456286323011854
2.0456286323011854
2.0456286323011854
2.0456286323011854
2.0456286323011854
2.0456286323011854
2.0456286323011854
2.0456286323011854
2.0456286323011854
2.0456286323011854
2.0456286323011854
2.0456286323011854
2.0456286323011854
2.0456286323011854
2.0456286323011854
2.0456286323011854
2.0456286323011854
2.0456286323011854
2.0456286323011854
2.0456286323011854
2.0456286323011854
2.0456286323011854
2.0456286323011854
2.0456286323011854
2.0456286323011854
2.0456286323011854
2.0456286323011854
2.0456286323011854
2.0456286323011854
2.0456286323011854
2.0456286323011854
2.0456286323011854
2.0456290973692726
2.0456290973692726
2.0456290973692726
2.04562933934834
2.04562939656678
2.045629712561381
2.045629712561381
2.045629712561381
2.0456300031264774
2.0456301942246395
2.0456303088835566
2.045630377678914
2.045630781667484
2.0456310350763465
2.045631258929889
2.0456313471193055
2.0456314830204794
2.0456316414869344
2.0456317187359305
2.0456318113195766
2.0456318941448424
2.0456319539692873
2.045631989293516
2.0456320107104857
2.0456320447496386
2.0456320633466154
2.0456320727021398
2.0456320727021398
2.0456320833015202
2.0456320900507037
2.045632091231479
2.045632091231479
2.0456320944116504
2.045632094714248
2.0456320958800247
2.0456320970520507
2.0456320975184408
2.0456320975184408
2.045632098013844
2.045632098013844
2.04563209803492
2.0456320981369593
2.045632098269513
2.045632098269513
2.0456320983212692
2.045632098364643
2.0456320983906675
2.045632098441926
2.045632098475498
2.0456320984907737
2.0456320984907737
2.045632098508454
2.045632098508454
2.045632098508454
2.045632098508454
2.045632098511936
2.04563209851525
2.0456320985161645
2.0456320985161645
2.0456320985161645
2.0456320985174345
2.0456320985174345
2.0456320985174345
2.0456320985174345
2.0456320985184626
2.04563209851854
2.0456320985189484
2.045632098519382
2.045632098519546
2.045632098519713
2.045632098519814
2.0456320985198744
2.045632098519947
2.045632098519991
2.045632098520017
2.0456320985200334
2.04563209852005
2.0456320985200724
2.045632098520081
2.0456320985201
2.0456320985201
2.045632098520108
2.045632098520109
2.0456320985201124
2.0456320985201137
2.0456320985201155
2.0456320985201164
2.0456320985201173
2.045632098520118
2.0456320985201195
2.0456320985201195
2.0456320985201204
2.045632098520121
2.0456320985201213
2.0456320985201213
2.0456320985201217
2.0456320985201217
2.0456320985201217
2.0456320985201217
2.0456320985201217
2.0456320985201217
2.0456320985201217
2.0456320985201217
2.0456320985201217
2.0456320985201217
2.0456320985201226
2.0456320985201226
2.0456320985201226
2.0456320985201226
2.0456320985201226
2.0456320985201226
2.0456320985201226
2.0456320985201226
2.0456320985201226
2.0456320985201226
2.0456320985201226
2.0456320985201226
2.0456320985201226
2.0456320985201226
2.0456320985201226
2.0456320985201226
2.0456320985201226
2.0456320985201226
2.0456320985201226
2.0456320985201226
2.0456320985201226
2.0456320985201226
2.0456320985201226
