1.892974294707522
1.892974294707522
1.892974294707522
1.892974294707522
1.892974294707522
1.892974294707522
1.892974294707522
1.892974294707522
1.892974294707522
1.892974294707522
1.892974294707522
1.892974294707522
1.892974294707522
1.892974294707522
1.892974294707522
1.892974294707522
1.892974294707522
1.892974294707522
1.892974294707522
1.892974294707522
1.892974294707522
1.892974294707522
1.892974294707522
1.892974294707522
1.892974294707522
1.892974294707522
1.892974294707522
1.892974294707522
1.892974294707522
1.892974294707522
1.892974294707522
1.892974294707522
1.892974294707522
1.892974294707522
1.8930138932602296
1.8930138932602296
1.8930138932602296
1.8930138932602296
1.8930138932602296
1.8930138932602296
1.8930138932602296
1.8930138932602296
1.8930138932602296
1.8930138932602296
1.8930138932602296
1.8930138932602296
1.8930138932602296
1.8930138932602296
1.8930241879627538
1.8930241879627538
1.8930241879627538
1.8930311394529384
1.8930311394529384
1.8930359454907384
1.8930396682796595
1.8930419019555136
1.8930419019555136
1.8930419019555136
1.8930426358256212
1.8930426358256212
1.8930426358256212
1.8930432191022297
1.893043760400379
1.8930445611554736
1.8930454427025296
1.8930459716311046
1.8930463647726543
1.8930464806281577
1.8930466171728169
1.893046839821941
1.8930470148064755
1.8930471096670691
1.8930472373139444
1.8930473552411973
1.8930473552411973
1.8930474269188242
1.8930475070934156
1.8930475716225512
1.893047600373528
1.8930476266194571
1.8930476381575065
1.8930476716468918
1.8930476717602527
1.8930476881561915
1.8930476991064125
1.8930477115128883
1.8930477247215673
1.8930477279412758
1.8930477314396688
1.8930477332518398
1.8930477364988871
1.8930477373152645
1.8930477381038513
1.8930477390538263
1.8930477401021701
1.8930477401021701
1.8930477401021701
1.8930477406027597
1.8930477408612265
1.8930477409422137
1.8930477411242106
1.8930477412819473
1.8930477415220406
1.8930477415483609
1.8930477416775622
1.8930477417311593
1.893047741789289
1.8930477418226173
1.8930477418523748
1.8930477418882727
1.8930477419137997
1.8930477419284761
1.8930477419341094
1.8930477419419955
1.8930477419596976
1.8930477419630716
1.8930477419680212
1.893047741972065
1.8930477419748135
1.8930477419776397
1.8930477419786351
1.8930477419798437
1.8930477419815428
1.8930477419825622
1.8930477419831737
1.8930477419836633
1.8930477419843186
1.8930477419847154
1.8930477419851588
1.8930477419852763
1.8930477419855745
1.8930477419858267
1.8930477419859841
1.8930477419860796
1.8930477419862133
1.8930477419863265
1.8930477419863938
1.8930477419864213
1.893047741986467
1.8930477419865404
1.8930477419865854
1.8930477419866074
1.8930477419866274
1.8930477419866412
1.8930477419866576
1.8930477419866598
1.8930477419866685
1.8930477419866738
1.8930477419866771
1.893047741986679
1.893047741986682
1.893047741986682
1.893047741986682
1.8930477419866827
1.8930477419866842
1.8930477419866845
1.893047741986685
1.8930477419866851
1.8930477419866854
1.8930477419866856
1.8930477419866862
1.8930477419866862
1.8930477419866862
1.8930477419866862
1.8930477419866862
1.8930477419866862
1.8930477419866862
1.8930477419866862
1.8930477419866862
1.8930477419866862
1.8930477419866862
1.8930477419866862
1.8930477419866862
1.8930477419866862
1.8930477419866862
1.8930477419866862
1.8930477419866862
1.8930477419866862
1.8930477419866862
1.8930477419866862
1.8930477419866862
1.8930477419866862
1.8930477419866862
1.8930477419866862
1.8930477419866862
1.8930477419866862
