1.6763491647822124
1.6763491647822124
1.6763491647822124
1.6763491647822124
1.6763491647822124
1.6763491647822124
1.6763491647822124
1.6763491647822124
1.6763491647822124
1.6763491647822124
1.6763491647822124
1.6763491647822124
1.6763491647822124
1.6763491647822124
1.6763491647822124
1.6763491647822124
1.6763491647822124
1.6763491647822124
1.6763491647822124
1.6763491647822124
1.6763491647822124
1.6763491647822124
1.6763491647822124
1.6763491647822124
1.6763491647822124
1.6763491647822124
1.6763491647822124
1.6763491647822124
1.6763491647822124
1.6763491647822124
1.6763491647822124
1.6763491647822124
1.6763491647822124
1.6763491647822124
1.6763491647822124
1.6763491647822124
1.6763491647822124
1.6763491647822124
1.6763491647822124
1.6763491647822124
1.6763491647822124
1.6763491647822124
1.6763625841864718
1.6763625841864718
1.6763625841864718
1.6763625841864718
1.6763625841864718
1.676364983263066
1.676364983263066
1.676364983263066
1.676364983263066
1.676371204281995
1.676371204281995
1.676371204281995
1.676373784968634
1.6763757994339705
1.6763772461060942
1.6763784651520715
1.6763796308187164
1.676380720139335
1.6763814432795432
1.6763825597725686
1.6763832930818439
1.6763839819462245
1.6763842467299654
1.6763844878303364
1.6763847867991855
1.6763850742622612
1.676385384002261
1.676385469026258
1.6763856263450412
1.6763856690524488
1.6763857585578241
1.676385822349189
1.6763858422674003
1.6763858601282187
1.67638588820875
1.6763859054945844
1.6763859242216042
1.6763859369347271
1.6763859674707866
1.6763859712162552
1.6763859922720068
1.676386008214229
1.6763860215455186
1.6763860306394458
1.6763860375115673
1.6763860445767254
1.6763860488158207
1.676386051359277
1.67638605222357
1.6763860549375698
1.6763860570113382
1.6763860582555998
1.6763860603472311
1.6763860621334454
1.676386063205173
1.6763860636902361
1.6763860641296096
1.676386064419779
1.676386064663046
1.6763860649216882
1.6763860651954863
1.676386065359764
1.6763860654606133
1.6763860655980751
1.6763860657404699
1.676386065825906
1.6763860658610845
1.6763860658610845
1.6763860659446055
1.6763860659780685
1.6763860659876944
1.6763860659927508
1.6763860660057108
1.6763860660166399
1.6763860660234253
1.6763860660293912
1.676386066029994
1.6763860660325605
1.6763860660350476
1.6763860660352932
1.6763860660379162
1.6763860660379162
1.6763860660389973
1.6763860660395848
1.676386066040215
1.676386066040662
1.676386066040929
1.6763860660410903
1.6763860660411865
1.6763860660412544
1.6763860660413765
1.676386066041458
1.6763860660416616
1.6763860660416616
1.6763860660418604
1.6763860660420107
1.6763860660420362
1.6763860660421213
1.6763860660422034
1.6763860660422836
1.6763860660423076
1.6763860660423455
1.6763860660424008
1.6763860660424434
1.6763860660424434
1.6763860660424434
1.6763860660424559
1.67638606604247
1.6763860660424779
1.6763860660424823
1.6763860660424859
1.6763860660424872
1.676386066042494
1.6763860660425072
1.6763860660425154
1.6763860660425207
1.6763860660425285
1.6763860660425343
1.676386066042538
1.6763860660425411
1.6763860660425447
1.6763860660425474
1.6763860660425487
1.6763860660425491
1.6763860660425498
1.67638606604255
1.67638606604255
1.67638606604255
1.6763860660425502
1.6763860660425502
1.676386066042551
1.676386066042551
1.676386066042551
1.676386066042551
1.676386066042551
1.676386066042551
1.676386066042551
1.676386066042551
1.676386066042551
1.676386066042551
1.676386066042551
1.676386066042551
