1.472410301829444
1.472410301829444
1.472410301829444
1.472410301829444
1.472410301829444
1.472410301829444
1.472410301829444
1.472410301829444
1.472410301829444
1.472410301829444
1.472410301829444
1.472410301829444
1.472410301829444
1.472410301829444
1.472410301829444
1.472410301829444
1.472410301829444
1.472410301829444
1.472410301829444
1.472410301829444
1.472410301829444
1.472410301829444
1.472410301829444
1.472410301829444
1.472410301829444
1.472410301829444
1.472410301829444
1.472410301829444
1.472410301829444
1.472410301829444
1.472410301829444
1.472410301829444
1.472410301829444
1.472410301829444
1.472410301829444
1.472410301829444
1.472410301829444
1.472410301829444
1.472410301829444
1.472410301829444
1.472410301829444
1.472410301829444
1.472410301829444
1.472410301829444
1.472410301829444
1.472410301829444
1.472410301829444
1.472410301829444
1.472410301829444
1.472410301829444
1.472410301829444
1.472410301829444
1.4724111416586774
1.4724111416586774
1.4724111416586774
1.4724111416586774
1.4724111524574837
1.4724111524574837
1.4724111524574837
1.4724126810623754
1.4724126810623754
1.472414056914281
1.4724144475574905
1.4724149458937454
1.4724154271126944
1.4724157264315783
1.4724162890518515
1.4724162890518515
1.4724166453919894
1.4724168928759247
1.4724172814253345
1.4724173252428845
1.4724176330438408
1.4724177124448532
1.4724179976511227
1.472418026120534
1.4724181203138287
1.4724182780861994
1.4724183271270532
1.472418353955895
1.4724183944923674
1.4724183953551895
1.472418447108208
1.472418447108208
1.472418447108208
1.472418447108208
1.4724184572877805
1.4724184665080313
1.4724184665080313
1.4724184682343366
1.4724184728017162
1.4724184728017162
1.4724184728017162
1.472418473989569
1.4724184752988823
1.4724184752988823
1.4724184752988823
1.4724184752988823
1.472418475613023
1.472418475613023
1.472418475613023
1.472418475613023
1.472418475613023
1.472418475613023
1.472418475613023
1.472418475613023
1.4724184757445817
1.4724184757445817
1.4724184757445817
1.4724184757445817
1.4724184757589545
1.47241847578835
1.47241847578835
1.47241847578835
1.47241847578835
1.47241847578835
1.472418475803476
1.472418475803476
1.472418475803476
1.472418475803476
1.4724184758117915
1.4724184758301442
1.4724184758369423
1.4724184758427399
1.4724184758472505
1.472418475853975
1.4724184758571643
1.472418475859078
1.4724184758602261
1.4724184758609151
1.4724184758619474
1.472418475863638
1.4724184758647922
1.472418475865485
1.4724184758659324
1.4724184758664793
1.4724184758668075
1.4724184758670045
1.4724184758671226
1.4724184758672063
1.472418475867471
1.4724184758676602
1.4724184758677734
1.472418475867896
1.4724184758680354
1.472418475868119
1.4724184758682173
1.4724184758683014
1.4724184758683545
1.4724184758683947
1.4724184758684378
1.472418475868458
1.4724184758684582
1.4724184758684582
1.4724184758684582
1.4724184758684624
1.4724184758684624
1.4724184758684624
1.4724184758684624
1.4724184758684624
1.472418475868465
1.4724184758684655
1.4724184758684655
1.4724184758684655
1.472418475868466
1.472418475868466
1.472418475868466
1.472418475868466
1.4724184758684662
1.4724184758684662
1.4724184758684662
1.4724184758684662
1.4724184758684662
1.4724184758684662
1.4724184758684662
1.4724184758684662
1.4724184758684662
1.4724184758684662
1.4724184758684662
1.4724184758684662
1.4724184758684662
1.4724184758684662
1.4724184758684662
1.4724184758684662
1.4724184758684662
1.4724184758684662
