2.1560872074691004
2.1560872074691004
2.1560872074691004
2.1560872074691004
2.1560872074691004
2.1560872074691004
2.1560872074691004
2.1560872074691004
2.1560872074691004
2.1560872074691004
2.1560872074691004
2.1560872074691004
2.1560872074691004
2.1560872074691004
2.1560872074691004
2.1560872074691004
2.1560872074691004
2.1560872074691004
2.1560872074691004
2.1560872074691004
2.1560872074691004
2.1560872074691004
2.1560872074691004
2.1560872074691004
2.1560872074691004
2.1560872074691004
2.1560872074691004
2.1560872074691004
2.1560872074691004
2.1560872074691004
2.1560872074691004
2.1560872074691004
2.1560872074691004
2.1560872074691004
2.1560872074691004
2.1560872074691004
2.1560872074691004
2.1560872074691004
2.1560872074691004
2.1560872074691004
2.1560872074691004
2.1560872074691004
2.1560872074691004
2.1560872074691004
2.1560872074691004
2.1560872074691004
2.1560872074691004
2.1560872074691004
2.1560872074691004
2.1560872074691004
2.1560872074691004
2.1560872074691004
2.1560872074691004
2.1560872074691004
2.1560872074691004
2.1560872074691004
2.1560872074691004
2.1560872074691004
2.1560872074691004
2.1560872074691004
2.1560875849927337
2.156090317930993
2.156090317930993
2.156091680129193
2.156092208288432
2.156092208288432
2.156092208288432
2.1560933871141037
2.1560934597450316
2.1560940489978724
2.1560940489978724
2.1560940489978724
2.1560941937304605
2.1560943312684486
2.1560944278318455
2.1560946944264314
2.156094876310945
2.156095227766483
2.156095502638547
2.156095734517643
2.156095734517643
2.1560957624455024
2.1560959483161
2.156096120630772
2.156096229530402
2.1560963364494703
2.1560964617871488
2.156096533653711
2.156096581972724
2.1560966046848278
2.1560966584951293
2.1560966765250726
2.1560966792570606
2.15609669883047
2.156096708234433
2.1560967117262093
2.1560967189274174
2.156096720709224
2.1560967216106413
2.156096722512487
2.156096723274073
2.156096724710086
2.156096724710086
2.156096724881697
2.1560967254225485
2.156096726369224
2.156096727276644
2.1560967277128653
2.156096727990757
2.156096728053932
2.156096728053932
2.1560967280656556
2.156096728085311
2.156096728162997
2.156096728162997
2.156096728168705
2.1560967282012755
2.156096728216961
2.156096728216961
2.156096728225336
2.1560967282254593
2.1560967282254593
2.1560967282254593
2.1560967282254593
2.1560967282254593
2.1560967282254593
2.1560967282254593
2.1560967282254593
2.156096728226972
2.156096728226972
2.156096728226972
2.1560967282273213
2.1560967282273213
2.1560967282273213
2.156096728227628
2.156096728227726
2.156096728227726
2.156096728227726
2.156096728227726
2.156096728227726
2.156096728227726
2.1560967282277756
2.1560967282278
2.1560967282278
2.1560967282278
2.1560967282278
2.1560967282278294
2.156096728227834
2.156096728227834
2.156096728227834
2.156096728227834
2.156096728227835
2.156096728227835
2.156096728227837
2.1560967282278374
2.1560967282278414
2.1560967282278436
2.1560967282278436
2.1560967282278436
2.1560967282278445
2.1560967282278445
2.1560967282278445
2.156096728227845
2.156096728227845
2.156096728227845
2.156096728227845
2.156096728227845
2.156096728227845
2.156096728227845
2.156096728227845
2.156096728227845
2.156096728227845
2.156096728227845
2.156096728227845
2.156096728227845
2.156096728227845
2.156096728227845
2.156096728227845
2.156096728227845
2.156096728227845
2.156096728227845
2.156096728227845
2.156096728227845
2.156096728227845
2.156096728227845
2.156096728227845
2.156096728227845
2.156096728227845
2.156096728227845
2.156096728227845
2.156096728227845
2.156096728227845
2.156096728227845
