1.6791822111930048
1.6791822111930048
1.6791822111930048
1.6791822111930048
1.6791822111930048
1.6791822111930048
1.6791822111930048
1.6791822111930048
1.6791822111930048
1.6791822111930048
1.6791822111930048
1.6791822111930048
1.6791822111930048
1.6791822111930048
1.6791822111930048
1.6791822111930048
1.6791822111930048
1.6791822111930048
1.6791822111930048
1.6791822111930048
1.6791822111930048
1.6791822111930048
1.6791822111930048
1.6791822111930048
1.6791822111930048
1.6791822111930048
1.6791822111930048
1.6791822111930048
1.6791822111930048
1.6791822111930048
1.6791822111930048
1.6791822111930048
1.6791822111930048
1.6791822111930048
1.6791822111930048
1.6791822111930048
1.6791822111930048
1.6791822111930048
1.6791822111930048
1.6791822111930048
1.6791822111930048
1.6791822111930048
1.6791822111930048
1.6791822111930048
1.6791822111930048
1.6791822111930048
1.6791822111930048
1.6791822111930048
1.6791822111930048
1.6791822111930048
1.6791822111930048
1.6791822111930048
1.6791822111930048
1.6792195940347945
1.6792195940347945
1.6792195940347945
1.6792195940347945
1.679222262317947
1.6792357535433158
1.6792394820812857
1.6792542271494169
1.6792554142558795
1.679256126514715
1.679256553868201
1.6792568102796397
1.6792609574561606
1.679264143010134
1.679267004253786
1.6792679419361425
1.6792685450315283
1.6792690563305366
1.6792694468191136
1.6792705233582805
1.6792716901579692
1.6792723902373923
1.679272810284906
1.679273062313364
1.6792732520585634
1.6792735901523814
1.6792740337661876
1.6792743021679215
1.6792744632089378
1.6792745689133244
1.6792747805474697
1.6792749210362088
1.679275004941849
1.6792750931021942
1.679275211390403
1.6792752823633235
1.679275324947073
1.6792753658181354
1.6792754164718033
1.6792754468640019
1.6792754650993207
1.679275476040513
1.6792754833563004
1.6792754908635013
1.6792755008990956
1.679275505038527
1.679275508244529
1.6792755130689414
1.6792755163095652
1.6792755182539394
1.6792755194205626
1.6792755207598393
1.6792755221692295
1.6792755231370349
1.6792755237686514
1.6792755245072812
1.6792755250509896
1.679275525315112
1.6792755255311802
1.6792755256608218
1.679275525738606
1.6792755258929841
1.6792755260323269
1.679275526120618
1.6792755261735939
1.6792755262389691
1.6792755263158023
1.679275526365283
1.6792755263978978
1.6792755264243115
1.6792755264536032
1.6792755264721806
1.6792755264835377
1.6792755264903516
1.6792755264950605
1.6792755265087826
1.679275526517665
1.679275526522993
1.6792755265263621
1.6792755265306654
1.679275526534182
1.6792755265362975
1.6792755265376207
1.6792755265399275
1.6792755265413954
1.6792755265422759
1.6792755265428037
1.6792755265431207
1.6792755265434407
1.6792755265437953
1.679275526544014
1.679275526544147
1.6792755265443158
1.6792755265444401
1.6792755265445158
1.6792755265445753
1.679275526544643
1.6792755265446844
1.6792755265447086
1.6792755265447241
1.679275526544751
1.679275526544773
1.6792755265447876
1.679275526544795
1.679275526544801
1.6792755265448036
1.6792755265448072
1.6792755265448114
1.6792755265448145
1.6792755265448158
1.6792755265448172
1.6792755265448187
1.6792755265448198
1.6792755265448207
1.6792755265448214
1.6792755265448214
1.679275526544822
1.6792755265448225
1.6792755265448225
1.6792755265448225
1.6792755265448225
1.6792755265448225
1.6792755265448225
1.6792755265448225
1.6792755265448225
1.6792755265448225
1.6792755265448225
1.6792755265448225
1.6792755265448225
1.6792755265448225
1.6792755265448225
1.6792755265448225
1.6792755265448225
1.6792755265448225
1.6792755265448225
1.6792755265448225
1.6792755265448225
1.6792755265448225
1.6792755265448225
1.6792755265448225
1.6792755265448225
1.6792755265448225
1.6792755265448225
1.6792755265448225
