1.7142383609698872
1.7142383609698872
1.7142383609698872
1.7142383609698872
1.7142383609698872
1.7142383609698872
1.7142383609698872
1.7142383609698872
1.7142383609698872
1.7142383609698872
1.7142383609698872
1.7142383609698872
1.7142383609698872
1.7142383609698872
1.7142383609698872
1.7142383609698872
1.7142383609698872
1.7142383609698872
1.7142383609698872
1.7142383609698872
1.7142383609698872
1.7142383609698872
1.7142383609698872
1.7142383609698872
1.7142383609698872
1.7142383609698872
1.7142383609698872
1.7142383609698872
1.7142383609698872
1.7142383609698872
1.7142383609698872
1.7142383609698872
1.7142383609698872
1.7142383609698872
1.7142383609698872
1.7142383609698872
1.7142383609698872
1.7142383609698872
1.7142383609698872
1.7142383609698872
1.7142383609698872
1.7142383609698872
1.7142383609698872
1.7142383609698872
1.7142383609698872
1.7142383609698872
1.7142383609698872
1.7142383609698872
1.7142568139222287
1.7142568139222287
1.7142568139222287
1.7142720876036452
1.7142772352669062
1.7142772352669062
1.7142796125154571
1.714284675010795
1.7142884793459594
1.7142911523792377
1.7142933263579654
1.7142961653091096
1.7142983609998264
1.714299678415623
1.714299678415623
1.7143000995441908
1.7143009225156995
1.7143014966487313
1.7143018411286406
1.7143020478166182
1.714302285324696
1.714302672887388
1.7143029194697883
1.7143030795130167
1.7143031755389608
1.7143032976152337
1.7143034225182208
1.7143034974600178
1.7143035424250976
1.7143035694041462
1.7143035881662116
1.71430364462567
1.714303679218592
1.7143037003738204
1.7143037130669574
1.7143037218268091
1.7143037371816294
1.7143037464043118
1.7143037519379214
1.7143037579821847
1.7143037654189204
1.7143037699245862
1.7143037726536199
1.714303775773208
1.714303778836802
1.7143037806749584
1.7143037819406874
1.7143037836999637
1.7143037847555296
1.714303785388869
1.7143037857744874
1.7143037863695765
1.7143037868295787
1.7143037871055802
1.714303787271181
1.7143037873705413
1.7143037874301579
1.7143037874659277
1.7143037875207081
1.714303787662249
1.714303787747396
1.7143037877984841
1.7143037878291514
1.7143037878931744
1.7143037879316487
1.7143037879547331
1.714303787968584
1.7143037879768943
1.7143037879827117
1.714303788001544
1.7143037880128555
1.7143037880196428
1.7143037880237149
1.7143037880300849
1.7143037880378273
1.7143037880424732
1.7143037880452603
1.714303788047784
1.7143037880514513
1.7143037880536522
1.7143037880549727
1.714303788055765
1.7143037880562402
1.714303788056675
1.7143037880574366
1.7143037880578937
1.7143037880581677
1.7143037880583327
1.714303788058431
1.714303788058545
1.7143037880587897
1.7143037880589362
1.7143037880590242
1.7143037880590934
1.7143037880591903
1.714303788059248
1.7143037880592833
1.7143037880593042
1.7143037880593217
1.714303788059372
1.7143037880594019
1.71430378805942
1.714303788059431
1.714303788059452
1.7143037880594656
1.714303788059474
1.7143037880594791
1.7143037880594847
1.7143037880594933
1.7143037880594985
1.7143037880595016
1.7143037880595033
1.7143037880595073
1.71430378805951
1.7143037880595113
1.7143037880595124
1.7143037880595133
1.7143037880595149
1.7143037880595156
1.714303788059516
1.7143037880595164
1.7143037880595164
1.7143037880595173
1.7143037880595178
1.714303788059518
1.7143037880595182
1.7143037880595189
1.7143037880595189
1.7143037880595193
1.7143037880595193
1.7143037880595193
1.7143037880595193
1.7143037880595193
1.7143037880595193
1.7143037880595193
1.7143037880595193
