2.380178038236057
2.380178038236057
2.380178038236057
2.380178038236057
2.380178038236057
2.380178038236057
2.380178038236057
2.380178038236057
2.380178038236057
2.380178038236057
2.380178038236057
2.380178038236057
2.380178038236057
2.380178038236057
2.380178038236057
2.380178038236057
2.380178038236057
2.380178038236057
2.380178038236057
2.380178038236057
2.380178038236057
2.380178038236057
2.380178038236057
2.380178038236057
2.380178038236057
2.380178038236057
2.380178038236057
2.380178038236057
2.380178038236057
2.380178038236057
2.380178038236057
2.380178038236057
2.380178038236057
2.380178038236057
2.380178038236057
2.380517981529127
2.380517981529127
2.380517981529127
2.380517981529127
2.380517981529127
2.380517981529127
2.380517981529127
2.380517981529127
2.380517981529127
2.380517981529127
2.380517981529127
2.3805720517742732
2.3805720517742732
2.3805720517742732
2.3805810394307443
2.3806027953454305
2.3806027953454305
2.380628931458361
2.380633740173971
2.3806385585648027
2.3806445036278014
2.3806504331382916
2.3806539908549973
2.3806561254887693
2.380657406270382
2.380658174739835
2.38066023648843
2.3806629407681252
2.380664575774181
2.380665556778599
2.3806664592521467
2.3806681239361502
2.3806693954112914
2.3806701582968453
2.380670656218088
2.3806710101775543
2.3806716036365088
2.3806716036365088
2.380672236903821
2.3806723584061884
2.380672451614733
2.3806725398527275
2.3806726366480704
2.3806726985634135
2.380672742607922
2.380672813802774
2.3806728616667043
2.380672890815539
2.380672908930673
2.38067292086428
2.3806729280244454
2.380672936865777
2.380672944312825
2.380672949071706
2.380672952927936
2.3806729563531808
2.3806729584294652
2.3806729607450263
2.3806729625521945
2.3806729640522852
2.3806729649915046
2.3806729657674848
2.3806729665493997
2.380672967035042
2.3806729673264266
2.380672967510395
2.3806729677272247
2.38067296787094
2.38067296795717
2.3806729680167114
2.380672968065623
2.3806729681054173
2.3806729681437773
2.3806729681743133
2.380672968194121
2.3806729682061554
2.380672968215057
2.3806729682241152
2.380672968234247
2.3806729682421732
2.3806729682472905
2.380672968251091
2.380672968255515
2.380672968258249
2.3806729682599053
2.3806729682610253
2.3806729682619943
2.3806729682626795
2.3806729682634256
2.3806729682639527
2.3806729682642933
2.3806729682647148
2.380672968265049
2.380672968265283
2.3806729682654257
2.3806729682655114
2.3806729682655696
2.3806729682656043
2.380672968265645
2.380672968265716
2.380672968265759
2.3806729682657846
2.380672968265816
2.3806729682658556
2.380672968265879
2.380672968265894
2.3806729682659022
2.380672968265923
2.380672968265937
2.3806729682659458
2.380672968265953
2.380672968265961
2.380672968265966
2.380672968265968
2.38067296826597
2.3806729682659733
2.3806729682659755
2.3806729682659773
2.3806729682659777
2.380672968265978
2.380672968265979
2.3806729682659795
2.38067296826598
2.38067296826598
2.38067296826598
2.3806729682659804
2.3806729682659804
2.3806729682659813
2.3806729682659813
2.3806729682659813
2.3806729682659813
2.3806729682659813
2.3806729682659813
2.3806729682659813
2.3806729682659813
2.3806729682659813
2.3806729682659813
2.3806729682659813
2.3806729682659813
2.3806729682659813
2.3806729682659813
2.3806729682659813
2.3806729682659813
2.3806729682659813
2.3806729682659813
2.3806729682659813
2.3806729682659813
2.3806729682659813
2.3806729682659813
