2.601966200613697
2.601966200613697
2.601966200613697
2.601966200613697
2.601966200613697
2.601966200613697
2.601966200613697
2.601966200613697
2.601966200613697
2.601966200613697
2.601966200613697
2.601966200613697
2.601966200613697
2.601966200613697
2.601966200613697
2.601966200613697
2.601966200613697
2.601966200613697
2.601966200613697
2.601966200613697
2.601966200613697
2.601966200613697
2.601966200613697
2.601966200613697
2.601966200613697
2.601966200613697
2.601966200613697
2.601966200613697
2.601966200613697
2.601966200613697
2.601966200613697
2.601966200613697
2.601966200613697
2.601966200613697
2.601966200613697
2.601966200613697
2.601966200613697
2.601966200613697
2.601966200613697
2.601966200613697
2.601966200613697
2.601966200613697
2.601966200613697
2.601966200613697
2.601966200613697
2.601966200613697
2.601966200613697
2.601966200613697
2.601966200613697
2.601966200613697
2.601966200613697
2.601966200613697
2.6019702033667915
2.6019702033667915
2.6019702033667915
2.6019702033667915
2.6019738302889253
2.6019738302889253
2.6019738302889253
2.6019738302889253
2.6019738302889253
2.6019746728219104
2.6019757805959136
2.601977550377018
2.6019792580414145
2.601980282640593
2.6019810429510706
2.601982144507086
2.601983279469646
2.601983993636535
2.6019846545301353
2.6019849630768275
2.6019854153879542
2.6019855408127857
2.601985700580801
2.6019858641925135
2.601985923258137
2.601986047548575
2.6019861321868456
2.60198620037261
2.601986238174274
2.6019862909451854
2.6019863493690094
2.601986370563419
2.601986370563419
2.6019863981079228
2.6019864112024464
2.6019864138233095
2.6019864164997544
2.6019864242635715
2.6019864324521973
2.601986437365371
2.6019864406316486
2.601986444816236
2.601986445722815
2.601986447185244
2.601986448844853
2.601986449094743
2.6019864501053664
2.6019864510682833
2.601986451524665
2.601986451798493
2.6019864520835903
2.601986452507295
2.601986452687299
2.601986452800023
2.601986452923438
2.6019864530085397
2.6019864530596015
2.601986453090238
2.6019864531292876
2.6019864531516106
2.6019864531662424
2.6019864531765493
2.6019864531875245
2.601986453200584
2.6019864532021275
2.601986453213713
2.6019864532172545
2.6019864532219286
2.6019864532231063
2.6019864532231063
2.6019864532238484
2.60198645322467
2.6019864532253685
2.601986453226121
2.601986453226392
2.601986453226878
2.6019864532269614
2.6019864532275565
2.6019864532276626
2.601986453227903
2.601986453228075
2.6019864532281867
2.6019864532282586
2.6019864532283026
2.6019864532283417
2.6019864532283714
2.6019864532285526
2.601986453228607
2.601986453228607
2.601986453228607
2.6019864532286534
2.601986453228694
2.6019864532287293
2.6019864532287302
2.60198645322875
2.601986453228769
2.6019864532287746
2.6019864532287813
2.6019864532287866
2.601986453228791
2.601986453228794
2.6019864532287964
2.601986453228798
2.6019864532287995
2.6019864532287995
2.6019864532287995
2.6019864532287995
2.6019864532288004
2.6019864532288004
2.6019864532288004
2.6019864532288004
2.6019864532288004
2.6019864532288004
2.6019864532288004
2.6019864532288004
2.6019864532288004
2.6019864532288004
2.6019864532288004
2.6019864532288004
2.6019864532288004
2.6019864532288004
2.6019864532288004
2.6019864532288004
2.6019864532288004
2.6019864532288004
2.6019864532288004
2.6019864532288004
2.6019864532288004
2.6019864532288004
2.6019864532288004
2.6019864532288004
2.6019864532288004
2.6019864532288004
2.6019864532288004
