1.6600784996846187
1.6600784996846187
1.6600784996846187
1.6600784996846187
1.6600784996846187
1.6600784996846187
1.6600784996846187
1.6600784996846187
1.6600784996846187
1.6600784996846187
1.6600784996846187
1.6600784996846187
1.6600784996846187
1.6600784996846187
1.6600784996846187
1.6600784996846187
1.6600784996846187
1.6600784996846187
1.6600784996846187
1.6600784996846187
1.6600784996846187
1.6600784996846187
1.6600784996846187
1.6600784996846187
1.6600784996846187
1.6600784996846187
1.6600784996846187
1.6600784996846187
1.6600784996846187
1.6600784996846187
1.6600784996846187
1.6600784996846187
1.6600784996846187
1.6600784996846187
1.6600784996846187
1.6600784996846187
1.6600784996846187
1.6600784996846187
1.6600784996846187
1.6600784996846187
1.6600784996846187
1.6600784996846187
1.6600784996846187
1.6600784996846187
1.6600784996846187
1.6600784996846187
1.6600784996846187
1.6600784996846187
1.6600784996846187
1.6600784996846187
1.6600784996846187
1.6600784996846187
1.6600784996846187
1.6600784996846187
1.6600784996846187
1.6600784996846187
1.6600784996846187
1.6600784996846187
1.6600784996846187
1.6600795980307503
1.6600795980307503
1.660079621031284
1.6600797861770922
1.6600804987438094
1.6600805228499962
1.6600807060323728
1.6600810950599225
1.6600814193963955
1.6600816338733362
1.6600818600044966
1.6600820137403411
1.6600821047124703
1.6600822797752826
1.6600823668686118
1.6600824430758407
1.6600824430758407
1.6600824894036548
1.6600825273498097
1.660082550857664
1.6600825643030643
1.660082581106566
1.6600826037572105
1.6600826173475973
1.6600826255018295
1.6600826303943688
1.6600826373619966
1.6600826486216038
1.6600826553773684
1.6600826594979743
1.6600826627628018
1.6600826690985782
1.660082672900044
1.6600826751809235
1.6600826766518815
1.660082678785619
1.6600826803522077
1.6600826814957808
1.6600826821953458
1.660082682643963
1.6600826830258242
1.6600826835443416
1.6600826838762954
1.660082684101266
1.6600826842977743
1.6600826844620558
1.6600826845712147
1.660082684650943
1.6600826847175592
1.6600826847625834
1.6600826847972012
1.6600826848189594
1.6600826848363415
1.660082684847254
1.6600826848561399
1.6600826848636274
1.6600826848705896
1.6600826848755201
1.6600826848789934
1.6600826848836348
1.6600826848854373
1.6600826848874917
1.6600826848879453
1.660082684888541
1.6600826848896832
1.660082684890565
1.6600826848913737
1.6600826848919439
1.6600826848923709
1.6600826848927395
1.6600826848935613
1.6600826848938164
1.660082684894092
1.660082684894249
1.6600826848946195
1.6600826848948707
1.6600826848950212
1.660082684895186
1.660082684895416
1.6600826848955539
1.660082684895637
1.6600826848957102
1.6600826848957857
1.660082684895832
1.6600826848958654
1.6600826848958865
1.6600826848959087
1.660082684895922
1.660082684895932
1.6600826848959427
1.6600826848959498
1.6600826848959545
1.6600826848959593
1.6600826848959624
1.6600826848959653
1.660082684895967
1.660082684895968
1.6600826848959693
1.6600826848959704
1.6600826848959707
1.6600826848959713
1.6600826848959715
1.6600826848959718
1.6600826848959722
1.6600826848959724
1.6600826848959724
1.6600826848959727
1.6600826848959727
1.6600826848959727
1.6600826848959727
1.6600826848959727
1.6600826848959727
1.6600826848959727
1.6600826848959727
1.6600826848959727
1.6600826848959727
1.6600826848959727
1.6600826848959727
1.6600826848959727
1.6600826848959727
1.6600826848959727
1.6600826848959727
1.6600826848959727
1.6600826848959727
1.6600826848959727
1.6600826848959727
1.6600826848959727
