1.4470367850913572
1.4470367850913572
1.4470367850913572
1.4470367850913572
1.4470367850913572
1.4470367850913572
1.4470367850913572
1.4470367850913572
1.4470367850913572
1.4470367850913572
1.4470367850913572
1.4470367850913572
1.4470367850913572
1.4470367850913572
1.4470367850913572
1.4470367850913572
1.4470367850913572
1.4470367850913572
1.4470367850913572
1.4470367850913572
1.4470367850913572
1.4470367850913572
1.4470367850913572
1.4470367850913572
1.4470367850913572
1.4470367850913572
1.4470367850913572
1.4470367850913572
1.4470367850913572
1.4470367850913572
1.4470367850913572
1.4470367850913572
1.4470367850913572
1.4470367850913572
1.4470367850913572
1.4470367850913572
1.4470367850913572
1.4470367850913572
1.4470367850913572
1.4470367850913572
1.4470367850913572
1.4470367850913572
1.4470367850913572
1.4470367850913572
1.4470367850913572
1.4470367850913572
1.4470367850913572
1.4470367850913572
1.4470367850913572
1.4470367850913572
1.4470367850913572
1.4470367850913572
1.4470367850913572
1.4470367850913572
1.4470367850913572
1.4470367850913572
1.4470367850913572
1.4470367850913572
1.4470367850913572
1.4470367850913572
1.4470367850913572
1.4470367850913572
1.4470370247480904
1.4470375010485292
1.4470375010485292
1.447040019087858
1.447040019087858
1.4470402087252345
1.4470410733319052
1.4470416304715952
1.4470420575179008
1.447042290657584
1.4470427893910305
1.4470429869670358
1.4470432553905077
1.4470433690060833
1.4470435585133161
1.4470436966455533
1.4470437770800157
1.4470438794563472
1.4470439599638496
1.447044008268351
1.447044037251052
1.4470440544756593
1.4470440850772692
1.4470441050162801
1.4470441172228516
1.4470441259034157
1.4470441311001159
1.4470441480217666
1.4470441584427776
1.4470441590272527
1.4470441658287874
1.4470441707125863
1.4470441747158262
1.4470441768564504
1.447044178964235
1.447044180426258
1.4470441821258442
1.4470441823849893
1.447044183548345
1.4470441837597836
1.4470441841569357
1.4470441844998694
1.4470441847082312
1.4470441848332474
1.4470441849082578
1.4470441851316462
1.4470441853731735
1.447044185539439
1.4470441856463514
1.4470441857342737
1.44704418582666
1.4470441858529743
1.4470441858815408
1.4470441858964045
1.447044185922292
1.447044185935709
1.4470441859454686
1.4470441859576815
1.4470441859669392
1.4470441859697567
1.4470441859750858
1.4470441859813659
1.4470441859849736
1.4470441859876815
1.4470441859895133
1.4470441859936576
1.447044185996327
1.4470441859979286
1.4470441859990146
1.447044186000718
1.4470441860019534
1.4470441860026946
1.4470441860031389
1.4470441860034722
1.4470441860040197
1.4470441860040228
1.4470441860042385
1.4470441860043324
1.4470441860044745
1.4470441860045777
1.4470441860046397
1.4470441860046768
1.4470441860047436
1.4470441860048708
1.447044186004905
1.447044186004949
1.4470441860049725
1.4470441860050007
1.4470441860050178
1.4470441860050323
1.447044186005036
1.4470441860050487
1.4470441860050576
1.4470441860050627
1.4470441860050658
1.4470441860050713
1.4470441860050776
1.4470441860050804
1.4470441860050804
1.4470441860050804
1.447044186005082
1.447044186005082
1.4470441860050822
1.4470441860050822
1.4470441860050833
1.4470441860050842
1.4470441860050844
1.4470441860050849
1.447044186005085
1.447044186005085
1.4470441860050856
1.4470441860050856
1.4470441860050856
1.4470441860050858
1.4470441860050858
1.4470441860050858
1.4470441860050858
1.4470441860050858
1.4470441860050858
1.4470441860050858
1.4470441860050858
1.4470441860050858
1.4470441860050858
1.4470441860050858
1.4470441860050858
1.4470441860050858
1.4470441860050858
1.4470441860050858
