1.7504726090980032
1.7504726090980032
1.7504726090980032
1.7504726090980032
1.7504726090980032
1.7504726090980032
1.7504726090980032
1.7504726090980032
1.7504726090980032
1.7504726090980032
1.7504726090980032
1.7504726090980032
1.7504726090980032
1.7504726090980032
1.7504726090980032
1.7504726090980032
1.7504726090980032
1.7504726090980032
1.7504726090980032
1.7504726090980032
1.7504726090980032
1.7504726090980032
1.7504726090980032
1.7504726090980032
1.7504726090980032
1.7504726090980032
1.7504726090980032
1.7504726090980032
1.7504726090980032
1.7504726090980032
1.7504726090980032
1.7504726090980032
1.7504726090980032
1.7504726090980032
1.7504726090980032
1.7504726090980032
1.7504726090980032
1.7504726090980032
1.7504726090980032
1.7504726090980032
1.7504726090980032
1.750478257029815
1.750478257029815
1.750478257029815
1.750478257029815
1.7504866079093595
1.7504866079093595
1.7504866079093595
1.7504866079093595
1.7504866079093595
1.7504866079093595
1.7504866079093595
1.7504866079093595
1.7504866079093595
1.7504866079093595
1.7504866079093595
1.7504866079093595
1.750486707250344
1.750486707250344
1.750490006949158
1.7504909405223834
1.7504919429743464
1.7504925969832787
1.7504928933875739
1.7504937855406266
1.750494529813305
1.7504946434635906
1.7504949212268288
1.7504952038000197
1.7504957101753154
1.7504960140005021
1.7504964070440365
1.7504965512939241
1.7504967760525996
1.7504970635759147
1.7504971039162451
1.7504971563085965
1.7504972305723088
1.7504973148535132
1.7504973923365876
1.7504974114317073
1.7504974557754382
1.7504974886394433
1.7504975169025554
1.750497542428953
1.7504975437247583
1.7504975596702246
1.7504975652550225
1.750497574211624
1.7504975777928462
1.7504975808261227
1.7504975843670232
1.750497589040517
1.7504975927136246
1.750497594917489
1.7504975964470861
1.7504975975775903
1.7504975983892168
1.7504975991293645
1.7504975998957621
1.7504976004308672
1.7504976007519302
1.750497600956623
1.750497601199006
1.7504976013746159
1.7504976015062448
1.7504976016077667
1.7504976016845497
1.7504976017400773
1.750497601799295
1.7504976018418752
1.7504976018851548
1.7504976019152745
1.7504976019338092
1.7504976019508893
1.75049760196908
1.7504976019833285
1.7504976019920189
1.750497601997582
1.7504976020045937
1.7504976020089553
1.7504976020115723
1.7504976020132343
1.750497602015855
1.7504976020181438
1.7504976020195722
1.7504976020204295
1.750497602020952
1.7504976020222263
1.7504976020230163
1.7504976020234904
1.7504976020238567
1.7504976020244216
1.750497602024774
1.750497602024985
1.750497602025112
1.750497602025188
1.7504976020253082
1.7504976020254384
1.7504976020255165
1.7504976020255636
1.750497602025625
1.7504976020256806
1.7504976020257144
1.7504976020257341
1.7504976020257597
1.7504976020257799
1.7504976020257923
1.7504976020258036
1.7504976020258156
1.7504976020258232
1.7504976020258274
1.7504976020258338
1.7504976020258387
1.750497602025841
1.750497602025843
1.7504976020258438
1.7504976020258445
1.7504976020258456
1.750497602025846
1.7504976020258465
1.7504976020258467
1.7504976020258471
1.7504976020258471
1.7504976020258476
1.7504976020258476
1.7504976020258476
1.7504976020258476
1.7504976020258476
1.7504976020258476
1.7504976020258476
1.7504976020258476
1.7504976020258476
1.7504976020258476
1.7504976020258476
1.7504976020258476
1.7504976020258476
1.7504976020258476
1.7504976020258476
1.7504976020258476
1.7504976020258476
1.7504976020258476
1.7504976020258476
1.7504976020258476
1.7504976020258476
1.7504976020258476
