1.7467018407044697
1.7467018407044697
1.7467018407044697
1.7467018407044697
1.7467018407044697
1.7467018407044697
1.7467018407044697
1.7467018407044697
1.7467018407044697
1.7467018407044697
1.7467018407044697
1.7467018407044697
1.7467018407044697
1.7467018407044697
1.7467018407044697
1.7467018407044697
1.7467018407044697
1.7467018407044697
1.7467018407044697
1.7467018407044697
1.7467018407044697
1.7467018407044697
1.7467018407044697
1.7467018407044697
1.7467018407044697
1.7467018407044697
1.7467018407044697
1.7467018407044697
1.7467018407044697
1.7467018407044697
1.7467018407044697
1.7467018407044697
1.7467018407044697
1.7467018407044697
1.7467018407044697
1.7467018407044697
1.7467018407044697
1.7467018407044697
1.7467018407044697
1.7467018407044697
1.7467018407044697
1.7467018407044697
1.7467018407044697
1.7467270290171837
1.7467270290171837
1.7467270290171837
1.7467270290171837
1.7467270290171837
1.7467270290171837
1.7467270290171837
1.7467270290171837
1.7467270290171837
1.7467313034050491
1.7467313034050491
1.7467313034050491
1.7467313034050491
1.7467313034050491
1.7467313034050491
1.7467313034050491
1.7467313034050491
1.7467313034050491
1.7467313034050491
1.7467313034050491
1.7467316943288453
1.7467320941536597
1.7467323672074904
1.7467325635656077
1.7467329764918775
1.7467332232852113
1.7467333713612592
1.7467334602069047
1.746733519239968
1.7467336609059165
1.7467337847752225
1.7467338694652337
1.7467339202792442
1.7467339577126866
1.7467340356959806
1.7467340878880748
1.7467341195223258
1.7467341418406725
1.746734172844003
1.7467341952602742
1.746734210240842
1.7467342192291833
1.7467342256033371
1.7467342347614248
1.7467342406226136
1.7467342441393263
1.746734246453092
1.7467342505245842
1.746734253434425
1.7467342552818799
1.7467342563903532
1.7467342570554374
1.746734258083562
1.7467342596962647
1.7467342606638856
1.746734261244458
1.7467342615928017
1.7467342618018076
1.7467342619272115
1.7467342620024542
1.7467342623422475
1.7467342628242892
1.746734263113514
1.746734263287049
1.7467342633911696
1.7467342635988585
1.7467342637488525
1.7467342638388486
1.7467342638928467
1.7467342639856898
1.7467342640489094
1.7467342640868408
1.7467342641095993
1.7467342641391685
1.746734264168071
1.746734264185412
1.7467342641958172
1.7467342642036272
1.7467342642120667
1.74673426421713
1.7467342642201678
1.7467342642219912
1.7467342642233867
1.7467342642251322
1.74673426422618
1.7467342642268093
1.746734264227594
1.746734264228208
1.746734264228577
1.746734264228798
1.7467342642291084
1.7467342642293908
1.7467342642295596
1.7467342642296657
1.7467342642298078
1.7467342642298935
1.746734264229946
1.7467342642299764
1.746734264229995
1.7467342642300063
1.7467342642300208
1.7467342642300314
1.7467342642300374
1.7467342642300412
1.7467342642300463
1.746734264230052
1.746734264230055
1.7467342642300572
1.746734264230059
1.7467342642300616
1.7467342642300632
1.746734264230064
1.746734264230065
1.7467342642300658
1.7467342642300663
1.7467342642300665
1.7467342642300665
1.7467342642300672
1.7467342642300672
1.7467342642300672
1.7467342642300672
1.7467342642300672
1.7467342642300672
1.7467342642300672
1.7467342642300672
1.7467342642300672
1.7467342642300672
1.7467342642300672
1.7467342642300672
1.7467342642300672
1.7467342642300672
1.7467342642300672
1.7467342642300672
1.7467342642300672
1.7467342642300672
1.7467342642300672
1.7467342642300672
1.7467342642300672
1.7467342642300672
1.7467342642300672
