2.182029664335734
2.182029664335734
2.182029664335734
2.182029664335734
2.182029664335734
2.182029664335734
2.182029664335734
2.182029664335734
2.182029664335734
2.182029664335734
2.182029664335734
2.182029664335734
2.182029664335734
2.182029664335734
2.182029664335734
2.182029664335734
2.182029664335734
2.182029664335734
2.182029664335734
2.182029664335734
2.182029664335734
2.182029664335734
2.182029664335734
2.182029664335734
2.182029664335734
2.182029664335734
2.182029664335734
2.182029664335734
2.182029664335734
2.182029664335734
2.182029664335734
2.182029664335734
2.182029664335734
2.182029664335734
2.182029664335734
2.182029664335734
2.182029664335734
2.182029664335734
2.182029664335734
2.182029664335734
2.182029664335734
2.182029664335734
2.182029664335734
2.182029664335734
2.182029664335734
2.182029664335734
2.182029664335734
2.182029664335734
2.182029664335734
2.182029664335734
2.182029664335734
2.182029664335734
2.182029664335734
2.1820311909690004
2.1820311909690004
2.1820311909690004
2.182033456243078
2.182033456243078
2.182033456243078
2.182033456243078
2.1820337642116217
2.1820341871537376
2.1820344483562013
2.1820349863813147
2.182035461205395
2.182035634494861
2.182035904974129
2.182036131531014
2.1820362787256213
2.1820364512576678
2.182036717010494
2.1820368618529447
2.18203695792504
2.18203695792504
2.1820370494108006
2.182037082414885
2.1820371077229157
2.1820371179514053
2.1820371303804835
2.18203714234593
2.1820371540658945
2.1820371764768747
2.182037191233884
2.18203720008809
2.1820372079292527
2.1820372079292527
2.1820372079292527
2.1820372079292527
2.1820372095601472
2.1820372095601472
2.1820372095601472
2.1820372095601472
2.1820372098628957
2.1820372104680326
2.1820372104680326
2.1820372104680326
2.1820372108295105
2.182037210914899
2.18203721094184
2.182037210979813
2.182037211018071
2.1820372110614197
2.182037211100722
2.182037211228963
2.182037211280506
2.182037211319311
2.1820372113386157
2.1820372113584745
2.1820372113660955
2.1820372113807025
2.1820372113807025
2.1820372113881628
2.182037211397717
2.1820372114043036
2.1820372114082556
2.1820372114128332
2.182037211416173
2.1820372114190434
2.1820372114190434
2.1820372114190434
2.1820372114205724
2.1820372114205924
2.1820372114205924
2.1820372114205924
2.1820372114206243
2.1820372114206505
2.1820372114208793
2.1820372114211457
2.1820372114211786
2.18203721142128
2.1820372114213495
2.1820372114213624
2.182037211421415
2.182037211421415
2.182037211421418
2.1820372114214504
2.1820372114214748
2.18203721142149
2.182037211421514
2.1820372114215316
2.1820372114215423
2.1820372114215507
2.1820372114215596
2.1820372114215707
2.182037211421578
2.182037211421582
2.1820372114215867
2.182037211421592
2.1820372114215956
2.1820372114215956
2.1820372114215956
2.182037211421597
2.1820372114215982
2.1820372114216
2.1820372114216005
2.182037211421602
2.1820372114216027
2.1820372114216036
2.1820372114216036
2.1820372114216036
2.182037211421604
2.1820372114216045
2.1820372114216045
2.1820372114216045
2.1820372114216045
2.1820372114216045
2.1820372114216045
2.1820372114216045
2.1820372114216045
2.1820372114216045
2.1820372114216045
2.1820372114216045
2.1820372114216045
2.1820372114216045
2.1820372114216045
2.1820372114216045
2.1820372114216045
2.1820372114216045
2.1820372114216045
2.1820372114216045
2.1820372114216045
2.1820372114216045
