1.3943186117904425
1.3943186117904425
1.3943186117904425
1.3943186117904425
1.3943186117904425
1.3943186117904425
1.3943186117904425
1.3943186117904425
1.3943186117904425
1.3943186117904425
1.3943186117904425
1.3943186117904425
1.3943186117904425
1.3943186117904425
1.3943186117904425
1.3943186117904425
1.3943186117904425
1.3943186117904425
1.3943186117904425
1.3943186117904425
1.3943186117904425
1.3943186117904425
1.3943186117904425
1.3943186117904425
1.3943186117904425
1.3943186117904425
1.3943186117904425
1.3943186117904425
1.3943186117904425
1.3943186117904425
1.3943186117904425
1.3943186117904425
1.3943186117904425
1.3943186117904425
1.3943186117904425
1.3943186117904425
1.3943186117904425
1.3943186117904425
1.3943186117904425
1.3943186117904425
1.3943186117904425
1.3943186117904425
1.3943186117904425
1.3943186117904425
1.3943186117904425
1.3943186117904425
1.3943186117904425
1.3943186117904425
1.3943186117904425
1.3943186117904425
1.3943186117904425
1.3943186117904425
1.3943186117904425
1.3943186117904425
1.3943186117904425
1.3943186117904425
1.3943186117904425
1.3943186117904425
1.3943186117904425
1.3943186117904425
1.3943186117904425
1.3943186117904425
1.3943186117904425
1.3943186117904425
1.3943186117904425
1.3943186117904425
1.3943186117904425
1.3943186117904425
1.3943186117904425
1.3943189784459151
1.394319282384014
1.394319282384014
1.3943195997193436
1.3943197643816383
1.3943197643816383
1.3943198775745567
1.3943200430681193
1.3943201911787457
1.3943203229209393
1.3943203839336735
1.3943204761860037
1.3943205616653844
1.3943206129530146
1.394320681478579
1.3943206987321808
1.394320768562776
1.3943208099575202
1.3943208392114106
1.3943208495861832
1.3943208688733875
1.3943209002356531
1.394320907485111
1.394320932429643
1.3943209450477823
1.3943209548564859
1.394320967566662
1.3943209751927672
1.394320979768431
1.3943209825138285
1.3943209841610673
1.3943209873436957
1.3943209922253859
1.3943209940010866
1.3943209957407585
1.394320996392681
1.394320996392681
1.394320996505861
1.3943209975833413
1.394320997667362
1.3943209981433828
1.3943209981433828
1.394320998343846
1.3943209985697909
1.3943209986415073
1.3943209986415073
1.3943209986415073
1.3943209986415073
1.394320998653215
1.394320998686539
1.394320998686539
1.394320998686539
1.394320998686539
1.394320998686539
1.3943209986930827
1.3943209986930827
1.3943209986930827
1.3943209986937997
1.3943209986963478
1.3943209986963478
1.3943209986971006
1.3943209986971006
1.394320998698114
1.3943209987009064
1.3943209987012353
1.3943209987022573
1.3943209987031853
1.3943209987039809
1.3943209987042282
1.39432099870465
1.394320998704859
1.3943209987049843
1.3943209987051695
1.3943209987054879
1.3943209987055534
1.3943209987056746
1.3943209987056746
1.39432099870573
1.3943209987057745
1.394320998705802
1.3943209987058185
1.3943209987058578
1.3943209987058776
1.3943209987058955
1.394320998705902
1.394320998705902
1.3943209987059177
1.3943209987059189
1.3943209987059224
1.3943209987059244
1.3943209987059293
1.3943209987059306
1.3943209987059333
1.3943209987059366
1.3943209987059375
1.3943209987059386
1.39432099870594
1.394320998705941
1.394320998705942
1.394320998705942
1.3943209987059428
1.394320998705943
1.394320998705943
1.394320998705943
1.394320998705943
1.394320998705943
1.394320998705943
1.394320998705943
1.394320998705943
1.394320998705943
1.394320998705943
1.394320998705943
1.394320998705943
1.394320998705943
1.394320998705943
1.394320998705943
1.394320998705943
1.394320998705943
1.394320998705943
1.394320998705943
1.394320998705943
1.394320998705943
1.394320998705943
1.394320998705943
1.394320998705943
1.394320998705943
