1.9411225990481642
1.9411225990481642
1.9411225990481642
1.9411225990481642
1.9411225990481642
1.9411225990481642
1.9411225990481642
1.9411225990481642
1.9411225990481642
1.9411225990481642
1.9411225990481642
1.9411225990481642
1.9411225990481642
1.9411225990481642
1.9411225990481642
1.9411225990481642
1.9411225990481642
1.9411225990481642
1.9411225990481642
1.9411225990481642
1.9411225990481642
1.9411225990481642
1.9411225990481642
1.9411225990481642
1.9411225990481642
1.9411225990481642
1.9411225990481642
1.9411225990481642
1.9411225990481642
1.9411225990481642
1.9411225990481642
1.9411225990481642
1.9411225990481642
1.9411225990481642
1.9411225990481642
1.9411225990481642
1.9411225990481642
1.9411225990481642
1.9411225990481642
1.9411225990481642
1.9411225990481642
1.9411225990481642
1.9411225990481642
1.9411225990481642
1.9411225990481642
1.9411225990481642
1.9411225990481642
1.9411225990481642
1.9411225990481642
1.9411225990481642
1.9411225990481642
1.941127344614443
1.941127344614443
1.941127344614443
1.9411302800158796
1.9411302800158796
1.9411302800158796
1.9411308662631734
1.9411323620317216
1.9411325922116796
1.9411333016917998
1.9411337273799392
1.9411344840557356
1.941135516234394
1.9411361355420187
1.9411366141695512
1.9411373651100667
1.941138116842803
1.9411385678826565
1.941138851154214
1.9411390610583483
1.9411393321311718
1.9411394746624422
1.9411395605645894
1.9411396469864033
1.94113972937689
1.9411397694667547
1.9411398074942663
1.9411398338715888
1.9411398650010887
1.9411398831853044
1.9411398969614861
1.941139909318326
1.941139918267112
1.9411399262745637
1.9411399321305653
1.9411399371505669
1.94113994205011
1.9411399431292713
1.9411399447973496
1.9411399468307238
1.9411399488447747
1.9411399500532058
1.9411399515179377
1.9411399525895532
1.9411399532884275
1.9411399538012917
1.9411399540780316
1.9411399545925867
1.9411399548797645
1.9411399550520714
1.9411399551554551
1.941139955217486
1.9411399553217046
1.9411399554632747
1.9411399555562614
1.9411399556366984
1.941139955692465
1.9411399557474505
1.941139955795795
1.9411399558248015
1.9411399558534461
1.941139955877673
1.941139955894292
1.9411399559071825
1.9411399559152858
1.9411399559238263
1.9411399559289504
1.9411399559320253
1.9411399559351765
1.9411399559375815
1.9411399559391644
1.9411399559405598
1.9411399559420053
1.941139955942873
1.9411399559435096
1.9411399559439364
1.9411399559441924
1.9411399559445746
1.9411399559449198
1.941139955945132
1.9411399559452596
1.941139955945336
1.9411399559455134
1.9411399559456508
1.9411399559457332
1.9411399559457834
1.9411399559458131
1.9411399559458913
1.9411399559459406
1.9411399559459697
1.9411399559459876
1.9411399559459983
1.941139955946023
1.94113995594605
1.9411399559460658
1.941139955946076
1.9411399559460814
1.941139955946085
1.9411399559460962
1.9411399559461073
1.9411399559461135
1.941139955946118
1.94113995594612
1.9411399559461264
1.941139955946133
1.9411399559461369
1.9411399559461393
1.9411399559461409
1.9411399559461426
1.9411399559461442
1.941139955946145
1.9411399559461453
1.9411399559461462
1.9411399559461466
1.9411399559461466
1.941139955946147
1.9411399559461473
1.9411399559461473
1.9411399559461473
1.9411399559461473
1.9411399559461473
1.9411399559461473
1.9411399559461473
1.9411399559461473
1.9411399559461473
1.9411399559461473
1.9411399559461473
1.9411399559461473
1.9411399559461473
1.9411399559461473
1.9411399559461473
