2.208446714487748
2.208446714487748
2.208446714487748
2.208446714487748
2.208446714487748
2.208446714487748
2.208446714487748
2.208446714487748
2.208446714487748
2.208446714487748
2.208446714487748
2.208446714487748
2.208446714487748
2.208446714487748
2.208446714487748
2.208446714487748
2.208446714487748
2.208446714487748
2.208446714487748
2.208446714487748
2.208446714487748
2.208446714487748
2.208446714487748
2.208446714487748
2.208446714487748
2.208446714487748
2.208446714487748
2.208446714487748
2.208446714487748
2.208446714487748
2.208446714487748
2.208446714487748
2.208446714487748
2.208446714487748
2.208446714487748
2.208446714487748
2.208446714487748
2.208446714487748
2.208446714487748
2.208446714487748
2.208446714487748
2.208446714487748
2.208446714487748
2.208446714487748
2.208446714487748
2.208446714487748
2.208446714487748
2.208446714487748
2.208446714487748
2.208446714487748
2.208446714487748
2.208446714487748
2.208446714487748
2.208446714487748
2.208446714487748
2.208446714487748
2.208446714487748
2.208446714487748
2.208447265463225
2.208447265463225
2.208447265463225
2.208447265463225
2.20844833115255
2.2084489625035144
2.2084489625035144
2.208449142357122
2.208449525373157
2.2084501025353185
2.2084505099008003
2.208450572866555
2.208451698564865
2.2084520572960242
2.2084523670756093
2.20845269179519
2.2084528730646054
2.20845309249067
2.2084532677322732
2.2084533915589355
2.208453501893264
2.2084535812077215
2.2084536703201927
2.2084537284780135
2.2084537601426053
2.208453800457793
2.208453833638791
2.208453858759275
2.208453873831565
2.2084538936140676
2.2084539194229325
2.2084539358780777
2.208453950299545
2.2084539636327944
2.2084539739316096
2.2084539808392694
2.208453990003523
2.2084539912524224
2.208453997464332
2.2084539984438467
2.2084539990315553
2.2084539996559345
2.2084540025751824
2.2084540044952035
2.208454005647216
2.208454006631313
2.2084540071866385
2.2084540079364214
2.2084540079364214
2.20845400815597
2.2084540082957247
2.208454008474612
2.208454008603344
2.208454008680583
2.2084540087375895
2.2084540088364695
2.2084540089030598
2.2084540089423035
2.2084540089711275
2.208454008996848
2.2084540090204205
2.2084540090409566
2.2084540090453784
2.208454009049719
2.208454009053595
2.2084540090588543
2.208454009062968
2.208454009067993
2.2084540090710085
2.2084540090734173
2.2084540090771965
2.208454009080127
2.208454009081776
2.208454009081776
2.208454009081776
2.208454009081776
2.208454009081978
2.208454009081978
2.208454009081978
2.208454009081978
2.208454009081978
2.2084540090820304
2.208454009082227
2.208454009082329
2.208454009082329
2.208454009082329
2.208454009082346
2.208454009082362
2.208454009082362
2.208454009082367
2.2084540090823728
2.2084540090823928
2.2084540090824407
2.208454009082469
2.208454009082487
2.208454009082519
2.2084540090825446
2.20845400908256
2.2084540090825695
2.20845400908258
2.2084540090825886
2.2084540090825917
2.208454009082595
2.208454009082597
2.2084540090825984
2.2084540090825997
2.2084540090826
2.2084540090826006
2.2084540090826006
2.208454009082601
2.2084540090826015
2.2084540090826015
2.208454009082602
2.2084540090826024
2.2084540090826024
2.2084540090826024
2.2084540090826024
2.2084540090826024
2.2084540090826024
2.2084540090826024
2.2084540090826024
2.2084540090826024
2.2084540090826024
2.2084540090826024
2.2084540090826024
2.2084540090826024
2.2084540090826024
2.2084540090826024
2.2084540090826024
2.2084540090826024
2.2084540090826024
2.2084540090826024
2.2084540090826024
2.2084540090826024
