4.144773898134813
4.144773898134813
4.144773898134813
4.144773898134813
4.144773898134813
4.144773898134813
4.144773898134813
4.144773898134813
4.144773898134813
4.144773898134813
4.144773898134813
4.144773898134813
4.144773898134813
4.144773898134813
4.144773898134813
4.144773898134813
4.144773898134813
4.144773898134813
4.144773898134813
4.144773898134813
4.144773898134813
4.144773898134813
4.144773898134813
4.144773898134813
4.144773898134813
4.144773898134813
4.144773898134813
4.144773898134813
4.144773898134813
4.144773898134813
4.144773898134813
4.144773898134813
4.144773898134813
4.144773898134813
4.144773898134813
4.144773898134813
4.144773898134813
4.144773898134813
4.144773898134813
4.144773898134813
4.144773898134813
4.144773898134813
4.144773898134813
4.144773898134813
4.144773898134813
4.144773898134813
4.144773898134813
4.144773898134813
4.144773898134813
4.144773898134813
4.144773898134813
4.144773898134813
4.144773898134813
4.144773898134813
4.144773898134813
4.144773898134813
4.144773898134813
4.144773898134813
4.144776120326972
4.144776120326972
4.144776120326972
4.144779830871564
4.144779830871564
4.144780820585965
4.1447827699766835
4.144785099922671
4.144786068436714
4.144786897023123
4.144788295881518
4.144789406792173
4.1447901183719065
4.1447906657127636
4.144791059193496
4.14479139189052
4.144791603915205
4.144791764942977
4.144791955877152
4.144792086028286
4.144792164118967
4.144792223084072
4.144792272535234
4.1447923488033265
4.144792403878905
4.144792436924255
4.144792456751462
4.144792472773448
4.144792505387116
4.144792524955315
4.144792536696236
4.144792543740788
4.144792548485612
4.1447925571875155
4.144792565187307
4.144792569987182
4.144792572867107
4.144792577782014
4.144792583606764
4.144792587101613
4.144792589198523
4.144792591265514
4.144792593909245
4.144792595495483
4.144792596609964
4.144792598086093
4.14479259897177
4.144792599503177
4.144792599838098
4.144792600338449
4.144792600640086
4.144792600821068
4.14479260092966
4.144792600994813
4.144792601099938
4.14479260118296
4.144792601232774
4.144792601262661
4.144792601300082
4.1447926013573335
4.144792601391685
4.144792601412295
4.144792601438776
4.144792601460615
4.144792601473719
4.144792601481581
4.144792601493239
4.144792601500867
4.144792601505442
4.144792601509649
4.144792601514617
4.144792601517596
4.144792601519478
4.144792601522155
4.1447926015237595
4.144792601524723
4.14479260152594
4.144792601526932
4.144792601527527
4.144792601527884
4.144792601528097
4.144792601528227
4.1447926015285335
4.144792601529087
4.14479260152942
4.144792601529619
4.144792601529739
4.144792601529952
4.144792601530155
4.144792601530279
4.144792601530353
4.144792601530396
4.1447926015304235
4.144792601530483
4.14479260153055
4.144792601530592
4.144792601530615
4.144792601530644
4.144792601530682
4.144792601530702
4.144792601530717
4.1447926015307335
4.144792601530748
4.144792601530757
4.144792601530762
4.144792601530769
4.144792601530778
4.144792601530783
4.144792601530787
4.144792601530789
4.144792601530791
4.144792601530794
4.144792601530796
4.144792601530798
4.144792601530801
4.144792601530802
4.144792601530803
4.144792601530804
4.1447926015308045
4.144792601530805
4.144792601530805
4.144792601530805
4.144792601530806
4.144792601530806
4.144792601530806
4.144792601530807
4.144792601530807
4.144792601530807
4.144792601530807
4.144792601530807
