1.686667030540021
1.686667030540021
1.686667030540021
1.686667030540021
1.686667030540021
1.686667030540021
1.686667030540021
1.686667030540021
1.686667030540021
1.686667030540021
1.686667030540021
1.686667030540021
1.686667030540021
1.686667030540021
1.686667030540021
1.686667030540021
1.686667030540021
1.686667030540021
1.686667030540021
1.686667030540021
1.686667030540021
1.686667030540021
1.686667030540021
1.686667030540021
1.686667030540021
1.686667030540021
1.686667030540021
1.686667030540021
1.686667030540021
1.686667030540021
1.686667030540021
1.686667030540021
1.686667030540021
1.686667030540021
1.686667030540021
1.686667030540021
1.686667030540021
1.686667030540021
1.686667030540021
1.686667030540021
1.686667030540021
1.686667030540021
1.686667030540021
1.686667030540021
1.686667030540021
1.686667030540021
1.686667030540021
1.686667030540021
1.686667030540021
1.686667030540021
1.6866680042464348
1.6866680042464348
1.6866680042464348
1.6866680042464348
1.6866680042464348
1.686668064519456
1.686668204139525
1.6866682879112773
1.6866685248168418
1.6866685248168418
1.6866685248168418
1.6866692469041504
1.686669695586671
1.686669695586671
1.686670410871057
1.6866708345069672
1.6866711053374304
1.6866716989114108
1.6866720550558065
1.686672268742447
1.6866727753253692
1.686673257572995
1.686673522024087
1.6866737151786868
1.6866738706893731
1.6866740877154074
1.6866742726460797
1.6866743521875394
1.6866743999124165
1.6866745014468463
1.686674574590381
1.6866746184765022
1.6866746448081749
1.6866746708755518
1.6866747193447762
1.6866747381178795
1.6866747381178795
1.686674758660794
1.6866747720228712
1.6866747800401174
1.6866747848504653
1.6866747878264416
1.6866747994163314
1.6866748088056414
1.6866748144392272
1.686674817819379
1.6866748198474695
1.686674821064324
1.6866748217944374
1.6866748222325048
1.6866748247056322
1.6866748273850058
1.68667482899263
1.6866748298175183
1.6866748312256719
1.686674832902883
1.68667483389508
1.6866748345439593
1.686674834867274
1.6866748350805698
1.6866748352136347
1.6866748353418093
1.6866748355003254
1.6866748357559505
1.686674836014064
1.6866748361733042
1.686674836268848
1.6866748363326036
1.6866748364126312
1.6866748364606483
1.6866748364922115
1.6866748365172104
1.686674836548362
1.6866748365754518
1.686674836592989
1.6866748366052307
1.6866748366135949
1.6866748366187254
1.6866748366261202
1.6866748366349311
1.6866748366402178
1.68667483664339
1.6866748366452928
1.6866748366464348
1.686674836647215
1.6866748366479145
1.6866748366489466
1.6866748366497473
1.6866748366502395
1.6866748366505349
1.6866748366507118
1.686674836650962
1.6866748366513555
1.6866748366515918
1.6866748366517346
1.6866748366518243
1.686674836651954
1.6866748366521063
1.6866748366521978
1.6866748366522528
1.686674836652287
1.6866748366523334
1.6866748366523632
1.6866748366523812
1.6866748366523927
1.6866748366524034
1.6866748366524136
1.6866748366524198
1.6866748366524236
1.6866748366524276
1.6866748366524305
1.6866748366524322
1.6866748366524333
1.686674836652434
1.6866748366524347
1.6866748366524358
1.6866748366524367
1.6866748366524373
1.686674836652438
1.6866748366524384
1.6866748366524387
1.686674836652439
1.6866748366524391
1.6866748366524391
1.6866748366524393
1.6866748366524393
1.6866748366524396
1.6866748366524396
1.6866748366524396
1.6866748366524398
1.6866748366524398
1.6866748366524398
1.6866748366524398
1.6866748366524398
1.6866748366524398
1.6866748366524398
1.6866748366524398
1.6866748366524398
1.6866748366524398
1.6866748366524398
1.6866748366524398
1.6866748366524398
