1.812173272082825
1.812173272082825
1.812173272082825
1.812173272082825
1.812173272082825
1.812173272082825
1.812173272082825
1.812173272082825
1.812173272082825
1.812173272082825
1.812173272082825
1.812173272082825
1.812173272082825
1.812173272082825
1.812173272082825
1.812173272082825
1.812173272082825
1.812173272082825
1.812173272082825
1.812173272082825
1.812173272082825
1.812173272082825
1.812173272082825
1.812173272082825
1.812173272082825
1.812173272082825
1.812173272082825
1.812173272082825
1.812173272082825
1.812173272082825
1.812173272082825
1.812173272082825
1.812173272082825
1.812173272082825
1.812173272082825
1.812173272082825
1.812173272082825
1.8123534199977547
1.8123534199977547
1.8123534199977547
1.8123534199977547
1.8123534199977547
1.8123534199977547
1.8123534199977547
1.8123534199977547
1.8123915262364003
1.8124221035284476
1.812440449902069
1.8124432478831891
1.8124519128264847
1.812452185887361
1.8124523497240248
1.8124523497240248
1.8124523497240248
1.8124523497240248
1.8124523497240248
1.8124538165486628
1.8124538165486628
1.8124538165486628
1.8124581463488256
1.8124581463488256
1.8124595959628056
1.8124609106976233
1.8124616995386063
1.8124647874823157
1.8124667016729366
1.8124687349176096
1.81246984823158
1.812470745207956
1.8124718740361474
1.8124721268486674
1.8124725638543524
1.8124728587763936
1.8124732547539364
1.8124734972282346
1.8124736427128156
1.8124738327133456
1.8124740349263033
1.8124741829282909
1.8124742717294844
1.8124743250102007
1.8124744468647123
1.8124745298583795
1.81247457965458
1.8124746095323008
1.8124746274589332
1.8124746475967621
1.8124746786015402
1.8124746972044072
1.8124747083661272
1.8124747153266596
1.8124747303618094
1.8124747398265417
1.8124747455053807
1.812474748912684
1.8124747509570658
1.8124747533501424
1.8124747559327339
1.812474757482289
1.8124747584120222
1.8124747597836726
1.812474760751275
1.8124747613404695
1.812474761974715
1.8124747625292696
1.8124747628620022
1.8124747630616418
1.8124747633664928
1.812474763721562
1.812474763934604
1.8124747640624286
1.8124747642585701
1.8124747643797001
1.8124747644523787
1.8124747645040202
1.8124747645648593
1.8124747646017223
1.8124747646238915
1.8124747646371928
1.8124747646656596
1.8124747646955965
1.8124747647135595
1.8124747647270958
1.8124747647443074
1.8124747647546515
1.8124747647608577
1.8124747647672725
1.8124747647728232
1.8124747647761532
1.8124747647781516
1.812474764779351
1.8124747647800703
1.8124747647807589
1.8124747647813493
1.8124747647817072
1.8124747647819222
1.8124747647821347
1.8124747647822794
1.8124747647823667
1.8124747647824186
1.8124747647824495
1.812474764782486
1.8124747647825137
1.8124747647825317
1.8124747647825474
1.8124747647825628
1.812474764782572
1.8124747647825779
1.8124747647825816
1.812474764782584
1.812474764782587
1.8124747647825887
1.8124747647825898
1.812474764782591
1.8124747647825918
1.8124747647825932
1.8124747647825934
1.8124747647825943
1.8124747647825945
1.8124747647825954
1.8124747647825954
1.8124747647825954
1.8124747647825954
1.8124747647825958
1.8124747647825958
1.8124747647825958
1.8124747647825958
1.8124747647825958
1.8124747647825958
1.8124747647825958
1.8124747647825958
1.8124747647825958
1.8124747647825958
1.8124747647825958
1.8124747647825958
1.8124747647825958
1.8124747647825958
1.8124747647825958
1.8124747647825958
1.8124747647825958
1.8124747647825958
1.8124747647825958
1.8124747647825958
1.8124747647825958
1.8124747647825958
1.8124747647825958
1.8124747647825958
1.8124747647825958
1.8124747647825958
1.8124747647825958
1.8124747647825958
