1.2971769867436143
1.2971769867436143
1.2971769867436143
1.2971769867436143
1.2971769867436143
1.2971769867436143
1.2971769867436143
1.2971769867436143
1.2971769867436143
1.2971769867436143
1.2971769867436143
1.2971769867436143
1.2971769867436143
1.2971769867436143
1.2971769867436143
1.2971769867436143
1.2971769867436143
1.2971769867436143
1.2971769867436143
1.2971769867436143
1.2971769867436143
1.2971769867436143
1.2971769867436143
1.2971769867436143
1.2971769867436143
1.2971769867436143
1.2971769867436143
1.2971769867436143
1.2971769867436143
1.2971769867436143
1.2971769867436143
1.2971769867436143
1.2971769867436143
1.2971769867436143
1.2971769867436143
1.2971769867436143
1.2971769867436143
1.2971769867436143
1.2971769867436143
1.2971769867436143
1.2971769867436143
1.2971769867436143
1.2971769867436143
1.2971769867436143
1.2971769867436143
1.2971769867436143
1.2971769867436143
1.2971769867436143
1.2971769867436143
1.2971769867436143
1.2971769867436143
1.2971769867436143
1.2971769867436143
1.2971769867436143
1.2971788215805575
1.2971788215805575
1.2971788215805575
1.2971788215805575
1.2971794401619843
1.2971801755963235
1.2971803425546964
1.2971816962984188
1.2971825085450877
1.2971834838613265
1.2971849053022273
1.2971858853293938
1.2971864733457164
1.2971873441742106
1.2971873441742106
1.2971878495469267
1.297188348069651
1.2971887767324433
1.2971890482673187
1.2971890709619658
1.2971892317391396
1.2971892990794764
1.2971893394836804
1.2971894463301323
1.2971894535949098
1.2971895097217232
1.297189543397812
1.297189567168072
1.2971895880278426
1.2971896009627728
1.2971896200881052
1.2971896459345171
1.297189661679339
1.2971896711262323
1.2971896778249228
1.2971896932893998
1.2971897035466238
1.2971897097881118
1.2971897135330044
1.29718971577994
1.2971897176242586
1.297189721800061
1.297189724317586
1.2971897258281009
1.2971897277201077
1.2971897292694492
1.297189730210368
1.297189730774919
1.2971897311136495
1.297189731596117
1.297189732146989
1.2971897324775123
1.2971897326758266
1.2971897329248887
1.2971897332140576
1.297189733387559
1.29718973349166
1.2971897335541203
1.2971897336005451
1.2971897336594493
1.2971897336947913
1.2971897337159972
1.2971897337287204
1.2971897337363543
1.2971897337409346
1.2971897337436828
1.2971897337556086
1.297189733763938
1.2971897337689355
1.2971897337719343
1.2971897337737335
1.2971897337748128
1.2971897337779001
1.2971897337800156
1.2971897337812848
1.2971897337820504
1.297189733783197
1.2971897337839193
1.2971897337843525
1.2971897337846128
1.297189733784927
1.2971897337851717
1.297189733785318
1.2971897337854064
1.2971897337854588
1.297189733785504
1.297189733785555
1.2971897337855853
1.2971897337856038
1.2971897337856149
1.2971897337856437
1.297189733785664
1.297189733785676
1.2971897337856835
1.297189733785698
1.2971897337857092
1.2971897337857157
1.2971897337857206
1.2971897337857279
1.2971897337857328
1.2971897337857352
1.2971897337857372
1.297189733785738
1.2971897337857397
1.2971897337857408
1.2971897337857414
1.2971897337857419
1.2971897337857423
1.2971897337857428
1.297189733785743
1.2971897337857432
1.2971897337857432
1.2971897337857432
1.2971897337857434
1.2971897337857434
1.2971897337857434
1.2971897337857434
1.2971897337857434
1.2971897337857434
1.2971897337857434
1.2971897337857434
1.2971897337857434
1.2971897337857434
1.2971897337857434
1.2971897337857434
1.2971897337857434
1.2971897337857434
1.2971897337857434
1.2971897337857434
1.2971897337857434
1.2971897337857434
1.2971897337857434
1.2971897337857434
1.2971897337857434
1.2971897337857434
1.2971897337857434
