1.8648146410395703
1.8648146410395703
1.8648146410395703
1.8648146410395703
1.8648146410395703
1.8648146410395703
1.8648146410395703
1.8648146410395703
1.8648146410395703
1.8648146410395703
1.8648146410395703
1.8648146410395703
1.8648146410395703
1.8648146410395703
1.8648146410395703
1.8648146410395703
1.8648146410395703
1.8648146410395703
1.8648146410395703
1.8648146410395703
1.8648146410395703
1.8648146410395703
1.8648146410395703
1.8648146410395703
1.8648146410395703
1.8648146410395703
1.8648146410395703
1.8648146410395703
1.8648146410395703
1.8648146410395703
1.8648146410395703
1.8648146410395703
1.8648146410395703
1.8648146410395703
1.8648146410395703
1.8648146410395703
1.8648146410395703
1.8648146410395703
1.8648146410395703
1.8648146410395703
1.8648146410395703
1.8648146410395703
1.8648146410395703
1.8648205052033702
1.8648205052033702
1.8648205052033702
1.8648205052033702
1.8648783640035855
1.8648783640035855
1.864902411960441
1.864902411960441
1.8649479223224845
1.8649539857175748
1.8649589963707183
1.864975399749876
1.8649870973941634
1.8649959703897139
1.8649993343113556
1.865004426801678
1.8650086836784856
1.8650116714488592
1.8650135000629453
1.8650151984022945
1.8650176721165863
1.8650193657635088
1.8650203017413385
1.865021115510705
1.865021687864968
1.865022627529354
1.8650232479266122
1.865023620164966
1.865024138194966
1.8650246280284526
1.8650249292505092
1.8650251233248376
1.8650254040386387
1.8650255864752028
1.8650256959371396
1.8650257616143027
1.8650258010205987
1.8650259034052519
1.8650259541503451
1.8650260012550757
1.8650260012550757
1.86502603038615
1.8650260375749053
1.8650260432993069
1.8650260444959246
1.8650260478566885
1.865026051480817
1.8650260536552943
1.865026054959981
1.8650260565762047
1.8650260577887632
1.865026059202288
1.8650260603711881
1.8650260610725276
1.8650260614933303
1.8650260617689547
1.8650260623631028
1.8650260628017037
1.8650260630900932
1.8650260633674374
1.8650260636533778
1.8650260638249425
1.86502606392788
1.8650260639960712
1.8650260640838043
1.8650260641457768
1.8650260641891283
1.865026064217714
1.8650260642481296
1.8650260642757746
1.8650260642923617
1.8650260643032197
1.8650260643176106
1.8650260643277743
1.865026064334248
1.8650260643381318
1.8650260643405046
1.8650260643454124
1.8650260643483685
1.8650260643501424
1.865026064352072
1.8650260643536856
1.8650260643547378
1.8650260643554046
1.8650260643561583
1.86502606435661
1.8650260643568812
1.865026064357044
1.8650260643571523
1.8650260643573144
1.8650260643574206
1.8650260643574983
1.8650260643575656
1.8650260643576264
1.8650260643576615
1.8650260643576837
1.8650260643576984
1.8650260643577146
1.8650260643577263
1.8650260643577357
1.8650260643577412
1.8650260643577448
1.865026064357749
1.8650260643577516
1.8650260643577534
1.865026064357755
1.8650260643577556
1.8650260643577574
1.8650260643577574
1.8650260643577574
1.8650260643577574
1.8650260643577574
1.8650260643577574
1.8650260643577574
1.8650260643577574
1.8650260643577574
1.8650260643577574
1.8650260643577574
1.8650260643577574
1.8650260643577574
1.8650260643577574
1.8650260643577574
1.8650260643577574
1.8650260643577574
1.8650260643577574
1.8650260643577574
1.8650260643577574
1.8650260643577574
1.8650260643577574
1.8650260643577574
1.8650260643577574
1.8650260643577574
1.8650260643577574
1.8650260643577574
1.8650260643577574
1.8650260643577574
1.8650260643577574
1.8650260643577574
1.8650260643577574
1.8650260643577574
1.8650260643577574
