1.1010855287163068
1.1010855287163068
1.1010855287163068
1.1010855287163068
1.1010855287163068
1.1010855287163068
1.1010855287163068
1.1010855287163068
1.1010855287163068
1.1010855287163068
1.1010855287163068
1.1010855287163068
1.1010855287163068
1.1010855287163068
1.1010855287163068
1.1010855287163068
1.1010855287163068
1.1010855287163068
1.1010855287163068
1.1010855287163068
1.1010855287163068
1.1010855287163068
1.1010855287163068
1.1010855287163068
1.1010855287163068
1.1010855287163068
1.1010855287163068
1.1010855287163068
1.1010855287163068
1.1010855287163068
1.1010855287163068
1.1010855287163068
1.1010855287163068
1.1010855287163068
1.1010855287163068
1.1010855287163068
1.1010855287163068
1.1010855287163068
1.1010855287163068
1.1010855287163068
1.1010855287163068
1.1010855287163068
1.1010855287163068
1.1010855287163068
1.1010855287163068
1.1010855287163068
1.1010855287163068
1.1010855287163068
1.1010855287163068
1.1010855287163068
1.1010855287163068
1.101086356421655
1.101086356421655
1.101086356421655
1.101086356421655
1.1010871803551219
1.1010871803551219
1.1010871803551219
1.1010871803551219
1.1010878379556455
1.1010878379556455
1.10108791669407
1.101088272318832
1.1010884856938004
1.1010886137188212
1.101088695646694
1.1010890056063654
1.1010892385023698
1.1010893519135858
1.1010895729786285
1.1010897998032048
1.1010899395245461
1.1010900444848108
1.101090172258252
1.1010902298021035
1.1010902786694088
1.1010903231233655
1.1010903721631495
1.101090401587025
1.1010904304192637
1.1010904324905593
1.1010904532219292
1.10109046934373
1.101090479016811
1.1010904848206597
1.1010904990271129
1.1010905106084115
1.1010905175571908
1.1010905217264586
1.10109052798863
1.1010905330567813
1.101090536097672
1.1010905379222065
1.1010905404045557
1.1010905426585396
1.1010905440109298
1.101090544822364
1.1010905453092246
1.1010905459747389
1.101090546936386
1.1010905475133743
1.1010905478595672
1.1010905480672832
1.101090548327324
1.1010905487069793
1.1010905489347727
1.1010905490714484
1.1010905491534542
1.1010905492718828
1.1010905493967245
1.1010905494716297
1.101090549518217
1.101090549579839
1.1010905496168124
1.1010905496389964
1.101090549652789
1.101090549675673
1.1010905496894179
1.1010905496976646
1.101090549705917
1.101090549716455
1.1010905497227779
1.1010905497265715
1.1010905497292547
1.1010905497338843
1.1010905497366619
1.1010905497383285
1.1010905497393284
1.1010905497399286
1.101090549741616
1.1010905497427528
1.1010905497434351
1.1010905497438905
1.1010905497446255
1.1010905497450665
1.101090549745331
1.1010905497454897
1.1010905497458012
1.1010905497460457
1.1010905497461925
1.1010905497463046
1.1010905497464674
1.101090549746565
1.1010905497466235
1.1010905497466585
1.101090549746725
1.101090549746779
1.1010905497468113
1.1010905497468308
1.1010905497468573
1.1010905497468821
1.101090549746897
1.1010905497469061
1.1010905497469115
1.1010905497469252
1.101090549746935
1.1010905497469408
1.1010905497469448
1.1010905497469499
1.101090549746953
1.1010905497469547
1.1010905497469572
1.1010905497469587
1.1010905497469599
1.1010905497469607
1.1010905497469616
1.1010905497469623
1.1010905497469625
1.1010905497469627
1.101090549746963
1.1010905497469632
1.1010905497469632
1.1010905497469632
1.1010905497469632
1.1010905497469632
1.1010905497469632
1.1010905497469632
1.1010905497469632
1.1010905497469632
1.1010905497469632
1.1010905497469632
1.1010905497469632
1.1010905497469632
1.1010905497469632
1.1010905497469632
1.1010905497469632
