1.7410788586434285
1.7410788586434285
1.7410788586434285
1.7410788586434285
1.7410788586434285
1.7410788586434285
1.7410788586434285
1.7410788586434285
1.7410788586434285
1.7410788586434285
1.7410788586434285
1.7410788586434285
1.7410788586434285
1.7410788586434285
1.7410788586434285
1.7410788586434285
1.7410788586434285
1.7410788586434285
1.7410788586434285
1.7410788586434285
1.7410788586434285
1.7410788586434285
1.7410788586434285
1.7410788586434285
1.7410788586434285
1.7410788586434285
1.7410788586434285
1.7410788586434285
1.7410788586434285
1.7410788586434285
1.7410788586434285
1.7410788586434285
1.7410788586434285
1.7410788586434285
1.7410788586434285
1.7410788586434285
1.7410788586434285
1.7410788586434285
1.7410788586434285
1.7410788586434285
1.7410788586434285
1.7410788586434285
1.7410788586434285
1.7410788586434285
1.7410788586434285
1.7410788586434285
1.7410788586434285
1.7410788586434285
1.7410788586434285
1.7410788586434285
1.7410788586434285
1.7410788586434285
1.7410788586434285
1.7410788586434285
1.7410788586434285
1.7410788586434285
1.7410788586434285
1.7410788586434285
1.7410788586434285
1.7410788586434285
1.7410788586434285
1.7410788586434285
1.7410788586434285
1.7410788586434285
1.7410788586434285
1.7410794860229604
1.7410794860229604
1.7410796896366196
1.7410802421718299
1.741080284018087
1.7410807833231683
1.741081215719075
1.7410814751566877
1.7410816308192802
1.7410817975967654
1.7410818598788254
1.7410819690512107
1.7410820345546458
1.7410820738567088
1.7410820738567088
1.7410820949041985
1.7410821130045218
1.7410821130045218
1.7410821130045218
1.7410821174415096
1.7410821216337817
1.7410821246371362
1.7410821268231575
1.7410821291692833
1.7410821314954252
1.741082132034092
1.741082133330833
1.7410821345332992
1.7410821352547785
1.7410821356876662
1.7410821359473987
1.7410821364288769
1.7410821375214214
1.741082138096302
1.741082138962058
1.7410821391687468
1.741082139390718
1.7410821399801562
1.7410821403455803
1.7410821405648351
1.7410821406963872
1.741082140775319
1.7410821408447332
1.7410821409360768
1.7410821410203874
1.7410821410770037
1.741082141104467
1.7410821411536566
1.7410821412022057
1.7410821412340884
1.7410821412604163
1.7410821412811093
1.7410821412965058
1.7410821413030058
1.7410821413107158
1.741082141321037
1.741082141324466
1.7410821413344277
1.7410821413351283
1.7410821413379722
1.7410821413394677
1.7410821413402968
1.74108214134134
1.7410821413432047
1.7410821413434194
1.7410821413455122
1.7410821413468096
1.7410821413475885
1.7410821413480555
1.7410821413491973
1.741082141350225
1.741082141350856
1.7410821413513353
1.7410821413516173
1.741082141351794
1.7410821413518993
1.7410821413520134
1.7410821413520867
1.7410821413521131
1.7410821413521556
1.7410821413522246
1.7410821413522297
1.7410821413523063
1.7410821413523807
1.7410821413524253
1.741082141352452
1.741082141352484
1.7410821413525182
1.7410821413525437
1.741082141352559
1.7410821413525681
1.7410821413525865
1.741082141352598
1.7410821413526059
1.7410821413526167
1.741082141352624
1.7410821413526285
1.7410821413526314
1.741082141352634
1.7410821413526376
1.7410821413526396
1.7410821413526407
1.741082141352642
1.7410821413526436
1.741082141352645
1.7410821413526454
1.7410821413526458
1.7410821413526463
1.7410821413526467
1.7410821413526472
1.7410821413526474
1.7410821413526474
1.7410821413526478
1.7410821413526478
1.7410821413526478
1.7410821413526478
