1.9982993577795811
1.9982993577795811
1.9982993577795811
1.9982993577795811
1.9982993577795811
1.9982993577795811
1.9982993577795811
1.9982993577795811
1.9982993577795811
1.9982993577795811
1.9982993577795811
1.9982993577795811
1.9982993577795811
1.9982993577795811
1.9982993577795811
1.9982993577795811
1.9982993577795811
1.9982993577795811
1.9982993577795811
1.9982993577795811
1.9982993577795811
1.9982993577795811
1.9982993577795811
1.9982993577795811
1.9982993577795811
1.9982993577795811
1.9982993577795811
1.9982993577795811
1.9982993577795811
1.9982993577795811
1.9982993577795811
1.9982993577795811
1.9982993577795811
1.9982993577795811
1.9982993577795811
1.9982993577795811
1.9982993577795811
1.9982993577795811
1.9982993577795811
1.9982993577795811
1.9982993577795811
1.9982993577795811
1.9982993577795811
1.9982993577795811
1.9982993577795811
1.9982993577795811
1.9982993577795811
1.9982993577795811
1.9982993577795811
1.9982993577795811
1.9982993577795811
1.9982993577795811
1.9982993577795811
1.9982993577795811
1.9982993577795811
1.9983055642578773
1.9983055642578773
1.9983055642578773
1.9983204501005623
1.9983204501005623
1.9983204501005623
1.9983204501005623
1.9983204501005623
1.9983204501005623
1.9983219665007175
1.9983304659627987
1.9983304659627987
1.9983304659627987
1.9983344758872446
1.998335211383509
1.9983357790486278
1.9983381972993781
1.9983385650286167
1.9983399967785909
1.9983425632060818
1.9983443143537816
1.9983446913895644
1.9983455781674573
1.998346939412209
1.9983479226636809
1.998348512614846
1.998348866585647
1.9983490789681637
1.9983492453673137
1.998349521708548
1.9983497761468432
1.9983499295577316
1.9983500581167295
1.9983501625189046
1.9983502355953304
1.9983502813385783
1.9983503072349604
1.9983503239112257
1.9983503481854903
1.9983503481854903
1.998350353424508
1.9983503588955873
1.9983503621782348
1.9983503641478237
1.9983503655694956
1.9983503661265398
1.9983503666047175
1.9983503676981327
1.9983503676981327
1.9983503676981327
1.9983503676981327
1.998350367983593
1.998350367983593
1.998350367983593
1.998350367983593
1.998350367983593
1.9983503680241221
1.9983503680644574
1.9983503680886585
1.9983503681031796
1.998350368111891
1.9983503681171175
1.9983503681202544
1.9983503681221362
1.9983503681232655
1.9983503681239427
1.998350368124349
1.998350368124593
1.9983503681247405
1.9983503681248278
1.9983503681248804
1.9983503681249126
1.9983503681249306
1.998350368129748
1.998350368129748
1.998350368130036
1.9983503681313979
1.9983503681337536
1.9983503681337536
1.9983503681337536
1.9983503681337536
1.9983503681339807
1.9983503681341437
1.9983503681341437
1.9983503681341437
1.9983503681343802
1.9983503681343802
1.9983503681343802
1.9983503681344446
1.9983503681345054
1.998350368134543
1.998350368134566
1.998350368134579
1.9983503681346575
1.9983503681346575
1.9983503681346575
1.9983503681346575
1.9983503681346733
1.9983503681346853
1.9983503681346853
1.9983503681346981
1.9983503681346981
1.9983503681346981
1.9983503681347332
1.9983503681347332
1.9983503681347436
1.998350368134755
1.9983503681347636
1.9983503681347916
1.9983503681347972
1.9983503681347972
1.9983503681347972
1.9983503681348034
1.9983503681348034
1.9983503681348034
1.9983503681348038
1.9983503681348045
1.9983503681348045
1.9983503681348045
1.9983503681348045
1.9983503681348045
1.9983503681348045
1.9983503681348045
1.9983503681348045
1.9983503681348047
1.9983503681348047
1.998350368134805
1.998350368134805
1.998350368134805
1.998350368134805
1.998350368134805
1.998350368134805
1.998350368134805
1.998350368134805
1.998350368134805
1.998350368134805
1.998350368134805
1.998350368134805
