2.239719724998546
2.239719724998546
2.239719724998546
2.239719724998546
2.239719724998546
2.239719724998546
2.239719724998546
2.239719724998546
2.239719724998546
2.239719724998546
2.239719724998546
2.239719724998546
2.239719724998546
2.239719724998546
2.239719724998546
2.239719724998546
2.239719724998546
2.239719724998546
2.239719724998546
2.239719724998546
2.239719724998546
2.239719724998546
2.239719724998546
2.239719724998546
2.239719724998546
2.239719724998546
2.239719724998546
2.239719724998546
2.239719724998546
2.239719724998546
2.239719724998546
2.239719724998546
2.239719724998546
2.239719724998546
2.239719724998546
2.239719724998546
2.239719724998546
2.239719724998546
2.239719724998546
2.239719724998546
2.239719724998546
2.239719724998546
2.239719724998546
2.239719724998546
2.239719724998546
2.239719724998546
2.239719724998546
2.239719724998546
2.239719724998546
2.239719724998546
2.239719724998546
2.239719724998546
2.239719724998546
2.239719724998546
2.239719724998546
2.239719724998546
2.2397214476571974
2.2397261534109534
2.239728976824525
2.239728976824525
2.239728976824525
2.2397294250684503
2.2397294250684503
2.2397296988241657
2.2397296988241657
2.2397296988241657
2.2397296988241657
2.2397303260312533
2.2397303260312533
2.2397303260312533
2.2397303260312533
2.23973062534042
2.23973062534042
2.23973062534042
2.239732212692277
2.239732212692277
2.239732212692277
2.239732669096033
2.239732836178861
2.2397330756648137
2.2397332193563897
2.23973340550847
2.2397337699851865
2.2397338433453875
2.2397341462595275
2.239734224709567
2.2397343313244416
2.2397344094188467
2.239734486920865
2.2397345004344085
2.2397345481580935
2.2397345921628657
2.239734622371727
2.2397346404970446
2.2397346559871742
2.239734672154171
2.2397346807593315
2.2397346949991666
2.2397346980747237
2.2397347044773905
2.239734708916653
2.239734710849138
2.2397347135412025
2.2397347180093923
2.239734721662319
2.239734722846251
2.2397347237315826
2.2397347250443578
2.239734725161004
2.2397347259967186
2.2397347265003575
2.2397347273044685
2.2397347274163404
2.2397347274770585
2.2397347275170123
2.239734728039929
2.2397347281376896
2.239734728282028
2.2397347284735836
2.239734728552739
2.2397347286864884
2.239734728789766
2.2397347288517326
2.2397347288889127
2.2397347289116993
2.2397347289299576
2.239734728948586
2.239734728984808
2.239734729026484
2.239734729052722
2.239734729068465
2.2397347290794287
2.239734729101124
2.239734729116778
2.2397347291261696
2.239734729132043
2.2397347291370946
2.239734729142066
2.2397347291458574
2.239734729148133
2.239734729150355
2.2397347291525684
2.2397347291525684
2.2397347291525684
2.2397347291525684
2.2397347291530894
2.2397347291530894
2.2397347291530894
2.2397347291530894
2.2397347291531817
2.239734729153389
2.2397347291535157
2.239734729153591
2.2397347291536294
2.2397347291537004
2.239734729153753
2.2397347291537812
2.239734729153809
2.2397347291538168
2.2397347291538443
2.2397347291538625
2.2397347291538736
2.239734729153892
2.2397347291539
2.2397347291539074
2.239734729153912
2.2397347291539145
2.239734729153917
2.2397347291539216
2.2397347291539242
2.239734729153926
2.239734729153927
2.239734729153928
2.2397347291539282
2.2397347291539287
2.2397347291539287
2.239734729153929
2.239734729153929
2.2397347291539296
2.2397347291539296
2.2397347291539296
2.2397347291539296
2.2397347291539296
2.2397347291539296
2.2397347291539296
2.2397347291539296
2.2397347291539296
2.2397347291539296
2.2397347291539296
2.2397347291539296
2.2397347291539296
2.2397347291539296
2.2397347291539296
2.2397347291539296
2.2397347291539296
2.2397347291539296
2.2397347291539296
