2.0521281394491013
2.0521281394491013
2.0521281394491013
2.0521281394491013
2.0521281394491013
2.0521281394491013
2.0521281394491013
2.0521281394491013
2.0521281394491013
2.0521281394491013
2.0521281394491013
2.0521281394491013
2.0521281394491013
2.0521281394491013
2.0521281394491013
2.0521281394491013
2.0521281394491013
2.0521281394491013
2.0521281394491013
2.0521281394491013
2.0521281394491013
2.0521281394491013
2.0521281394491013
2.0521281394491013
2.0521281394491013
2.0521281394491013
2.0521281394491013
2.0521281394491013
2.0521281394491013
2.0521281394491013
2.0521281394491013
2.0521281394491013
2.0521281394491013
2.0521281394491013
2.0521281394491013
2.0521281394491013
2.0521281394491013
2.0521281394491013
2.0521281394491013
2.0521281394491013
2.0521281394491013
2.0521281394491013
2.0521281394491013
2.0521281394491013
2.0521281394491013
2.0521281394491013
2.0521281394491013
2.0521281394491013
2.0521281394491013
2.0521281394491013
2.0521281394491013
2.0521281394491013
2.0521281394491013
2.0521281394491013
2.0521286658634934
2.0521286658634934
2.0521286658634934
2.0521286658634934
2.0521286658634934
2.0521286658634934
2.0521286658634934
2.0521286658634934
2.0521286658634934
2.0521286658634934
2.05212916657966
2.0521293870605306
2.052129824713523
2.0521299518181126
2.0521302300989843
2.0521306400350516
2.0521306400350516
2.0521311087339575
2.052131170149642
2.052131272755879
2.0521314337221948
2.052131597352392
2.0521316714465403
2.0521319297970257
2.0521320164523464
2.0521321131104004
2.0521321711052325
2.052132205902132
2.0521322267802717
2.0521323022995612
2.0521323713800115
2.052132414798075
2.052132414798075
2.05213246476817
2.0521324860913186
2.052132498885207
2.0521325202276883
2.052132536706487
2.0521325454787345
2.0521325558987873
2.052132567931201
2.052132579323141
2.0521325871991762
2.0521325919247975
2.0521325978713
2.0521326026366236
2.052132605634031
2.0521326072926547
2.0521326087844147
2.052132610165899
2.052132610749965
2.0521326112085756
2.0521326114837417
2.052132611870437
2.052132612120916
2.0521326123486827
2.052132612500942
2.0521326126525277
2.052132612766947
2.052132612835598
2.052132612907667
2.052132612955513
2.052132612996248
2.052132613023428
2.0521326130489155
2.052132613061701
2.052132613072414
2.052132613072414
2.052132613080428
2.052132613081675
2.0521326130842086
2.05213261308446
2.0521326130870006
2.052132613089094
2.0521326130895803
2.052132613091186
2.052132613091757
2.052132613091766
2.0521326130923474
2.0521326130925956
2.052132613092711
2.052132613092809
2.0521326130929594
2.0521326130930064
2.052132613093124
2.0521326130932236
2.0521326130932622
2.0521326130933133
2.0521326130933732
2.052132613093391
2.0521326130934194
2.052132613093436
2.0521326130934368
2.052132613093442
2.052132613093453
2.052132613093456
2.0521326130934594
2.0521326130934647
2.0521326130934683
2.0521326130934696
2.0521326130934705
2.0521326130934723
2.0521326130934723
2.052132613093474
2.052132613093474
2.052132613093474
2.052132613093475
2.052132613093475
2.0521326130934754
2.0521326130934754
2.052132613093476
2.052132613093476
2.0521326130934763
2.0521326130934763
2.0521326130934763
2.0521326130934763
2.0521326130934763
2.0521326130934763
2.0521326130934763
2.0521326130934763
2.0521326130934763
2.0521326130934763
2.0521326130934763
2.0521326130934763
2.0521326130934763
2.0521326130934763
2.0521326130934763
2.0521326130934763
2.0521326130934763
2.0521326130934763
2.0521326130934763
2.0521326130934763
2.0521326130934763
2.0521326130934763
2.0521326130934763
2.0521326130934763
2.0521326130934763
2.0521326130934763
2.0521326130934763
2.0521326130934763
2.0521326130934763
