1.7214792010411974
1.7214792010411974
1.7214792010411974
1.7214792010411974
1.7214792010411974
1.7214792010411974
1.7214792010411974
1.7214792010411974
1.7214792010411974
1.7214792010411974
1.7214792010411974
1.7214792010411974
1.7214792010411974
1.7214792010411974
1.7214792010411974
1.7214792010411974
1.7214792010411974
1.7214792010411974
1.7214792010411974
1.7214792010411974
1.7214792010411974
1.7214792010411974
1.7214792010411974
1.7214792010411974
1.7214792010411974
1.7214792010411974
1.7214792010411974
1.7214792010411974
1.7214792010411974
1.7214792010411974
1.7214792010411974
1.7214792010411974
1.7214792010411974
1.7214792010411974
1.7214792010411974
1.7214792010411974
1.7214792010411974
1.7214792010411974
1.7214792010411974
1.7214792010411974
1.7214792010411974
1.7214792010411974
1.7214792010411974
1.7214792010411974
1.7214792010411974
1.7214792010411974
1.721508832200929
1.721508832200929
1.721508832200929
1.721508832200929
1.7215253541574347
1.7215451437194744
1.721557017754436
1.7215644392004177
1.7215685773587508
1.7215712384185589
1.7215728350595265
1.7215779743375212
1.7215779743375212
1.7215798242357632
1.7215813135140121
1.7215822478634226
1.7215828646018345
1.721584240511172
1.721585172306018
1.7215855956971666
1.7215862165289464
1.7215875406419188
1.7215878844741404
1.7215889538536449
1.7215896158626236
1.7215900130682882
1.721590310798705
1.721590602627906
1.721590815092171
1.7215910808625847
1.721591161317579
1.7215912610582491
1.7215914072273322
1.7215915247008085
1.7215915951848983
1.721591637475353
1.7215916861135299
1.7215917453748384
1.7215917880675105
1.7215918145846694
1.721591834026076
1.7215918531365497
1.721591869112894
1.7215918803608279
1.7215918851131478
1.7215918899791367
1.7215918992471724
1.7215919013223289
1.7215919052378548
1.721591907168922
1.7215919107664865
1.7215919129250252
1.7215919143874208
1.7215919159807742
1.7215919174044372
1.721591918278475
1.7215919188871256
1.7215919194408575
1.721591920170461
1.7215919206082235
1.7215919208708819
1.7215919210284765
1.7215919211230324
1.7215919211797661
1.7215919212313942
1.721591921349126
1.7215919214255138
1.721591921474021
1.7215919215031257
1.7215919215205882
1.7215919215585767
1.7215919216049385
1.7215919216327555
1.7215919216520903
1.7215919216826645
1.7215919217013826
1.7215919217126137
1.7215919217193523
1.7215919217233955
1.7215919217336115
1.7215919217436768
1.721591921749716
1.72159192175334
1.7215919217555136
1.721591921757148
1.7215919217619888
1.7215919217648934
1.7215919217666358
1.7215919217686282
1.721591921770615
1.7215919217718076
1.7215919217725237
1.721591921773133
1.721591921773873
1.7215919217743176
1.7215919217745843
1.7215919217747442
1.7215919217748656
1.7215919217750353
1.7215919217751365
1.7215919217751983
1.7215919217752342
1.7215919217752569
1.7215919217752693
1.7215919217753552
1.721591921775412
1.7215919217754452
1.721591921775466
1.7215919217754785
1.7215919217755242
1.7215919217755642
1.721591921775588
1.7215919217756017
1.72159192177561
1.7215919217756357
1.7215919217756572
1.7215919217756708
1.7215919217756785
1.7215919217756832
1.721591921775689
1.7215919217756945
1.7215919217756972
1.7215919217756992
1.7215919217757014
1.721591921775703
1.7215919217757036
1.7215919217757043
1.721591921775705
1.721591921775705
1.7215919217757056
1.7215919217757056
1.7215919217757056
1.7215919217757056
1.7215919217757056
1.7215919217757056
1.7215919217757056
1.7215919217757056
1.7215919217757056
1.7215919217757056
1.7215919217757056
1.7215919217757056
1.7215919217757056
1.7215919217757056
