1.7807833325473859
1.7807833325473859
1.7807833325473859
1.7807833325473859
1.7807833325473859
1.7807833325473859
1.7807833325473859
1.7807833325473859
1.7807833325473859
1.7807833325473859
1.7807833325473859
1.7807833325473859
1.7807833325473859
1.7807833325473859
1.7807833325473859
1.7807833325473859
1.7807833325473859
1.7807833325473859
1.7807833325473859
1.7807833325473859
1.7807833325473859
1.7807833325473859
1.7807833325473859
1.7807833325473859
1.7807833325473859
1.7807833325473859
1.7807833325473859
1.7807833325473859
1.7807833325473859
1.7807833325473859
1.7807833325473859
1.7807833325473859
1.7807833325473859
1.7807833325473859
1.7807833325473859
1.7807833325473859
1.7807833325473859
1.7807833325473859
1.7807833325473859
1.7807833325473859
1.7807833325473859
1.7807833325473859
1.7807833325473859
1.7807833325473859
1.7807833325473859
1.7807833325473859
1.7807833325473859
1.7807833325473859
1.7807833325473859
1.7807833325473859
1.7807833325473859
1.7807833325473859
1.7807833325473859
1.7807833325473859
1.7807833325473859
1.7807833325473859
1.7807833325473859
1.7807833325473859
1.7807889993354058
1.7807889993354058
1.7807889993354058
1.7807889993354058
1.7807929726162095
1.7807929726162095
1.7807929726162095
1.7807950840568088
1.7807979229294917
1.7808000946135827
1.7808013976261892
1.7808021794345272
1.7808026485198092
1.7808034300635542
1.780804845201099
1.7808052979678204
1.780805805071136
1.7808063647365033
1.7808065148510703
1.7808068586909762
1.780807008535052
1.7808072091473957
1.78080734325559
1.7808074274600214
1.780807495776273
1.7808075200785092
1.780807603161677
1.7808076363327432
1.7808076562353832
1.7808076681769673
1.7808076832020512
1.7808077021600726
1.7808077067112478
1.780807712923026
1.7808077166500926
1.7808077204568054
1.7808077263819853
1.780807728133814
1.780807732815948
1.780807734380274
1.7808077356662677
1.7808077383902616
1.780807740321865
1.7808077417032877
1.7808077427366977
1.7808077433422185
1.780807743974399
1.78080774406736
1.780807744383527
1.7808077445576682
1.7808077446720916
1.7808077448630937
1.7808077450798823
1.780807745209956
1.780807745321836
1.7808077453749083
1.7808077454123494
1.7808077454429567
1.7808077454681215
1.7808077454743703
1.7808077454828213
1.7808077454991986
1.7808077455148952
1.7808077455248468
1.780807745537975
1.7808077455530364
1.7808077455642357
1.7808077455712288
1.780807745576405
1.780807745579999
1.7808077455829268
1.7808077455865887
1.7808077455897122
1.7808077455915867
1.7808077455927112
1.7808077455933857
1.780807745593791
1.780807745594222
1.7808077455952631
1.7808077455958993
1.780807745596281
1.7808077455965103
1.7808077455966476
1.7808077455967828
1.7808077455972335
1.780807745597504
1.780807745597666
1.7808077455978264
1.7808077455980373
1.780807745598164
1.7808077455982478
1.780807745598373
1.780807745598448
1.780807745598493
1.780807745598521
1.780807745598537
1.7808077455985687
1.7808077455985931
1.7808077455986078
1.7808077455986169
1.780807745598629
1.7808077455986437
1.7808077455986533
1.7808077455986584
1.7808077455986615
1.7808077455986633
1.780807745598666
1.7808077455986688
1.7808077455986706
1.7808077455986717
1.7808077455986726
1.7808077455986735
1.7808077455986744
1.780807745598675
1.7808077455986755
1.7808077455986768
1.7808077455986768
1.7808077455986773
1.7808077455986773
1.7808077455986773
1.7808077455986777
1.7808077455986777
1.7808077455986777
1.7808077455986782
1.7808077455986782
1.7808077455986782
1.7808077455986782
1.7808077455986782
1.7808077455986782
1.7808077455986782
1.7808077455986782
