1.711250334187113
1.711250334187113
1.711250334187113
1.711250334187113
1.711250334187113
1.711250334187113
1.711250334187113
1.711250334187113
1.711250334187113
1.711250334187113
1.711250334187113
1.711250334187113
1.711250334187113
1.711250334187113
1.711250334187113
1.711250334187113
1.711250334187113
1.711250334187113
1.711250334187113
1.711250334187113
1.711250334187113
1.711250334187113
1.711250334187113
1.711250334187113
1.711250334187113
1.711250334187113
1.711250334187113
1.711250334187113
1.711250334187113
1.711250334187113
1.711250334187113
1.711250334187113
1.711250334187113
1.711250334187113
1.711250334187113
1.711250334187113
1.711250334187113
1.711250334187113
1.711250334187113
1.711250334187113
1.711250334187113
1.711250334187113
1.711250334187113
1.711250334187113
1.711250334187113
1.711250334187113
1.711250334187113
1.711250334187113
1.711250334187113
1.7112531001878826
1.7112531001878826
1.7112531001878826
1.7112531001878826
1.7112531001878826
1.7112542005178122
1.7112542005178122
1.7112553615749595
1.7112595915916926
1.7112595915916926
1.7112627500750324
1.7112653031654341
1.711266835022293
1.7112684426205427
1.711270303885566
1.7112714624008714
1.7112721575105334
1.7112733568728251
1.711273913663657
1.7112745441849178
1.7112749224977946
1.7112753201620254
1.7112759052598887
1.7112764176747914
1.7112766723569828
1.711276892987853
1.7112771265872306
1.7112773447498908
1.7112774792276002
1.7112775693013866
1.711277694715063
1.7112778021266664
1.711277866573631
1.71127790524181
1.7112779284427173
1.7112779957918334
1.7112780472655231
1.7112780781497374
1.7112781011775136
1.7112781252379716
1.7112781446285754
1.7112781569656987
1.711278169478964
1.7112781793774585
1.711278186802441
1.7112781907901484
1.7112781947226503
1.7112781985010934
1.711278200768159
1.7112782022226478
1.7112782035877812
1.7112782047215138
1.7112782054017546
1.7112782059907927
1.7112782066585526
1.7112782070107149
1.7112782072428343
1.7112782073821062
1.7112782074656692
1.711278207515806
1.7112782077477633
1.7112782079444888
1.7112782080104831
1.7112782080890672
1.7112782081258473
1.7112782081542728
1.7112782082025122
1.7112782082073044
1.7112782082228892
1.711278208234975
1.7112782082472635
1.7112782082579274
1.7112782082636933
1.7112782082636933
1.7112782082657652
1.71127820826817
1.71127820826817
1.71127820826817
1.711278208269399
1.7112782082706581
1.7112782082706692
1.7112782082706692
1.7112782082708768
1.7112782082709228
1.7112782082709228
1.7112782082709228
1.7112782082709228
1.7112782082709228
1.7112782082709228
1.7112782082709228
1.7112782082709799
1.7112782082709799
1.7112782082709799
1.7112782082709896
1.7112782082709896
1.7112782082709896
1.7112782082709965
1.7112782082710019
1.7112782082710047
1.7112782082710174
1.7112782082710174
1.711278208271021
1.7112782082710276
1.7112782082710296
1.7112782082710325
1.7112782082710343
1.711278208271035
1.7112782082710367
1.7112782082710383
1.7112782082710392
1.71127820827104
1.71127820827104
1.71127820827104
1.71127820827104
1.7112782082710403
1.7112782082710403
1.7112782082710403
1.7112782082710403
1.7112782082710403
1.7112782082710403
1.7112782082710403
1.7112782082710403
1.7112782082710403
1.7112782082710403
1.7112782082710403
1.7112782082710403
1.7112782082710403
1.7112782082710403
1.7112782082710403
1.7112782082710403
1.7112782082710403
1.7112782082710403
1.7112782082710403
1.7112782082710403
1.7112782082710403
1.7112782082710403
1.7112782082710403
1.7112782082710403
1.7112782082710403
1.7112782082710403
1.7112782082710403
1.7112782082710403
