1.985992894857722
1.985992894857722
1.985992894857722
1.985992894857722
1.985992894857722
1.985992894857722
1.985992894857722
1.985992894857722
1.985992894857722
1.985992894857722
1.985992894857722
1.985992894857722
1.985992894857722
1.985992894857722
1.985992894857722
1.985992894857722
1.985992894857722
1.985992894857722
1.985992894857722
1.985992894857722
1.985992894857722
1.985992894857722
1.985992894857722
1.985992894857722
1.985992894857722
1.985992894857722
1.985992894857722
1.985992894857722
1.985992894857722
1.985992894857722
1.985992894857722
1.985992894857722
1.985992894857722
1.985992894857722
1.985992894857722
1.985992894857722
1.985992894857722
1.985992894857722
1.985992894857722
1.985992894857722
1.985992894857722
1.985992894857722
1.985992894857722
1.985992894857722
1.985992894857722
1.985992894857722
1.985992894857722
1.985992894857722
1.985992894857722
1.986009731490816
1.986009731490816
1.986009731490816
1.986009731490816
1.9860162469062856
1.9860321531421505
1.9860321531421505
1.986039189564392
1.986039189564392
1.986039189564392
1.9860416102875846
1.9860416102875846
1.9860421406057076
1.9860428623639743
1.9860432954189662
1.9860435552519733
1.9860446469052746
1.9860457594199685
1.9860464269281783
1.986046992991458
1.9860473003461985
1.9860476042442445
1.9860477865829624
1.9860480931396907
1.9860480931396907
1.9860482188508468
1.9860483114710767
1.986048372633873
1.9860484093315491
1.9860484313501534
1.9860485385257658
1.9860485385257658
1.986048690192675
1.9860487309024508
1.9860487309024508
1.9860487661836341
1.9860488126650229
1.9860488518035178
1.9860488752866148
1.986048900138441
1.9860489381786373
1.9860489672273798
1.9860489914906432
1.9860490060486011
1.9860490132780428
1.9860490275854954
1.9860490366105743
1.9860490450670987
1.986049049774224
1.9860490538822804
1.986049057917675
1.986049060338912
1.986049062182993
1.9860490634287278
1.9860490650973592
1.9860490658006902
1.9860490667325434
1.986049066930302
1.9860490673602114
1.9860490674701825
1.986049067990176
1.986049067990176
1.986049068350443
1.9860490684623096
1.9860490685877163
1.9860490686684071
1.9860490686827585
1.9860490687220695
1.986049068754824
1.9860490687554382
1.986049068794509
1.9860490687955528
1.9860490688129178
1.986049068826689
1.9860490688354084
1.9860490688437398
1.9860490688493602
1.986049068851926
1.9860490688542682
1.9860490688564199
1.9860490688611236
1.9860490688620231
1.986049068863879
1.9860490688664292
1.9860490688671133
1.9860490688671133
1.9860490688681829
1.9860490688681829
1.986049068868296
1.986049068868296
1.9860490688685921
1.9860490688687213
1.9860490688687213
1.9860490688687213
1.9860490688687213
1.9860490688687213
1.9860490688687213
1.9860490688687213
1.9860490688687213
1.986049068868831
1.986049068868831
1.986049068868831
1.986049068868831
1.986049068868831
1.986049068868831
1.986049068868831
1.986049068868831
1.9860490688688472
1.9860490688688472
1.9860490688688472
1.9860490688688472
1.9860490688688488
1.9860490688688521
1.9860490688688521
1.9860490688688521
1.9860490688688521
1.9860490688688535
1.9860490688688546
1.986049068868855
1.9860490688688557
1.9860490688688561
1.9860490688688563
1.9860490688688563
1.9860490688688563
1.9860490688688563
1.9860490688688563
1.9860490688688563
1.9860490688688563
1.9860490688688563
1.9860490688688563
1.9860490688688563
1.9860490688688563
1.9860490688688563
1.9860490688688563
1.9860490688688563
1.9860490688688563
1.9860490688688563
1.9860490688688563
1.9860490688688563
1.9860490688688563
1.9860490688688563
1.9860490688688563
1.9860490688688563
1.9860490688688563
1.9860490688688563
