1.5642544185826834
1.5642544185826834
1.5642544185826834
1.5642544185826834
1.5642544185826834
1.5642544185826834
1.5642544185826834
1.5642544185826834
1.5642544185826834
1.5642544185826834
1.5642544185826834
1.5642544185826834
1.5642544185826834
1.5642544185826834
1.5642544185826834
1.5642544185826834
1.5642544185826834
1.5642544185826834
1.5642544185826834
1.5642544185826834
1.5642544185826834
1.5642544185826834
1.5642544185826834
1.5642544185826834
1.5642544185826834
1.5642544185826834
1.5642544185826834
1.5642544185826834
1.5642544185826834
1.5642544185826834
1.5642544185826834
1.5642544185826834
1.5642544185826834
1.5642544185826834
1.5642544185826834
1.5642544185826834
1.5642544185826834
1.5642544185826834
1.5642544185826834
1.5642544185826834
1.5642544185826834
1.5642544185826834
1.5642544185826834
1.5642544185826834
1.5642544185826834
1.5642544185826834
1.5642544185826834
1.5642544185826834
1.5642544185826834
1.5642544185826834
1.5642544185826834
1.5642563096736934
1.5642563096736934
1.5642563096736934
1.5642563096736934
1.5642572452654777
1.5642578641903453
1.564258446183818
1.564258446183818
1.5642588674643494
1.564259783422612
1.564260219806619
1.5642605605253723
1.5642612543667647
1.5642616669869505
1.564262077259832
1.5642622572413911
1.5642624919086892
1.564262641921887
1.5642627826160918
1.5642628909766911
1.5642629896295173
1.5642631096419193
1.5642631289016398
1.5642631839818173
1.5642632132304792
1.5642632390709637
1.5642632781251637
1.5642632859964507
1.564263309437601
1.5642633305707532
1.5642633432506445
1.5642633524848895
1.5642633524848895
1.5642633605832295
1.5642633612790384
1.5642633624409163
1.5642633624409163
1.5642633629970182
1.564263364200132
1.564263364785197
1.5642633652669402
1.5642633652669402
1.5642633652669402
1.5642633656799887
1.5642633658531881
1.5642633660629865
1.5642633662717866
1.5642633665897736
1.5642633668003592
1.564263366930008
1.5642633670247426
1.5642633670879524
1.564263367211024
1.5642633673100992
1.5642633673695436
1.5642633674052102
1.5642633674410036
1.5642633674910833
1.5642633675233366
1.5642633675426894
1.5642633675543005
1.5642633675612678
1.5642633675654476
1.5642633675679551
1.56426336756946
1.5642633675703639
1.5642633675712605
1.5642633675768074
1.5642633675802753
1.564263367582356
1.5642633675847546
1.5642633675872903
1.5642633675888116
1.5642633675897244
1.5642633675902784
1.5642633675906343
1.564263367590962
1.5642633675912614
1.564263367591441
1.5642633675915485
1.5642633675916202
1.564263367591707
1.5642633675917774
1.5642633675918212
1.5642633675918474
1.564263367591863
1.5642633675918725
1.5642633675918833
1.5642633675919213
1.5642633675919444
1.564263367591958
1.564263367591981
1.5642633675919992
1.5642633675920103
1.5642633675920172
1.564263367592024
1.5642633675920297
1.564263367592033
1.5642633675920352
1.5642633675920385
1.5642633675920417
1.5642633675920439
1.5642633675920448
1.5642633675920459
1.5642633675920465
1.5642633675920468
1.5642633675920474
1.5642633675920476
1.5642633675920476
1.5642633675920483
1.5642633675920485
1.5642633675920485
1.5642633675920485
1.5642633675920485
1.5642633675920488
1.5642633675920488
1.5642633675920488
1.5642633675920488
1.5642633675920488
1.5642633675920488
1.5642633675920488
1.5642633675920488
1.5642633675920488
1.5642633675920488
1.5642633675920488
1.5642633675920488
1.5642633675920488
1.5642633675920488
1.5642633675920488
1.5642633675920488
