1.6606241072859196
1.6606241072859196
1.6606241072859196
1.6606241072859196
1.6606241072859196
1.6606241072859196
1.6606241072859196
1.6606241072859196
1.6606241072859196
1.6606241072859196
1.6606241072859196
1.6606241072859196
1.6606241072859196
1.6606241072859196
1.6606241072859196
1.6606241072859196
1.6606241072859196
1.6606241072859196
1.6606241072859196
1.6606241072859196
1.6606241072859196
1.6606241072859196
1.6606241072859196
1.6606241072859196
1.6606241072859196
1.6606241072859196
1.6606241072859196
1.6606241072859196
1.6606241072859196
1.6606241072859196
1.6606241072859196
1.6606241072859196
1.6606241072859196
1.6606241072859196
1.6606241072859196
1.6606241072859196
1.6606241072859196
1.6606241072859196
1.6606241072859196
1.6606241072859196
1.6606241072859196
1.6606241072859196
1.6606241072859196
1.6606241072859196
1.6606241072859196
1.6606241072859196
1.6606241072859196
1.6606241072859196
1.6606241072859196
1.6606241072859196
1.6606241072859196
1.6606241072859196
1.6606241072859196
1.6606241072859196
1.6606241072859196
1.6606241072859196
1.6606241072859196
1.6606241072859196
1.6606241072859196
1.6606241072859196
1.6606241072859196
1.6606241072859196
1.6606241072859196
1.6606245051095856
1.6606245051095856
1.6606245051095856
1.660627594446412
1.660627594446412
1.660627594446412
1.6606343449649585
1.6606343449649585
1.6606343449649585
1.6606343449649585
1.6606343449649585
1.660635882760488
1.6606374735872609
1.660638980164295
1.6606401853738253
1.6606414230882276
1.660643143374467
1.6606450378114523
1.6606461744742012
1.660646856472052
1.6606475372755758
1.66064873719216
1.6606491137960837
1.6606491137960837
1.6606497340594013
1.660649765381223
1.6606498992663263
1.6606499172344416
1.660650005586862
1.6606500089609237
1.6606500827716832
1.660650195640814
1.6606502633622864
1.6606503044850218
1.6606503662431464
1.6606504168845129
1.66065045777132
1.6606504743708885
1.6606504955951973
1.660650510903217
1.660650523758586
1.6606505366161923
1.6606505397390603
1.6606505496556307
1.6606505572845616
1.6606505643064202
1.6606505685195352
1.660650571047404
1.660650573221962
1.660650574913428
1.6606505761718542
1.6606505767018278
1.6606505775434919
1.6606505781628633
1.6606505785805472
1.6606505792348352
1.6606505794532125
1.6606505796717068
1.660650579816711
1.6606505799094842
1.660650580087556
1.6606505802429221
1.6606505803368048
1.6606505804203306
1.660650580480813
1.6606505805494471
1.660650580598805
1.6606505806146052
1.6606505806356524
1.6606505806651142
1.660650580678874
1.6606505807008007
1.6606505807144243
1.660650580722621
1.660650580728707
1.6606505807342102
1.660650580738633
1.6606505807426848
1.6606505807451148
1.6606505807468919
1.6606505807483676
1.6606505807493506
1.6606505807502783
1.660650580750853
1.6606505807516436
1.6606505807518395
1.6606505807523677
1.6606505807525895
1.6606505807528256
1.6606505807530114
1.6606505807532017
1.6606505807533156
1.660650580753384
1.6606505807534657
1.6606505807535483
1.6606505807536223
1.6606505807536618
1.6606505807537013
1.6606505807537506
1.6606505807537801
1.6606505807537977
1.6606505807538081
1.660650580753815
1.6606505807538294
1.6606505807538379
1.6606505807538465
1.6606505807538503
1.660650580753856
1.66065058075386
1.6606505807538614
1.6606505807538636
1.6606505807538652
1.6606505807538658
1.6606505807538663
1.6606505807538665
1.6606505807538667
1.6606505807538678
1.6606505807538678
1.6606505807538678
1.6606505807538678
1.6606505807538678
1.6606505807538678
1.6606505807538678
1.6606505807538678
1.6606505807538678
1.6606505807538678
1.6606505807538678
1.6606505807538678
1.6606505807538678
1.6606505807538678
1.6606505807538678
1.6606505807538678
1.6606505807538678
1.6606505807538678
1.6606505807538678
1.6606505807538678
1.6606505807538678
1.6606505807538678
1.6606505807538678
1.6606505807538678
1.6606505807538678
