1.8461714978356087
1.8461714978356087
1.8461714978356087
1.8461714978356087
1.8461714978356087
1.8461714978356087
1.8461714978356087
1.8461714978356087
1.8461714978356087
1.8461714978356087
1.8461714978356087
1.8461714978356087
1.8461714978356087
1.8461714978356087
1.8461714978356087
1.8461714978356087
1.8461714978356087
1.8461714978356087
1.8461714978356087
1.8461714978356087
1.8461714978356087
1.8461714978356087
1.8461714978356087
1.8461714978356087
1.8461714978356087
1.8461714978356087
1.8461714978356087
1.8461714978356087
1.8461714978356087
1.8461714978356087
1.8461714978356087
1.8461714978356087
1.8461714978356087
1.8461714978356087
1.8461714978356087
1.8461714978356087
1.8461714978356087
1.8461714978356087
1.8461735189122173
1.8461735189122173
1.8461735189122173
1.8461735189122173
1.8461735189122173
1.8461735189122173
1.8461735189122173
1.8461735189122173
1.8461735189122173
1.8461760331555102
1.8461760331555102
1.8461760331555102
1.8461760331555102
1.8461760331555102
1.8461760331555102
1.8461760331555102
1.8461760331555102
1.8461760331555102
1.8461773146674718
1.8461813031987266
1.8461840238957756
1.8461856563151542
1.8461866357671943
1.846188167200846
1.846188382805461
1.846189116371817
1.8461900858127325
1.8461914240895314
1.846191705502477
1.8461922352693656
1.8461929622900328
1.8461933447998324
1.8461939755048866
1.8461942939353615
1.846194581535106
1.846194890352412
1.846195121944649
1.846195272822765
1.8461953858000486
1.8461954055470395
1.8461955077954413
1.8461955338200633
1.8461955576912812
1.8461955900159532
1.8461956275429134
1.8461956561937494
1.8461956733842515
1.8461956739413934
1.8461956837954354
1.8461956868093448
1.8461956965686044
1.846195700675865
1.8461957052115592
1.8461957089617995
1.846195711941605
1.8461957137294889
1.8461957148022186
1.8461957154458564
1.8461957163529978
1.8461957176044381
1.8461957182558097
1.8461957188684972
1.8461957189760474
1.8461957193671839
1.8461957196484655
1.8461957198172343
1.8461957199184955
1.846195719979252
1.84619572001724
1.8461957200969887
1.846195720172011
1.8461957202231472
1.8461957202377837
1.846195720264211
1.8461957202912238
1.8461957203077977
1.846195720321435
1.8461957203309158
1.846195720339514
1.8461957203501496
1.8461957203580919
1.8461957203580919
1.8461957203625585
1.8461957203650983
1.8461957203671346
1.8461957203683568
1.8461957203690895
1.8461957203695294
1.8461957203697934
1.8461957203705075
1.846195720371738
1.8461957203724761
1.8461957203730333
1.8461957203733748
1.846195720373704
1.846195720374354
1.8461957203747432
1.8461957203749768
1.8461957203753312
1.8461957203755812
1.8461957203757489
1.8461957203758597
1.8461957203758905
1.8461957203758905
1.8461957203758905
1.8461957203759163
1.8461957203759163
1.8461957203759163
1.8461957203759163
1.8461957203759172
1.8461957203759205
1.846195720375923
1.846195720375923
1.846195720375923
1.8461957203759243
1.8461957203759243
1.8461957203759243
1.8461957203759243
1.8461957203759243
1.8461957203759247
1.8461957203759247
1.8461957203759247
1.8461957203759247
1.8461957203759247
1.8461957203759247
1.846195720375925
1.846195720375925
1.846195720375925
1.846195720375925
1.846195720375925
1.846195720375925
1.846195720375925
1.846195720375925
1.846195720375925
1.846195720375925
1.846195720375925
1.846195720375925
1.846195720375925
1.846195720375925
1.846195720375925
1.846195720375925
1.846195720375925
1.846195720375925
1.846195720375925
1.846195720375925
1.846195720375925
