1.8665308631117963
1.8665308631117963
1.8665308631117963
1.8665308631117963
1.8665308631117963
1.8665308631117963
1.8665308631117963
1.8665308631117963
1.8665308631117963
1.8665308631117963
1.8665308631117963
1.8665308631117963
1.8665308631117963
1.8665308631117963
1.8665308631117963
1.8665308631117963
1.8665308631117963
1.8665308631117963
1.8665308631117963
1.8665308631117963
1.8665308631117963
1.8665308631117963
1.8665308631117963
1.8665308631117963
1.8665308631117963
1.8665308631117963
1.8665308631117963
1.8665308631117963
1.8665308631117963
1.8665308631117963
1.8665308631117963
1.8665308631117963
1.8665308631117963
1.8665308631117963
1.8665308631117963
1.8665308631117963
1.8665308631117963
1.8665308631117963
1.8665308631117963
1.8665308631117963
1.8665308631117963
1.8665308631117963
1.8665308631117963
1.8665308631117963
1.8665308631117963
1.8665308631117963
1.8665308631117963
1.8665308631117963
1.8665308631117963
1.8665308631117963
1.8665308631117963
1.8665308631117963
1.8665308631117963
1.8665308631117963
1.866531857971809
1.866531857971809
1.866531857971809
1.8665325704870974
1.8665325704870974
1.8665325704870974
1.8665325704870974
1.8665325704870974
1.8665331507208782
1.8665347837357826
1.8665357635458517
1.866536351432299
1.8665367505969779
1.8665377886193915
1.86653888027839
1.8665395352741676
1.86653995265646
1.8665406550964354
1.8665410765606152
1.866541612129617
1.8665417071984005
1.866542108489481
1.8665422837521963
1.8665424409892644
1.866542535331513
1.866542591936865
1.866542625900077
1.866542669906231
1.8665427570334865
1.866542793434687
1.866542820707261
1.8665428502527868
1.8665428647774351
1.8665428859913762
1.8665428905135002
1.866542891362679
1.8665428933572015
1.8665428997874554
1.866542905660373
1.866542909528199
1.8665429118488943
1.8665429132413112
1.8665429155271027
1.8665429215078313
1.8665429216644582
1.8665429240038864
1.8665429249410876
1.8665429263293145
1.866542927623073
1.8665429283993282
1.8665429302153294
1.8665429303738847
1.866542930469018
1.8665429314429454
1.866542933198604
1.8665429342519992
1.866542934703109
1.8665429349609262
1.866542935298315
1.8665429356591574
1.8665429358667467
1.8665429360515404
1.8665429361699903
1.8665429363282915
1.8665429365454884
1.8665429366858417
1.8665429367700535
1.8665429369026258
1.8665429370015116
1.866542937062366
1.866542937100124
1.866542937121099
1.8665429371471507
1.8665429371632993
1.866542937169545
1.8665429371783266
1.86654293718433
1.8665429371918216
1.866542937197643
1.866542937201136
1.866542937201136
1.8665429372025257
1.866542937203467
1.8665429372041813
1.8665429372050533
1.8665429372053224
1.8665429372055138
1.8665429372056426
1.8665429372057198
1.8665429372061337
1.866542937206275
1.8665429372064835
1.8665429372066087
1.8665429372066256
1.8665429372066482
1.8665429372067113
1.8665429372067683
1.8665429372068123
1.8665429372068398
1.8665429372068623
1.8665429372068931
1.8665429372069147
1.8665429372069264
1.8665429372069293
1.8665429372069384
1.8665429372069475
1.866542937206954
1.8665429372069589
1.8665429372069635
1.8665429372069653
1.8665429372069673
1.866542937206969
1.8665429372069706
1.8665429372069715
1.8665429372069724
1.8665429372069733
1.866542937206974
1.8665429372069744
1.8665429372069748
1.8665429372069753
1.8665429372069755
1.8665429372069757
1.8665429372069762
1.8665429372069762
1.8665429372069764
1.8665429372069764
1.8665429372069764
1.8665429372069764
1.8665429372069764
1.8665429372069766
1.8665429372069766
1.8665429372069766
1.8665429372069766
