1.976523527234658
1.976523527234658
1.976523527234658
1.976523527234658
1.976523527234658
1.976523527234658
1.976523527234658
1.976523527234658
1.976523527234658
1.976523527234658
1.976523527234658
1.976523527234658
1.976523527234658
1.976523527234658
1.976523527234658
1.976523527234658
1.976523527234658
1.976523527234658
1.976523527234658
1.976523527234658
1.976523527234658
1.976523527234658
1.976523527234658
1.976523527234658
1.976523527234658
1.976523527234658
1.976523527234658
1.976523527234658
1.976523527234658
1.976523527234658
1.976523527234658
1.976523527234658
1.976523527234658
1.976523527234658
1.976523527234658
1.976523527234658
1.976523527234658
1.976523527234658
1.976523527234658
1.976523527234658
1.976523527234658
1.976523527234658
1.976523527234658
1.976523527234658
1.976523527234658
1.976523527234658
1.976523527234658
1.976523527234658
1.976523527234658
1.976523527234658
1.9765428252001442
1.9765428252001442
1.9765428252001442
1.9765428252001442
1.976554338270671
1.9765586482045585
1.9765612341231464
1.9765772413837777
1.9765772413837777
1.9765780364954122
1.9765833297331443
1.9765884624836492
1.9765934861029206
1.9765934861029206
1.976597992866129
1.9765992954746587
1.976601549453373
1.9766033810752293
1.9766042973323132
1.9766050374262547
1.9766054679205287
1.9766061038598433
1.9766075364239148
1.9766083959623482
1.9766089689161614
1.976610053645333
1.9766109322296896
1.9766114609435037
1.9766119948141627
1.976612265138215
1.9766124734007204
1.9766126822032624
1.9766128074847873
1.9766128826537015
1.976612991907506
1.9766130687776664
1.9766131200011092
1.9766131539542893
1.9766131743261974
1.9766131865493426
1.9766132095987003
1.9766132296302301
1.9766132416938245
1.976613247910844
1.9766132540587056
1.9766132597878074
1.9766132635131346
1.9766132657483306
1.9766132691769558
1.9766132719127905
1.9766132741036315
1.976613274774118
1.976613276492187
1.9766132781851673
1.976613278796437
1.976613279369145
1.9766132795793454
1.9766132798339235
1.9766132801525522
1.976613280359268
1.9766132804832979
1.976613280557716
1.9766132806215055
1.9766132807315493
1.9766132808330383
1.9766132809054096
1.9766132809624215
1.9766132810163792
1.9766132810557528
1.976613281082633
1.9766132810987613
1.9766132811111805
1.9766132811259447
1.9766132811407036
1.9766132811496075
1.9766132811549502
1.9766132811581556
1.9766132811669899
1.9766132811737611
1.976613281177823
1.9766132811802606
1.9766132811831842
1.9766132811873582
1.9766132811898627
1.9766132811913653
1.976613281192688
1.9766132811946502
1.9766132811958275
1.9766132811965338
1.9766132811969575
1.9766132811972121
1.9766132811975083
1.9766132811979564
1.9766132811982262
1.9766132811983876
1.9766132811986388
1.9766132811988857
1.9766132811990342
1.9766132811991233
1.9766132811992256
1.9766132811993151
1.9766132811993689
1.9766132811994015
1.9766132811994466
1.976613281199494
1.976613281199523
1.9766132811995394
1.97661328119955
1.976613281199556
1.9766132811995676
1.9766132811995873
1.9766132811995991
1.9766132811996064
1.9766132811996104
1.9766132811996178
1.9766132811996242
1.9766132811996284
1.9766132811996309
1.976613281199634
1.976613281199636
1.9766132811996373
1.976613281199638
1.9766132811996384
1.9766132811996389
1.9766132811996389
1.9766132811996393
1.9766132811996393
1.9766132811996393
1.9766132811996393
1.9766132811996393
1.9766132811996397
1.9766132811996397
1.9766132811996397
1.9766132811996397
1.9766132811996397
1.9766132811996397
1.9766132811996397
1.9766132811996397
1.9766132811996397
1.9766132811996397
1.9766132811996397
1.9766132811996397
