2.0209723638223442
2.0209723638223442
2.0209723638223442
2.0209723638223442
2.0209723638223442
2.0209723638223442
2.0209723638223442
2.0209723638223442
2.0209723638223442
2.0209723638223442
2.0209723638223442
2.0209723638223442
2.0209723638223442
2.0209723638223442
2.0209723638223442
2.0209723638223442
2.0209723638223442
2.0209723638223442
2.0209723638223442
2.0209723638223442
2.0209723638223442
2.0209723638223442
2.0209723638223442
2.0209723638223442
2.0209723638223442
2.0209723638223442
2.0209723638223442
2.0209723638223442
2.0209723638223442
2.0209723638223442
2.0209723638223442
2.0209723638223442
2.0209723638223442
2.0209723638223442
2.0209723638223442
2.0209723638223442
2.0209723638223442
2.0209723638223442
2.0209723638223442
2.0209723638223442
2.0209723638223442
2.0209723638223442
2.0209723638223442
2.0209723638223442
2.020994966599387
2.021014196931274
2.0210257352673535
2.0210257352673535
2.021032708025289
2.021032708025289
2.021032708025289
2.021034325125715
2.021034325125715
2.0210346810772046
2.021035118165178
2.021035380418033
2.021035856922005
2.0210375524357773
2.0210387578098388
2.0210401842180437
2.0210424906575466
2.0210428105331153
2.021043069314197
2.021044042861032
2.021045169167009
2.021045844951042
2.0210463675936374
2.0210470516194774
2.0210474620350976
2.0210477863876677
2.021047978423863
2.0210482087938915
2.021048390975855
2.021048566703068
2.021048601628368
2.0210486446622684
2.0210486446622684
2.0210486446622684
2.0210486446622684
2.0210486626687105
2.0210486626687105
2.0210486639226213
2.021048675670633
2.0210486827194414
2.0210486869487263
2.021048689486297
2.021048691008839
2.021048692454548
2.0210486941135164
2.021048696066001
2.0210486977124904
2.0210486989371708
2.021048699961871
2.021048701169675
2.0210487018943573
2.0210487025313646
2.0210487032021844
2.0210487036193996
2.0210487039396563
2.0210487042829217
2.0210487045419634
2.0210487046973884
2.0210487047906427
2.021048704882318
2.02104870502752
2.0210487051146413
2.0210487051669137
2.0210487051982775
2.021048705217096
2.0210487052283868
2.0210487052470967
2.0210487052695134
2.0210487052829627
2.0210487052910326
2.021048705307194
2.021048705318737
2.021048705325664
2.021048705330576
2.0210487053361037
2.0210487053395596
2.0210487053416335
2.021048705342878
2.0210487053446524
2.0210487053463053
2.021048705347297
2.0210487053478916
2.0210487053483095
2.0210487053491897
2.021048705349719
2.0210487053500366
2.021048705350341
2.0210487053507733
2.0210487053510326
2.021048705351188
2.021048705351282
2.021048705351356
2.0210487053514803
2.021048705351555
2.0210487053516
2.021048705351627
2.021048705351643
2.021048705351672
2.021048705351702
2.0210487053517205
2.021048705351731
2.0210487053517396
2.0210487053517534
2.0210487053517614
2.0210487053517663
2.0210487053517703
2.0210487053517747
2.021048705351778
2.021048705351779
2.0210487053517805
2.021048705351782
2.0210487053517827
2.021048705351783
2.0210487053517836
2.021048705351784
2.021048705351784
2.021048705351784
2.0210487053517845
2.0210487053517845
2.0210487053517845
2.0210487053517845
2.0210487053517845
2.0210487053517845
2.0210487053517845
2.0210487053517845
2.0210487053517845
2.0210487053517845
2.0210487053517845
2.0210487053517845
2.0210487053517845
2.0210487053517845
2.0210487053517845
2.0210487053517845
2.0210487053517845
2.0210487053517845
2.0210487053517845
2.0210487053517845
2.0210487053517845
