2.9240999295102625
2.9240999295102625
2.9240999295102625
2.9240999295102625
2.9240999295102625
2.9240999295102625
2.9240999295102625
2.9240999295102625
2.9240999295102625
2.9240999295102625
2.9240999295102625
2.9240999295102625
2.9240999295102625
2.9240999295102625
2.9240999295102625
2.9240999295102625
2.9240999295102625
2.9240999295102625
2.9240999295102625
2.9240999295102625
2.9240999295102625
2.9240999295102625
2.9240999295102625
2.9240999295102625
2.9240999295102625
2.9240999295102625
2.9240999295102625
2.9240999295102625
2.9240999295102625
2.9240999295102625
2.9240999295102625
2.9240999295102625
2.9240999295102625
2.9240999295102625
2.9240999295102625
2.9240999295102625
2.9240999295102625
2.9240999295102625
2.9240999295102625
2.9240999295102625
2.9240999295102625
2.9240999295102625
2.9244227860859633
2.9244227860859633
2.9244227860859633
2.924458739763011
2.924458739763011
2.924458739763011
2.924493199241163
2.924493199241163
2.9245136041613042
2.9245284055224805
2.9245372863902808
2.9245426149293556
2.9245571191624715
2.92457019252871
2.9245780365882244
2.924589721435325
2.9245927823615614
2.9246111464536835
2.9246221649905717
2.9246287761420846
2.9246337895693495
2.924638942956612
2.924645256268477
2.9246496937512627
2.9246540761117625
2.924657504088431
2.9246597235547407
2.9246619544526697
2.9246636233122576
2.9246647132752988
2.924665529701039
2.9246661751152727
2.9246669219846257
2.9246674651148825
2.9246677909930963
2.924667986520045
2.924668157939003
2.9246683465259617
2.924668496526078
2.9246685896232734
2.9246686504745325
2.9246687182297526
2.9246688038600555
2.9246688552382376
2.924668886065148
2.9246689045612944
2.9246689443114717
2.924668989764467
2.924669017036264
2.924669033399342
2.9246690546529246
2.924669070352431
2.9246690797721357
2.924669085423959
2.924669091782521
2.9246690981569583
2.924669101981621
2.924669104276418
2.924669106432146
2.92466910860587
2.9246691099101043
2.9246691106926446
2.9246691111621694
2.924669111443884
2.9246691116129124
2.9246691122584108
2.9246691127771687
2.9246691130884246
2.9246691132751774
2.9246691136221568
2.9246691138731205
2.9246691140236996
2.9246691141140464
2.9246691142662136
2.9246691144194195
2.9246691145113437
2.9246691145664983
2.9246691145995904
2.9246691146194452
2.9246691146313593
2.9246691146754555
2.924669114702434
2.924669114718621
2.924669114728333
2.924669114734161
2.9246691147454706
2.924669114752765
2.924669114757141
2.9246691147598955
2.924669114763944
2.924669114766373
2.924669114767831
2.924669114768706
2.9246691147692636
2.9246691147700536
2.9246691147705275
2.924669114770812
2.9246691147709827
2.9246691147712394
2.924669114771426
2.924669114771539
2.9246691147716057
2.924669114771678
2.9246691147717683
2.924669114771821
2.9246691147718527
2.9246691147718726
2.924669114771902
2.9246691147719215
2.924669114771932
2.9246691147719397
2.9246691147719446
2.9246691147719512
2.9246691147719543
2.924669114771957
2.9246691147719583
2.92466911477196
2.9246691147719615
2.924669114771962
2.9246691147719623
2.9246691147719623
2.9246691147719623
2.9246691147719632
2.9246691147719632
2.9246691147719632
2.9246691147719632
2.9246691147719632
2.9246691147719632
2.9246691147719632
2.9246691147719632
2.9246691147719632
2.9246691147719632
2.9246691147719632
2.9246691147719632
2.9246691147719632
2.9246691147719632
2.9246691147719632
2.9246691147719632
2.9246691147719632
2.9246691147719632
2.9246691147719632
2.9246691147719632
2.9246691147719632
2.9246691147719632
2.9246691147719632
2.9246691147719632
2.9246691147719632
2.9246691147719632
2.9246691147719632
2.9246691147719632
2.9246691147719632
