2.0060287900594522
2.0060287900594522
2.0060287900594522
2.0060287900594522
2.0060287900594522
2.0060287900594522
2.0060287900594522
2.0060287900594522
2.0060287900594522
2.0060287900594522
2.0060287900594522
2.0060287900594522
2.0060287900594522
2.0060287900594522
2.0060287900594522
2.0060287900594522
2.0060287900594522
2.0060287900594522
2.0060287900594522
2.0060287900594522
2.0060287900594522
2.0060287900594522
2.0060287900594522
2.0060287900594522
2.0060287900594522
2.0060287900594522
2.0060287900594522
2.0060287900594522
2.0060287900594522
2.0060287900594522
2.0060287900594522
2.0060287900594522
2.0060287900594522
2.0060287900594522
2.0060287900594522
2.0060287900594522
2.0060287900594522
2.0060287900594522
2.0060287900594522
2.0060287900594522
2.0060287900594522
2.006037081836057
2.006037081836057
2.006037081836057
2.006037081836057
2.006037081836057
2.006037081836057
2.006037081836057
2.006037081836057
2.006037081836057
2.006040662782039
2.006040662782039
2.006040662782039
2.0060840958819486
2.0060840958819486
2.0060840958819486
2.0060998995723693
2.00610889830611
2.006112666704708
2.0061209695378643
2.0061265595547515
2.00613310170237
2.006133369534759
2.006137371195393
2.0061409048189374
2.006143024989839
2.0061453382072676
2.0061481848116016
2.006150943375395
2.0061523160695334
2.0061530529626883
2.0061542035662447
2.0061555123503454
2.0061562700814495
2.006156780229418
2.006157057276159
2.006157564071248
2.006158002924713
2.00615826623674
2.0061584363991454
2.0061587142571717
2.006158907080888
2.006159035541716
2.006159103016038
2.0061592365900145
2.0061593371248847
2.0061593974458054
2.006159433638358
2.0061594698700507
2.0061595091280076
2.0061595354988375
2.006159549354601
2.006159558673063
2.006159571110815
2.0061595816241544
2.0061595879321583
2.0061595917169615
2.0061595959002374
2.0061596000348643
2.006159601938813
2.006159603449852
2.0061596046919035
2.0061596061234703
2.0061596076016803
2.0061596082228665
2.006159608595578
2.0061596090530984
2.0061596099162786
2.0061596104341866
2.0061596107449313
2.0061596111282927
2.006159611608968
2.0061596118973735
2.0061596120704173
2.0061596121889194
2.006159612417331
2.0061596125639243
2.006159612627126
2.006159612698659
2.0061596127267265
2.0061596127461145
2.00615961279936
2.0061596128504444
2.0061596128744927
2.006159612889034
2.006159612914227
2.0061596129297943
2.0061596129391357
2.0061596129447397
2.006159612948102
2.006159612950119
2.006159612951568
2.0061596129557806
2.006159612959232
2.0061596129614094
2.006159612962895
2.0061596129643826
2.006159612965713
2.0061596129665116
2.0061596129669907
2.0061596129673
2.006159612967823
2.0061596129682417
2.006159612968492
2.0061596129686747
2.006159612968858
2.006159612968995
2.0061596129690775
2.006159612969131
2.006159612969217
2.0061596129692685
2.0061596129692996
2.006159612969318
2.0061596129693307
2.0061596129693497
2.0061596129693675
2.0061596129693786
2.0061596129693853
2.006159612969392
2.006159612969398
2.006159612969402
2.006159612969405
2.006159612969406
2.0061596129694084
2.006159612969411
2.006159612969413
2.0061596129694137
2.006159612969415
2.006159612969417
2.006159612969417
2.0061596129694172
2.0061596129694186
2.0061596129694195
2.006159612969421
2.006159612969421
2.006159612969421
2.006159612969421
2.0061596129694217
2.0061596129694217
2.006159612969422
2.006159612969422
2.006159612969422
2.006159612969422
2.006159612969422
2.006159612969422
2.006159612969422
2.006159612969422
2.006159612969422
2.006159612969422
2.006159612969422
2.006159612969422
2.006159612969422
2.006159612969422
2.006159612969422
