1.601875454461594
1.601875454461594
1.601875454461594
1.601875454461594
1.601875454461594
1.601875454461594
1.601875454461594
1.601875454461594
1.601875454461594
1.601875454461594
1.601875454461594
1.601875454461594
1.601875454461594
1.601875454461594
1.601875454461594
1.601875454461594
1.601875454461594
1.601875454461594
1.601875454461594
1.601875454461594
1.601875454461594
1.601875454461594
1.601875454461594
1.601875454461594
1.601875454461594
1.601875454461594
1.601875454461594
1.601875454461594
1.601875454461594
1.601875454461594
1.601875454461594
1.601875454461594
1.601875454461594
1.601875454461594
1.601875454461594
1.601875454461594
1.601875454461594
1.601875454461594
1.601875454461594
1.601875454461594
1.601875454461594
1.601875454461594
1.601875454461594
1.601875454461594
1.601875454461594
1.601875454461594
1.601875454461594
1.601875454461594
1.601875454461594
1.601875454461594
1.601875454461594
1.601875454461594
1.601875454461594
1.601875454461594
1.601875454461594
1.601875454461594
1.601875454461594
1.601875454461594
1.601875454461594
1.601875454461594
1.601875454461594
1.6018761267080828
1.6018761267080828
1.6018761267080828
1.6018761267080828
1.6018765072136705
1.601877174987113
1.6018780128354586
1.6018785155446995
1.6018792909464423
1.6018802015957516
1.601880969898333
1.601881430880077
1.6018816276786632
1.6018817720193923
1.6018822164350393
1.6018823949568122
1.601882622865675
1.6018827813057976
1.601882941121262
1.6018829971690765
1.601883071832791
1.601883099638696
1.6018831601093149
1.6018831973371628
1.6018832225445079
1.601883257196954
1.601883281910089
1.6018832976039914
1.6018833061248994
1.6018833140156328
1.6018833193376276
1.6018833282762939
1.6018833289925187
1.601883331395071
1.6018833331836266
1.6018833352410389
1.6018833376211992
1.601883338308286
1.601883338308286
1.6018833399802739
1.6018833403080992
1.6018833403080992
1.6018833404061874
1.6018833408212014
1.6018833409223723
1.601883341168454
1.6018833414094944
1.6018833414835327
1.6018833415401166
1.6018833416418201
1.6018833417415301
1.6018833417623823
1.6018833417997291
1.6018833418555944
1.6018833418598668
1.6018833418598668
1.6018833418648586
1.601883341890096
1.6018833419037084
1.6018833419050098
1.6018833419122993
1.6018833419204213
1.6018833419274905
1.601883341933159
1.6018833419370775
1.6018833419416016
1.6018833419443166
1.601883341945945
1.601883341948635
1.60188334195188
1.6018833419538279
1.6018833419552543
1.6018833419564216
1.601883341957831
1.6018833419589749
1.6018833419594136
1.6018833419599752
1.6018833419604481
1.6018833419608889
1.6018833419609912
1.6018833419610554
1.6018833419613296
1.6018833419615999
1.6018833419617613
1.601883341961858
1.6018833419619167
1.6018833419622822
1.6018833419624035
1.6018833419625331
1.6018833419626446
1.6018833419627034
1.6018833419627436
1.6018833419628022
1.6018833419628389
1.6018833419628535
1.6018833419628715
1.6018833419628873
1.6018833419628968
1.6018833419629033
1.601883341962909
1.6018833419629148
1.6018833419629184
1.601883341962921
1.6018833419629224
1.6018833419629244
1.601883341962925
1.601883341962925
1.6018833419629255
1.6018833419629261
1.6018833419629261
1.6018833419629261
1.6018833419629261
1.6018833419629261
1.6018833419629261
1.6018833419629264
1.6018833419629264
1.6018833419629264
1.6018833419629264
1.6018833419629264
1.6018833419629264
1.6018833419629264
1.6018833419629264
1.6018833419629264
1.6018833419629264
1.6018833419629264
1.6018833419629264
1.6018833419629264
