1.445424599623766
1.445424599623766
1.445424599623766
1.445424599623766
1.445424599623766
1.445424599623766
1.445424599623766
1.445424599623766
1.445424599623766
1.445424599623766
1.445424599623766
1.445424599623766
1.445424599623766
1.445424599623766
1.445424599623766
1.445424599623766
1.445424599623766
1.445424599623766
1.445424599623766
1.445424599623766
1.445424599623766
1.445424599623766
1.445424599623766
1.445424599623766
1.445424599623766
1.445424599623766
1.445424599623766
1.445424599623766
1.445424599623766
1.445424599623766
1.445424599623766
1.445424599623766
1.445424599623766
1.445424599623766
1.445424599623766
1.445424599623766
1.445424599623766
1.445424599623766
1.445424599623766
1.445424599623766
1.445424599623766
1.445424599623766
1.445424599623766
1.445424599623766
1.445424599623766
1.445424599623766
1.445424599623766
1.445424599623766
1.445424599623766
1.445424599623766
1.445424599623766
1.445424599623766
1.445424599623766
1.4454250177114838
1.4454250177114838
1.4454250177114838
1.4454259612757354
1.4454259612757354
1.4454261253807068
1.4454265365829262
1.4454268106104429
1.445427092047703
1.4454274516708694
1.4454276930239693
1.4454278738819093
1.4454279539251498
1.4454279884321235
1.445428059006702
1.4454281106570313
1.4454281648193625
1.445428224162994
1.4454282597691752
1.4454282811328842
1.4454282939511098
1.4454283521663849
1.4454284320795818
1.4454284809768656
1.4454285107044427
1.4454285534754616
1.445428587900438
1.4454286085554244
1.4454286209484166
1.445428629690566
1.4454286423446174
1.4454286554013087
1.4454286632850102
1.4454286680213897
1.4454286737861821
1.4454286779699794
1.4454286804802579
1.4454286823924525
1.4454286848346716
1.4454286863820278
1.4454286873151467
1.445428687875018
1.4454286884957734
1.4454286892061048
1.4454286896349344
1.4454286899163156
1.44542869017471
1.4454286904555635
1.445428690624646
1.4454286907260956
1.4454286908279421
1.4454286909665064
1.4454286910496448
1.4454286911012166
1.4454286911477667
1.4454286912061434
1.4454286912411758
1.4454286912621952
1.4454286912794752
1.445428691306053
1.4454286913219998
1.4454286913315675
1.4454286913375274
1.4454286913428351
1.4454286913481502
1.4454286913513412
1.4454286913532557
1.4454286913544045
1.4454286913567358
1.4454286913584689
1.445428691359509
1.445428691360138
1.4454286913605217
1.445428691360752
1.4454286913610916
1.4454286913615608
1.445428691361842
1.4454286913620107
1.445428691362112
1.4454286913621728
1.4454286913622572
1.4454286913623309
1.445428691362376
1.445428691362403
1.4454286913624192
1.445428691362429
1.4454286913624348
1.4454286913624521
1.4454286913624947
1.4454286913625203
1.4454286913625354
1.4454286913625447
1.4454286913625503
1.4454286913625611
1.445428691362568
1.445428691362572
1.4454286913625747
1.445428691362576
1.445428691362577
1.4454286913625776
1.4454286913625782
1.4454286913625791
1.4454286913625798
1.4454286913625802
1.4454286913625807
1.4454286913625811
1.4454286913625811
1.4454286913625813
1.4454286913625813
1.4454286913625816
1.4454286913625816
1.4454286913625816
1.4454286913625816
1.4454286913625816
1.4454286913625818
1.4454286913625818
1.4454286913625818
1.4454286913625818
1.4454286913625818
1.4454286913625818
1.4454286913625818
1.4454286913625818
1.4454286913625818
1.4454286913625818
1.4454286913625818
1.4454286913625818
1.4454286913625818
1.4454286913625818
1.4454286913625818
1.4454286913625818
1.4454286913625818
