1.8258436242760108
1.8258436242760108
1.8258436242760108
1.8258436242760108
1.8258436242760108
1.8258436242760108
1.8258436242760108
1.8258436242760108
1.8258436242760108
1.8258436242760108
1.8258436242760108
1.8258436242760108
1.8258436242760108
1.8258436242760108
1.8258436242760108
1.8258436242760108
1.8258436242760108
1.8258436242760108
1.8258436242760108
1.8258436242760108
1.8258436242760108
1.8258436242760108
1.8258436242760108
1.8258436242760108
1.8258436242760108
1.8258436242760108
1.8258436242760108
1.8258436242760108
1.8258436242760108
1.8258436242760108
1.8258436242760108
1.8258436242760108
1.8258436242760108
1.8258436242760108
1.8258436242760108
1.8258436242760108
1.8258436242760108
1.8258436242760108
1.8258436242760108
1.8258436242760108
1.8258436242760108
1.8258436242760108
1.8258436242760108
1.8258436242760108
1.8258436242760108
1.8258436242760108
1.8258436242760108
1.8258436242760108
1.8258436242760108
1.8258436242760108
1.8258436242760108
1.8258436242760108
1.8258436242760108
1.8258436242760108
1.8258436242760108
1.8258436242760108
1.8258436242760108
1.8258436242760108
1.8258475511642014
1.8258475511642014
1.8258475511642014
1.8258475511642014
1.8258492481532527
1.8258492481532527
1.8258492481532527
1.8258500406511393
1.825854182486197
1.8258566675905277
1.825858158654312
1.825860164571286
1.825860164571286
1.8258624304631477
1.8258636095592453
1.8258643542571074
1.825865065171954
1.825865756258333
1.8258662406467658
1.8258664532072022
1.8258666798209533
1.8258671051197015
1.8258673627001087
1.8258674968018103
1.8258676995675063
1.8258678302832763
1.8258678966470678
1.8258679523012236
1.825868040004022
1.825868040004022
1.8258680508906426
1.8258680740416606
1.825868106456823
1.8258681259059206
1.8258681451005077
1.8258682002369888
1.8258682255694478
1.8258682533003463
1.8258682724897064
1.8258682805185196
1.825868290102884
1.8258682958535022
1.8258683098910313
1.8258683120030699
1.825868316339808
1.82586832029973
1.8258683255186974
1.8258683255186974
1.825868326941364
1.8258683276916943
1.825868329600698
1.8258683296825053
1.8258683310064494
1.8258683318232651
1.8258683323133562
1.8258683326114975
1.8258683332083498
1.8258683336144668
1.8258683338581347
1.8258683340296638
1.8258683343142195
1.8258683345373903
1.8258683347826874
1.8258683348431013
1.8258683350405134
1.825868335154015
1.8258683352221161
1.8258683352629763
1.825868335317265
1.8258683353617513
1.8258683353931648
1.8258683354134992
1.8258683354276333
1.8258683354417076
1.8258683354501521
1.82586833545579
1.825868335458766
1.825868335463454
1.8258683354672658
1.8258683354702137
1.8258683354705545
1.8258683354716772
1.825868335473382
1.8258683354734595
1.8258683354736547
1.8258683354741359
1.8258683354743472
1.8258683354749838
1.825868335475183
1.8258683354754628
1.8258683354756313
1.8258683354756313
1.8258683354756853
1.8258683354757543
1.8258683354758263
1.825868335475829
1.8258683354758476
1.8258683354758594
1.8258683354758938
1.8258683354759149
1.8258683354759464
1.8258683354759464
1.8258683354759488
1.8258683354759628
1.8258683354759628
1.8258683354759628
1.8258683354759682
1.8258683354759682
1.8258683354759682
1.8258683354759682
1.8258683354759688
1.8258683354759688
1.8258683354759688
1.8258683354759688
1.8258683354759688
1.8258683354759688
1.8258683354759688
1.825868335475969
1.825868335475969
1.8258683354759693
1.8258683354759693
1.8258683354759693
1.8258683354759693
1.8258683354759693
1.8258683354759695
1.8258683354759695
1.8258683354759695
1.8258683354759697
1.82586833547597
1.82586833547597
1.82586833547597
1.82586833547597
1.82586833547597
1.82586833547597
1.82586833547597
1.82586833547597
1.82586833547597
1.82586833547597
1.82586833547597
1.82586833547597
1.82586833547597
1.82586833547597
