1.4861932425910624
1.4861932425910624
1.4861932425910624
1.4861932425910624
1.4861932425910624
1.4861932425910624
1.4861932425910624
1.4861932425910624
1.4861932425910624
1.4861932425910624
1.4861932425910624
1.4861932425910624
1.4861932425910624
1.4861932425910624
1.4861932425910624
1.4861932425910624
1.4861932425910624
1.4861932425910624
1.4861932425910624
1.4861932425910624
1.4861932425910624
1.4861932425910624
1.4861932425910624
1.4861932425910624
1.4861932425910624
1.4861932425910624
1.4861932425910624
1.4861932425910624
1.4861932425910624
1.4861932425910624
1.4861932425910624
1.4861932425910624
1.4861932425910624
1.4861932425910624
1.4861932425910624
1.4861932425910624
1.4861932425910624
1.4861932425910624
1.4861932425910624
1.4861932425910624
1.4861932425910624
1.4861932425910624
1.4861932425910624
1.486195198438104
1.486195198438104
1.486195198438104
1.486195198438104
1.486195198438104
1.486195198438104
1.486195198438104
1.486195198438104
1.486195198438104
1.486195198438104
1.486195198438104
1.486195198438104
1.486195198438104
1.486195198438104
1.486195198438104
1.486195198438104
1.486195198438104
1.486195198438104
1.486195198438104
1.486195198438104
1.486195198438104
1.486195198438104
1.486195198438104
1.486195198438104
1.486195198438104
1.4861953171545776
1.4861953171545776
1.4861953171545776
1.4861956703306398
1.4861956703306398
1.4861959387512962
1.4861962250131724
1.4861963967703378
1.486196563136544
1.486196573048002
1.4861965789948761
1.4861968032405342
1.486196872855463
1.486196976406628
1.4861970050071394
1.4861970905509998
1.4861971743958438
1.4861971743958438
1.4861972102212284
1.4861972474447434
1.4861972708226632
1.4861972848494156
1.4861972932654668
1.4861972932654668
1.4861972957355798
1.4861973009565803
1.4861973090141687
1.4861973109405846
1.4861973139842672
1.486197317546589
1.4861973202403338
1.486197322514324
1.4861973243461646
1.4861973259021095
1.4861973263905335
1.4861973272133697
1.4861973276832254
1.4861973282687275
1.4861973286200287
1.4861973288308095
1.4861973289572779
1.4861973292436208
1.4861973294435633
1.4861973295955528
1.486197329717152
1.4861973297901112
1.486197329834785
1.4861973298726057
1.4861973298726057
1.486197329892901
1.4861973298992794
1.486197329910994
1.486197329910994
1.4861973299141298
1.4861973299179394
1.486197329921143
1.4861973299214415
1.4861973299240274
1.4861973299264546
1.486197329928909
1.4861973299303821
1.486197329931741
1.4861973299328548
1.4861973299339215
1.486197329934317
1.486197329934652
1.4861973299350977
1.4861973299353368
1.4861973299354274
1.4861973299355278
1.4861973299356046
1.486197329935722
1.4861973299357922
1.4861973299358349
1.48619732993589
1.4861973299359275
1.48619732993595
1.4861973299359637
1.4861973299359756
1.4861973299359943
1.486197329936009
1.486197329936018
1.4861973299360234
1.486197329936028
1.4861973299360338
1.486197329936037
1.4861973299360396
1.4861973299360423
1.4861973299360443
1.486197329936046
1.4861973299360463
1.4861973299360465
1.4861973299360465
1.4861973299360467
1.4861973299360471
1.4861973299360474
1.4861973299360474
1.4861973299360474
1.4861973299360476
1.4861973299360476
1.4861973299360476
1.4861973299360476
1.4861973299360476
1.4861973299360476
1.4861973299360476
1.4861973299360476
1.4861973299360476
1.4861973299360476
1.4861973299360476
1.4861973299360476
1.4861973299360476
1.4861973299360476
1.4861973299360476
1.4861973299360476
1.4861973299360476
1.4861973299360476
1.4861973299360476
1.4861973299360476
1.4861973299360476
1.4861973299360476
1.4861973299360476
