2.1661837029756073
2.1661837029756073
2.1661837029756073
2.1661837029756073
2.1661837029756073
2.1661837029756073
2.1661837029756073
2.1661837029756073
2.1661837029756073
2.1661837029756073
2.1661837029756073
2.1661837029756073
2.1661837029756073
2.1661837029756073
2.1661837029756073
2.1661837029756073
2.1661837029756073
2.1661837029756073
2.1661837029756073
2.1661837029756073
2.1661837029756073
2.1661837029756073
2.1661837029756073
2.1661837029756073
2.1661837029756073
2.1661837029756073
2.1661837029756073
2.1661837029756073
2.1661837029756073
2.1661837029756073
2.1661837029756073
2.1661837029756073
2.1661837029756073
2.1661837029756073
2.1661837029756073
2.1661837029756073
2.1661837029756073
2.1661837029756073
2.1661837029756073
2.1661837029756073
2.1661837029756073
2.1661837029756073
2.1661837029756073
2.1661837029756073
2.1661837029756073
2.1661937100182524
2.1661937100182524
2.1661937100182524
2.1661937100182524
2.1662004792023812
2.1662087510421713
2.1662087510421713
2.1662087510421713
2.1662133331602664
2.1662253712188884
2.1662253712188884
2.1662253712188884
2.1662253712188884
2.166227028091212
2.166228598699966
2.1662308197964557
2.1662321524559185
2.1662335447665337
2.166234128656515
2.1662357083592627
2.1662369383880935
2.1662391260726386
2.1662405099179187
2.1662414261359517
2.1662430883001003
2.1662439288606943
2.166244726021508
2.166245242714898
2.166245906742389
2.1662465613467012
2.1662469541093357
2.1662471897669326
2.166247331161497
2.166247415998238
2.1662476634002643
2.1662479038770357
2.1662480731467317
2.1662481809544705
2.1662482089902833
2.1662482678344026
2.166248369752398
2.166248382941755
2.166248399882007
2.1662484523535874
2.1662484838365357
2.1662485027263068
2.166248520380025
2.166248528586477
2.1662485343052045
2.1662485343052045
2.1662485343052045
2.166248535809807
2.166248535809807
2.166248535809807
2.166248535809807
2.166248536311963
2.166248536311963
2.166248536311963
2.166248536311963
2.166248536311963
2.166248536375152
2.166248536375152
2.166248536375152
2.166248536375152
2.166248536375152
2.166248536375152
2.166248536375152
2.1662485364164104
2.1662485364164104
2.1662485364164104
2.1662485364164104
2.1662485364164104
2.166248536428167
2.1662485364364574
2.1662485364520996
2.1662485364728763
2.1662485364746966
2.1662485364860724
2.1662485364926605
2.1662485364966133
2.1662485365003574
2.1662485365037414
2.166248536505791
2.1662485365082578
2.166248536510378
2.1662485365116786
2.1662485365132707
2.166248536514847
2.166248536515958
2.1662485365167217
2.16624853651719
2.166248536517862
2.1662485365182773
2.1662485365185264
2.1662485365188506
2.166248536519134
2.16624853651931
2.166248536519453
2.1662485365196438
2.166248536519759
2.1662485365198276
2.1662485365198685
2.1662485365199036
2.1662485365199524
2.1662485365199804
2.1662485365199986
2.16624853652001
2.1662485365200186
2.1662485365200363
2.166248536520048
2.1662485365200532
2.166248536520057
2.1662485365200603
2.1662485365200657
2.166248536520069
2.166248536520071
2.1662485365200737
2.166248536520076
2.1662485365200768
2.1662485365200785
2.1662485365200785
2.166248536520079
2.16624853652008
2.1662485365200808
2.1662485365200808
2.1662485365200808
2.1662485365200808
2.1662485365200825
2.1662485365200825
2.1662485365200825
2.1662485365200825
2.1662485365200825
2.1662485365200825
2.1662485365200825
2.1662485365200825
2.1662485365200825
2.1662485365200825
2.1662485365200825
2.1662485365200825
2.1662485365200825
2.1662485365200825
2.1662485365200825
2.1662485365200825
2.1662485365200825
2.1662485365200825
2.1662485365200825
