1.6102995561351892
1.6102995561351892
1.6102995561351892
1.6102995561351892
1.6102995561351892
1.6102995561351892
1.6102995561351892
1.6102995561351892
1.6102995561351892
1.6102995561351892
1.6102995561351892
1.6102995561351892
1.6102995561351892
1.6102995561351892
1.6102995561351892
1.6102995561351892
1.6102995561351892
1.6102995561351892
1.6102995561351892
1.6102995561351892
1.6102995561351892
1.6102995561351892
1.6102995561351892
1.6102995561351892
1.6102995561351892
1.6102995561351892
1.6102995561351892
1.6102995561351892
1.6102995561351892
1.6102995561351892
1.6102995561351892
1.6102995561351892
1.6102995561351892
1.6102995561351892
1.6102995561351892
1.6102995561351892
1.6102995561351892
1.6102995561351892
1.6102995561351892
1.6102995561351892
1.6102995561351892
1.6102995561351892
1.6102995561351892
1.6102995561351892
1.6102995561351892
1.6102995561351892
1.6102995561351892
1.6102995561351892
1.6102995561351892
1.6102995561351892
1.6102995561351892
1.6102995561351892
1.6102995561351892
1.6102995561351892
1.6102995561351892
1.6102995561351892
1.6102999664691104
1.6102999664691104
1.6102999664691104
1.6102999664691104
1.6103004933988965
1.6103004933988965
1.6103004933988965
1.6103007862799676
1.610303219551007
1.610304983840751
1.6103060424081912
1.6103067359367351
1.6103071015695356
1.6103073559831131
1.610307508631139
1.610307600219911
1.610307776751681
1.6103079422419895
1.610307992375079
1.6103080431894827
1.610308073678085
1.6103082269591678
1.610308470368484
1.6103086969936296
1.6103088774209136
1.610308999531775
1.610309072798294
1.6103091522744195
1.6103092845051812
1.610309372457952
1.6103094378318357
1.6103094803020357
1.610309553456032
1.6103096094624996
1.6103096384536766
1.6103096799691643
1.6103097045916053
1.6103097254458958
1.6103097370350525
1.6103097420842607
1.6103097533708015
1.610309760038405
1.6103097636519585
1.6103097671554654
1.6103097701346534
1.6103097731005043
1.6103097755131492
1.6103097768370342
1.6103097778374995
1.61030977860438
1.6103097793113093
1.61030977996762
1.6103097803775377
1.6103097806639184
1.6103097810468938
1.6103097812237048
1.6103097814411804
1.6103097815528709
1.610309781676982
1.610309781715846
1.6103097818157446
1.6103097818791992
1.6103097819323344
1.6103097819569745
1.6103097819724428
1.6103097819832977
1.610309782002335
1.610309782021154
1.6103097820353451
1.6103097820438597
1.6103097820503613
1.6103097820531813
1.6103097820569154
1.6103097820591836
1.610309782060764
1.6103097820617318
1.6103097820623398
1.6103097820632375
1.6103097820640346
1.6103097820643495
1.6103097820646968
1.6103097820650898
1.6103097820653254
1.6103097820656058
1.6103097820656829
1.610309782065952
1.6103097820661134
1.6103097820662102
1.6103097820662682
1.6103097820664254
1.6103097820664698
1.6103097820665315
1.610309782066574
1.610309782066574
1.6103097820666035
1.6103097820666314
1.6103097820666497
1.6103097820666585
1.6103097820666672
1.610309782066678
1.6103097820666885
1.6103097820666983
1.610309782066706
1.6103097820667145
1.6103097820667203
1.6103097820667238
1.610309782066728
1.6103097820667318
1.6103097820667345
1.6103097820667358
1.610309782066737
1.6103097820667378
1.6103097820667391
1.61030978206674
1.6103097820667407
1.6103097820667414
1.6103097820667418
1.6103097820667422
1.6103097820667425
1.6103097820667427
1.610309782066743
1.6103097820667431
1.6103097820667434
1.6103097820667434
1.6103097820667434
1.6103097820667436
1.6103097820667436
1.6103097820667436
1.6103097820667436
1.6103097820667436
1.6103097820667436
1.6103097820667436
1.6103097820667436
1.6103097820667436
1.6103097820667436
1.6103097820667436
1.6103097820667436
1.6103097820667436
1.6103097820667436
1.6103097820667436
