2.1810415524747806
2.1810415524747806
2.1810415524747806
2.1810415524747806
2.1810415524747806
2.1810415524747806
2.1810415524747806
2.1810415524747806
2.1810415524747806
2.1810415524747806
2.1810415524747806
2.1810415524747806
2.1810415524747806
2.1810415524747806
2.1810415524747806
2.1810415524747806
2.1810415524747806
2.1810415524747806
2.1810415524747806
2.1810415524747806
2.1810415524747806
2.1810415524747806
2.1810415524747806
2.1810415524747806
2.1810415524747806
2.1810415524747806
2.1810415524747806
2.1810415524747806
2.1810415524747806
2.1810415524747806
2.1810415524747806
2.1810415524747806
2.1810415524747806
2.1810415524747806
2.1810415524747806
2.1810415524747806
2.1810415524747806
2.1810415524747806
2.1810415524747806
2.1810415524747806
2.1810415524747806
2.1810415524747806
2.1810415524747806
2.1810415524747806
2.1810415524747806
2.1810415524747806
2.1810415524747806
2.1810415524747806
2.1810415524747806
2.1810415524747806
2.1810415524747806
2.1810415524747806
2.1810415524747806
2.1810415524747806
2.1810415524747806
2.1810415524747806
2.1810415524747806
2.1810415524747806
2.1810415524747806
2.1810415524747806
2.1810434791529207
2.1810434791529207
2.1810434791529207
2.1810434791529207
2.1810499945672657
2.1810499945672657
2.1810506989484715
2.1810525580339912
2.1810539999484884
2.181055413780577
2.181056586040852
2.1810574261742173
2.1810579302542354
2.1810592038494
2.1810607148211245
2.181061689225285
2.1810622178352714
2.181063378443112
2.181063676300192
2.1810640829084913
2.18106432687348
2.1810646155489692
2.1810646155489692
2.181064940941651
2.181065168674634
2.1810653053144264
2.1810653876615187
2.181065491709266
2.1810656757175537
2.1810657527047703
2.1810657527047703
2.1810658183153757
2.181065860369485
2.18106589269029
2.181065911880937
2.1810659348818517
2.1810659634415708
2.1810659805774013
2.181065990858899
2.1810659970277992
2.1810660142006664
2.1810660275510636
2.181066035615985
2.1810660406396796
2.1810660496126313
2.181066055587571
2.1810660609096013
2.181066062589096
2.1810660676937283
2.181066071609726
2.1810660739593244
2.181066075377528
2.181066076366048
2.181066078600965
2.1810660800015302
2.1810660807112603
2.1810660812511125
2.181066081626964
2.181066081771294
2.1810660819080834
2.1810660825092483
2.1810660828699473
2.1810660831292163
2.1810660833379947
2.181066083524413
2.181066083660574
2.1810660837977354
2.1810660838846747
2.181066083943032
2.181066083986355
2.1810660840128118
2.1810660840443123
2.181066084067223
2.1810660840809692
2.1810660840915643
2.181066084096563
2.181066084102468
2.181066084109739
2.1810660841147125
2.1810660841178873
2.181066084120084
2.181066084121402
2.1810660841221927
2.1810660841249443
2.1810660841274325
2.1810660841289256
2.1810660841298213
2.181066084130359
2.1810660841314737
2.181066084132832
2.1810660841336476
2.181066084134137
2.1810660841344305
2.1810660841352374
2.1810660841358507
2.1810660841362193
2.18106608413644
2.181066084136758
2.181066084137107
2.181066084137316
2.181066084137442
2.181066084137628
2.1810660841377585
2.181066084137837
2.1810660841378833
2.1810660841379166
2.181066084137994
2.1810660841380405
2.181066084138068
2.181066084138085
2.181066084138124
2.1810660841381604
2.1810660841381826
2.181066084138196
2.181066084138204
2.18106608413822
2.1810660841382306
2.181066084138237
2.1810660841382408
2.1810660841382483
2.1810660841382528
2.1810660841382554
2.181066084138257
2.181066084138258
2.1810660841382608
2.1810660841382625
2.1810660841382634
2.1810660841382643
2.1810660841382656
2.181066084138266
2.1810660841382665
2.181066084138267
2.181066084138268
2.181066084138268
2.1810660841382683
2.1810660841382683
2.1810660841382683
2.1810660841382683
2.1810660841382683
2.1810660841382683
2.1810660841382683
