1.6357043613289493
1.6357043613289493
1.6357043613289493
1.6357043613289493
1.6357043613289493
1.6357043613289493
1.6357043613289493
1.6357043613289493
1.6357043613289493
1.6357043613289493
1.6357043613289493
1.6357043613289493
1.6357043613289493
1.6357043613289493
1.6357043613289493
1.6357043613289493
1.6357043613289493
1.6357043613289493
1.6357043613289493
1.6357043613289493
1.6357043613289493
1.6357043613289493
1.6357043613289493
1.6357043613289493
1.6357043613289493
1.6357043613289493
1.6357043613289493
1.6357043613289493
1.6357043613289493
1.6357043613289493
1.6357043613289493
1.6357043613289493
1.6357043613289493
1.6357043613289493
1.6357043613289493
1.6357043613289493
1.6357043613289493
1.6357043613289493
1.6357043613289493
1.6357043613289493
1.6357043613289493
1.6357043613289493
1.6357043613289493
1.6357043613289493
1.6357043613289493
1.6357043613289493
1.6357043613289493
1.6357043613289493
1.6357043613289493
1.6357043613289493
1.6357043613289493
1.6357043613289493
1.6357043613289493
1.6357043613289493
1.635714410231585
1.635714410231585
1.635714410231585
1.635714410231585
1.635714410231585
1.6357175467352876
1.6357176515674405
1.635718278117714
1.6357194448213217
1.635719726490962
1.6357205713465888
1.6357208481366627
1.6357218022521878
1.6357220577640996
1.6357223256593667
1.6357224877456216
1.6357227148644473
1.635722924730854
1.6357230831990786
1.6357231782800161
1.6357232650021665
1.6357233209904996
1.6357234255171518
1.6357235021576575
1.6357235190503667
1.6357235620471229
1.6357235956700766
1.6357236141421252
1.6357236364542511
1.6357236434207219
1.6357236527541794
1.6357236638927897
1.635723671587357
1.6357236766543815
1.6357236802069146
1.6357236827997566
1.6357236862860438
1.6357236871508305
1.6357236889072817
1.6357236907065267
1.6357236917860742
1.63572369360733
1.6357236952224563
1.635723695904778
1.635723695904778
1.635723695904778
1.6357236965059052
1.6357236965059052
1.6357236965059052
1.6357236967219688
1.6357236970254925
1.635723697036722
1.635723697036722
1.635723697036722
1.635723697156396
1.635723697156396
1.635723697156396
1.635723697161817
1.6357236971944689
1.6357236972140596
1.6357236972294789
1.6357236972294789
1.6357236972294789
1.6357236972294789
1.6357236972316567
1.6357236972316567
1.6357236972316567
1.6357236972320475
1.6357236972348996
1.635723697236955
1.635723697236955
1.635723697236955
1.635723697238272
1.6357236972383815
1.6357236972384301
1.6357236972384734
1.6357236972388889
1.6357236972393019
1.6357236972395848
1.6357236972397546
1.635723697239932
1.6357236972401206
1.6357236972402214
1.6357236972402973
1.6357236972403673
1.63572369724044
1.635723697240496
1.6357236972405023
1.6357236972405367
1.6357236972405458
1.6357236972405627
1.6357236972405744
1.635723697240587
1.6357236972405904
1.6357236972405949
1.6357236972405989
1.6357236972406013
1.6357236972406015
1.6357236972406026
1.6357236972406037
1.6357236972406044
1.635723697240605
1.6357236972406053
1.6357236972406057
1.6357236972406066
1.6357236972406068
1.635723697240607
1.635723697240608
1.6357236972406082
1.6357236972406084
1.6357236972406084
1.6357236972406086
1.6357236972406086
1.6357236972406086
1.6357236972406086
1.6357236972406086
1.6357236972406086
1.6357236972406086
1.6357236972406086
1.6357236972406086
1.6357236972406086
1.6357236972406086
1.6357236972406086
1.6357236972406086
1.6357236972406086
1.6357236972406086
1.6357236972406086
1.6357236972406086
1.6357236972406086
1.6357236972406086
1.6357236972406086
