2.501566266198971
2.501566266198971
2.501566266198971
2.501566266198971
2.501566266198971
2.501566266198971
2.501566266198971
2.501566266198971
2.501566266198971
2.501566266198971
2.501566266198971
2.501566266198971
2.501566266198971
2.501566266198971
2.501566266198971
2.501566266198971
2.501566266198971
2.501566266198971
2.501566266198971
2.501566266198971
2.501566266198971
2.501566266198971
2.501566266198971
2.501566266198971
2.501566266198971
2.501566266198971
2.501566266198971
2.501566266198971
2.501566266198971
2.501566266198971
2.501566266198971
2.501566266198971
2.501566266198971
2.501566266198971
2.501566266198971
2.501566266198971
2.501566266198971
2.501566266198971
2.501566266198971
2.501566266198971
2.501566266198971
2.501566266198971
2.501566266198971
2.501566266198971
2.501566266198971
2.501566266198971
2.501566266198971
2.501566266198971
2.501566266198971
2.501566266198971
2.501566266198971
2.501566266198971
2.501566266198971
2.501566266198971
2.501566266198971
2.501566266198971
2.501566266198971
2.501566266198971
2.501566266198971
2.501566266198971
2.501566266198971
2.501566814083549
2.5015680633460207
2.5015680633460207
2.5015680633460207
2.501568115308003
2.501568115308003
2.501568115308003
2.501568115308003
2.5015685741118134
2.5015685741118134
2.501570092072835
2.501570092072835
2.5015704849924845
2.5015718808591023
2.501572254681255
2.5015731049067154
2.5015735419128813
2.5015742882110175
2.5015746882074623
2.5015754113341253
2.5015755101809964
2.5015762202065375
2.5015766958051446
2.5015770350617923
2.5015772162344985
2.50157774534221
2.5015780628068938
2.5015782532857256
2.5015783675730323
2.5015785417245815
2.5015786742460624
2.5015786742460624
2.501578755329563
2.501578799413473
2.5015788268523993
2.5015788338862404
2.5015788452157346
2.501578862966735
2.5015788773226895
2.50157888657245
2.501578893241793
2.5015789010542426
2.5015789073050136
2.501578909300066
2.501578911521598
2.501578913741146
2.501578915201748
2.5015789171719174
2.501578917579358
2.501578918026771
2.5015789185067128
2.501578918972551
2.501578919383022
2.5015789196065388
2.5015789199066387
2.5015789200607124
2.501578920143166
2.5015789202387846
2.5015789202920393
2.5015789203466463
2.5015789203832055
2.5015789204000285
2.501578920423738
2.5015789204545382
2.5015789204696577
2.5015789204816103
2.501578920495342
2.5015789205040253
2.501578920512517
2.501578920516202
2.501578920522272
2.501578920525915
2.5015789205291408
2.5015789205323355
2.501578920534692
2.5015789205361063
2.501578920536627
2.5015789205371335
2.5015789205376135
2.5015789205376135
2.5015789205380328
2.501578920538365
2.501578920538394
2.5015789205384626
2.5015789205385857
2.5015789205386763
2.501578920538747
2.501578920538795
2.501578920538835
2.5015789205389445
2.5015789205390115
2.501578920539052
2.501578920539076
2.5015789205390915
2.5015789205391115
2.501578920539135
2.5015789205391514
2.50157892053916
2.501578920539166
2.501578920539178
2.5015789205391856
2.5015789205391905
2.5015789205391927
2.501578920539194
2.5015789205391954
2.501578920539199
2.5015789205392016
2.501578920539203
2.5015789205392047
2.5015789205392047
2.5015789205392047
2.5015789205392047
2.501578920539206
2.5015789205392065
2.501578920539207
2.501578920539208
2.5015789205392083
2.5015789205392083
2.5015789205392087
2.5015789205392087
2.5015789205392087
2.5015789205392087
2.5015789205392087
2.5015789205392087
2.5015789205392087
2.5015789205392087
2.5015789205392087
2.5015789205392087
2.5015789205392087
2.5015789205392087
2.5015789205392087
2.5015789205392087
2.5015789205392087
2.5015789205392087
2.5015789205392087
2.5015789205392087
2.5015789205392087
2.5015789205392087
