1.823136118367545
1.823136118367545
1.823136118367545
1.823136118367545
1.823136118367545
1.823136118367545
1.823136118367545
1.823136118367545
1.823136118367545
1.823136118367545
1.823136118367545
1.823136118367545
1.823136118367545
1.823136118367545
1.823136118367545
1.823136118367545
1.823136118367545
1.823136118367545
1.823136118367545
1.823136118367545
1.823136118367545
1.823136118367545
1.823136118367545
1.823136118367545
1.823136118367545
1.823136118367545
1.823136118367545
1.823136118367545
1.823136118367545
1.823136118367545
1.823136118367545
1.823136118367545
1.823136118367545
1.823136118367545
1.823136118367545
1.823136118367545
1.823136118367545
1.823136118367545
1.823136118367545
1.823136118367545
1.823136118367545
1.823136118367545
1.823136118367545
1.823136118367545
1.823136118367545
1.8231786864422816
1.8231786864422816
1.8231786864422816
1.8231786864422816
1.8231868573771035
1.8231868573771035
1.8231868573771035
1.8231868573771035
1.8231903680543526
1.823194254195863
1.8231965858860997
1.8231979849021622
1.8231988243124897
1.8232005737647305
1.8232005737647305
1.8232005737647305
1.8232005737647305
1.8232008390964243
1.8232008390964243
1.8232008390964243
1.8232008390964243
1.8232014120086013
1.8232014652375195
1.82320232997734
1.8232028836463974
1.8232032747118883
1.8232038204083558
1.8232041584351402
1.823204361251252
1.8232045487571238
1.823204718485904
1.823204888841138
1.82320506264909
1.8232052774558218
1.8232052873490208
1.8232054264766802
1.8232055346257716
1.823205599515231
1.8232056431101675
1.8232056821872469
1.8232057292608512
1.823205774472721
1.8232058020265534
1.8232058070842336
1.8232058186994728
1.8232058316560564
1.8232058445531876
1.8232058578685977
1.82320586702174
1.8232058881491295
1.8232059017714481
1.8232059065765367
1.8232059065765367
1.8232059065765367
1.8232059065765367
1.823205909349985
1.823205909349985
1.823205909349985
1.823205909349985
1.823205909349985
1.8232059096130313
1.823205910121852
1.823205910121852
1.823205910121852
1.823205910121852
1.8232059103905036
1.8232059103905036
1.8232059103905036
1.8232059104483063
1.823205910535836
1.8232059105883527
1.823205910654732
1.8232059107064083
1.8232059107535148
1.8232059107770404
1.8232059107917684
1.8232059108000023
1.8232059108157204
1.8232059108353833
1.8232059108499803
1.8232059108589331
1.8232059108724312
1.8232059108805292
1.823205910885389
1.8232059108883045
1.823205910890053
1.8232059108911738
1.823205910891961
1.8232059108949745
1.8232059108958645
1.8232059108969532
1.8232059108976064
1.8232059108978975
1.8232059108986343
1.823205910899237
1.8232059108995986
1.8232059108998153
1.823205910899945
1.823205910900195
1.8232059109005736
1.8232059109007996
1.8232059109009484
1.8232059109010386
1.8232059109011336
1.8232059109012204
1.823205910901272
1.8232059109013028
1.823205910901321
1.8232059109013325
1.8232059109013485
1.823205910901371
1.8232059109013854
1.8232059109013934
1.8232059109014
1.8232059109014118
1.8232059109014191
1.8232059109014234
1.823205910901426
1.8232059109014271
1.8232059109014294
1.8232059109014311
1.8232059109014314
1.8232059109014314
1.8232059109014314
1.8232059109014331
1.8232059109014331
1.8232059109014331
1.8232059109014334
1.8232059109014334
1.8232059109014334
1.8232059109014334
1.8232059109014334
1.8232059109014334
1.8232059109014334
1.8232059109014334
1.8232059109014334
1.8232059109014334
1.8232059109014334
1.8232059109014334
1.8232059109014334
1.8232059109014334
1.8232059109014334
1.8232059109014334
1.8232059109014334
1.8232059109014334
1.8232059109014334
1.8232059109014334
1.8232059109014334
1.8232059109014334
1.8232059109014334
