1.959300152855934
1.959300152855934
1.959300152855934
1.959300152855934
1.959300152855934
1.959300152855934
1.959300152855934
1.959300152855934
1.959300152855934
1.959300152855934
1.959300152855934
1.959300152855934
1.959300152855934
1.959300152855934
1.959300152855934
1.959300152855934
1.959300152855934
1.959300152855934
1.959300152855934
1.959300152855934
1.959300152855934
1.959300152855934
1.959300152855934
1.959300152855934
1.959300152855934
1.959300152855934
1.959300152855934
1.959300152855934
1.959300152855934
1.959300152855934
1.959300152855934
1.959300152855934
1.959300152855934
1.959300152855934
1.959300152855934
1.959300152855934
1.959300152855934
1.959300152855934
1.959300152855934
1.959300152855934
1.959300152855934
1.959300152855934
1.959300152855934
1.959300152855934
1.959300152855934
1.959300152855934
1.959300152855934
1.959300152855934
1.959300152855934
1.959300152855934
1.9593184327640238
1.9593184327640238
1.9593184327640238
1.9593237956648657
1.9593237956648657
1.9593237956648657
1.9593237956648657
1.9593244404851395
1.9593282653128148
1.959330560209428
1.959331937147397
1.9593327633101798
1.95933325900785
1.9593341468559946
1.9593370036626434
1.9593372338900226
1.9593385421068963
1.9593385421068963
1.9593385421068963
1.9593385421068963
1.9593388004795727
1.9593388004795727
1.9593389757990989
1.9593390973716267
1.9593392454838163
1.9593393786051838
1.9593395989083366
1.9593397591498354
1.959339866963408
1.959339968023676
1.9593400699817618
1.9593401173174139
1.9593401443841933
1.9593401845545313
1.9593402125209698
1.9593402253243857
1.9593402323821643
1.9593402463591247
1.9593402546767436
1.9593402607652257
1.9593402668438185
1.9593402729048408
1.9593402778417115
1.9593402805655398
1.9593402827835829
1.959340285116017
1.9593402869254408
1.9593402881243194
1.9593402888436466
1.959340289420879
1.9593402899435255
1.9593402901549082
1.9593402904205584
1.9593402905862978
1.959340290845115
1.9593402910408355
1.9593402911641657
1.959340291232552
1.9593402912940956
1.9593402913816063
1.9593402914746294
1.9593402915660403
1.9593402915885034
1.9593402916446234
1.9593402916997988
1.959340291732904
1.959340291752767
1.9593402917646852
1.9593402917718357
1.9593402918083063
1.9593402918337348
1.9593402918610945
1.9593402918651996
1.9593402918847849
1.9593402918990583
1.9593402919076226
1.9593402919127612
1.959340291919391
1.9593402919262624
1.959340291930385
1.95934029193288
1.9593402919345198
1.9593402919358256
1.9593402919373568
1.959340291938387
1.959340291939158
1.9593402919397875
1.9593402919407108
1.9593402919414054
1.9593402919418486
1.9593402919421483
1.9593402919423282
1.9593402919427543
1.9593402919430942
1.9593402919433052
1.9593402919434315
1.9593402919435146
1.959340291943688
1.9593402919437997
1.9593402919438663
1.9593402919439067
1.9593402919439378
1.9593402919440088
1.9593402919440515
1.9593402919440772
1.9593402919441119
1.9593402919441505
1.9593402919441736
1.9593402919441878
1.9593402919442047
1.9593402919442227
1.959340291944233
1.9593402919442393
1.9593402919442435
1.9593402919442464
1.9593402919442495
1.9593402919442513
1.9593402919442522
1.9593402919442529
1.9593402919442542
1.9593402919442553
1.959340291944256
1.9593402919442562
1.9593402919442566
1.9593402919442569
1.959340291944257
1.9593402919442573
1.9593402919442573
1.9593402919442577
1.9593402919442577
1.959340291944258
1.959340291944258
1.959340291944258
1.959340291944258
1.959340291944258
1.959340291944258
1.959340291944258
