1.3086459596972433
1.3086459596972433
1.3086459596972433
1.3086459596972433
1.3086459596972433
1.3086459596972433
1.3086459596972433
1.3086459596972433
1.3086459596972433
1.3086459596972433
1.3086459596972433
1.3086459596972433
1.3086459596972433
1.3086459596972433
1.3086459596972433
1.3086459596972433
1.3086459596972433
1.3086459596972433
1.3086459596972433
1.3086459596972433
1.3086459596972433
1.3086459596972433
1.3086459596972433
1.3086459596972433
1.3086459596972433
1.3086459596972433
1.3086459596972433
1.3086459596972433
1.3086459596972433
1.3086459596972433
1.3086459596972433
1.3086459596972433
1.3086459596972433
1.3087216622416251
1.3087216622416251
1.3087216622416251
1.3087216622416251
1.3087216622416251
1.3087216622416251
1.3087216622416251
1.3087216622416251
1.308728853924809
1.308728853924809
1.308728853924809
1.308728853924809
1.308728853924809
1.3087389814896897
1.3087389814896897
1.308743426191685
1.3087481562596806
1.3087509943064914
1.308752697136743
1.308753718835673
1.3087543318553116
1.3087546996671962
1.308754920354363
1.308755052766676
1.3087551322140683
1.3087551798825063
1.308755208483569
1.3087552256442065
1.3087552359405898
1.3087552421184192
1.3087552458251175
1.3087554049624694
1.3087554244834556
1.3087554985272922
1.3087558410409956
1.3087559017371528
1.308755961802807
1.3087562458343829
1.3087564448593818
1.3087564448593818
1.3087564983511435
1.3087565688500657
1.3087566606807712
1.308756704003372
1.3087567323779614
1.308756763805034
1.3087568042709963
1.3087568219987207
1.3087568367113525
1.3087568473749218
1.3087568631527966
1.308756871425556
1.3087568797631364
1.3087568856697038
1.3087568927385804
1.3087568976295647
1.3087569005641553
1.3087569023249097
1.3087569033813622
1.3087569053019317
1.3087569068927956
1.308756908198135
1.3087569088953117
1.3087569094541434
1.308756909826883
1.3087569101863281
1.3087569104266157
1.3087569105717893
1.3087569106877275
1.3087569108355945
1.3087569109496022
1.308756911018007
1.3087569110828352
1.3087569110828352
1.3087569110828352
1.3087569110828352
1.3087569110828352
1.308756911083231
1.308756911083231
1.308756911083231
1.3087569110855495
1.3087569110855495
1.3087569110855495
1.3087569110870882
1.3087569110870882
1.3087569110870882
1.3087569110870882
1.3087569110873902
1.3087569110873902
1.3087569110873902
1.3087569110873902
1.3087569110873902
1.3087569110875226
1.3087569110875226
1.3087569110875226
1.3087569110875226
1.3087569110877142
1.30875691108782
1.30875691108782
1.308756911087893
1.3087569110879187
1.3087569110879504
1.3087569110879564
1.3087569110880195
1.3087569110880541
1.3087569110880781
1.3087569110880928
1.3087569110880928
1.3087569110881057
1.3087569110881112
1.308756911088116
1.3087569110881183
1.3087569110881183
1.3087569110881219
1.3087569110881243
1.308756911088126
1.308756911088128
1.3087569110881299
1.3087569110881305
1.3087569110881316
1.3087569110881319
1.3087569110881327
1.3087569110881332
1.3087569110881334
1.3087569110881336
1.3087569110881339
1.308756911088134
1.308756911088134
1.308756911088134
1.308756911088134
1.308756911088134
1.308756911088134
1.308756911088134
1.308756911088134
1.308756911088134
1.308756911088134
1.308756911088134
1.308756911088134
1.308756911088134
1.308756911088134
1.308756911088134
1.308756911088134
1.308756911088134
1.308756911088134
1.308756911088134
1.308756911088134
1.308756911088134
1.308756911088134
1.308756911088134
1.308756911088134
