1.7753120113304985
1.7753120113304985
1.7753120113304985
1.7753120113304985
1.7753120113304985
1.7753120113304985
1.7753120113304985
1.7753120113304985
1.7753120113304985
1.7753120113304985
1.7753120113304985
1.7753120113304985
1.7753120113304985
1.7753120113304985
1.7753120113304985
1.7753120113304985
1.7753120113304985
1.7753120113304985
1.7753120113304985
1.7753120113304985
1.7753120113304985
1.7753120113304985
1.7753120113304985
1.7753120113304985
1.7753120113304985
1.7753120113304985
1.7753120113304985
1.7753120113304985
1.7753120113304985
1.7753120113304985
1.7753120113304985
1.7753120113304985
1.7753120113304985
1.7753120113304985
1.7753120113304985
1.7753120113304985
1.7753120113304985
1.7753120113304985
1.7753120113304985
1.7753120113304985
1.7753120113304985
1.7753120113304985
1.7753120113304985
1.7753120113304985
1.7753120113304985
1.7753120113304985
1.7753120113304985
1.7753120113304985
1.7753120113304985
1.7753120113304985
1.7753120113304985
1.7753120113304985
1.7753120113304985
1.7753120113304985
1.7753120113304985
1.7753120113304985
1.7753120113304985
1.7753120113304985
1.7753120113304985
1.7753120113304985
1.7753120113304985
1.7753120113304985
1.7753120113304985
1.7753120113304985
1.7753120113304985
1.7753120113304985
1.7753124660696034
1.7753124660696034
1.7753124660696034
1.7753124660696034
1.7753124660696034
1.7753124660696034
1.7753124660696034
1.7753124660696034
1.7753124660696034
1.7753124660696034
1.7753124660696034
1.7753126917716906
1.7753126917716906
1.7753126917716906
1.7753126917716906
1.7753126917716906
1.7753126917716906
1.7753126917716906
1.775312718026103
1.7753127954115906
1.7753129892361064
1.7753135696586615
1.7753139014504464
1.7753139014504464
1.7753141085665027
1.7753142487493592
1.775314672856792
1.775314672856792
1.7753148770423062
1.7753149569249838
1.7753150891602287
1.7753151845724628
1.7753152423020686
1.7753152747073284
1.7753153564035336
1.7753154054212585
1.775315434831895
1.7753154550269077
1.7753154680260992
1.7753154952659504
1.7753155034831496
1.7753155118951054
1.7753155220108807
1.7753155429506762
1.7753155466815382
1.7753155545970551
1.7753155612791323
1.7753155661752174
1.7753155691401863
1.7753155707291217
1.7753155726350298
1.7753155766488953
1.7753155769095237
1.775315577048754
1.7753155771322935
1.7753155772724472
1.7753155781647463
1.77531557920946
1.7753155798389864
1.7753155802167009
1.7753155804433307
1.775315580579308
1.7753155808004608
1.7753155813415364
1.7753155815893866
1.7753155816499673
1.775315581809536
1.7753155818549922
1.7753155820353805
1.7753155821254945
1.7753155821950934
1.7753155822368534
1.775315582270209
1.775315582314977
1.7753155823456603
1.7753155823641036
1.775315582383173
1.7753155823993478
1.775315582409679
1.7753155824177511
1.7753155824251121
1.7753155824316265
1.7753155824355347
1.7753155824378797
1.7753155824406905
1.7753155824432592
1.7753155824445872
1.7753155824456672
1.7753155824462146
1.775315582446996
1.7753155824478335
1.775315582448249
1.7753155824484983
1.7753155824486482
1.7753155824487454
1.7753155824488212
1.775315582449022
1.775315582449274
1.7753155824494309
1.7753155824495255
1.775315582449582
1.7753155824496463
1.775315582449792
1.7753155824498796
1.7753155824499331
1.775315582449966
1.7753155824500078
1.775315582450038
1.7753155824500566
1.7753155824500721
1.7753155824500857
1.7753155824500946
1.7753155824500992
1.7753155824501043
1.7753155824501115
1.7753155824501154
1.775315582450118
1.7753155824501208
1.7753155824501248
1.7753155824501266
1.7753155824501277
1.7753155824501283
1.77531558245013
1.7753155824501308
1.7753155824501317
1.7753155824501317
1.7753155824501319
1.7753155824501319
1.7753155824501323
1.7753155824501325
1.7753155824501325
1.7753155824501328
1.775315582450133
1.775315582450133
1.775315582450133
1.7753155824501332
1.7753155824501332
1.7753155824501332
1.7753155824501332
1.7753155824501332
1.7753155824501332
1.7753155824501332
1.7753155824501332
