1.192831570443002
1.192831570443002
1.192831570443002
1.192831570443002
1.192831570443002
1.192831570443002
1.192831570443002
1.192831570443002
1.192831570443002
1.192831570443002
1.192831570443002
1.192831570443002
1.192831570443002
1.192831570443002
1.192831570443002
1.192831570443002
1.192831570443002
1.192831570443002
1.192831570443002
1.192831570443002
1.192831570443002
1.192831570443002
1.192831570443002
1.192831570443002
1.192831570443002
1.192831570443002
1.192831570443002
1.192831570443002
1.192831570443002
1.192831570443002
1.192831570443002
1.192831570443002
1.192831570443002
1.192831570443002
1.192831570443002
1.192831570443002
1.192831570443002
1.192831570443002
1.192831570443002
1.192831570443002
1.192831570443002
1.192831570443002
1.192831570443002
1.192831570443002
1.192831570443002
1.192831570443002
1.192831570443002
1.192831570443002
1.192831570443002
1.192831570443002
1.192831570443002
1.1928321292964912
1.1928321292964912
1.1928321292964912
1.1928321292964912
1.192832668670683
1.192832668670683
1.192832668670683
1.192832668670683
1.1928333198878203
1.1928333198878203
1.1928333198878203
1.1928336719154018
1.1928340426315394
1.1928345217502767
1.1928349208820888
1.1928352132385664
1.1928356018816708
1.1928356018816708
1.1928358218112058
1.1928359425193964
1.1928361068979865
1.1928362264373025
1.1928363987489792
1.1928363987489792
1.192836439905437
1.1928365536540062
1.1928366598712796
1.1928366598712796
1.1928366598712796
1.192836720493711
1.192836744320714
1.1928367537902511
1.1928367538893716
1.192836757996573
1.1928367792642114
1.1928367952443
1.1928368065867423
1.1928368143366266
1.1928368304780386
1.1928368405240708
1.1928368471502409
1.1928368517529429
1.192836854198181
1.192836854198181
1.1928368566701304
1.1928368567823693
1.1928368576302932
1.1928368578476936
1.1928368580019646
1.192836858458792
1.192836858641999
1.1928368588199938
1.1928368589704619
1.1928368590437735
1.1928368590877605
1.1928368591324872
1.192836859220747
1.192836859239307
1.1928368592756673
1.1928368592912098
1.1928368592975955
1.192836859309319
1.1928368593133536
1.1928368593321168
1.1928368593321168
1.1928368593459293
1.1928368593545058
1.1928368593617442
1.192836859366087
1.192836859368693
1.1928368593703869
1.1928368593741643
1.1928368593776022
1.1928368593812015
1.192836859382907
1.192836859382907
1.192836859383779
1.192836859384422
1.1928368593847933
1.1928368593855325
1.1928368593857952
1.1928368593861656
1.192836859386398
1.1928368593865744
1.1928368593867256
1.1928368593868346
1.1928368593868923
1.1928368593869807
1.1928368593870298
1.1928368593870593
1.19283685938711
1.192836859387145
1.192836859387166
1.1928368593871788
1.1928368593871903
1.1928368593872012
1.192836859387213
1.19283685938722
1.1928368593872316
1.1928368593872316
1.1928368593872414
1.1928368593872416
1.192836859387243
1.192836859387247
1.1928368593872476
1.1928368593872478
1.1928368593872483
1.192836859387249
1.1928368593872491
1.1928368593872498
1.1928368593872507
1.1928368593872514
1.192836859387252
1.1928368593872525
1.1928368593872525
1.1928368593872525
1.1928368593872527
1.1928368593872527
1.1928368593872527
1.1928368593872527
1.1928368593872527
1.1928368593872527
1.1928368593872527
1.1928368593872527
1.1928368593872527
1.1928368593872527
1.1928368593872527
1.1928368593872527
1.1928368593872527
1.1928368593872527
1.1928368593872527
1.1928368593872527
1.1928368593872527
1.1928368593872527
1.1928368593872527
1.1928368593872527
1.1928368593872527
1.1928368593872527
1.1928368593872527
