2.332286538750095
2.332286538750095
2.332286538750095
2.332286538750095
2.332286538750095
2.332286538750095
2.332286538750095
2.332286538750095
2.332286538750095
2.332286538750095
2.332286538750095
2.332286538750095
2.332286538750095
2.332286538750095
2.332286538750095
2.332286538750095
2.332286538750095
2.332286538750095
2.332286538750095
2.332286538750095
2.332286538750095
2.332286538750095
2.332286538750095
2.332286538750095
2.332286538750095
2.332286538750095
2.332286538750095
2.332286538750095
2.332286538750095
2.332286538750095
2.332286538750095
2.332286538750095
2.3329763478835637
2.3329763478835637
2.3329763478835637
2.3329763478835637
2.3329763478835637
2.3329763478835637
2.3329763478835637
2.3329763478835637
2.3329763478835637
2.3329763478835637
2.3329763478835637
2.3329763478835637
2.3329763478835637
2.3329763478835637
2.3329763478835637
2.332996557746607
2.332996557746607
2.332996557746607
2.332996557746607
2.3330241091116743
2.3330261621830535
2.333028796658519
2.333039688089142
2.3330462229841356
2.333050143934315
2.3330541267290825
2.333058960152677
2.3330618602116924
2.3330643532752324
2.333065393485102
2.333066267227248
2.333067153757539
2.3330689282097405
2.33306997969815
2.333070616680052
2.3330709988692613
2.333071407946405
2.333072006187455
2.3330725020549283
2.3330727995755054
2.333073015878072
2.3330733431303066
2.3330735260188393
2.3330736573518416
2.333073796331581
2.333073933583276
2.3330740229474385
2.3330740784433996
2.3330741129482298
2.3330741350431747
2.333074155816759
2.3330741780125988
2.3330741913301023
2.333074199320605
2.3330742041593653
2.3330742173711663
2.3330742281523107
2.3330742346209963
2.333074238502208
2.33307424113072
2.3330742440031127
2.3330742465470085
2.333074248073346
2.33307424875032
2.333074249385924
2.3330742497672863
2.333074249900584
2.333074250348468
2.333074250658227
2.3330742508571265
2.3330742510521145
2.3330742512774885
2.3330742514157565
2.3330742515079073
2.333074251618013
2.333074251701729
2.333074251751958
2.333074251786088
2.3330742518271306
2.3330742518623584
2.333074251884233
2.3330742518980228
2.333074251906298
2.333074251911262
2.3330742519227177
2.3330742519308534
2.3330742519357353
2.333074251938664
2.333074251944356
2.3330742519485552
2.333074251951074
2.3330742519525867
2.333074251954351
2.3330742519557752
2.3330742519566474
2.33307425195717
2.333074251957486
2.3330742519578784
2.333074251958203
2.333074251958398
2.3330742519585153
2.333074251958586
2.3330742519586276
2.3330742519586924
2.333074251958743
2.3330742519587733
2.3330742519587924
2.333074251958826
2.3330742519588528
2.333074251958869
2.333074251958878
2.3330742519588843
2.333074251958889
2.333074251958896
2.3330742519589007
2.333074251958903
2.333074251958905
2.333074251958909
2.333074251958911
2.333074251958912
2.333074251958912
2.3330742519589123
2.3330742519589127
2.333074251958913
2.3330742519589136
2.333074251958914
2.333074251958914
2.333074251958914
2.3330742519589145
2.3330742519589145
2.3330742519589145
2.3330742519589145
2.3330742519589145
2.3330742519589145
2.3330742519589145
2.3330742519589145
2.3330742519589145
2.3330742519589145
2.3330742519589145
2.3330742519589145
2.3330742519589145
2.3330742519589145
2.3330742519589145
2.3330742519589145
2.3330742519589145
2.3330742519589145
2.3330742519589145
2.3330742519589145
2.3330742519589145
2.3330742519589145
2.3330742519589145
2.3330742519589145
2.3330742519589145
2.3330742519589145
2.3330742519589145
2.3330742519589145
