2.0532419759648843
2.0532419759648843
2.0532419759648843
2.0532419759648843
2.0532419759648843
2.0532419759648843
2.0532419759648843
2.0532419759648843
2.0532419759648843
2.0532419759648843
2.0532419759648843
2.0532419759648843
2.0532419759648843
2.0532419759648843
2.0532419759648843
2.0532419759648843
2.0532419759648843
2.0532419759648843
2.0532419759648843
2.0532419759648843
2.0532419759648843
2.0532419759648843
2.0532419759648843
2.0532419759648843
2.0532419759648843
2.0532419759648843
2.0532419759648843
2.0532419759648843
2.0532419759648843
2.0532419759648843
2.0532419759648843
2.0532419759648843
2.0532419759648843
2.0532419759648843
2.0532419759648843
2.0532419759648843
2.0532419759648843
2.0532419759648843
2.0532419759648843
2.0532419759648843
2.0532419759648843
2.0532419759648843
2.0532419759648843
2.0532506028738204
2.0532506028738204
2.0532506028738204
2.0532506028738204
2.0532506028738204
2.0532506028738204
2.0532506028738204
2.0532506028738204
2.0532506028738204
2.0532506028738204
2.0532506028738204
2.0532506028738204
2.0532506510374517
2.0532506510374517
2.0532514165458973
2.0532594208687422
2.0532594208687422
2.0532600421077998
2.0532626633525464
2.0532679895454935
2.0532686974058363
2.0532730832318244
2.053274805667728
2.0532756986519716
2.053278362970509
2.053280013194848
2.053281003329611
2.053281597410527
2.053282174987728
2.053283116906021
2.0532838468958152
2.053284215205343
2.0532844924728137
2.053284907158192
2.0532852775725114
2.0532854527476676
2.0532855578527562
2.05328566855141
2.053285778230251
2.0532858516733796
2.053285898675715
2.053285929672463
2.0532859672496717
2.0532859975287434
2.0532860156961865
2.0532860362962553
2.0532860556560344
2.053286067271902
2.0532860749378257
2.0532860802147614
2.053286086222672
2.053286090408641
2.0532860929202217
2.053286094685678
2.053286097657429
2.053286099505498
2.05328610061434
2.053286101279645
2.0532861019459445
2.0532861032799015
2.053286104080275
2.0532861045604993
2.0532861048486337
2.053286105021515
2.053286105125244
2.0532861056180227
2.053286105958498
2.053286106162782
2.0532861062853534
2.05328610646111
2.0532861065847934
2.053286106659003
2.0532861067035295
2.0532861067323522
2.053286106768687
2.053286106790669
2.053286106803859
2.0532861068117723
2.053286106816521
2.0532861068193697
2.0532861068213424
2.0532861068264254
2.0532861068295274
2.053286106831388
2.0532861068325046
2.0532861068335793
2.053286106834884
2.053286106835666
2.0532861068361354
2.053286106836418
2.053286106836752
2.0532861068373296
2.0532861068376773
2.053286106837885
2.0532861068380104
2.053286106838263
2.0532861068384536
2.0532861068385686
2.0532861068386374
2.0532861068386956
2.0532861068388097
2.0532861068388786
2.05328610683892
2.053286106838945
2.0532861068389985
2.0532861068390305
2.05328610683905
2.0532861068390615
2.0532861068390784
2.0532861068390913
2.0532861068390997
2.053286106839105
2.0532861068391135
2.053286106839119
2.0532861068391215
2.0532861068391237
2.053286106839125
2.053286106839126
2.053286106839126
2.0532861068391264
2.0532861068391264
2.053286106839128
2.0532861068391295
2.0532861068391304
2.0532861068391313
2.053286106839132
2.0532861068391326
2.0532861068391326
2.053286106839133
2.053286106839134
2.053286106839134
2.053286106839134
2.0532861068391344
2.0532861068391344
2.0532861068391344
2.053286106839135
2.053286106839135
2.053286106839135
2.053286106839135
2.053286106839135
2.053286106839135
2.053286106839135
2.053286106839135
2.053286106839135
2.053286106839135
2.053286106839135
2.053286106839135
