1.64032075630117
1.64032075630117
1.64032075630117
1.64032075630117
1.64032075630117
1.64032075630117
1.64032075630117
1.64032075630117
1.64032075630117
1.64032075630117
1.64032075630117
1.64032075630117
1.64032075630117
1.64032075630117
1.64032075630117
1.64032075630117
1.64032075630117
1.64032075630117
1.64032075630117
1.64032075630117
1.64032075630117
1.64032075630117
1.64032075630117
1.64032075630117
1.64032075630117
1.64032075630117
1.64032075630117
1.64032075630117
1.64032075630117
1.64032075630117
1.64032075630117
1.64032075630117
1.64032075630117
1.64032075630117
1.64032075630117
1.64032075630117
1.64032075630117
1.64032075630117
1.64032075630117
1.64032075630117
1.64032075630117
1.64032075630117
1.64032075630117
1.6403254076750304
1.6403254076750304
1.6403254076750304
1.6403254076750304
1.6403254076750304
1.6403254076750304
1.6403254076750304
1.640328154700019
1.640328154700019
1.640328154700019
1.640328154700019
1.640335975814389
1.640335975814389
1.640337680137092
1.6403421125595905
1.640344772027219
1.6403463677128836
1.6403473770126655
1.640350072885405
1.6403514320084898
1.6403529836366177
1.6403546847824793
1.6403557054711242
1.6403563381434567
1.6403568776148818
1.6403572325943918
1.6403574375030494
1.6403577771570128
1.6403579412055962
1.6403579412055962
1.6403579412055962
1.6403580551435708
1.6403580551435708
1.640358076727785
1.6403581215172294
1.640358141321406
1.6403582469160911
1.6403582709951439
1.6403582995056207
1.6403583234309569
1.6403583333395955
1.6403583529254746
1.6403583537854811
1.640358367343759
1.6403583725056192
1.6403583757560447
1.6403583757560447
1.6403583784923998
1.6403583797600074
1.6403583797600074
1.6403583801948383
1.6403583813727383
1.6403583819532286
1.6403583821754737
1.6403583826268582
1.6403583827841999
1.6403583831874844
1.6403583832587951
1.6403583833925963
1.640358383402375
1.6403583834082418
1.6403583834384978
1.640358383543207
1.640358383614667
1.640358383657544
1.6403583837308786
1.6403583837837388
1.6403583838304239
1.6403583838304239
1.6403583838304239
1.6403583838504496
1.6403583838521263
1.640358383852561
1.6403583838533367
1.6403583838586622
1.6403583838618567
1.640358383865986
1.6403583838696756
1.6403583838725202
1.6403583838744735
1.6403583838758609
1.6403583838758609
1.6403583838758609
1.6403583838761606
1.6403583838761677
1.6403583838761677
1.6403583838761677
1.6403583838761677
1.6403583838764515
1.6403583838767153
1.6403583838767992
1.6403583838767992
1.6403583838769766
1.6403583838771352
1.6403583838772315
1.640358383877288
1.640358383877323
1.640358383877343
1.6403583838773557
1.640358383877421
1.6403583838774898
1.640358383877532
1.640358383877562
1.6403583838775961
1.6403583838776212
1.6403583838776363
1.6403583838776459
1.640358383877658
1.640358383877667
1.6403583838776725
1.640358383877676
1.6403583838776803
1.640358383877684
1.6403583838776865
1.6403583838776876
1.640358383877689
1.64035838387769
1.640358383877691
1.640358383877692
1.640358383877692
1.6403583838776923
1.6403583838776925
1.6403583838776925
1.6403583838776925
1.6403583838776925
1.6403583838776925
1.6403583838776925
1.6403583838776925
1.6403583838776925
1.6403583838776925
1.6403583838776925
1.6403583838776925
1.6403583838776925
1.6403583838776925
1.6403583838776925
1.6403583838776925
1.6403583838776925
1.6403583838776925
1.6403583838776925
1.6403583838776925
1.6403583838776925
1.6403583838776925
1.6403583838776925
