1.4557370905360434
1.4557370905360434
1.4557370905360434
1.4557370905360434
1.4557370905360434
1.4557370905360434
1.4557370905360434
1.4557370905360434
1.4557370905360434
1.4557370905360434
1.4557370905360434
1.4557370905360434
1.4557370905360434
1.4557370905360434
1.4557370905360434
1.4557370905360434
1.4557370905360434
1.4557370905360434
1.4557370905360434
1.4557370905360434
1.4557370905360434
1.4557370905360434
1.4557370905360434
1.4557370905360434
1.4557370905360434
1.4557370905360434
1.4557370905360434
1.4557370905360434
1.4557370905360434
1.4557370905360434
1.4557370905360434
1.4557370905360434
1.4557370905360434
1.4557370905360434
1.4557370905360434
1.4557370905360434
1.4557992226257421
1.4557992226257421
1.4557992226257421
1.4557992226257421
1.4557992226257421
1.4557992226257421
1.4557992226257421
1.4557992226257421
1.4558027838862573
1.4558027838862573
1.4558027838862573
1.4558037829459094
1.4558037829459094
1.4558037829459094
1.4558037829459094
1.4558037829459094
1.4558045897525087
1.4558045897525087
1.4558045897525087
1.4558051598090553
1.4558056522582203
1.4558065249057726
1.455807026359704
1.4558074332192183
1.4558082070478584
1.4558087159292095
1.4558089604832671
1.4558092237690707
1.4558093184025291
1.455809413254732
1.4558095649743419
1.4558097163467307
1.4558097863077555
1.4558098661734629
1.455809957441279
1.455810019234466
1.4558100673420453
1.4558101060654356
1.4558101433377555
1.455810165701148
1.4558101826510057
1.4558101984513006
1.4558102131168433
1.455810215938295
1.455810223463327
1.4558102280916114
1.4558102307844256
1.455810232052759
1.4558102336195438
1.4558102347301562
1.4558102357162517
1.455810236469557
1.4558102368888999
1.4558102372289732
1.4558102381420002
1.4558102386282779
1.4558102390311904
1.4558102390311904
1.4558102392936312
1.4558102394390706
1.4558102394952384
1.4558102395293293
1.4558102395565191
1.4558102396171615
1.4558102396835402
1.4558102396997845
1.4558102396997845
1.4558102396997845
1.455810239711237
1.4558102397159003
1.4558102397159003
1.4558102397159003
1.455810239720278
1.4558102397269088
1.4558102397269088
1.455810239729461
1.4558102397319757
1.455810239733755
1.4558102397348223
1.4558102397358041
1.455810239737301
1.4558102397385344
1.4558102397392765
1.4558102397399904
1.455810239740433
1.4558102397410075
1.4558102397414148
1.4558102397418555
1.455810239742126
1.4558102397422883
1.4558102397423955
1.4558102397424753
1.4558102397425365
1.4558102397425912
1.4558102397426655
1.455810239742723
1.4558102397427584
1.4558102397427806
1.45581023974281
1.4558102397428319
1.4558102397428458
1.4558102397428556
1.45581023974287
1.4558102397428836
1.4558102397428916
1.455810239742897
1.455810239742907
1.4558102397429138
1.4558102397429182
1.455810239742921
1.4558102397429256
1.4558102397429284
1.4558102397429307
1.4558102397429318
1.4558102397429333
1.4558102397429344
1.455810239742935
1.4558102397429356
1.4558102397429358
1.4558102397429362
1.4558102397429364
1.4558102397429367
1.4558102397429367
1.4558102397429369
1.4558102397429369
1.4558102397429369
1.4558102397429369
1.4558102397429369
1.4558102397429369
1.4558102397429369
1.4558102397429369
1.4558102397429369
1.4558102397429369
1.4558102397429369
1.4558102397429369
1.4558102397429369
1.4558102397429369
1.4558102397429369
1.4558102397429369
1.4558102397429369
1.4558102397429369
1.4558102397429369
