1.0529030963946822
1.0529030963946822
1.0529030963946822
1.0529030963946822
1.0529030963946822
1.0529030963946822
1.0529030963946822
1.0529030963946822
1.0529030963946822
1.0529030963946822
1.0529030963946822
1.0529030963946822
1.0529030963946822
1.0529030963946822
1.0529030963946822
1.0529030963946822
1.0529030963946822
1.0529030963946822
1.0529030963946822
1.0529030963946822
1.0529030963946822
1.0529030963946822
1.0529030963946822
1.0529030963946822
1.0529030963946822
1.0529030963946822
1.0529030963946822
1.0529030963946822
1.0529030963946822
1.0529030963946822
1.0529030963946822
1.0529030963946822
1.0529030963946822
1.0529030963946822
1.0529030963946822
1.0529030963946822
1.0529030963946822
1.0529030963946822
1.0529030963946822
1.0529030963946822
1.0529030963946822
1.0529030963946822
1.0529030963946822
1.0529276432250254
1.0529276432250254
1.0529276432250254
1.0529305300647425
1.0529305300647425
1.0529305300647425
1.0529305300647425
1.052938018573596
1.052938018573596
1.052938018573596
1.0529425484955506
1.052946744690371
1.0529485495921633
1.0529510512994915
1.052951494969266
1.052953047187514
1.0529542777566212
1.0529550160971954
1.0529553030766172
1.052956211208586
1.0529569330399935
1.0529569330399935
1.0529573521996116
1.052958193827928
1.052958378882287
1.0529590115296483
1.052959391118448
1.0529596188718668
1.0529597555239665
1.0529604445605096
1.0529609647695524
1.0529610617134972
1.052961253060696
1.0529613678690393
1.0529614367540545
1.0529616743278696
1.0529616743278696
1.052961749861936
1.0529618980371949
1.0529618980371949
1.0529619413089584
1.0529619976977918
1.0529620315310928
1.0529620541488374
1.0529620721501387
1.0529621143561716
1.0529621306091603
1.0529621455051852
1.0529621545912669
1.0529621741092925
1.052962190722089
1.0529622006897672
1.052962223053343
1.0529622478239535
1.0529622573919148
1.0529622612499459
1.0529622693725222
1.052962277878605
1.0529622794676947
1.052962283093578
1.0529622852691085
1.0529622867748225
1.0529622880068998
1.0529622896970312
1.0529622899640414
1.052962292445081
1.0529622935541634
1.052962293671856
1.0529622946697048
1.0529622951493913
1.052962295872339
1.0529622960829357
1.0529622962854874
1.0529622966330248
1.052962296893088
1.0529622969982941
1.0529622970793082
1.0529622971805785
1.0529622972724937
1.0529622972877664
1.0529622973202037
1.0529622973585853
1.0529622973816135
1.05296229740671
1.0529622974226085
1.0529622974321464
1.0529622974382875
1.0529622974678063
1.0529622974867985
1.052962297498192
1.052962297505029
1.0529622975094284
1.0529622975175268
1.0529622975233275
1.0529622975268074
1.0529622975288955
1.0529622975301483
1.0529622975321957
1.0529622975342772
1.0529622975355304
1.0529622975362958
1.0529622975367547
1.0529622975374908
1.0529622975381596
1.052962297538559
1.0529622975387996
1.0529622975389432
1.0529622975391495
1.052962297539457
1.0529622975396438
1.0529622975397552
1.0529622975398223
1.0529622975398798
1.0529622975400454
1.0529622975401451
1.052962297540204
1.05296229754024
1.0529622975403121
1.0529622975403554
1.0529622975403818
1.0529622975404096
1.0529622975404371
1.052962297540454
1.0529622975404636
1.052962297540473
1.0529622975404827
1.0529622975404895
1.052962297540493
1.0529622975404955
1.0529622975404989
1.0529622975405035
1.0529622975405057
1.052962297540508
1.0529622975405093
1.0529622975405104
1.0529622975405115
1.0529622975405115
1.0529622975405115
1.0529622975405115
1.0529622975405115
1.0529622975405115
1.0529622975405115
1.0529622975405115
1.0529622975405115
1.0529622975405115
1.0529622975405115
1.0529622975405115
1.0529622975405115
1.0529622975405115
1.0529622975405115
1.0529622975405115
1.0529622975405115
1.0529622975405115
