1.771391679243581
1.771391679243581
1.771391679243581
1.771391679243581
1.771391679243581
1.771391679243581
1.771391679243581
1.771391679243581
1.771391679243581
1.771391679243581
1.771391679243581
1.771391679243581
1.771391679243581
1.771391679243581
1.771391679243581
1.771391679243581
1.771391679243581
1.771391679243581
1.771391679243581
1.771391679243581
1.771391679243581
1.771391679243581
1.771391679243581
1.771391679243581
1.771391679243581
1.771391679243581
1.771391679243581
1.771391679243581
1.771391679243581
1.771391679243581
1.771391679243581
1.771391679243581
1.771391679243581
1.771391679243581
1.771391679243581
1.771391679243581
1.771391679243581
1.771391679243581
1.771391679243581
1.771391679243581
1.771391679243581
1.771391679243581
1.771391679243581
1.771391679243581
1.771391679243581
1.771391679243581
1.771394515728789
1.771394515728789
1.771394515728789
1.771394515728789
1.771394515728789
1.771394515728789
1.771394515728789
1.771394515728789
1.771394515728789
1.771394515728789
1.771394515728789
1.771394515728789
1.771394515728789
1.771394515728789
1.771394515728789
1.7713951028853687
1.7713988494428483
1.7713988494428483
1.771400882631787
1.771400882631787
1.771400882631787
1.771400882631787
1.771400882631787
1.7714024021558155
1.7714024021558155
1.7714024021558155
1.7714044065499788
1.771404543554983
1.7714053997725443
1.771407301270419
1.7714087728614265
1.7714094448247089
1.7714100869912495
1.7714108665364707
1.7714114775323395
1.771411997925914
1.7714123573950198
1.7714126404477804
1.7714128354880248
1.771413053727929
1.7714132285827042
1.771413241424528
1.7714132878056066
1.7714133483134669
1.771413389857983
1.771413412865833
1.7714134325483926
1.7714134514075568
1.7714134806805046
1.771413501834516
1.7714135145269228
1.771413522142367
1.7714135385486642
1.7714135529847619
1.77141356164642
1.7714135668434157
1.771413569961612
1.7714135753020486
1.7714135815688503
1.7714135846452927
1.7714135871139327
1.7714135876259183
1.7714135885578928
1.7714135893296366
1.7714135911853854
1.7714135911853854
1.7714135911853854
1.771413591225767
1.7714135916667972
1.7714135919953184
1.771413592234509
1.7714135923797953
1.7714135925695131
1.771413592945978
1.7714135931422716
1.7714135931422716
1.7714135932910207
1.7714135933469453
1.7714135934023114
1.7714135934023114
1.7714135934411952
1.7714135934621673
1.7714135934690864
1.7714135934690864
1.7714135934690864
1.7714135934690864
1.7714135934750175
1.7714135934750175
1.7714135934750175
1.7714135934757604
1.7714135934807946
1.7714135934807946
1.7714135934807946
1.771413593482464
1.7714135934829918
1.7714135934834478
1.771413593483722
1.7714135934838862
1.7714135934841875
1.7714135934848658
1.7714135934853685
1.7714135934857493
1.771413593486001
1.77141359348643
1.7714135934867163
1.7714135934868886
1.7714135934869917
1.771413593487067
1.7714135934871518
1.7714135934872068
1.771413593487243
1.7714135934872746
1.771413593487293
1.7714135934873136
1.7714135934873352
1.7714135934873474
1.7714135934873552
1.7714135934873592
1.7714135934873683
1.7714135934873756
1.7714135934873805
1.7714135934873831
1.7714135934873851
1.7714135934873865
1.7714135934873885
1.7714135934873902
1.7714135934873911
1.771413593487392
1.771413593487393
1.7714135934873938
1.7714135934873945
1.7714135934873947
1.7714135934873951
1.771413593487396
1.7714135934873962
1.7714135934873965
1.7714135934873965
1.7714135934873965
1.7714135934873965
1.7714135934873965
1.7714135934873965
1.7714135934873965
1.7714135934873965
1.7714135934873965
1.7714135934873965
1.7714135934873965
1.7714135934873965
1.7714135934873965
1.7714135934873965
1.7714135934873965
1.7714135934873965
1.7714135934873965
1.7714135934873965
