1.6018825330102584
1.6018825330102584
1.6018825330102584
1.6018825330102584
1.6018825330102584
1.6018825330102584
1.6018825330102584
1.6018825330102584
1.6018825330102584
1.6018825330102584
1.6018825330102584
1.6018825330102584
1.6018825330102584
1.6018825330102584
1.6018825330102584
1.6018825330102584
1.6018825330102584
1.6018825330102584
1.6018825330102584
1.6018825330102584
1.6018825330102584
1.6018825330102584
1.6018825330102584
1.6018825330102584
1.6018825330102584
1.6018825330102584
1.6018825330102584
1.6018825330102584
1.6018825330102584
1.6018825330102584
1.6018825330102584
1.6018825330102584
1.6018825330102584
1.6018825330102584
1.6018825330102584
1.6018825330102584
1.6018825330102584
1.6018825330102584
1.6018825330102584
1.6018825330102584
1.6018825330102584
1.6018825330102584
1.6018825330102584
1.6018825330102584
1.6018825330102584
1.6018825330102584
1.6018862302902683
1.6018862302902683
1.6018862302902683
1.6018870886782104
1.6018910527560029
1.6018910527560029
1.6018910527560029
1.6018928868300657
1.6018928868300657
1.6018933472126802
1.6018936244036408
1.6018938248916363
1.6018941637172115
1.601894925424423
1.601895612330354
1.6018959316561352
1.6018966118929854
1.6018972557322941
1.6018976420360715
1.6018980269025702
1.6018983827722082
1.601898596294016
1.60189874031223
1.6018989935416974
1.6018991762132804
1.6018992893880795
1.6018993740795544
1.601899438596632
1.6018994775189168
1.6018994775189168
1.6018994775189168
1.6018994775189168
1.6018994829681055
1.6018994829681055
1.6018994829681055
1.6018994829681055
1.6018994886329976
1.6018994960604145
1.6018994960604145
1.6018994960604145
1.6018994960604145
1.6018994960604145
1.6018994979536143
1.6018994979536143
1.6018994979536143
1.6018994979536143
1.6018994982243868
1.6018994982243868
1.6018994982243868
1.6018994987296609
1.6018994987356443
1.6018994987356443
1.6018994987356443
1.6018994987395525
1.601899498769977
1.6018994987944186
1.6018994987944186
1.6018994987944186
1.6018994987944186
1.6018994988050876
1.6018994988050876
1.6018994988071353
1.6018994988109012
1.6018994988125141
1.6018994988149449
1.6018994988164028
1.6018994988177628
1.6018994988186601
1.6018994988191988
1.6018994988198074
1.6018994988205468
1.6018994988214854
1.6018994988221729
1.6018994988225854
1.6018994988228852
1.6018994988236945
1.6018994988242423
1.6018994988245712
1.6018994988247746
1.601899498825116
1.6018994988254107
1.6018994988255877
1.6018994988256938
1.601899498825757
1.6018994988257955
1.601899498825836
1.6018994988258928
1.6018994988259287
1.6018994988259505
1.6018994988259745
1.601899498826
1.6018994988260156
1.6018994988260251
1.6018994988260309
1.6018994988260338
1.6018994988260364
1.6018994988260404
1.6018994988260429
1.6018994988260444
1.6018994988260458
1.601899498826047
1.6018994988260482
1.601899498826049
1.6018994988260498
1.6018994988260504
1.6018994988260513
1.6018994988260518
1.6018994988260518
1.6018994988260522
1.6018994988260524
1.6018994988260529
1.6018994988260529
1.6018994988260529
1.6018994988260529
1.6018994988260529
1.6018994988260529
1.6018994988260529
1.6018994988260529
1.6018994988260529
1.6018994988260529
1.6018994988260529
1.6018994988260529
1.6018994988260529
1.6018994988260529
1.6018994988260529
1.6018994988260529
1.6018994988260529
1.6018994988260529
