2.602255546016434
2.602255546016434
2.602255546016434
2.602255546016434
2.602255546016434
2.602255546016434
2.602255546016434
2.602255546016434
2.602255546016434
2.602255546016434
2.602255546016434
2.602255546016434
2.602255546016434
2.602255546016434
2.602255546016434
2.602255546016434
2.602255546016434
2.602255546016434
2.602255546016434
2.602255546016434
2.602255546016434
2.602255546016434
2.602255546016434
2.602255546016434
2.602255546016434
2.602255546016434
2.602255546016434
2.602255546016434
2.602255546016434
2.602255546016434
2.602255546016434
2.602255546016434
2.602255546016434
2.602255546016434
2.602255546016434
2.602255546016434
2.602255546016434
2.602255546016434
2.602255546016434
2.602255546016434
2.602255546016434
2.602255546016434
2.602255546016434
2.602255546016434
2.602255546016434
2.602255546016434
2.602255546016434
2.602255546016434
2.602255546016434
2.602255546016434
2.602255546016434
2.602255546016434
2.602255546016434
2.602255546016434
2.6022603264932624
2.6022603264932624
2.6022603264932624
2.602270344890785
2.602270344890785
2.602270344890785
2.602270344890785
2.602272420075671
2.6022782450219037
2.6022821592453735
2.6022821592453735
2.6022833819486904
2.6022852750229193
2.6022857276413673
2.6022862840672167
2.6022882226021764
2.6022884571731772
2.6022890369466913
2.6022898786199855
2.6022905210253953
2.6022909181421636
2.602291303484536
2.6022915915773983
2.6022919075656907
2.602292158972112
2.6022923824414597
2.602292516523067
2.602292624421604
2.602292691413519
2.6022927226521793
2.6022927452694824
2.6022927729654444
2.6022928396358584
2.602292882053301
2.602292914821355
2.602292942015012
2.6022929706894202
2.602292978793715
2.602292991457175
2.60229300371837
2.602293019182305
2.6022930284606653
2.602293035014233
2.602293041328714
2.6022930460297107
2.6022930489504486
2.6022930510218356
2.60229305288736
2.6022930542127405
2.6022930553563413
2.6022930564370625
2.602293056660733
2.6022930569597933
2.6022930571392306
2.602293057275577
2.6022930574233705
2.6022930576212566
2.602293057789511
2.6022930578957495
2.6022930579594923
2.602293058036186
2.6022930581120263
2.602293058172028
2.602293058239346
2.6022930582828803
2.602293058309
2.602293058324672
2.6022930583347628
2.602293058341704
2.602293058349291
2.602293058361478
2.602293058370057
2.6022930583752046
2.602293058378405
2.6022930583840833
2.602293058388143
2.60229305839069
2.602293058392454
2.602293058393876
2.6022930583947286
2.6022930583954715
2.6022930583959565
2.602293058396265
2.6022930583966657
2.6022930583969877
2.602293058397181
2.6022930583973167
2.602293058397434
2.6022930583975117
2.6022930583975903
2.60229305839765
2.6022930583976858
2.6022930583977146
2.6022930583977493
2.602293058397772
2.602293058397787
2.602293058397799
2.602293058397812
2.602293058397822
2.6022930583978288
2.6022930583978336
2.6022930583978385
2.6022930583978416
2.602293058397844
2.6022930583978447
2.6022930583978456
2.602293058397847
2.602293058397848
2.6022930583978483
2.6022930583978483
2.602293058397849
2.60229305839785
2.60229305839785
2.60229305839785
2.60229305839785
2.60229305839785
2.60229305839785
2.60229305839785
2.60229305839785
2.60229305839785
2.60229305839785
2.60229305839785
2.60229305839785
2.60229305839785
2.60229305839785
2.60229305839785
2.60229305839785
2.60229305839785
2.60229305839785
2.60229305839785
2.60229305839785
2.60229305839785
2.60229305839785
2.60229305839785
2.60229305839785
2.60229305839785
2.60229305839785
2.60229305839785
2.60229305839785
2.60229305839785
