9.191943344346411
9.191943344346411
9.191943344346411
9.191943344346411
9.191943344346411
9.191943344346411
9.191943344346411
9.191943344346411
9.191943344346411
9.191943344346411
9.191943344346411
9.191943344346411
9.191943344346411
9.191943344346411
9.191943344346411
9.191943344346411
9.191943344346411
9.191943344346411
9.191943344346411
9.191943344346411
9.191943344346411
9.191943344346411
9.191943344346411
9.191943344346411
9.191943344346411
9.191943344346411
9.191943344346411
9.191943344346411
9.191943344346411
9.191943344346411
9.191943344346411
9.191943344346411
9.191943344346411
9.191943344346411
9.191943344346411
9.191943344346411
9.191943344346411
9.191943344346411
9.191943344346411
9.191943344346411
9.191943344346411
9.191943344346411
9.191943344346411
9.191943344346411
9.191943344346411
9.191943344346411
9.191943344346411
9.191943344346411
9.191943344346411
9.191943344346411
9.191943344346411
9.191943344346411
9.191943344346411
9.191943344346411
9.191943344346411
9.1919617490519
9.1919617490519
9.1919617490519
9.191984806536126
9.191984806536126
9.192014533883304
9.19201645991995
9.192018338978333
9.19202160425326
9.192028529422538
9.192032907157676
9.192035533798913
9.192037109783708
9.192040428974463
9.192046219516964
9.192050327597283
9.192052339788304
9.192054053807297
9.192055861873753
9.192056946713652
9.192057460797749
9.192057903501096
9.19205843666757
9.192058882546375
9.19205913720017
9.192059367301825
9.192059579994975
9.192059579994975
9.192059681590717
9.192059726492928
9.192059762441136
9.192059785128999
9.19205979910529
9.192059823420287
9.192059846480252
9.19205986190528
9.192059874443165
9.1920598819659
9.192059890179138
9.192059899772316
9.19205990856628
9.192059913856834
9.192059920069068
9.192059926461665
9.192059930297225
9.19205993259856
9.192059934019083
9.192059938174866
9.192059942529225
9.192059945141837
9.192059946709406
9.192059949750194
9.192059952472983
9.192059954106654
9.192059955176816
9.192059957062405
9.192059958193767
9.192059958872576
9.192059959279868
9.192059959908294
9.192059960510086
9.192059960871168
9.192059961087812
9.192059961255307
9.192059961459023
9.192059961581247
9.192059961654586
9.192059961698584
9.192059961724986
9.192059961776835
9.192059961809306
9.192059961828784
9.192059961840476
9.192059961847503
9.192059961856607
9.192059961863723
9.19205996186799
9.192059961871891
9.192059961876172
9.192059961878739
9.192059961880277
9.192059961881203
9.192059961882324
9.192059961883158
9.192059961883658
9.192059961883954
9.192059961884386
9.192059961884707
9.1920599618849
9.192059961885018
9.19205996188512
9.192059961885217
9.192059961885276
9.192059961885308
9.192059961885331
9.192059961885343
9.19205996188537
9.192059961885406
9.192059961885429
9.192059961885443
9.192059961885448
9.192059961885455
9.192059961885473
9.192059961885487
9.192059961885498
9.192059961885505
9.19205996188551
9.192059961885512
9.19205996188552
9.192059961885521
9.192059961885523
9.192059961885525
9.192059961885526
9.192059961885526
9.192059961885526
9.192059961885526
9.192059961885526
9.192059961885526
9.192059961885526
9.192059961885526
9.192059961885526
9.192059961885526
9.192059961885526
9.192059961885526
9.192059961885526
9.192059961885526
9.192059961885526
9.192059961885526
9.192059961885526
9.192059961885526
9.192059961885526
9.192059961885526
9.192059961885526
9.192059961885526
9.192059961885526
9.192059961885526
