2.0697516359344674
2.0697516359344674
2.0697516359344674
2.0697516359344674
2.0697516359344674
2.0697516359344674
2.0697516359344674
2.0697516359344674
2.0697516359344674
2.0697516359344674
2.0697516359344674
2.0697516359344674
2.0697516359344674
2.0697516359344674
2.0697516359344674
2.0697516359344674
2.0697516359344674
2.0697516359344674
2.0697516359344674
2.0697516359344674
2.0697516359344674
2.0697516359344674
2.0697516359344674
2.0697516359344674
2.0697516359344674
2.0697516359344674
2.0697516359344674
2.0697516359344674
2.0697516359344674
2.0697516359344674
2.0697516359344674
2.0697516359344674
2.0697516359344674
2.0697516359344674
2.0697516359344674
2.0697516359344674
2.0697516359344674
2.0697516359344674
2.0697516359344674
2.0697516359344674
2.0697516359344674
2.069915442079124
2.069915442079124
2.069915442079124
2.069915442079124
2.069915442079124
2.069915442079124
2.069915442079124
2.069915442079124
2.0699247103999214
2.0699327124026343
2.0699375135324978
2.0699467919117103
2.0699467919117103
2.069948617456316
2.069951163391495
2.06995949941054
2.069959652755684
2.069962865819012
2.0699678202389276
2.06997079289301
2.0699725764862267
2.069978043409401
2.0699815313120533
2.0699847497223236
2.069986887417703
2.0699888927059624
2.069990302648963
2.0699911486148244
2.0699921207415297
2.069993331233026
2.069994057527971
2.069994493304955
2.06999509136513
2.0699956279483778
2.0699959255632145
2.069996163665217
2.0699964351306863
2.069996683574909
2.069996796032817
2.0699968635075616
2.0699969647851018
2.0699970326468837
2.069997076221267
2.0699971023658965
2.0699971221624196
2.0699971604519525
2.0699971894283165
2.0699972068141355
2.0699972206072577
2.0699972387286034
2.069997251289098
2.0699972588253934
2.069997267414111
2.0699972745256665
2.0699972787926
2.06999728135276
2.0699972828888558
2.069997283983755
2.0699972857891726
2.0699972872184453
2.069997288076009
2.0699972885905464
2.0699972888992693
2.0699972893814196
2.069997290045723
2.0699972904443045
2.069997290683454
2.0699972908269433
2.0699972910511373
2.0699972913032805
2.069997291454566
2.0699972915453375
2.0699972915998006
2.069997291694183
2.0699972918083303
2.0699972918768195
2.0699972919216987
2.069997291995616
2.0699972920399667
2.0699972920665766
2.069997292082543
2.0699972920921224
2.06999729209787
2.069997292111996
2.0699972921284813
2.0699972921383725
2.0699972921465544
2.069997292156306
2.0699972921621566
2.069997292165667
2.0699972921677734
2.069997292169878
2.0699972921729914
2.0699972921748597
2.0699972921759806
2.0699972921766863
2.0699972921776877
2.0699972921782885
2.069997292178649
2.069997292179105
2.0699972921795182
2.069997292179766
2.0699972921799143
2.069997292180114
2.069997292180288
2.0699972921803917
2.0699972921804544
2.0699972921805077
2.0699972921805845
2.0699972921806298
2.0699972921806573
2.0699972921806737
2.069997292180695
2.0699972921807133
2.069997292180724
2.0699972921807306
2.0699972921807404
2.069997292180747
2.0699972921807515
2.069997292180754
2.0699972921807572
2.069997292180759
2.0699972921807603
2.0699972921807612
2.0699972921807617
2.069997292180762
2.0699972921807626
2.069997292180763
2.069997292180763
2.069997292180763
2.069997292180763
2.069997292180763
2.069997292180763
2.069997292180763
2.069997292180763
2.069997292180763
2.069997292180763
2.069997292180763
2.069997292180763
2.069997292180763
2.069997292180763
2.069997292180763
2.069997292180763
2.069997292180763
2.069997292180763
2.069997292180763
2.069997292180763
2.069997292180763
2.069997292180763
2.069997292180763
