2.606439304406687
2.606439304406687
2.606439304406687
2.606439304406687
2.606439304406687
2.606439304406687
2.606439304406687
2.606439304406687
2.606439304406687
2.606439304406687
2.606439304406687
2.606439304406687
2.606439304406687
2.606439304406687
2.606439304406687
2.606439304406687
2.606439304406687
2.606439304406687
2.606439304406687
2.606439304406687
2.606439304406687
2.606439304406687
2.606439304406687
2.606439304406687
2.606439304406687
2.606439304406687
2.606439304406687
2.606439304406687
2.606439304406687
2.606439304406687
2.606439304406687
2.6065283215024255
2.6065283215024255
2.6065283215024255
2.6065283215024255
2.6065283215024255
2.6065283215024255
2.6065283215024255
2.6065283215024255
2.6065283215024255
2.6065283215024255
2.6065283215024255
2.6065283215024255
2.6065283215024255
2.6065283215024255
2.6065283215024255
2.6065283215024255
2.6065283215024255
2.6065283215024255
2.6065283215024255
2.6065283215024255
2.6065354483830245
2.6065354483830245
2.6065354483830245
2.6065354483830245
2.6065386864549973
2.6065386864549973
2.6065386864549973
2.6065386864549973
2.606540206908369
2.606540206908369
2.6065422922811625
2.6065446836043398
2.6065463121726102
2.6065463393483026
2.606547257964171
2.606548841885026
2.606549030261569
2.606550106742535
2.606551052754364
2.606551937415887
2.6065523582264536
2.6065532391428143
2.6065537676927892
2.6065542912389317
2.6065551020257582
2.606555715422233
2.606555985615161
2.6065561477309296
2.60655656854088
2.606556831573474
2.6065570569054985
2.606557192104717
2.6065572732242486
2.606557309268421
2.606557470800016
2.6065575805996293
2.6065576467709772
2.6065576864737867
2.6065577876612993
2.6065578557925875
2.6065578880566402
2.606557913436078
2.6065579354318302
2.606557995208041
2.6065580314549504
2.606558053203097
2.6065580662519845
2.606558095713489
2.606558121936314
2.6065581376700093
2.6065581465800483
2.6065581465800483
2.6065581465800483
2.6065581535717293
2.6065581567614675
2.6065581567614675
2.606558157396127
2.6065581587578897
2.6065581595749467
2.6065581600651813
2.6065581600651813
2.6065581600651813
2.606558160223008
2.606558160223008
2.606558160223008
2.606558160223008
2.606558160266859
2.6065581603034755
2.606558160325244
2.606558160325244
2.6065581603468453
2.606558160352992
2.606558160352992
2.6065581603565975
2.6065581603599863
2.6065581603620194
2.606558160363291
2.606558160365753
2.6065581603672294
2.606558160370289
2.606558160373289
2.6065581603753434
2.606558160376958
2.6065581603779826
2.606558160379083
2.6065581603805548
2.6065581603816286
2.6065581603822747
2.6065581603830363
2.6065581603839485
2.6065581603845036
2.606558160384837
2.6065581603850374
2.6065581603853776
2.606558160385676
2.606558160385855
2.606558160385963
2.6065581603861743
2.6065581603863164
2.6065581603864025
2.606558160386454
2.6065581603865358
2.6065581603865984
2.6065581603866357
2.606558160386658
2.6065581603866774
2.606558160386702
2.6065581603867165
2.6065581603867254
2.606558160386731
2.606558160386742
2.606558160386751
2.606558160386757
2.6065581603867605
2.6065581603867622
2.606558160386765
2.6065581603867694
2.6065581603867725
2.6065581603867742
2.606558160386777
2.6065581603867787
2.60655816038678
2.606558160386781
2.606558160386782
2.6065581603867827
2.6065581603867827
2.606558160386783
2.606558160386783
2.6065581603867836
2.606558160386784
2.606558160386784
2.606558160386784
2.606558160386784
2.606558160386784
2.606558160386784
2.606558160386784
2.606558160386784
2.606558160386784
2.606558160386784
2.606558160386784
2.606558160386784
2.606558160386784
2.606558160386784
2.606558160386784
2.606558160386784
2.606558160386784
2.606558160386784
2.606558160386784
2.606558160386784
