1.5810787373184727
1.5810787373184727
1.5810787373184727
1.5810787373184727
1.5810787373184727
1.5810787373184727
1.5810787373184727
1.5810787373184727
1.5810787373184727
1.5810787373184727
1.5810787373184727
1.5810787373184727
1.5810787373184727
1.5810787373184727
1.5810787373184727
1.5810787373184727
1.5810787373184727
1.5810787373184727
1.5810787373184727
1.5810787373184727
1.5810787373184727
1.5810787373184727
1.5810787373184727
1.5810787373184727
1.5810787373184727
1.5810787373184727
1.5810787373184727
1.5810787373184727
1.5810787373184727
1.5810787373184727
1.5810787373184727
1.5810787373184727
1.5810787373184727
1.5810787373184727
1.5810787373184727
1.5810787373184727
1.5810787373184727
1.5810787373184727
1.5810787373184727
1.5810787373184727
1.5810787373184727
1.5810787373184727
1.581570586543569
1.581570586543569
1.581570586543569
1.581570586543569
1.581570586543569
1.5818072629554587
1.5818072629554587
1.5818072629554587
1.5818072629554587
1.5818072629554587
1.5818072629554587
1.5818072629554587
1.5818288030914314
1.5818526134775375
1.5818526134775375
1.5818734033969655
1.5818770613074133
1.5818793853916873
1.5818807798429844
1.5818820242264775
1.5818822841373321
1.5818826847111391
1.58188292505536
1.5818830692618697
1.581883155785767
1.5818832077001026
1.5818884766312242
1.5818884766312242
1.5818884766312242
1.581889872356824
1.5818913048652605
1.5818919915669416
1.5818937296416455
1.5818943268471468
1.5818946610238291
1.5818948504413572
1.5818950860656553
1.5818952274402511
1.5818953122650143
1.5818953780564164
1.5818954278230828
1.5818954618596714
1.5818955241191253
1.5818956079398616
1.5818956993784286
1.581895720838751
1.5818957475435103
1.5818957667192304
1.5818957868613484
1.5818958046989982
1.581895811211891
1.5818958258011098
1.5818958414932303
1.581895849495112
1.5818958561470589
1.5818958688783804
1.5818958715801918
1.581895873660208
1.5818958852605711
1.5818958863278334
1.5818958908339185
1.5818958908339185
1.5818958912803436
1.5818958923439117
1.5818958932102773
1.581895894669607
1.581895894669607
1.5818958948954434
1.5818958953570719
1.5818958959668452
1.581895896189619
1.5818958964656458
1.5818958967166319
1.581895896839058
1.5818958969356205
1.5818958969637962
1.5818958970379897
1.5818958971265247
1.581895897227683
1.5818958972545376
1.5818958972804258
1.5818958973079031
1.5818958973079031
1.5818958973079031
1.5818958973182333
1.5818958973189414
1.5818958973223358
1.581895897323002
1.5818958973236064
1.5818958973270547
1.5818958973270547
1.5818958973274118
1.5818958973287893
1.5818958973287893
1.5818958973287893
1.5818958973293449
1.5818958973298245
1.5818958973301127
1.5818958973302857
1.5818958973303892
1.581895897330973
1.581895897331286
1.581895897331522
1.581895897331666
1.5818958973317876
1.5818958973319384
1.5818958973319828
1.5818958973320156
1.5818958973321127
1.5818958973321708
1.5818958973322057
1.5818958973322264
1.581895897332239
1.5818958973322637
1.5818958973322816
1.5818958973322925
1.581895897332299
1.581895897332303
1.581895897332306
1.5818958973323114
1.5818958973323185
1.5818958973323218
1.5818958973323232
1.5818958973323263
1.5818958973323296
1.5818958973323318
1.5818958973323327
1.5818958973323336
1.5818958973323345
1.5818958973323352
1.5818958973323358
1.5818958973323358
1.5818958973323358
1.5818958973323363
1.581895897332337
1.581895897332337
1.581895897332337
1.581895897332337
1.581895897332337
1.581895897332337
1.581895897332337
1.581895897332337
1.581895897332337
1.581895897332337
1.581895897332337
1.581895897332337
1.581895897332337
1.581895897332337
1.581895897332337
1.581895897332337
1.581895897332337
1.581895897332337
1.581895897332337
1.581895897332337
1.581895897332337
1.581895897332337
1.581895897332337
1.581895897332337
