2.357271614488999
2.357271614488999
2.357271614488999
2.357271614488999
2.357271614488999
2.357271614488999
2.357271614488999
2.357271614488999
2.357271614488999
2.357271614488999
2.357271614488999
2.357271614488999
2.357271614488999
2.357271614488999
2.357271614488999
2.357271614488999
2.357271614488999
2.357271614488999
2.357271614488999
2.357271614488999
2.357271614488999
2.357271614488999
2.357271614488999
2.357271614488999
2.357271614488999
2.357271614488999
2.357271614488999
2.357271614488999
2.357271614488999
2.357271614488999
2.357271614488999
2.357271614488999
2.357271614488999
2.357271614488999
2.357271614488999
2.357271614488999
2.357271614488999
2.357271614488999
2.357271614488999
2.357271614488999
2.357271614488999
2.357271614488999
2.357271614488999
2.357271614488999
2.357271614488999
2.357271614488999
2.357271614488999
2.357271614488999
2.357271614488999
2.357271614488999
2.357271614488999
2.357271614488999
2.357271614488999
2.357271614488999
2.357271614488999
2.357271614488999
2.3572732731463235
2.3572732731463235
2.3572732731463235
2.3572732731463235
2.3572748204215506
2.3572748204215506
2.3572748204215506
2.357275092978697
2.3572751099248883
2.3572752681660347
2.357276042740294
2.357277006406037
2.357277893299674
2.357278331933001
2.3572793341564524
2.3572803458366436
2.3572811514495093
2.3572814569035434
2.357281842583246
2.357282080205961
2.357282248808838
2.3572824532031884
2.3572826906342312
2.35728283309286
2.357282964036179
2.357282995835933
2.3572831024393106
2.357283182181763
2.357283259196773
2.3572833108905815
2.3572833775294133
2.3572834175127126
2.357283441502692
2.3572834583128257
2.357283491326671
2.35728352168287
2.3572835413777704
2.357283553194711
2.357283572675482
2.3572835888044534
2.357283598481837
2.357283604288267
2.357283607987464
2.3572836145631006
2.3572836192295115
2.357283622029357
2.3572836238917056
2.357283627172907
2.357283629141628
2.3572836303228604
2.3572836310315997
2.3572836315586203
2.357283632611812
2.3572836332531817
2.3572836336380045
2.357283634134032
2.357283634651274
2.357283634961619
2.3572836351478266
2.357283635259551
2.3572836353326774
2.3572836354913216
2.3572836355871902
2.357283635644712
2.3572836357129785
2.3572836357953655
2.357283635844798
2.3572836358744578
2.357283635895844
2.357283635935697
2.357283635959608
2.357283635973954
2.3572836359893183
2.3572836360108993
2.3572836360238476
2.357283636031617
2.3572836360362923
2.357283636041647
2.357283636044886
2.3572836360468292
2.357283636047996
2.3572836360486953
2.3572836360493845
2.357283636049954
2.357283636050296
2.3572836360505045
2.357283636050783
2.3572836360509526
2.3572836360510543
2.3572836360511156
2.3572836360512257
2.3572836360513194
2.357283636051376
2.357283636051409
2.3572836360514295
2.3572836360514504
2.3572836360514837
2.357283636051504
2.357283636051516
2.357283636051527
2.3572836360515415
2.3572836360515503
2.3572836360515557
2.3572836360515588
2.3572836360515654
2.357283636051569
2.3572836360515717
2.3572836360515743
2.3572836360515765
2.3572836360515783
2.357283636051579
2.3572836360515796
2.35728363605158
2.3572836360515814
2.3572836360515814
2.3572836360515814
2.3572836360515814
2.3572836360515814
2.3572836360515814
2.3572836360515814
2.357283636051582
2.357283636051582
2.357283636051582
2.357283636051582
2.357283636051582
2.357283636051582
2.357283636051582
2.357283636051582
2.357283636051582
2.357283636051582
2.357283636051582
2.357283636051582
2.357283636051582
2.357283636051582
2.357283636051582
2.357283636051582
2.357283636051582
2.357283636051582
2.357283636051582
