1.9368776410083965
1.9368776410083965
1.9368776410083965
1.9368776410083965
1.9368776410083965
1.9368776410083965
1.9368776410083965
1.9368776410083965
1.9368776410083965
1.9368776410083965
1.9368776410083965
1.9368776410083965
1.9368776410083965
1.9368776410083965
1.9368776410083965
1.9368776410083965
1.9368776410083965
1.9368776410083965
1.9368776410083965
1.9368776410083965
1.9368776410083965
1.9368776410083965
1.9368776410083965
1.9368776410083965
1.9368776410083965
1.9368776410083965
1.9368776410083965
1.9368776410083965
1.9368776410083965
1.9368776410083965
1.9368776410083965
1.9368776410083965
1.9368776410083965
1.9368776410083965
1.9368776410083965
1.9368776410083965
1.9368776410083965
1.9368776410083965
1.9368776410083965
1.9368776410083965
1.9368776410083965
1.9368776410083965
1.9368776410083965
1.9368776410083965
1.9368776410083965
1.9368776410083965
1.9368776410083965
1.9368776410083965
1.9368776410083965
1.9368776410083965
1.9368920842776811
1.9368920842776811
1.9368920842776811
1.9369020626738802
1.936903719913521
1.9369057105780292
1.936908678777362
1.936908678777362
1.9369095652247632
1.9369111122754963
1.9369124668362756
1.9369129213864318
1.936913946970809
1.9369147211799695
1.9369158093221266
1.9369160070847953
1.9369169951537073
1.936917255150106
1.936917351760406
1.9369176297313007
1.9369177759915768
1.9369179990938787
1.9369180481299384
1.9369180481299384
1.936918109785217
1.9369181667625457
1.936918195276285
1.9369182323758078
1.9369182546355217
1.93691826799135
1.9369182760048471
1.9369182808129453
1.9369182900182922
1.936918312069582
1.9369183267552585
1.9369183355666648
1.9369183408535084
1.936918344763053
1.9369183544221589
1.9369183627020825
1.9369183676700372
1.9369183706508102
1.9369183725029986
1.936918378915012
1.9369183828236396
1.9369183851688165
1.9369183865759225
1.9369183901323168
1.936918392418341
1.9369183937899561
1.9369183946129245
1.9369183951067062
1.9369183966441315
1.9369183979286961
1.9369183986994347
1.9369183991618781
1.9369183994393442
1.9369184003226336
1.936918401138852
1.9369184016285832
1.9369184019224222
1.9369184020987253
1.9369184022045074
1.9369184024967134
1.9369184029192557
1.936918403172781
1.9369184033248967
1.936918403416166
1.936918403470927
1.9369184035037843
1.9369184035234985
1.9369184036260731
1.9369184036953775
1.9369184037369596
1.936918403761909
1.9369184038341605
1.9369184038799048
1.9369184039073513
1.936918403923819
1.9369184039493297
1.9369184039785994
1.9369184039961616
1.9369184040100564
1.9369184040278447
1.9369184040385181
1.9369184040449217
1.9369184040487641
1.9369184040528677
1.9369184040593161
1.936918404063185
1.9369184040655065
1.9369184040668992
1.9369184040690308
1.936918404071534
1.9369184040730356
1.9369184040739367
1.9369184040746663
1.9369184040758243
1.9369184040765188
1.9369184040769356
1.9369184040771859
1.936918404077547
1.9369184040778473
1.936918404078027
1.9369184040781349
1.9369184040782002
1.9369184040782519
1.9369184040783225
1.9369184040783642
1.9369184040783893
1.9369184040784049
1.9369184040784302
1.9369184040784584
1.9369184040784753
1.9369184040784855
1.9369184040784917
1.936918404078504
1.9369184040785117
1.9369184040785163
1.9369184040785217
1.9369184040785261
1.936918404078529
1.936918404078531
1.9369184040785323
1.9369184040785339
1.9369184040785348
1.936918404078535
1.936918404078536
1.9369184040785363
1.9369184040785368
1.9369184040785368
1.9369184040785368
1.936918404078537
1.936918404078537
