2.0583955959246714
2.0583955959246714
2.0583955959246714
2.0583955959246714
2.0583955959246714
2.0583955959246714
2.0583955959246714
2.0583955959246714
2.0583955959246714
2.0583955959246714
2.0583955959246714
2.0583955959246714
2.0583955959246714
2.0583955959246714
2.0583955959246714
2.0583955959246714
2.0583955959246714
2.0583955959246714
2.0583955959246714
2.0583955959246714
2.0583955959246714
2.0583955959246714
2.0583955959246714
2.0583955959246714
2.0583955959246714
2.0583955959246714
2.0583955959246714
2.0583955959246714
2.0583955959246714
2.0583955959246714
2.0583955959246714
2.0583955959246714
2.0583955959246714
2.0583955959246714
2.0583955959246714
2.0583955959246714
2.0583955959246714
2.0583955959246714
2.0583955959246714
2.0583955959246714
2.0583955959246714
2.0583955959246714
2.0583955959246714
2.0583955959246714
2.0583955959246714
2.0583955959246714
2.0583955959246714
2.0583996905292317
2.0583996905292317
2.0583996905292317
2.0583996905292317
2.0583996905292317
2.0583996905292317
2.0583996905292317
2.0583996905292317
2.0583996905292317
2.0583996905292317
2.0583996905292317
2.0583996905292317
2.0584000239524567
2.0584000239524567
2.0584000239524567
2.0584000239524567
2.058400372535515
2.058400372535515
2.058400372535515
2.0584006920847897
2.0584007472690846
2.0584007538756697
2.058401230213355
2.0584014685282477
2.0584014685282477
2.0584015567308245
2.0584017259830696
2.0584018307286254
2.058401906307113
2.058402013070615
2.058402085812639
2.0584021294578543
2.0584021556449836
2.058402172589702
2.058402195458483
2.0584022125204684
2.0584022186765987
2.058402224374707
2.058402227793572
2.058402233341168
2.0584022343682293
2.0584022374398137
2.0584022394486454
2.058402245292487
2.058402255814961
2.05840226251103
2.0584022651823246
2.0584022651823246
2.0584022651823246
2.0584022691848456
2.0584022691848456
2.0584022691848456
2.0584022691848456
2.0584022698620483
2.058402270454161
2.0584022708485183
2.05840227093166
2.05840227093166
2.0584022710516976
2.058402271157239
2.058402271157239
2.058402271178761
2.0584022711990175
2.058402271239768
2.0584022712811425
2.0584022713059675
2.0584022713602526
2.058402271400667
2.058402271433333
2.0584022714599706
2.058402271483581
2.0584022714984322
2.0584022715073425
2.058402271512689
2.058402271516342
2.0584022715183488
2.058402271524143
2.0584022715309254
2.058402271539665
2.058402271544909
2.05840227154556
2.0584022715482835
2.0584022715522274
2.0584022715553196
2.0584022715573975
2.0584022715587795
2.058402271559881
2.058402271560676
2.0584022715612282
2.058402271561591
2.058402271561809
2.05840227156194
2.058402271562019
2.058402271562128
2.058402271562231
2.0584022715622927
2.0584022715623296
2.058402271562352
2.0584022715624037
2.058402271562466
2.0584022715625054
2.0584022715625294
2.0584022715625574
2.0584022715625823
2.0584022715625965
2.0584022715626054
2.0584022715626182
2.0584022715626182
2.05840227156262
2.0584022715626236
2.0584022715626253
2.0584022715626284
2.0584022715626284
2.0584022715626293
2.0584022715626302
2.0584022715626307
2.058402271562632
2.058402271562633
2.0584022715626347
2.0584022715626356
2.0584022715626364
2.058402271562637
2.0584022715626373
2.0584022715626378
2.058402271562638
2.058402271562638
2.058402271562638
2.058402271562638
2.058402271562638
2.058402271562638
2.058402271562638
2.058402271562638
2.058402271562638
2.058402271562638
2.058402271562638
2.058402271562638
2.058402271562638
2.058402271562638
2.058402271562638
2.058402271562638
2.058402271562638
2.058402271562638
2.058402271562638
2.058402271562638
