1.9366421459584782
1.9366421459584782
1.9366421459584782
1.9366421459584782
1.9366421459584782
1.9366421459584782
1.9366421459584782
1.9366421459584782
1.9366421459584782
1.9366421459584782
1.9366421459584782
1.9366421459584782
1.9366421459584782
1.9366421459584782
1.9366421459584782
1.9366421459584782
1.9366421459584782
1.9366421459584782
1.9366421459584782
1.9366421459584782
1.9366421459584782
1.9366421459584782
1.9366421459584782
1.9366421459584782
1.9366421459584782
1.9366421459584782
1.9366421459584782
1.9366421459584782
1.9366421459584782
1.9366421459584782
1.9366421459584782
1.9366421459584782
1.9366421459584782
1.9366421459584782
1.9366421459584782
1.9366421459584782
1.9366421459584782
1.9366421459584782
1.9366421459584782
1.9366421459584782
1.9366421459584782
1.9366421459584782
1.9366421459584782
1.9366421459584782
1.9366421459584782
1.9366421459584782
1.9366421459584782
1.9366421459584782
1.9366421459584782
1.9366421459584782
1.9366421459584782
1.9366421459584782
1.9366421459584782
1.9366421459584782
1.9366421459584782
1.9366421459584782
1.9366421459584782
1.9366424650160603
1.9366424650160603
1.9366424650160603
1.9366424650160603
1.9366424650160603
1.9366424650160603
1.9366424650160603
1.9366424650160603
1.9366424650160603
1.9366424650160603
1.9366424650160603
1.9366425361567117
1.9366425361567117
1.9366425361567117
1.9366425361567117
1.9366428923875014
1.9366428923875014
1.9366428923875014
1.9366430247645467
1.9366431229612175
1.9366437069550737
1.9366441333873263
1.9366442464262903
1.936644448795823
1.9366445828006316
1.9366447431029779
1.9366448437895603
1.9366449561334862
1.936644964740254
1.9366450548661311
1.9366451347729556
1.9366451420593802
1.9366451420593802
1.936645159190393
1.9366451624952339
1.9366451721778244
1.9366451721778244
1.936645175747595
1.9366451890390297
1.9366451897470645
1.9366451968659097
1.9366451978470918
1.9366451984222115
1.9366452005282393
1.9366452019254263
1.936645202451698
1.936645203746667
1.9366452053725827
1.9366452063481323
1.936645206998266
1.9366452073093074
1.9366452076417615
1.936645208038461
1.9366452082764811
1.9366452085605717
1.936645208610755
1.9366452088805706
1.9366452090882944
1.936645209256646
1.936645209256646
1.9366452092968436
1.9366452093793036
1.9366452094371478
1.9366452094718536
1.9366452094926776
1.936645209507149
1.936645209554815
1.936645209590192
1.9366452096114182
1.9366452096241544
1.9366452096319253
1.9366452096475006
1.9366452096568687
1.936645209662988
1.9366452096667957
1.9366452096711746
1.9366452096745963
1.9366452096769613
1.936645209678476
1.9366452096800253
1.9366452096816735
1.9366452096826832
1.9366452096832896
1.9366452096839646
1.9366452096845541
1.9366452096850069
1.9366452096852789
1.9366452096854478
1.9366452096856879
1.9366452096859423
1.9366452096860938
1.9366452096862041
1.9366452096863467
1.9366452096864442
1.936645209686503
1.936645209686538
1.9366452096865618
1.9366452096866194
1.9366452096866562
1.9366452096866793
1.9366452096866928
1.9366452096867222
1.936645209686741
1.9366452096867546
1.9366452096867632
1.936645209686773
1.9366452096867832
1.9366452096867894
1.9366452096867945
1.9366452096868005
1.936645209686806
1.9366452096868094
1.9366452096868119
1.9366452096868134
1.9366452096868156
1.9366452096868174
1.9366452096868187
1.9366452096868194
1.9366452096868194
1.9366452096868203
1.9366452096868212
1.9366452096868214
1.9366452096868219
1.9366452096868219
1.9366452096868219
1.9366452096868219
1.9366452096868219
1.9366452096868219
1.9366452096868219
1.9366452096868219
1.9366452096868219
1.9366452096868219
1.9366452096868219
1.9366452096868219
1.9366452096868219
1.9366452096868219
1.9366452096868219
1.9366452096868219
