2.049195038276312
2.049195038276312
2.049195038276312
2.049195038276312
2.049195038276312
2.049195038276312
2.049195038276312
2.049195038276312
2.049195038276312
2.049195038276312
2.049195038276312
2.049195038276312
2.049195038276312
2.049195038276312
2.049195038276312
2.049195038276312
2.049195038276312
2.049195038276312
2.049195038276312
2.049195038276312
2.049195038276312
2.049195038276312
2.049195038276312
2.049195038276312
2.049195038276312
2.049195038276312
2.049195038276312
2.049195038276312
2.049195038276312
2.049195038276312
2.049195038276312
2.049195038276312
2.049195038276312
2.049195038276312
2.049195038276312
2.049195038276312
2.049195038276312
2.049195038276312
2.049195038276312
2.049195038276312
2.049195038276312
2.049195038276312
2.049195038276312
2.049195038276312
2.049195038276312
2.049195038276312
2.049210988918428
2.049210988918428
2.049210988918428
2.049210988918428
2.0492321394747472
2.0492321394747472
2.0492321394747472
2.0492321394747472
2.0492321394747472
2.0492416137045733
2.049265161401756
2.049265161401756
2.049265161401756
2.0492789672847884
2.0492789672847884
2.049288911164674
2.0492895308578567
2.0492990372113167
2.049304877168121
2.0493088710284906
2.0493117293193817
2.0493149549739877
2.0493189335747473
2.049321392747038
2.049323154766376
2.0493249362975083
2.049327523229653
2.049329202652367
2.0493303494436765
2.049331117235952
2.049332217595459
2.0493329566764213
2.0493333923635375
2.049333657988938
2.0493341771077636
2.049334676123828
2.049334964357595
2.049334964357595
2.049335193369303
2.0493352843833965
2.0493353123440072
2.0493353606810794
2.049335433270888
2.0493354768247762
2.0493355040835524
2.0493355205237465
2.0493355567672813
2.0493355820210386
2.0493355955573067
2.049335604751181
2.0493356171597283
2.0493356276247994
2.0493356387825963
2.0493356425094404
2.0493356455917304
2.0493356475982067
2.0493356491351578
2.0493356507750655
2.049335651891689
2.0493356525641664
2.0493356528652127
2.049335653446618
2.049335653446618
2.0493356535558482
2.0493356536957035
2.0493356537287903
2.0493356537840883
2.049335653827638
2.0493356538537677
2.049335653883459
2.0493356539074292
2.0493356539238032
2.049335653940654
2.049335653957113
2.049335653970984
2.049335653980001
2.049335653986667
2.049335653990667
2.049335653993871
2.0493356539964678
2.0493356539982908
2.049335654000542
2.049335654001466
2.0493356540035546
2.0493356540048078
2.0493356540056213
2.0493356540071406
2.049335654007616
2.049335654007901
2.0493356540083236
2.0493356540084924
2.0493356540088103
2.049335654008895
2.0493356540089502
2.049335654009067
2.049335654009139
2.0493356540091847
2.0493356540092402
2.0493356540092633
2.04933565400927
2.049335654009286
2.0493356540092957
2.0493356540093046
2.0493356540093086
2.0493356540093126
2.0493356540093166
2.049335654009321
2.0493356540093224
2.0493356540093224
2.0493356540093224
2.0493356540093246
2.0493356540093246
2.0493356540093246
2.0493356540093255
2.049335654009326
2.049335654009326
2.049335654009326
2.049335654009326
2.049335654009326
2.049335654009326
2.049335654009326
2.049335654009326
2.049335654009326
2.049335654009326
2.049335654009326
2.049335654009326
2.049335654009326
2.049335654009326
2.049335654009326
2.049335654009326
2.049335654009326
2.049335654009326
2.049335654009326
2.049335654009326
2.049335654009326
2.049335654009326
2.049335654009326
2.049335654009326
2.049335654009326
2.049335654009326
2.049335654009326
2.049335654009326
2.049335654009326
2.049335654009326
2.049335654009326
2.049335654009326
2.049335654009326
2.049335654009326
2.049335654009326
2.049335654009326
2.049335654009326
2.049335654009326
