2.090304748864063
2.090304748864063
2.090304748864063
2.090304748864063
2.090304748864063
2.090304748864063
2.090304748864063
2.090304748864063
2.090304748864063
2.090304748864063
2.090304748864063
2.090304748864063
2.090304748864063
2.090304748864063
2.090304748864063
2.090304748864063
2.090304748864063
2.090304748864063
2.090304748864063
2.090304748864063
2.090304748864063
2.090304748864063
2.090304748864063
2.090304748864063
2.090304748864063
2.090304748864063
2.090304748864063
2.090304748864063
2.090304748864063
2.090304748864063
2.090304748864063
2.090304748864063
2.090304748864063
2.090304748864063
2.090304748864063
2.090304748864063
2.090304748864063
2.090304748864063
2.090304748864063
2.090304748864063
2.090304748864063
2.090324804120051
2.0904850148503815
2.0905811493469812
2.090638832946155
2.090704923696083
2.090712890462199
2.090736558734153
2.090789697786514
2.0907902399895724
2.0907902399895724
2.0907966544517786
2.090806562410673
2.0908131605165963
2.0908188728896553
2.090822548287103
2.0908277487003843
2.09083237136396
2.09083566127357
2.0908384007821073
2.0908418216415234
2.090844700677292
2.0908461564105782
2.0908478195706017
2.0908492552057534
2.09085012904962
2.090850746496354
2.090851285994012
2.0908517297570026
2.090851996014858
2.0908522844192188
2.090852331399338
2.0908525190606433
2.090852722092884
2.090852843912242
2.0908529170038612
2.0908529670742975
2.090853058424198
2.0908531322309636
2.0908531720094214
2.0908531893592865
2.090853216099341
2.0908532490597214
2.09085326883595
2.090853280701687
2.0908532882055093
2.090853299139779
2.09085331305011
2.0908533238183797
2.090853328805471
2.090853329716674
2.090853335216772
2.090853341854348
2.0908533459016803
2.0908533483300795
2.0908533522405603
2.090853357058824
2.0908533599497816
2.0908533616843563
2.090853362725101
2.090853363453378
2.0908533646764176
2.090853365507956
2.0908533660273414
2.090853366672111
2.0908533671194554
2.090853367387862
2.090853367587699
2.090853367822065
2.0908533679729127
2.090853368063906
2.0908533681187933
2.0908533681799266
2.0908533682304062
2.0908533682606936
2.09085336828007
2.0908533683059907
2.090853368324802
2.090853368336142
2.090853368342954
2.0908533683545643
2.090853368363933
2.0908533683695545
2.0908533683729273
2.09085336837848
2.0908533683823265
2.090853368384635
2.0908533683860195
2.0908533683868504
2.090853368387614
2.0908533683899573
2.0908533683913633
2.0908533683922066
2.0908533683927124
2.090853368393185
2.09085336839388
2.090853368394297
2.090853368394547
2.090853368394746
2.090853368394992
2.090853368395139
2.0908533683952273
2.090853368395287
2.090853368395373
2.090853368395425
2.090853368395456
2.090853368395475
2.0908533683954906
2.0908533683955315
2.0908533683955564
2.090853368395571
2.09085336839558
2.090853368395585
2.0908533683955923
2.0908533683956008
2.0908533683956056
2.090853368395609
2.0908533683956136
2.0908533683956168
2.0908533683956185
2.09085336839562
2.0908533683956207
2.0908533683956207
2.090853368395622
2.090853368395623
2.090853368395624
2.090853368395624
2.0908533683956247
2.090853368395625
2.0908533683956256
2.090853368395626
2.090853368395626
2.0908533683956265
2.0908533683956265
2.0908533683956265
2.090853368395627
2.090853368395627
2.090853368395627
2.090853368395627
2.090853368395627
2.090853368395627
2.090853368395627
2.090853368395627
2.090853368395627
2.090853368395627
2.090853368395627
2.090853368395627
2.090853368395627
