1.8346818948694115
1.8346818948694115
1.8346818948694115
1.8346818948694115
1.8346818948694115
1.8346818948694115
1.8346818948694115
1.8346818948694115
1.8346818948694115
1.8346818948694115
1.8346818948694115
1.8346818948694115
1.8346818948694115
1.8346818948694115
1.8346818948694115
1.8346818948694115
1.8346818948694115
1.8346818948694115
1.8346818948694115
1.8346818948694115
1.8346818948694115
1.8346818948694115
1.8346818948694115
1.8346818948694115
1.8346818948694115
1.8346818948694115
1.8346818948694115
1.8346818948694115
1.8346818948694115
1.8346818948694115
1.8346818948694115
1.8346818948694115
1.8346818948694115
1.8346818948694115
1.8346818948694115
1.8346818948694115
1.8346818948694115
1.8346818948694115
1.8346818948694115
1.8346818948694115
1.8346818948694115
1.8346818948694115
1.8346818948694115
1.8346818948694115
1.8346818948694115
1.8346818948694115
1.8346818948694115
1.8346818948694115
1.8346818948694115
1.8346818948694115
1.8346818948694115
1.8346818948694115
1.8346818948694115
1.8346818948694115
1.8346868390865287
1.8346868390865287
1.8346868390865287
1.8346868390865287
1.8346888510767323
1.8346915432890765
1.8346960149750735
1.8346986979838942
1.8347003077881867
1.8347012736704025
1.834701853199602
1.8347022009170753
1.8347031195098844
1.834704793325289
1.8347059415907596
1.8347067127739727
1.8347070270262684
1.834707351909528
1.834707744251512
1.8347081749926237
1.8347084053568783
1.8347086262767391
1.8347087856522437
1.834708928920929
1.8347089983042884
1.8347090519797133
1.8347090519797133
1.8347090784163538
1.8347090784163538
1.834709080439901
1.834709080439901
1.834709093038353
1.834709093038353
1.834709093038353
1.834709093038353
1.834709093038353
1.834709093038353
1.8347090947521125
1.8347090947521125
1.8347090947521125
1.8347090947521125
1.8347090951796696
1.8347090951796696
1.8347090951796696
1.8347090959261012
1.8347090959261012
1.8347090959261012
1.8347090959823222
1.8347090961127503
1.8347090962162407
1.8347090964912496
1.8347090967406203
1.8347090968188027
1.8347090968365976
1.8347090968365976
1.8347090968365976
1.8347090969166608
1.8347090969320847
1.8347090969320847
1.8347090969320847
1.8347090969467519
1.8347090969572217
1.834709096963828
1.8347090969673094
1.834709096970515
1.834709096970515
1.834709096970515
1.8347090969749364
1.8347090969749364
1.8347090969759439
1.8347090969763533
1.834709096977536
1.83470909697837
1.8347090969789313
1.8347090969792679
1.8347090969795672
1.8347090969799238
1.8347090969804125
1.834709096980579
1.8347090969807476
1.8347090969807722
1.834709096980986
1.8347090969811137
1.8347090969812154
1.8347090969812898
1.8347090969814022
1.8347090969814739
1.8347090969815136
1.8347090969815136
1.8347090969815534
1.8347090969815627
1.8347090969815683
1.834709096981572
1.8347090969815856
1.8347090969815967
1.8347090969816038
1.8347090969816087
1.834709096981612
1.8347090969816156
1.834709096981618
1.8347090969816198
1.834709096981621
1.8347090969816218
1.8347090969816227
1.8347090969816235
1.8347090969816244
1.8347090969816249
1.8347090969816249
1.8347090969816249
1.8347090969816253
1.8347090969816253
1.8347090969816253
1.8347090969816258
1.834709096981626
1.834709096981626
1.834709096981626
1.8347090969816262
1.8347090969816262
1.8347090969816262
1.8347090969816262
1.8347090969816262
1.8347090969816262
1.8347090969816262
1.8347090969816262
1.8347090969816262
1.8347090969816262
1.8347090969816262
1.8347090969816262
1.8347090969816262
1.8347090969816262
1.8347090969816262
