1.4469983503147612
1.4469983503147612
1.4469983503147612
1.4469983503147612
1.4469983503147612
1.4469983503147612
1.4469983503147612
1.4469983503147612
1.4469983503147612
1.4469983503147612
1.4469983503147612
1.4469983503147612
1.4469983503147612
1.4469983503147612
1.4469983503147612
1.4469983503147612
1.4469983503147612
1.4469983503147612
1.4469983503147612
1.4469983503147612
1.4469983503147612
1.4469983503147612
1.4469983503147612
1.4469983503147612
1.4469983503147612
1.4469983503147612
1.4469983503147612
1.4469983503147612
1.4469983503147612
1.4469983503147612
1.4469983503147612
1.4469983503147612
1.4469983503147612
1.4469983503147612
1.4469983503147612
1.4469983503147612
1.4469983503147612
1.4469983503147612
1.4469983503147612
1.4469983503147612
1.4469983503147612
1.4469983503147612
1.4469983503147612
1.4469983503147612
1.4469983503147612
1.4469983503147612
1.4469983503147612
1.4469983503147612
1.4469983503147612
1.4469983503147612
1.4469983503147612
1.4469983503147612
1.4469983503147612
1.4469983503147612
1.4470032435075089
1.4470032435075089
1.4470032435075089
1.4470065567487291
1.4470065567487291
1.447006716398353
1.4470089268351494
1.4470105873550918
1.4470116274132552
1.447012408511164
1.4470126979557394
1.4470140910871183
1.4470149908505794
1.447015287072101
1.4470156217077492
1.4470161820566745
1.4470163169903676
1.4470168455226826
1.4470170968521976
1.4470172471282865
1.447017426980136
1.447017695122911
1.4470178560086273
1.4470179525400757
1.4470180110866073
1.447018168469298
1.4470182935511349
1.4470183686002474
1.447018471536892
1.4470185582479649
1.4470186058609706
1.4470186353219356
1.4470186597940125
1.447018681694843
1.4470187013128664
1.44701871195869
1.447018716308174
1.4470187311984002
1.4470187451682481
1.4470187527290919
1.4470187599137465
1.447018767230118
1.4470187726176043
1.4470187751238537
1.4470187784084276
1.4470187813477293
1.4470187831873844
1.447018784372393
1.4470187850833978
1.447018785845888
1.4470187874866365
1.4470187883721033
1.4470187890658655
1.447018789415931
1.4470187896854365
1.4470187900122429
1.4470187901838858
1.447018790269448
1.4470187903130565
1.447018790384898
1.4470187904624026
1.4470187905215526
1.4470187905585965
1.4470187905990088
1.4470187906233887
1.447018790648053
1.44701879068851
1.447018790702129
1.4470187907099634
1.4470187907179484
1.4470187907261685
1.447018790736487
1.4470187907426784
1.4470187907463934
1.447018790753672
1.447018790762709
1.4470187907681318
1.447018790771385
1.447018790773706
1.4470187907790018
1.4470187907815728
1.4470187907834904
1.4470187907846408
1.4470187907855618
1.447018790787445
1.4470187907886316
1.4470187907892074
1.4470187907897367
1.4470187907901026
1.4470187907905387
1.4470187907908072
1.4470187907909702
1.4470187907910563
1.4470187907911034
1.4470187907911192
1.4470187907911627
1.4470187907911927
1.4470187907912346
1.4470187907912597
1.4470187907912762
1.4470187907912864
1.4470187907913112
1.4470187907913385
1.4470187907913539
1.4470187907913632
1.4470187907913734
1.4470187907913805
1.4470187907913863
1.4470187907913892
1.447018790791391
1.447018790791393
1.4470187907913963
1.4470187907913978
1.4470187907913994
1.4470187907914
1.4470187907914014
1.4470187907914025
1.4470187907914034
1.4470187907914038
1.447018790791404
1.4470187907914045
1.4470187907914054
1.4470187907914063
1.4470187907914065
1.4470187907914067
1.447018790791407
1.4470187907914074
1.4470187907914076
1.4470187907914078
1.4470187907914078
1.447018790791408
1.4470187907914083
1.4470187907914083
1.4470187907914087
1.4470187907914087
1.4470187907914087
1.4470187907914087
1.4470187907914087
