3.1348615795332613
3.1348615795332613
3.1348615795332613
3.1348615795332613
3.1348615795332613
3.1348615795332613
3.1348615795332613
3.1348615795332613
3.1348615795332613
3.1348615795332613
3.1348615795332613
3.1348615795332613
3.1348615795332613
3.1348615795332613
3.1348615795332613
3.1348615795332613
3.1348615795332613
3.1348615795332613
3.1348615795332613
3.1348615795332613
3.1348615795332613
3.1348615795332613
3.1348615795332613
3.1348615795332613
3.1348615795332613
3.1348615795332613
3.1348615795332613
3.1348615795332613
3.1348615795332613
3.1348615795332613
3.1348615795332613
3.1348615795332613
3.1348615795332613
3.1348615795332613
3.1348615795332613
3.1348615795332613
3.1348615795332613
3.1348615795332613
3.1348615795332613
3.1348615795332613
3.1348615795332613
3.1348615795332613
3.1348615795332613
3.1348615795332613
3.1348615795332613
3.1348615795332613
3.1348615795332613
3.1348615795332613
3.1348615795332613
3.1348615795332613
3.1348615795332613
3.1348615795332613
3.1348615795332613
3.1348615795332613
3.1348615795332613
3.1348619601434082
3.1348619601434082
3.1348619601434082
3.1348619601434082
3.1348619601434082
3.1348668795385795
3.1348668795385795
3.134879020054954
3.134879020054954
3.134879020054954
3.134879020054954
3.134879020054954
3.1348851731973872
3.1348851731973872
3.1348851731973872
3.13488612807338
3.1348883371834257
3.1348896982188754
3.1348905148405053
3.1348918139273625
3.1348929224356694
3.1348938549988135
3.1348944145368547
3.1348947806500624
3.134895266189724
3.134895665368562
3.1348959093560786
3.1348960557485994
3.134896143584117
3.13489641221506
3.1348965772229054
3.134896750761175
3.1348968252163982
3.1348969038059105
3.1348969820375743
3.1348970289765754
3.1348970571399755
3.134897074038016
3.1348970886974055
3.1348971111155532
3.134897125567195
3.134897135729436
3.1348971398442034
3.134897149963501
3.1348971581804124
3.1348971637920964
3.1348971671591053
3.1348971718713714
3.134897174779566
3.134897176524482
3.1348971778516037
3.1348971797551375
3.1348971813418456
3.1348971821969966
3.134897182723743
3.1348971835853146
3.134897184182006
3.1348971844482936
3.1348971846403813
3.134897184761833
3.134897184850887
3.1348971849441014
3.134897185045215
3.1348971851094043
3.134897185160276
3.1348971851917358
3.134897185210916
3.1348971852295535
3.1348971852407352
3.1348971852560807
3.13489718527182
3.134897185281264
3.1348971852883696
3.134897185296837
3.1348971853028735
3.1348971853064964
3.13489718530955
3.1348971853120533
3.1348971853142666
3.134897185315678
3.134897185316986
3.134897185318049
3.134897185318776
3.134897185319213
3.1348971853194745
3.1348971853198404
3.1348971853202903
3.1348971853205594
3.134897185320722
3.134897185320846
3.1348971853209946
3.1348971853210887
3.134897185321148
3.1348971853211895
3.134897185321215
3.1348971853212317
3.1348971853212646
3.1348971853212833
3.1348971853212952
3.134897185321303
3.1348971853213077
3.134897185321316
3.1348971853213223
3.134897185321327
3.1348971853213294
3.1348971853213303
3.134897185321335
3.1348971853213383
3.134897185321341
3.134897185321342
3.1348971853213436
3.134897185321345
3.1348971853213463
3.1348971853213476
3.1348971853213485
3.1348971853213494
3.13489718532135
3.13489718532135
3.13489718532135
3.13489718532135
3.13489718532135
3.13489718532135
3.13489718532135
3.13489718532135
3.13489718532135
3.13489718532135
3.13489718532135
3.13489718532135
3.13489718532135
3.13489718532135
3.13489718532135
3.13489718532135
3.13489718532135
3.13489718532135
3.13489718532135
3.13489718532135
3.13489718532135
3.13489718532135
3.13489718532135
3.13489718532135
3.13489718532135
3.13489718532135
3.13489718532135
