1.9536192037343163
1.9536192037343163
1.9536192037343163
1.9536192037343163
1.9536192037343163
1.9536192037343163
1.9536192037343163
1.9536192037343163
1.9536192037343163
1.9536192037343163
1.9536192037343163
1.9536192037343163
1.9536192037343163
1.9536192037343163
1.9536192037343163
1.9536192037343163
1.9536192037343163
1.9536192037343163
1.9536192037343163
1.9536192037343163
1.9536192037343163
1.9536192037343163
1.9536192037343163
1.9536192037343163
1.9536192037343163
1.9536192037343163
1.9536192037343163
1.9536192037343163
1.9536192037343163
1.9536192037343163
1.9536192037343163
1.9536192037343163
1.9536192037343163
1.9536192037343163
1.9536192037343163
1.9536192037343163
1.9536192037343163
1.9536192037343163
1.9536192037343163
1.9536192037343163
1.9536192037343163
1.9536192037343163
1.9536192037343163
1.9536192037343163
1.9536481808021176
1.9536481808021176
1.9536481808021176
1.9536481808021176
1.9536534772749785
1.9536534772749785
1.9536534772749785
1.9536534772749785
1.9536579098617242
1.9536579098617242
1.9536579098617242
1.9536579098617242
1.9536581149511543
1.9536599528345198
1.9536599528345198
1.9536619898056513
1.9536651151472444
1.9536671057199255
1.953668300063562
1.9536692559936404
1.9536708243090128
1.953671902931939
1.9536725501056948
1.9536729384099485
1.9536733193016906
1.9536737164512843
1.953674056041433
1.9536743178966884
1.9536744750098411
1.9536746608658786
1.9536748198363985
1.9536749212323006
1.9536749858764413
1.953675069839456
1.9536751289452168
1.9536751537217945
1.9536751747012318
1.9536752067624639
1.9536752249075018
1.9536752348892932
1.9536752420535617
1.9536752495418674
1.9536752585311885
1.9536752653921492
1.9536752695087252
1.9536752736369836
1.9536752775887092
1.9536752791265293
1.953675280399698
1.9536752812193243
1.9536752820982164
1.9536752830656572
1.9536752837103362
1.953675284097144
1.9536752843424052
1.9536752847237058
1.953675284969545
1.953675285149159
1.9536752852681845
1.9536752853717498
1.9536752854631867
1.9536752855463821
1.9536752855962998
1.9536752856262503
1.953675285644221
1.9536752856550028
1.9536752856621575
1.953675285689804
1.9536752857087372
1.9536752857200972
1.9536752857340458
1.9536752857500077
1.953675285759585
1.9536752857653314
1.9536752857687787
1.9536752857728676
1.9536752857771225
1.9536752857796758
1.9536752857812076
1.9536752857822473
1.953675285784211
1.9536752857853898
1.9536752857860964
1.953675285786521
1.953675285787177
1.953675285787694
1.9536752857880042
1.95367528578819
1.9536752857883017
1.953675285788671
1.9536752857889363
1.9536752857890956
1.953675285789191
1.953675285789261
1.953675285789337
1.9536752857893824
1.9536752857894095
1.9536752857894315
1.9536752857894681
1.9536752857894901
1.9536752857895037
1.9536752857895139
1.953675285789531
1.9536752857895412
1.953675285789548
1.9536752857895519
1.953675285789557
1.9536752857895614
1.953675285789564
1.9536752857895672
1.95367528578957
1.9536752857895714
1.9536752857895723
1.953675285789573
1.9536752857895734
1.9536752857895747
1.9536752857895754
1.9536752857895758
1.953675285789576
1.9536752857895765
1.953675285789577
1.953675285789577
1.953675285789577
1.953675285789577
1.953675285789577
1.953675285789577
1.953675285789577
1.953675285789577
1.953675285789577
1.953675285789577
1.953675285789577
1.953675285789577
1.953675285789577
1.953675285789577
1.953675285789577
1.953675285789577
1.953675285789577
1.953675285789577
