1.9351194571470827
1.9351194571470827
1.9351194571470827
1.9351194571470827
1.9351194571470827
1.9351194571470827
1.9351194571470827
1.9351194571470827
1.9351194571470827
1.9351194571470827
1.9351194571470827
1.9351194571470827
1.9351194571470827
1.9351194571470827
1.9351194571470827
1.9351194571470827
1.9351194571470827
1.9351194571470827
1.9351194571470827
1.9351194571470827
1.9351194571470827
1.9351194571470827
1.9351194571470827
1.9351194571470827
1.9351194571470827
1.9351194571470827
1.9351194571470827
1.9351194571470827
1.9351194571470827
1.9351194571470827
1.9351194571470827
1.9351194571470827
1.9351194571470827
1.9351194571470827
1.9351194571470827
1.9351194571470827
1.9351194571470827
1.9351194571470827
1.9351194571470827
1.9351194571470827
1.9351194571470827
1.9351194571470827
1.9351194571470827
1.9351194571470827
1.9351194571470827
1.9351194571470827
1.9351194571470827
1.9351229709397864
1.9351229709397864
1.9351229709397864
1.9351229709397864
1.9351229709397864
1.9351229709397864
1.9351229709397864
1.9351229709397864
1.9351229709397864
1.9351229709397864
1.9351229709397864
1.9351229709397864
1.9351234202895689
1.9351234202895689
1.9351234202895689
1.9351234202895689
1.9351234291172696
1.9351239979159351
1.9351248954625329
1.9351255503164098
1.9351259432288268
1.9351262391355262
1.9351263664373237
1.9351266681373043
1.9351272141121731
1.9351275470047073
1.9351277971804843
1.9351278703113888
1.9351279461353585
1.9351280167294347
1.9351281048993028
1.9351281600746764
1.9351282071725264
1.935128245170222
1.9351282726409027
1.9351282891233115
1.9351283089271418
1.9351283392334895
1.935128349802018
1.935128361134175
1.935128361134175
1.9351283647297364
1.9351283670618449
1.9351283676245918
1.9351283676245918
1.9351283688714327
1.935128369784433
1.9351283703446633
1.935128371751539
1.9351283730180233
1.935128373935348
1.9351283744857426
1.9351283756351654
1.9351283766414327
1.9351283771002408
1.9351283774187154
1.9351283774187154
1.9351283775155061
1.93512837762975
1.9351283777509793
1.9351283777509793
1.9351283777509793
1.9351283777854735
1.9351283778233865
1.9351283778475383
1.9351283778475383
1.9351283778475383
1.9351283778631716
1.9351283778631716
1.9351283778631716
1.9351283778631716
1.9351283778631716
1.9351283778641288
1.9351283778641288
1.9351283778641288
1.9351283778648614
1.9351283778648614
1.9351283778648614
1.9351283778648614
1.9351283778648614
1.9351283778648614
1.9351283778648614
1.9351283778648614
1.9351283778648614
1.9351283778649082
1.9351283778649082
1.9351283778649082
1.9351283778649082
1.9351283778649786
1.9351283778649786
1.9351283778649786
1.9351283778649822
1.935128377864992
1.935128377864992
1.935128377864992
1.935128377864995
1.935128377864998
1.935128377864998
1.9351283778649995
1.9351283778649995
1.9351283778649995
1.9351283778649995
1.9351283778649995
1.9351283778650024
1.9351283778650024
1.9351283778650024
1.935128377865004
1.935128377865004
1.935128377865004
1.935128377865004
1.935128377865004
1.935128377865004
1.935128377865004
1.935128377865004
1.935128377865004
1.935128377865004
1.935128377865004
1.935128377865004
1.935128377865004
1.9351283778650041
1.9351283778650041
1.9351283778650041
1.9351283778650041
1.9351283778650041
1.9351283778650041
1.9351283778650041
1.9351283778650041
1.9351283778650041
1.9351283778650041
1.9351283778650041
1.9351283778650041
1.9351283778650041
1.9351283778650041
1.9351283778650041
1.9351283778650041
1.9351283778650041
1.9351283778650041
1.9351283778650041
1.9351283778650041
