1.4015193731623257
1.4015193731623257
1.4015193731623257
1.4015193731623257
1.4015193731623257
1.4015193731623257
1.4015193731623257
1.4015193731623257
1.4015193731623257
1.4015193731623257
1.4015193731623257
1.4015193731623257
1.4015193731623257
1.4015193731623257
1.4015193731623257
1.4015193731623257
1.4015193731623257
1.4015193731623257
1.4015193731623257
1.4015193731623257
1.4015193731623257
1.4015193731623257
1.4015193731623257
1.4015193731623257
1.4015193731623257
1.4015193731623257
1.4015193731623257
1.4015193731623257
1.4015193731623257
1.4015193731623257
1.4015193731623257
1.4015193731623257
1.4015193731623257
1.4015193731623257
1.4015193731623257
1.4015193731623257
1.4015193731623257
1.4015193731623257
1.4015193731623257
1.4015193731623257
1.4015193731623257
1.4015193731623257
1.4015193731623257
1.4015193731623257
1.4015193731623257
1.4015193731623257
1.4015193731623257
1.4015193731623257
1.4015193731623257
1.4015193731623257
1.4015193731623257
1.4015193731623257
1.4015193731623257
1.4015193731623257
1.4015193731623257
1.4015193731623257
1.4015193731623257
1.4015193731623257
1.4015196211848824
1.4015196211848824
1.4015196211848824
1.4015196211848824
1.4015196211848824
1.401519799488813
1.4015204974829918
1.4015204974829918
1.40152090184093
1.4015211756426316
1.4015214896125703
1.4015217988206106
1.4015220314387464
1.4015224112777782
1.4015226293181002
1.4015229075474411
1.4015231004666626
1.401523243491054
1.401523361759054
1.4015233743776205
1.4015234120985065
1.4015234474916372
1.4015234812044792
1.401523501432184
1.401523513568807
1.4015235656478382
1.4015236084743294
1.401523634197148
1.4015236498000714
1.4015236591618259
1.4015236647788782
1.4015236741865702
1.4015236947693366
1.4015237071189965
1.401523714528793
1.4015237195272037
1.401523730671321
1.4015237380009644
1.4015237423987505
1.401523745037422
1.4015237508323795
1.4015237553558413
1.4015237580699182
1.4015237596983643
1.4015237617794554
1.4015237635585618
1.4015237646260257
1.4015237653838983
1.401523766449563
1.4015237670889622
1.4015237674726015
1.4015237678433516
1.4015237681785093
1.4015237683796038
1.4015237685002608
1.4015237686290307
1.4015237687460476
1.4015237688162572
1.4015237688583835
1.401523768891866
1.40152376893964
1.4015237689683093
1.4015237689855107
1.4015237689958313
1.4015237690053326
1.4015237690160902
1.4015237690225448
1.4015237690264173
1.401523769029024
1.4015237690335396
1.4015237690362505
1.4015237690378772
1.401523769038882
1.4015237690402802
1.401523769041121
1.4015237690416253
1.4015237690419284
1.4015237690421096
1.4015237690425961
1.4015237690429792
1.401523769043209
1.401523769043347
1.4015237690435012
1.4015237690436946
1.4015237690438107
1.4015237690438804
1.4015237690439224
1.4015237690439948
1.401523769044043
1.401523769044072
1.4015237690440898
1.4015237690441162
1.401523769044133
1.4015237690441429
1.4015237690441487
1.4015237690441527
1.4015237690441604
1.4015237690441653
1.401523769044168
1.4015237690441698
1.4015237690441726
1.4015237690441749
1.4015237690441762
1.401523769044177
1.4015237690441784
1.4015237690441793
1.4015237690441802
1.4015237690441802
1.401523769044181
1.401523769044181
1.401523769044181
1.401523769044181
1.401523769044181
1.401523769044181
1.401523769044181
1.401523769044181
1.401523769044181
1.401523769044181
1.401523769044181
1.401523769044181
1.401523769044181
1.401523769044181
1.401523769044181
1.401523769044181
1.401523769044181
1.401523769044181
1.401523769044181
1.401523769044181
1.401523769044181
1.401523769044181
1.401523769044181
1.401523769044181
1.401523769044181
1.401523769044181
1.401523769044181
1.401523769044181
