1.8792591683772841
1.8792591683772841
1.8792591683772841
1.8792591683772841
1.8792591683772841
1.8792591683772841
1.8792591683772841
1.8792591683772841
1.8792591683772841
1.8792591683772841
1.8792591683772841
1.8792591683772841
1.8792591683772841
1.8792591683772841
1.8792591683772841
1.8792591683772841
1.8792591683772841
1.8792591683772841
1.8792591683772841
1.8792591683772841
1.8792591683772841
1.8792591683772841
1.8792591683772841
1.8792591683772841
1.8792591683772841
1.8792591683772841
1.8792591683772841
1.8792591683772841
1.8792591683772841
1.8792591683772841
1.8792591683772841
1.8792591683772841
1.8792591683772841
1.8792591683772841
1.8792591683772841
1.8792591683772841
1.8792591683772841
1.8792591683772841
1.8792591683772841
1.8792591683772841
1.8792591683772841
1.8792591683772841
1.8792591683772841
1.8792591683772841
1.8792591683772841
1.8792591683772841
1.8792591683772841
1.8792591683772841
1.8792591683772841
1.8792830718377773
1.8792830718377773
1.8792830718377773
1.8793071776664414
1.8793071776664414
1.8793071776664414
1.8793071776664414
1.8793071776664414
1.8793156703974256
1.8793170590741588
1.8793263709476784
1.8793302227637667
1.8793345788265787
1.8793366807158671
1.8793397151128781
1.8793430707630052
1.8793454614557423
1.8793468958734623
1.8793485541929515
1.8793497854053296
1.8793505241332629
1.8793509673702051
1.879351568344997
1.879352165253625
1.8793525423511643
1.8793527899410858
1.8793529384950622
1.879353080458809
1.879353235181511
1.87935332801514
1.8793533837153205
1.8793534171354296
1.879353438467774
1.8793534657597553
1.8793534914463508
1.8793535074550398
1.8793535184768275
1.8793535260698562
1.8793535306256735
1.8793535373632915
1.8793535420447758
1.8793535448536665
1.879353546839868
1.8793535481790173
1.8793535494779168
1.8793535509338362
1.8793535520057252
1.8793535526488592
1.879353553034739
1.8793535532662669
1.879353553531789
1.879353553887708
1.8793535541330268
1.8793535543125228
1.879353554474109
1.8793535546472564
1.879353554751145
1.8793535548134783
1.879353554859239
1.8793535549148497
1.8793535549574798
1.8793535549852884
1.879353555001974
1.8793535550200478
1.8793535550386375
1.8793535550497908
1.8793535550564833
1.8793535550652465
1.8793535550719196
1.879353555076268
1.879353555079746
1.8793535550835472
1.8793535550858282
1.8793535550871967
1.8793535550880176
1.8793535550885105
1.8793535550900304
1.879353555091789
1.8793535550928442
1.8793535550934772
1.8793535550943488
1.8793535550954548
1.879353555096118
1.879353555096516
1.8793535550968772
1.8793535550974283
1.879353555097759
1.8793535550979574
1.8793535550980764
1.8793535550984162
1.87935355509866
1.8793535550988067
1.8793535550988947
1.879353555099068
1.8793535550991898
1.8793535550992622
1.879353555099306
1.8793535550993672
1.8793535550994145
1.8793535550994427
1.8793535550994656
1.8793535550994898
1.8793535550995046
1.8793535550995135
1.879353555099521
1.8793535550995315
1.8793535550995377
1.8793535550995415
1.8793535550995433
1.8793535550995464
1.879353555099549
1.8793535550995506
1.8793535550995513
1.8793535550995528
1.8793535550995542
1.879353555099555
1.8793535550995555
1.8793535550995564
1.8793535550995575
1.879353555099558
1.8793535550995581
1.8793535550995581
1.8793535550995581
1.8793535550995581
1.8793535550995581
1.8793535550995584
1.8793535550995584
1.8793535550995584
1.8793535550995584
1.8793535550995584
1.8793535550995584
1.8793535550995584
1.8793535550995584
1.8793535550995584
1.8793535550995584
1.8793535550995584
