1.3023565866344171
1.3023565866344171
1.3023565866344171
1.3023565866344171
1.3023565866344171
1.3023565866344171
1.3023565866344171
1.3023565866344171
1.3023565866344171
1.3023565866344171
1.3023565866344171
1.3023565866344171
1.3023565866344171
1.3023565866344171
1.3023565866344171
1.3023565866344171
1.3023565866344171
1.3023565866344171
1.3023565866344171
1.3023565866344171
1.3023565866344171
1.3023565866344171
1.3023565866344171
1.3023565866344171
1.3023565866344171
1.3023565866344171
1.3023565866344171
1.3023565866344171
1.3023565866344171
1.3023565866344171
1.3023565866344171
1.3023565866344171
1.3023565866344171
1.3023565866344171
1.3023565866344171
1.3023565866344171
1.3023565866344171
1.3023565866344171
1.3023565866344171
1.3023565866344171
1.3023565866344171
1.3023565866344171
1.3023565866344171
1.3023565866344171
1.3023565866344171
1.3023565866344171
1.3023565866344171
1.3023565866344171
1.3023565866344171
1.3023565866344171
1.3023565866344171
1.302357422202405
1.302357422202405
1.302357422202405
1.302357422202405
1.3023579281155424
1.3023580893160942
1.3023599698089356
1.302360171386793
1.3023602923335045
1.3023607758287783
1.302361482918541
1.3023619071725319
1.3023621773119023
1.302362458972843
1.3023627254496255
1.302362999454468
1.3023630178965446
1.3023631148530157
1.30236319235912
1.3023632511826078
1.3023632511826078
1.3023632797244462
1.3023632903228566
1.3023633147133424
1.3023633147133424
1.302363316509106
1.3023633299940254
1.30236334322862
1.302363349032576
1.302363349032576
1.302363349032576
1.3023633512359731
1.302363355494939
1.302363355494939
1.302363355494939
1.302363355494939
1.3023633559712273
1.3023633569972657
1.3023633569972657
1.3023633577011895
1.3023633578657619
1.3023633578813394
1.302363357890686
1.302363357908071
1.3023633579539013
1.302363358131983
1.3023633582388316
1.3023633583029413
1.3023633583414067
1.3023633583644858
1.3023633583783336
1.3023633583927103
1.3023633584420393
1.3023633584817027
1.3023633585057102
1.3023633585201144
1.302363358528757
1.3023633585365295
1.302363358544392
1.3023633585506365
1.3023633585547199
1.30236335855717
1.302363358559584
1.3023633585626742
1.3023633585645351
1.3023633585656518
1.3023633585663217
1.3023633585672403
1.3023633585684062
1.3023633585691095
1.3023633585695316
1.3023633585699783
1.3023633585706083
1.3023633585709864
1.302363358571213
1.3023633585713565
1.3023633585715573
1.3023633585716887
1.3023633585717678
1.3023633585718306
1.302363358571918
1.3023633585719707
1.3023633585720022
1.3023633585720211
1.3023633585720336
1.3023633585720529
1.3023633585720653
1.302363358572073
1.3023633585720777
1.3023633585720804
1.3023633585720849
1.3023633585720906
1.3023633585720942
1.3023633585720964
1.3023633585721004
1.3023633585721033
1.3023633585721053
1.3023633585721064
1.302363358572107
1.3023633585721084
1.3023633585721097
1.3023633585721104
1.3023633585721108
1.3023633585721113
1.3023633585721117
1.302363358572112
1.3023633585721122
1.3023633585721122
1.3023633585721124
1.3023633585721126
1.3023633585721126
1.3023633585721126
1.3023633585721126
1.3023633585721126
1.3023633585721126
1.3023633585721126
1.3023633585721126
1.3023633585721126
1.3023633585721126
1.3023633585721126
1.3023633585721126
1.3023633585721126
1.3023633585721126
1.3023633585721126
1.3023633585721126
1.3023633585721126
1.3023633585721126
