1.3731316272211727
1.3731316272211727
1.3731316272211727
1.3731316272211727
1.3731316272211727
1.3731316272211727
1.3731316272211727
1.3731316272211727
1.3731316272211727
1.3731316272211727
1.3731316272211727
1.3731316272211727
1.3731316272211727
1.3731316272211727
1.3731316272211727
1.3731316272211727
1.3731316272211727
1.3731316272211727
1.3731316272211727
1.3731316272211727
1.3731316272211727
1.3731316272211727
1.3731316272211727
1.3731316272211727
1.3731316272211727
1.3731316272211727
1.3731316272211727
1.3731316272211727
1.3731316272211727
1.3731316272211727
1.3731316272211727
1.3731316272211727
1.3731316272211727
1.3731316272211727
1.3731316272211727
1.3731316272211727
1.3731316272211727
1.3731316272211727
1.3731316272211727
1.3731316272211727
1.3731316272211727
1.3731316272211727
1.3731316272211727
1.3731316272211727
1.3731316272211727
1.3731316272211727
1.3731316272211727
1.3731316272211727
1.3731316272211727
1.3731316272211727
1.3731316272211727
1.3731316272211727
1.3731316272211727
1.3731316272211727
1.3731316272211727
1.3731316272211727
1.3731316272211727
1.3731316272211727
1.3731316272211727
1.3731336789315909
1.3731336789315909
1.3731336789315909
1.3731355905972387
1.3731355905972387
1.3731363301694652
1.3731371951567155
1.3731380132099444
1.373138124101839
1.3731384641987072
1.3731394041164668
1.3731402001120845
1.3731405667691985
1.3731407867634946
1.3731409290984258
1.373141101483551
1.3731413537107697
1.3731416762949005
1.3731418698453959
1.3731419895974473
1.373142061628942
1.3731421048478405
1.3731422976349248
1.373142464343515
1.3731425660647072
1.3731426422623632
1.3731427482856273
1.3731428122267018
1.3731428505913466
1.3731428736101339
1.3731428981066172
1.3731429235520785
1.373142937413773
1.3731429457908033
1.3731429573777374
1.373142966591815
1.3731429721202613
1.373142975437329
1.37314297742757
1.3731429817077285
1.3731429860283726
1.3731429886207591
1.3731429901761905
1.37314299110945
1.3731429934331898
1.3731429942289288
1.3731429953722447
1.3731429958701484
1.3731429965080368
1.3731429969249938
1.3731429971751679
1.3731429973252725
1.3731429974153353
1.373142997469373
1.373142997501795
1.3731429976317364
1.3731429978970193
1.3731429980561893
1.3731429981516916
1.3731429982706134
1.3731429984306125
1.3731429985266117
1.3731429985842118
1.373142998643387
1.37314299870615
1.3731429987438077
1.3731429987688863
1.3731429988056782
1.3731429988277541
1.3731429988409989
1.3731429988489463
1.3731429988569501
1.3731429988712311
1.3731429988798
1.3731429988849413
1.3731429988887862
1.3731429988947013
1.3731429988982504
1.3731429989003798
1.3731429989025212
1.3731429989057542
1.3731429989076935
1.3731429989088575
1.3731429989107438
1.3731429989120811
1.3731429989128838
1.373142998913513
1.3731429989146302
1.3731429989153006
1.3731429989157025
1.373142998915944
1.3731429989160888
1.3731429989163941
1.373142998916706
1.3731429989168935
1.3731429989170059
1.3731429989170734
1.373142998917212
1.3731429989172979
1.3731429989173494
1.3731429989173802
1.3731429989174018
1.3731429989174613
1.373142998917497
1.3731429989175186
1.3731429989175317
1.3731429989175405
1.3731429989175534
1.3731429989175614
1.373142998917566
1.373142998917569
1.373142998917571
1.3731429989175747
1.3731429989175787
1.3731429989175814
1.3731429989175827
1.3731429989175854
1.3731429989175878
1.3731429989175887
1.3731429989175896
1.373142998917591
1.3731429989175916
1.3731429989175923
1.3731429989175925
1.3731429989175927
1.3731429989175932
1.3731429989175934
1.3731429989175934
1.3731429989175934
1.3731429989175934
1.3731429989175934
1.3731429989175934
1.3731429989175934
1.3731429989175934
