2.0307357689239023
2.0307357689239023
2.0307357689239023
2.0307357689239023
2.0307357689239023
2.0307357689239023
2.0307357689239023
2.0307357689239023
2.0307357689239023
2.0307357689239023
2.0307357689239023
2.0307357689239023
2.0307357689239023
2.0307357689239023
2.0307357689239023
2.0307357689239023
2.0307357689239023
2.0307357689239023
2.0307357689239023
2.0307357689239023
2.0307357689239023
2.0307357689239023
2.0307357689239023
2.0307357689239023
2.0307357689239023
2.0307357689239023
2.0307357689239023
2.0307357689239023
2.0307357689239023
2.0307357689239023
2.0307357689239023
2.0307357689239023
2.0307357689239023
2.0307357689239023
2.0307357689239023
2.0307357689239023
2.0307357689239023
2.0307357689239023
2.0307357689239023
2.0307357689239023
2.0307357689239023
2.0307357689239023
2.0307357689239023
2.0307357689239023
2.0307357689239023
2.0307357689239023
2.0307357689239023
2.0307357689239023
2.0307357689239023
2.0307357689239023
2.030748803079127
2.030748803079127
2.030748803079127
2.0307488260354805
2.030753163783198
2.0307540206793133
2.0307553821045365
2.0307581977708495
2.030758949927279
2.030759401221246
2.0307603505498526
2.030761498601721
2.030762349404739
2.0307628209302133
2.0307632755468523
2.0307638109764676
2.0307640900403534
2.0307642574786953
2.030764358532483
2.030764505219367
2.030764600429492
2.03076466756071
2.030764712797043
2.0307647617333124
2.0307648169352017
2.030764847041652
2.0307648662089623
2.0307648819617605
2.030764897005065
2.0307649108442694
2.030764920130134
2.030764927505989
2.030764932231102
2.030764938356944
2.0307649422257
2.030764944546954
2.0307649459397066
2.0307649471574822
2.030764948027623
2.030764948655267
2.0307649492035003
2.030764949904165
2.0307649504459593
2.0307649507710352
2.03076495119604
2.030764951451526
2.0307649516414066
2.0307649517772854
2.030764951892073
2.0307649519818667
2.030764952041017
2.0307649520818454
2.030764952128683
2.030764952182345
2.030764952214543
2.030764952233861
2.030764952248032
2.03076495226298
2.030764952275106
2.0307649522826767
2.0307649522877025
2.0307649522959585
2.030764952302619
2.030764952306615
2.0307649523090125
2.030764952312834
2.030764952316102
2.0307649523180635
2.03076495231948
2.0307649523215425
2.03076495232278
2.0307649523235227
2.030764952323968
2.0307649523242355
2.0307649523245477
2.030764952325119
2.030764952325462
2.0307649523256672
2.0307649523257907
2.0307649523258653
2.0307649523259945
2.030764952326083
2.030764952326136
2.0307649523261677
2.0307649523261904
2.0307649523262237
2.030764952326244
2.030764952326256
2.0307649523262654
2.030764952326276
2.030764952326282
2.0307649523262854
2.030764952326288
2.0307649523262894
2.0307649523262916
2.0307649523262934
2.0307649523262947
2.030764952326295
2.0307649523262956
2.030764952326296
2.0307649523262965
2.030764952326297
2.0307649523262974
2.0307649523262974
2.0307649523262974
2.0307649523262974
2.030764952326298
2.030764952326298
2.030764952326298
2.030764952326298
2.030764952326298
2.030764952326298
2.030764952326298
2.030764952326298
2.030764952326298
2.030764952326298
2.030764952326298
2.030764952326298
2.030764952326298
2.030764952326298
2.030764952326298
2.030764952326298
2.030764952326298
2.030764952326298
2.030764952326298
2.030764952326298
2.030764952326298
2.030764952326298
2.030764952326298
