2.2871291717412694
2.2871291717412694
2.2871291717412694
2.2871291717412694
2.2871291717412694
2.2871291717412694
2.2871291717412694
2.2871291717412694
2.2871291717412694
2.2871291717412694
2.2871291717412694
2.2871291717412694
2.2871291717412694
2.2871291717412694
2.2871291717412694
2.2871291717412694
2.2871291717412694
2.2871291717412694
2.2871291717412694
2.2871291717412694
2.2871291717412694
2.2871291717412694
2.2871291717412694
2.2871291717412694
2.2871291717412694
2.2871291717412694
2.2871291717412694
2.2871291717412694
2.2871291717412694
2.2871291717412694
2.2871291717412694
2.2871291717412694
2.2871291717412694
2.2871291717412694
2.2871291717412694
2.2871291717412694
2.2871291717412694
2.2871291717412694
2.2871291717412694
2.2871291717412694
2.2871291717412694
2.2871291717412694
2.2871291717412694
2.2871291717412694
2.2871291717412694
2.2871291717412694
2.2871291717412694
2.2871291717412694
2.2871291717412694
2.2871291717412694
2.2871291717412694
2.2871291717412694
2.2871291717412694
2.2871291717412694
2.2871291717412694
2.2871291717412694
2.2871291717412694
2.2871291717412694
2.2871291717412694
2.2871291717412694
2.2871303329877577
2.2871303329877577
2.287144038737587
2.287144038737587
2.287144054749896
2.2871472229442715
2.2871472229442715
2.287150847703925
2.287150847703925
2.287152603671918
2.287153681981029
2.2871543289664813
2.2871547171577484
2.287154950072508
2.287156520214494
2.2871576109864633
2.287158486859047
2.287159012382634
2.2871593374030827
2.287159846790594
2.287160680985964
2.2871611941588026
2.287161502062525
2.2871621506074935
2.287162678405723
2.2871629950846764
2.287163185092054
2.2871632990964827
2.287163367499141
2.287163435906603
2.2871635478236705
2.2871636187218507
2.287163661260758
2.287163686784104
2.2871637127645794
2.2871637356740746
2.2871637506919598
2.2871637624349215
2.2871637694806988
2.287163775021386
2.2871637814020036
2.287163785450565
2.2871637884609957
2.287163790267255
2.2871637914268805
2.287163792363131
2.287163793095794
2.2871637937082174
2.287163794093053
2.2871637943763137
2.2871637948086767
2.2871637951232517
2.2871637953613937
2.287163795515024
2.2871637956616326
2.2871637958193554
2.2871637959139886
2.287163795979207
2.287163796021834
2.2871637960654883
2.2871637960969995
2.2871637961192897
2.287163796137585
2.2871637961584703
2.2871637961715154
2.287163796179342
2.2871637961844127
2.2871637961883153
2.2871637961942106
2.2871637961984876
2.2871637962010545
2.287163796203196
2.28716379620663
2.28716379620869
2.287163796209926
2.2871637962106677
2.2871637962116314
2.2871637962134606
2.287163796214559
2.2871637962152174
2.287163796215985
2.2871637962166993
2.2871637962171274
2.287163796217385
2.287163796217539
2.287163796217633
2.287163796217783
2.2871637962178872
2.28716379621795
2.2871637962180014
2.287163796218055
2.2871637962180875
2.287163796218108
2.2871637962181186
2.287163796218126
2.287163796218138
2.2871637962181484
2.287163796218155
2.287163796218158
2.2871637962181635
2.28716379621817
2.287163796218174
2.287163796218177
2.28716379621818
2.2871637962181834
2.2871637962181857
2.287163796218187
2.287163796218188
2.287163796218189
2.2871637962181905
2.2871637962181914
2.287163796218192
2.2871637962181923
2.2871637962181923
2.2871637962181928
2.2871637962181928
2.2871637962181928
2.2871637962181928
2.2871637962181928
2.2871637962181928
2.2871637962181928
2.2871637962181928
2.2871637962181928
2.2871637962181928
2.2871637962181928
2.2871637962181928
2.2871637962181928
2.2871637962181928
2.2871637962181928
2.2871637962181928
2.2871637962181928
2.2871637962181928
2.2871637962181928
2.2871637962181928
2.2871637962181928
2.2871637962181928
2.2871637962181928
