2.0221144803767936
2.0221144803767936
2.0221144803767936
2.0221144803767936
2.0221144803767936
2.0221144803767936
2.0221144803767936
2.0221144803767936
2.0221144803767936
2.0221144803767936
2.0221144803767936
2.0221144803767936
2.0221144803767936
2.0221144803767936
2.0221144803767936
2.0221144803767936
2.0221144803767936
2.0221144803767936
2.0221144803767936
2.0221144803767936
2.0221144803767936
2.0221144803767936
2.0221144803767936
2.0221144803767936
2.0221144803767936
2.0221144803767936
2.0221144803767936
2.0221144803767936
2.0221144803767936
2.0221144803767936
2.0221144803767936
2.0221144803767936
2.0221144803767936
2.0221144803767936
2.0221144803767936
2.0221144803767936
2.0221144803767936
2.0221144803767936
2.0221144803767936
2.0221144803767936
2.0221144803767936
2.0221144803767936
2.0221144803767936
2.0221144803767936
2.0221144803767936
2.0221144803767936
2.0221144803767936
2.0221144803767936
2.0221144803767936
2.0221144803767936
2.0221144803767936
2.0221144803767936
2.0221144803767936
2.0221144803767936
2.0221280186019155
2.0221280186019155
2.0221280186019155
2.0221280186019155
2.0221280186019155
2.0221280186019155
2.0221280186019155
2.0221280186019155
2.0221280186019155
2.0221280186019155
2.0221280186019155
2.0221280186019155
2.0221280186019155
2.0221280186019155
2.0221280186019155
2.0221294326126986
2.0221294326126986
2.0221296255525387
2.022130073418879
2.0221301295955434
2.0221304894056673
2.0221308419861583
2.022131397446353
2.0221317307225677
2.0221320024162117
2.022132275890323
2.0221324084935866
2.0221325268786936
2.022132633258658
2.0221326970866405
2.0221327482428326
2.022132820659254
2.0221328363385256
2.022132845500203
2.0221328840584754
2.022132914089073
2.022132936834091
2.022132936834091
2.0221329547734883
2.0221329635209804
2.022132970853206
2.022132972609911
2.0221329748066283
2.02213297788865
2.0221329809718074
2.0221329840652302
2.0221329875256506
2.0221329905509613
2.022132992366148
2.0221329934552594
2.022132994984341
2.022132996397266
2.0221329971097197
2.0221329971097197
2.0221329971097197
2.0221329972404445
2.0221329972404445
2.0221329972404445
2.0221329972404445
2.0221329972404445
2.0221329972688897
2.0221329972688897
2.0221329972688897
2.0221329972688897
2.0221329972688897
2.0221329972688897
2.0221329972688897
2.022132997281
2.022132997281
2.022132997281
2.0221329972918483
2.0221329972918483
2.0221329972918483
2.0221329972918483
2.0221329972918483
2.0221329972918483
2.0221329972918483
2.0221329972918483
2.0221329972924305
2.0221329972924305
2.0221329972924305
2.022132997292475
2.0221329972931006
2.0221329972934896
2.0221329972935895
2.0221329972936664
2.0221329972936664
2.022132997293755
2.0221329972938062
2.02213299729382
2.0221329972938427
2.022132997293886
2.022132997293929
2.0221329972939577
2.022132997293978
2.022132997293995
2.0221329972940127
2.0221329972940243
2.0221329972940327
2.0221329972940376
2.0221329972940407
2.0221329972940425
2.0221329972940434
2.0221329972940447
2.0221329972940474
2.0221329972940487
2.02213299729405
2.022132997294051
2.022132997294051
2.022132997294052
2.0221329972940523
2.0221329972940527
2.022132997294053
2.0221329972940536
2.0221329972940536
2.0221329972940536
2.0221329972940536
2.0221329972940536
2.0221329972940536
2.0221329972940536
2.0221329972940536
2.0221329972940536
2.0221329972940536
2.0221329972940536
2.0221329972940536
2.0221329972940536
2.0221329972940536
2.0221329972940536
2.0221329972940536
2.0221329972940536
2.0221329972940536
2.0221329972940536
2.0221329972940536
2.0221329972940536
2.0221329972940536
2.0221329972940536
2.0221329972940536
2.0221329972940536
