1.5011700158997519
1.5011700158997519
1.5011700158997519
1.5011700158997519
1.5011700158997519
1.5011700158997519
1.5011700158997519
1.5011700158997519
1.5011700158997519
1.5011700158997519
1.5011700158997519
1.5011700158997519
1.5011700158997519
1.5011700158997519
1.5011700158997519
1.5011700158997519
1.5011700158997519
1.5011700158997519
1.5011700158997519
1.5011700158997519
1.5011700158997519
1.5011700158997519
1.5011700158997519
1.5011700158997519
1.5011700158997519
1.5011700158997519
1.5011700158997519
1.5011700158997519
1.5011700158997519
1.5011700158997519
1.5011700158997519
1.5011700158997519
1.5011700158997519
1.5011700158997519
1.5011700158997519
1.5011700158997519
1.5011700158997519
1.5011700158997519
1.5011700158997519
1.5011700158997519
1.5011700158997519
1.5011700158997519
1.5011700158997519
1.5011700158997519
1.5011700158997519
1.5011700158997519
1.5011700158997519
1.5011700158997519
1.5011906396617591
1.5011906396617591
1.5011906396617591
1.5011906396617591
1.501193905753424
1.501193905753424
1.501193905753424
1.5011955966313262
1.5011955966313262
1.5011955966313262
1.5011955966313262
1.501196153682514
1.501196620720378
1.5011973593890522
1.5011987105894222
1.5011987105894222
1.5011987105894222
1.5011988911039398
1.5011990367443844
1.5011991241286429
1.501199269073718
1.5011994158825592
1.5011997131443997
1.5011998255570105
1.5011999867295553
1.5012001283357304
1.5012001517263203
1.5012001724262756
1.5012002024006816
1.5012002382414253
1.5012002382414253
1.5012002524957864
1.5012002713746546
1.50120028799529
1.5012003052684133
1.5012003214920224
1.5012003322749186
1.5012003436538277
1.5012003509385499
1.5012003581802105
1.501200362525207
1.501200365980376
1.5012003677614916
1.5012003695541773
1.5012003715767523
1.5012003726636778
1.5012003734605497
1.5012003742141427
1.5012003746662979
1.5012003749375908
1.501200375182392
1.5012003754117966
1.501200375606381
1.5012003757231314
1.501200375829053
1.5012003760097619
1.5012003760878871
1.5012003761214008
1.5012003761214008
1.5012003761599713
1.5012003761599713
1.5012003761610762
1.5012003761610762
1.5012003761653279
1.5012003761709751
1.5012003761762602
1.5012003761804205
1.5012003761835115
1.5012003761864312
1.5012003761924526
1.501200376193306
1.5012003761963022
1.5012003761968697
1.5012003761983437
1.5012003761995127
1.5012003761995127
1.5012003762000987
1.5012003762001636
1.5012003762009136
1.5012003762013642
1.5012003762017234
1.501200376202417
1.5012003762029382
1.501200376203411
1.501200376203411
1.5012003762037043
1.5012003762038384
1.501200376203981
1.501200376203981
1.5012003762040635
1.501200376204073
1.501200376204074
1.5012003762040962
1.5012003762041137
1.5012003762041233
1.5012003762041242
1.5012003762041242
1.5012003762041257
1.5012003762041377
1.5012003762041393
1.501200376204144
1.501200376204147
1.5012003762041477
1.501200376204149
1.5012003762041495
1.5012003762041508
1.501200376204151
1.5012003762041526
1.5012003762041526
1.5012003762041533
1.5012003762041537
1.5012003762041537
1.501200376204154
1.5012003762041541
1.5012003762041541
1.5012003762041544
1.5012003762041546
1.5012003762041546
1.5012003762041546
1.5012003762041546
1.5012003762041546
1.5012003762041546
1.5012003762041546
1.5012003762041546
1.5012003762041546
1.5012003762041546
1.5012003762041546
1.5012003762041546
1.5012003762041546
1.5012003762041546
1.5012003762041546
1.5012003762041546
1.5012003762041546
1.5012003762041546
1.5012003762041546
1.5012003762041546
1.5012003762041546
