1.923931653287122
1.923931653287122
1.923931653287122
1.923931653287122
1.923931653287122
1.923931653287122
1.923931653287122
1.923931653287122
1.923931653287122
1.923931653287122
1.923931653287122
1.923931653287122
1.923931653287122
1.923931653287122
1.923931653287122
1.923931653287122
1.923931653287122
1.923931653287122
1.923931653287122
1.923931653287122
1.923931653287122
1.923931653287122
1.923931653287122
1.923931653287122
1.923931653287122
1.923931653287122
1.923931653287122
1.923931653287122
1.923931653287122
1.923931653287122
1.923931653287122
1.923931653287122
1.923931653287122
1.923931653287122
1.923931653287122
1.923931653287122
1.923931653287122
1.923931653287122
1.923931653287122
1.923931653287122
1.923931653287122
1.923931653287122
1.923931653287122
1.923931653287122
1.923931653287122
1.923931653287122
1.923931653287122
1.923931653287122
1.923931653287122
1.923947714167175
1.9240820151692946
1.9240820151692946
1.9240820151692946
1.9240820151692946
1.9241264436295296
1.924151167804851
1.9241586591883866
1.9241815540376892
1.924208361236018
1.9242225694780797
1.9242315105841477
1.9242420390571324
1.9242528346840395
1.9242577996705166
1.9242616944142545
1.924264031263144
1.924265489228704
1.9242695812629405
1.924272101433617
1.9242736379647782
1.9242746297305813
1.9242761130830568
1.924277274654865
1.924278070890729
1.924278578366025
1.9242790375500494
1.9242795214628128
1.9242798523522147
1.924280017136069
1.9242802185790637
1.9242804341795618
1.924280561718769
1.9242806392161316
1.9242807574631404
1.9242808416300259
1.924280892130159
1.9242809224302313
1.9242809457286398
1.9242809875318847
1.9242810146336649
1.9242810308947345
1.9242810462424258
1.9242810579912062
1.9242810615222508
1.9242810664572483
1.9242810706758116
1.9242810755128694
1.924281078635481
1.9242810805090467
1.9242810820469463
1.9242810837323638
1.924281085412612
1.9242810859468282
1.9242810867333457
1.9242810876273986
1.9242810881270629
1.9242810885937158
1.9242810888548656
1.9242810891421216
1.924281089411661
1.9242810895733888
1.9242810896704254
1.9242810897286446
1.9242810897635778
1.9242810898030929
1.9242810898481413
1.9242810898701657
1.9242810899287888
1.9242810899679523
1.9242810899902556
1.9242810899902556
1.9242810899902556
1.9242810899902556
1.9242810899932523
1.9242810899932523
1.9242810899932523
1.9242810899932523
1.9242810899932523
1.9242810899932523
1.9242810899951124
1.9242810899951124
1.9242810899951124
1.9242810899951124
1.9242810899951124
1.9242810899954925
1.9242810899954925
1.9242810899954925
1.9242810899954925
1.9242810899954925
1.9242810899954925
1.9242810899954925
1.9242810899954925
1.9242810899954925
1.9242810899956468
1.9242810899956468
1.9242810899956468
1.9242810899956468
1.9242810899956468
1.9242810899956728
1.9242810899956728
1.9242810899956728
1.9242810899956728
1.9242810899956728
1.9242810899956728
1.9242810899956728
1.9242810899956728
1.9242810899956728
1.9242810899956764
1.9242810899956764
1.9242810899956764
1.9242810899956764
1.9242810899956764
1.9242810899956764
1.9242810899956764
1.9242810899956808
1.9242810899956808
1.9242810899956808
1.9242810899956821
1.9242810899956821
1.9242810899956824
1.9242810899956826
1.9242810899956828
1.9242810899956833
1.9242810899956833
1.9242810899956833
1.9242810899956833
1.9242810899956833
1.9242810899956833
1.9242810899956833
1.9242810899956833
1.9242810899956833
1.9242810899956833
1.9242810899956833
1.9242810899956833
1.9242810899956833
1.9242810899956833
1.9242810899956833
1.9242810899956833
1.9242810899956833
1.9242810899956833
1.9242810899956833
1.9242810899956833
