2.8191764905792596
2.8191764905792596
2.8191764905792596
2.8191764905792596
2.8191764905792596
2.8191764905792596
2.8191764905792596
2.8191764905792596
2.8191764905792596
2.8191764905792596
2.8191764905792596
2.8191764905792596
2.8191764905792596
2.8191764905792596
2.8191764905792596
2.8191764905792596
2.8191764905792596
2.8191764905792596
2.8191764905792596
2.8191764905792596
2.8191764905792596
2.8191764905792596
2.8191764905792596
2.8191764905792596
2.8191764905792596
2.8191764905792596
2.8191764905792596
2.8191764905792596
2.8191764905792596
2.8191764905792596
2.8191764905792596
2.8191764905792596
2.8191764905792596
2.8191764905792596
2.8191764905792596
2.8191764905792596
2.8191764905792596
2.8191764905792596
2.8191764905792596
2.8191764905792596
2.8191764905792596
2.8191764905792596
2.8191764905792596
2.8191764905792596
2.8191764905792596
2.8191764905792596
2.8191764905792596
2.8191764905792596
2.8191764905792596
2.8191764905792596
2.8191764905792596
2.8191764905792596
2.8191764905792596
2.8191764905792596
2.8191764905792596
2.8191813850906686
2.8191902722308866
2.819195604527651
2.819198803910258
2.819200723541459
2.8192018753207693
2.819202566388568
2.819204749867028
2.8192075020348706
2.819209256377368
2.8192106399262347
2.8192117428986934
2.8192141385011737
2.8192153145971175
2.8192163364160754
2.8192169495075783
2.819217360601797
2.8192175538631568
2.819218188682482
2.8192186620477093
2.819218946066876
2.819219125692333
2.8192192693388067
2.8192193242598034
2.819219468236633
2.8192196047713822
2.819219679837156
2.8192197248766204
2.8192197519002993
2.8192197795393503
2.819219787333932
2.8192198331819776
2.819219864530205
2.8192198939564785
2.819219904045427
2.8192199112529654
2.8192199254105605
2.819219935125801
2.8192199409549468
2.8192199454531983
2.8192199521160473
2.819219956423178
2.8192199590074565
2.819219962603738
2.819219965239057
2.819219966944952
2.819219968136604
2.8192199686418515
2.819219969248148
2.8192199703341245
2.819219970985709
2.819219971376661
2.81921997166589
2.819219972265333
2.819219972647318
2.8192199728582445
2.819219972987612
2.819219973214642
2.819219973354869
2.819219973447081
2.8192199734933587
2.8192199735641585
2.81921997363716
2.81921997368108
2.819219973718973
2.819219973760317
2.8192199737851236
2.819219973800007
2.8192199738144734
2.8192199738331882
2.819219973844419
2.8192199738511565
2.8192199738552577
2.819219973863935
2.819219973869766
2.819219973873264
2.819219973875364
2.819219973876623
2.819219973878558
2.819219973881013
2.8192199738824857
2.8192199738833694
2.819219973883899
2.81921997388522
2.819219973886287
2.819219973886927
2.819219973887311
2.8192199738875416
2.8192199738877597
2.819219973887976
2.8192199738881047
2.819219973888183
2.8192199738882637
2.8192199738883255
2.819219973888362
2.819219973888384
2.819219973888398
2.819219973888417
2.819219973888436
2.819219973888447
2.819219973888454
2.819219973888466
2.8192199738884725
2.8192199738884764
2.8192199738884787
2.8192199738884804
2.819219973888481
2.8192199738884836
2.8192199738884853
2.819219973888486
2.8192199738884876
2.8192199738884884
2.8192199738884893
2.81921997388849
2.81921997388849
2.81921997388849
2.81921997388849
2.8192199738884907
2.8192199738884907
2.8192199738884907
2.8192199738884915
2.8192199738884915
2.8192199738884915
2.8192199738884915
2.8192199738884915
2.8192199738884915
2.8192199738884915
2.8192199738884915
2.8192199738884915
2.8192199738884915
2.8192199738884915
2.8192199738884915
2.8192199738884915
2.8192199738884915
2.8192199738884915
2.8192199738884915
