1.7279620262811237
1.7279620262811237
1.7279620262811237
1.7279620262811237
1.7279620262811237
1.7279620262811237
1.7279620262811237
1.7279620262811237
1.7279620262811237
1.7279620262811237
1.7279620262811237
1.7279620262811237
1.7279620262811237
1.7279620262811237
1.7279620262811237
1.7279620262811237
1.7279620262811237
1.7279620262811237
1.7279620262811237
1.7279620262811237
1.7279620262811237
1.7279620262811237
1.7279620262811237
1.7279620262811237
1.7279620262811237
1.7279620262811237
1.7279620262811237
1.7279620262811237
1.7279620262811237
1.7279620262811237
1.7279620262811237
1.7279620262811237
1.7279620262811237
1.7279620262811237
1.7279620262811237
1.7279620262811237
1.7279620262811237
1.7279620262811237
1.7279620262811237
1.7279620262811237
1.7279620262811237
1.7279620262811237
1.7279620262811237
1.7279620262811237
1.7279620262811237
1.7279620262811237
1.7279620262811237
1.7279620262811237
1.7279620262811237
1.7279620262811237
1.7279620262811237
1.7279620262811237
1.7279687990663786
1.7279687990663786
1.7279687990663786
1.7279762157809084
1.7279762157809084
1.7279775808240962
1.7279813101437547
1.7279835477360834
1.7279847808641478
1.7279872645704175
1.7279896051481014
1.7279910094948785
1.7279920423751292
1.7279929589323073
1.7279941022588774
1.7279947442880224
1.7279952053926597
1.727995534026536
1.7279961047504893
1.727996458505779
1.727996772336074
1.727996969167985
1.727997109397748
1.7279972149874239
1.7279972783412296
1.7279973163535138
1.7279973644273936
1.7279974246592187
1.7279974607983144
1.7279974824817719
1.7279974954918462
1.7279975032978907
1.7279975229770184
1.7279975383137032
1.7279975512909282
1.7279975512909282
1.7279975586842438
1.7279975631955158
1.7279975707465063
1.7279975752771009
1.727997578035102
1.7279975827095706
1.727997589704679
1.7279975917064403
1.7279975929074962
1.7279975938607943
1.7279975951158644
1.7279975963174579
1.7279975970384138
1.7279975974709876
1.7279975978067632
1.7279975981146158
1.7279975984543405
1.7279975986140306
1.727997598713649
1.7279975987948848
1.727997598864024
1.727997598943771
1.7279975990281011
1.7279975990802856
1.7279975991181318
1.727997599143341
1.7279975991660235
1.7279975991903098
1.727997599202764
1.727997599216524
1.727997599222351
1.727997599229848
1.7279975992355032
1.7279975992389591
1.727997599243586
1.72799759924699
1.727997599249536
1.7279975992516319
1.7279975992536056
1.7279975992536463
1.7279975992536463
1.7279975992546903
1.7279975992546903
1.7279975992547647
1.7279975992548322
1.7279975992548875
1.7279975992552092
1.7279975992554022
1.727997599255518
1.7279975992555738
1.7279975992556318
1.727997599255661
1.7279975992557326
1.727997599255757
1.7279975992557703
1.7279975992557937
1.7279975992558188
1.7279975992558352
1.7279975992558447
1.7279975992558514
1.7279975992558616
1.727997599255869
1.7279975992558736
1.7279975992558785
1.7279975992558825
1.727997599255885
1.7279975992558865
1.7279975992558876
1.727997599255889
1.7279975992558905
1.727997599255891
1.7279975992558914
1.7279975992558918
1.727997599255892
1.7279975992558922
1.7279975992558925
1.7279975992558927
1.7279975992558927
1.7279975992558927
1.7279975992558927
1.7279975992558927
1.7279975992558927
1.7279975992558927
1.7279975992558927
1.7279975992558927
1.7279975992558927
1.7279975992558927
1.7279975992558927
1.7279975992558927
1.7279975992558927
1.7279975992558927
1.7279975992558927
1.7279975992558927
1.7279975992558927
1.7279975992558927
1.7279975992558927
1.7279975992558927
1.7279975992558927
