1.4427567075182282
1.4427567075182282
1.4427567075182282
1.4427567075182282
1.4427567075182282
1.4427567075182282
1.4427567075182282
1.4427567075182282
1.4427567075182282
1.4427567075182282
1.4427567075182282
1.4427567075182282
1.4427567075182282
1.4427567075182282
1.4427567075182282
1.4427567075182282
1.4427567075182282
1.4427567075182282
1.4427567075182282
1.4427567075182282
1.4427567075182282
1.4427567075182282
1.4427567075182282
1.4427567075182282
1.4427567075182282
1.4427567075182282
1.4427567075182282
1.4427567075182282
1.4427567075182282
1.4427567075182282
1.4427567075182282
1.4427567075182282
1.4427567075182282
1.4427567075182282
1.4427567075182282
1.4427567075182282
1.4427567075182282
1.4427567075182282
1.4427567075182282
1.4427567075182282
1.4427567075182282
1.4427567075182282
1.4427567075182282
1.4427778035511596
1.4427778035511596
1.4427778035511596
1.4427846041748995
1.4427846041748995
1.4427846041748995
1.442787197735281
1.4427884534248665
1.4427906501368366
1.4427906501368366
1.4427906501368366
1.4427906501368366
1.4427919559817348
1.4427931664912264
1.4427954270524357
1.4427965457714702
1.4427974526126575
1.4427983144630572
1.4427998632981596
1.4428012658589968
1.4428018047409872
1.4428023759636583
1.4428027046173615
1.4428029998360543
1.4428035075337213
1.4428039645521147
1.442804274899669
1.4428044822199875
1.442804563750499
1.4428047155396726
1.4428048871611716
1.4428048871611716
1.4428049273097168
1.442805020500756
1.4428050414861457
1.4428050878066159
1.4428051097052201
1.4428051270409716
1.442805137514476
1.4428051463205196
1.4428051645183877
1.4428051767921055
1.4428051841835128
1.4428051889344295
1.4428051950401213
1.4428051994257283
1.4428052020570925
1.4428052037298913
1.4428052052866813
1.4428052072476028
1.4428052084954408
1.4428052092508523
1.442805209732411
1.4428052104183775
1.442805210961524
1.4428052113359626
1.4428052115784444
1.4428052117239334
1.4428052118038504
1.4428052118038504
1.4428052118038504
1.4428052119611634
1.4428052119611634
1.4428052119611634
1.4428052119611634
1.4428052119611634
1.4428052119776553
1.4428052119883727
1.4428052120012098
1.4428052120172836
1.4428052120172836
1.4428052120172836
1.4428052120254717
1.4428052120264006
1.4428052120264006
1.442805212027073
1.4428052120292278
1.442805212030521
1.4428052120313049
1.4428052120318822
1.4428052120330794
1.442805212033818
1.442805212034261
1.442805212034527
1.4428052120346888
1.4428052120347987
1.4428052120350003
1.442805212035138
1.4428052120352208
1.4428052120352723
1.4428052120353572
1.4428052120354267
1.4428052120354684
1.4428052120354953
1.4428052120355457
1.4428052120355759
1.4428052120355943
1.44280521203561
1.4428052120356252
1.4428052120356345
1.4428052120356396
1.4428052120356432
1.4428052120356465
1.4428052120356498
1.4428052120356518
1.442805212035653
1.4428052120356538
1.4428052120356547
1.4428052120356556
1.442805212035656
1.4428052120356563
1.442805212035657
1.4428052120356574
1.4428052120356576
1.4428052120356578
1.442805212035658
1.442805212035658
1.4428052120356583
1.4428052120356583
1.4428052120356583
1.4428052120356585
1.4428052120356585
1.4428052120356585
1.4428052120356585
1.4428052120356585
1.4428052120356585
1.4428052120356585
1.4428052120356585
1.4428052120356585
1.4428052120356585
1.4428052120356585
1.4428052120356585
1.4428052120356585
1.4428052120356585
1.4428052120356585
1.4428052120356585
1.4428052120356585
1.4428052120356585
1.4428052120356585
1.4428052120356585
1.4428052120356585
