2.0683075728651215
2.0683075728651215
2.0683075728651215
2.0683075728651215
2.0683075728651215
2.0683075728651215
2.0683075728651215
2.0683075728651215
2.0683075728651215
2.0683075728651215
2.0683075728651215
2.0683075728651215
2.0683075728651215
2.0683075728651215
2.0683075728651215
2.0683075728651215
2.0683075728651215
2.0683075728651215
2.0683075728651215
2.0683075728651215
2.0683075728651215
2.0683075728651215
2.0683075728651215
2.0683075728651215
2.0683075728651215
2.0683075728651215
2.0683075728651215
2.0683075728651215
2.0683075728651215
2.0683075728651215
2.0683075728651215
2.0683075728651215
2.0683075728651215
2.0683075728651215
2.0683075728651215
2.0683075728651215
2.0683075728651215
2.0683075728651215
2.0683075728651215
2.0683075728651215
2.0683075728651215
2.0683075728651215
2.0683075728651215
2.0683075728651215
2.0683075728651215
2.0683075728651215
2.0683075728651215
2.0683075728651215
2.0683075728651215
2.0683075728651215
2.0683075728651215
2.0683075728651215
2.0683075728651215
2.0683075728651215
2.0683075728651215
2.0683075728651215
2.0683075728651215
2.0683075728651215
2.0683075728651215
2.0683075728651215
2.0683075728651215
2.0683075728651215
2.0683075728651215
2.0683075728651215
2.0683075728651215
2.0683079012824757
2.0683079012824757
2.0683079012824757
2.0683080867108328
2.068308736794142
2.0683091903759334
2.0683099580929336
2.068310122091296
2.068310359480689
2.068311347527627
2.0683115329637904
2.068311644225527
2.0683119393898464
2.0683120848927294
2.068312502976202
2.0683127538263406
2.068312904336444
2.0683129946425125
2.068313217439446
2.0683133969071257
2.068313515163666
2.0683136369594237
2.068313704421125
2.0683138093316336
2.068313850976975
2.0683138958503036
2.0683139168965115
2.0683139534543007
2.0683139771148085
2.0683139900901995
2.0683139990219876
2.0683140168384946
2.0683140369072497
2.068314048948503
2.0683140564260167
2.068314067185639
2.0683140795534367
2.068314086974116
2.068314091426523
2.0683140976110113
2.0683141036438353
2.068314107457063
2.0683141110573966
2.068314111495612
2.0683141131382943
2.068314115307988
2.0683141166290975
2.0683141174217634
2.06831411833066
2.0683141195543215
2.0683141203172735
2.0683141207750446
2.068314121125788
2.0683141218237955
2.0683141222511425
2.0683141225075503
2.0683141226296433
2.0683141228047766
2.068314122895768
2.0683141229953765
2.068314123080564
2.0683141231123985
2.068314123181046
2.0683141232380406
2.06831412327388
2.0683141232953837
2.0683141233176676
2.0683141233396563
2.0683141233559557
2.068314123360923
2.0683141233669255
2.0683141233735203
2.0683141233781206
2.0683141233808913
2.068314123383055
2.0683141233836806
2.068314123384529
2.068314123385673
2.0683141233863345
2.068314123386748
2.06831412338733
2.068314123387701
2.0683141233879194
2.0683141233881415
2.068314123388353
2.0683141233884466
2.0683141233885243
2.068314123388571
2.0683141233886193
2.06831412338866
2.0683141233887303
2.0683141233887947
2.0683141233888356
2.0683141233888587
2.0683141233888858
2.068314123388901
2.068314123388902
2.068314123388918
2.068314123388918
2.0683141233889226
2.068314123388933
2.0683141233889386
2.0683141233889453
2.068314123388951
2.0683141233889524
2.068314123388955
2.068314123388956
2.0683141233889577
2.0683141233889586
2.068314123388959
2.068314123388959
2.068314123388959
2.068314123388959
2.06831412338896
2.06831412338896
2.06831412338896
2.0683141233889604
2.0683141233889604
2.068314123388961
2.068314123388961
2.068314123388961
2.068314123388961
2.068314123388961
2.068314123388961
2.068314123388961
2.068314123388961
2.068314123388961
2.068314123388961
2.068314123388961
2.068314123388961
2.068314123388961
2.068314123388961
2.068314123388961
2.068314123388961
2.068314123388961
2.068314123388961
