1.4553731114221522
1.4553731114221522
1.4553731114221522
1.4553731114221522
1.4553731114221522
1.4553731114221522
1.4553731114221522
1.4553731114221522
1.4553731114221522
1.4553731114221522
1.4553731114221522
1.4553731114221522
1.4553731114221522
1.4553731114221522
1.4553731114221522
1.4553731114221522
1.4553731114221522
1.4553731114221522
1.4553731114221522
1.4553731114221522
1.4553731114221522
1.4553731114221522
1.4553731114221522
1.4553731114221522
1.4553731114221522
1.4553731114221522
1.4553731114221522
1.4553731114221522
1.4553731114221522
1.4553731114221522
1.4553731114221522
1.4553731114221522
1.4553731114221522
1.4553731114221522
1.4553731114221522
1.4553731114221522
1.4553731114221522
1.4553731114221522
1.4553731114221522
1.4553731114221522
1.4553731114221522
1.4553731114221522
1.4553731114221522
1.4553731114221522
1.4553731114221522
1.4553731114221522
1.4553731114221522
1.4553731114221522
1.4553731114221522
1.4553731114221522
1.4553731114221522
1.4553731114221522
1.4553731114221522
1.455375121538184
1.455375121538184
1.455393665835315
1.455393665835315
1.455393665835315
1.455393665835315
1.455393665835315
1.4553940506483232
1.4553966170506052
1.4553976258370493
1.4553976519952403
1.455398748845592
1.4553995923450556
1.4554003043161736
1.4554014859370719
1.455402277361089
1.4554030572639616
1.4554032457558526
1.4554037176319792
1.4554040965461783
1.4554044457123207
1.4554047411989754
1.4554049448513346
1.4554051067036247
1.4554052897105103
1.4554054144850774
1.4554055424701604
1.4554056137388127
1.4554056843890775
1.4554057243010707
1.4554057528271316
1.455405786912676
1.4554058107907304
1.4554058370513203
1.4554058370513203
1.4554058471179263
1.4554058547787303
1.4554058582036278
1.4554058610776737
1.4554058652718123
1.4554058670307795
1.4554058681632056
1.4554058688426617
1.455405872010652
1.4554058743967326
1.455405875423976
1.4554058766769364
1.4554058774436205
1.4554058778374277
1.4554058786183766
1.4554058786183766
1.4554058786732238
1.4554058789441322
1.4554058791179731
1.4554058792273081
1.4554058792950166
1.4554058793356415
1.4554058793600166
1.4554058793746414
1.4554058793746414
1.4554058793746414
1.4554058793746414
1.4554058793829667
1.4554058793829667
1.4554058793839828
1.4554058793863516
1.4554058793877729
1.4554058793886253
1.4554058793891371
1.4554058794027873
1.455405879411908
1.4554058794173803
1.4554058794252236
1.4554058794319626
1.4554058794360063
1.4554058794384328
1.4554058794400653
1.4554058794411404
1.4554058794417855
1.4554058794424207
1.4554058794424485
1.4554058794426676
1.4554058794427998
1.455405879442897
1.4554058794431817
1.4554058794433538
1.4554058794434592
1.4554058794434592
1.4554058794434592
1.4554058794434592
1.4554058794434843
1.4554058794434843
1.4554058794434843
1.4554058794434843
1.4554058794434843
1.4554058794434843
1.4554058794434843
1.4554058794434843
1.4554058794434843
1.4554058794434843
1.4554058794434843
1.4554058794434843
1.4554058794434843
1.455405879443488
1.455405879443488
1.455405879443488
1.455405879443488
1.455405879443488
1.455405879443488
1.455405879443488
1.455405879443488
1.455405879443488
1.455405879443488
1.455405879443488
1.455405879443488
1.455405879443488
1.455405879443488
1.455405879443488
1.455405879443488
1.455405879443488
1.455405879443488
1.455405879443488
1.455405879443488
1.455405879443488
1.455405879443488
1.455405879443488
1.455405879443488
1.455405879443488
1.455405879443488
1.455405879443488
1.455405879443488
1.455405879443488
1.455405879443488
1.455405879443488
1.455405879443488
