1.7191731159617432
1.7191731159617432
1.7191731159617432
1.7191731159617432
1.7191731159617432
1.7191731159617432
1.7191731159617432
1.7191731159617432
1.7191731159617432
1.7191731159617432
1.7191731159617432
1.7191731159617432
1.7191731159617432
1.7191731159617432
1.7191731159617432
1.7191731159617432
1.7191731159617432
1.7191731159617432
1.7191731159617432
1.7191731159617432
1.7191731159617432
1.7191731159617432
1.7191731159617432
1.7191731159617432
1.7191731159617432
1.7191731159617432
1.7191731159617432
1.7191731159617432
1.7191731159617432
1.7191731159617432
1.7191731159617432
1.7191731159617432
1.7191731159617432
1.7191731159617432
1.7191731159617432
1.7191731159617432
1.7191731159617432
1.7191731159617432
1.7191731159617432
1.7191731159617432
1.7191731159617432
1.7191731159617432
1.7191731159617432
1.7191731159617432
1.7191731159617432
1.7191731159617432
1.7191731159617432
1.7191731159617432
1.7191731159617432
1.7191731159617432
1.7191731159617432
1.7191731159617432
1.7191731159617432
1.7191735061698779
1.7191735061698779
1.7191735061698779
1.7191745159360952
1.7191745159360952
1.7191745159360952
1.7191745159360952
1.719177670516377
1.719177670516377
1.719177670516377
1.7191781857981294
1.719178904687123
1.7191796416776632
1.7191803911895653
1.7191811231820315
1.7191815623778277
1.7191823207746344
1.7191829796974287
1.7191832239691651
1.7191835146957701
1.7191837451786056
1.7191839931647153
1.7191841056374895
1.719184203595439
1.719184312766136
1.7191843862768765
1.7191844303833235
1.7191844712336384
1.719184528126704
1.7191845602231484
1.7191845602231484
1.7191845602231484
1.7191845695079426
1.7191845713187923
1.7191845713187923
1.7191845713187923
1.7191845714564247
1.7191845754467456
1.7191845795773553
1.7191845804452244
1.7191845804452244
1.7191845804452244
1.719184581672663
1.719184581672663
1.719184581672663
1.719184581911727
1.7191845825707703
1.7191845830125023
1.7191845832843047
1.719184583447386
1.7191845835455357
1.7191845837007402
1.719184583812739
1.7191845838969357
1.719184583954894
1.7191845839896691
1.7191845840105344
1.7191845840230535
1.7191845840959001
1.7191845840959001
1.7191845840959001
1.7191845840959001
1.7191845840959001
1.719184584116575
1.719184584116575
1.719184584116575
1.7191845841188549
1.7191845841259992
1.7191845841293842
1.7191845841293842
1.7191845841293842
1.7191845841321467
1.7191845841321467
1.7191845841321467
1.7191845841321467
1.7191845841325861
1.7191845841325861
1.7191845841325861
1.7191845841325861
1.7191845841325861
1.7191845841325861
1.7191845841326743
1.7191845841326743
1.7191845841326743
1.7191845841326743
1.7191845841326827
1.7191845841326827
1.7191845841326827
1.7191845841326827
1.7191845841326827
1.7191845841327498
1.7191845841327498
1.7191845841327498
1.7191845841327498
1.7191845841327644
1.7191845841327644
1.7191845841327644
1.7191845841327644
1.7191845841327644
1.7191845841327644
1.7191845841327644
1.7191845841327644
1.7191845841327644
1.7191845841327644
1.7191845841327658
1.7191845841327658
1.7191845841327658
1.7191845841327658
1.719184584132766
1.719184584132766
1.719184584132766
1.719184584132766
1.7191845841327664
1.7191845841327669
1.719184584132767
1.719184584132767
1.719184584132767
1.7191845841327673
1.7191845841327673
1.7191845841327673
1.7191845841327673
1.7191845841327673
1.7191845841327673
1.7191845841327673
1.7191845841327673
1.7191845841327673
1.7191845841327673
1.7191845841327673
1.7191845841327673
