1.3456103858831576
1.3456103858831576
1.3456103858831576
1.3456103858831576
1.3456103858831576
1.3456103858831576
1.3456103858831576
1.3456103858831576
1.3456103858831576
1.3456103858831576
1.3456103858831576
1.3456103858831576
1.3456103858831576
1.3456103858831576
1.3456103858831576
1.3456103858831576
1.3456103858831576
1.3456103858831576
1.3456103858831576
1.3456103858831576
1.3456103858831576
1.3456103858831576
1.3456103858831576
1.3456103858831576
1.3456103858831576
1.3456103858831576
1.3456103858831576
1.3456103858831576
1.3456103858831576
1.3456103858831576
1.3456103858831576
1.3456103858831576
1.3456103858831576
1.3456103858831576
1.3456103858831576
1.3456103858831576
1.3456103858831576
1.3456103858831576
1.3456103858831576
1.3456103858831576
1.3456103858831576
1.3456103858831576
1.3456103858831576
1.3456103858831576
1.3456103858831576
1.3456103858831576
1.3456103858831576
1.3456103858831576
1.3456103858831576
1.3456103858831576
1.3456103858831576
1.3456103858831576
1.3456103858831576
1.3456103858831576
1.3456103858831576
1.3456103858831576
1.3456103858831576
1.3456103858831576
1.3456103858831576
1.3456103858831576
1.3456103858831576
1.3456106663223137
1.3456106663223137
1.3456106663223137
1.3456114311293899
1.3456119552546517
1.3456120870575994
1.3456125379698833
1.3456131880905946
1.3456131880905946
1.3456131909453277
1.3456132805403465
1.3456134016654446
1.3456136042563969
1.345613751527819
1.3456139116502857
1.3456140319914118
1.3456141553969716
1.3456142378426759
1.345614275363668
1.3456143202354018
1.3456143471584432
1.3456143633122684
1.345614373004564
1.3456143874207867
1.3456143885599798
1.3456144162546242
1.3456144328714115
1.345614443445142
1.345614450458676
1.3456144546667965
1.3456144758958144
1.3456144946371738
1.3456145058819895
1.345614512628879
1.345614525130664
1.3456145348167428
1.3456145406283904
1.3456145441153788
1.345614548011851
1.3456145537447208
1.3456145571844427
1.345614559248276
1.3456145604865757
1.3456145629997973
1.345614565594449
1.3456145671512405
1.3456145680853149
1.3456145686457597
1.3456145689820262
1.3456145695970572
1.3456145699993185
1.3456145702406754
1.345614570472362
1.3456145707166427
1.345614570863211
1.345614570951152
1.3456145710444614
1.3456145711545122
1.3456145712205425
1.3456145712601608
1.345614571287559
1.345614571333963
1.3456145713618046
1.3456145713785101
1.3456145713885332
1.3456145714050647
1.3456145714164778
1.3456145714233252
1.345614571427434
1.345614571429899
1.3456145714313783
1.3456145714323575
1.3456145714343515
1.3456145714355492
1.3456145714362673
1.3456145714366987
1.3456145714369572
1.3456145714374363
1.3456145714379353
1.3456145714382344
1.345614571438414
1.345614571438522
1.3456145714386472
1.345614571438773
1.3456145714388483
1.3456145714388936
1.345614571438921
1.3456145714389551
1.3456145714389776
1.345614571438991
1.3456145714389989
1.345614571439007
1.345614571439016
1.3456145714390213
1.3456145714390244
1.3456145714390264
1.3456145714390286
1.345614571439031
1.3456145714390324
1.3456145714390333
1.345614571439034
1.345614571439034
1.3456145714390344
1.3456145714390348
1.345614571439035
1.345614571439035
1.3456145714390353
1.3456145714390353
1.3456145714390353
1.3456145714390353
1.3456145714390353
1.3456145714390353
1.3456145714390353
1.3456145714390353
1.3456145714390353
1.3456145714390353
1.3456145714390353
1.3456145714390353
1.3456145714390353
1.3456145714390353
1.3456145714390353
1.3456145714390353
1.3456145714390353
1.3456145714390353
1.3456145714390353
1.3456145714390353
1.3456145714390353
1.3456145714390353
1.3456145714390353
1.3456145714390353
1.3456145714390353
1.3456145714390353
1.3456145714390353
1.3456145714390353
