2.029751461440644
2.029751461440644
2.029751461440644
2.029751461440644
2.029751461440644
2.029751461440644
2.029751461440644
2.029751461440644
2.029751461440644
2.029751461440644
2.029751461440644
2.029751461440644
2.029751461440644
2.029751461440644
2.029751461440644
2.029751461440644
2.029751461440644
2.029751461440644
2.029751461440644
2.029751461440644
2.029751461440644
2.029751461440644
2.029751461440644
2.029751461440644
2.029751461440644
2.029751461440644
2.029751461440644
2.029751461440644
2.029751461440644
2.029751461440644
2.029751461440644
2.029751461440644
2.029751461440644
2.029751461440644
2.029751461440644
2.029751461440644
2.029751461440644
2.029751461440644
2.029751461440644
2.029751461440644
2.029751461440644
2.029751461440644
2.029751461440644
2.029751461440644
2.029751461440644
2.029751461440644
2.029751461440644
2.029751461440644
2.029751461440644
2.029751461440644
2.029751461440644
2.029751461440644
2.029751461440644
2.029751461440644
2.0297516971349663
2.0297516971349663
2.0297516971349663
2.0297516971349663
2.0297516971349663
2.0297516971349663
2.0297516971349663
2.0297522234919967
2.0297522234919967
2.0297522234919967
2.029752475809908
2.029753045635185
2.0297531639231168
2.029753689374084
2.0297541531770427
2.029754373098022
2.029754562451733
2.029754722923543
2.0297548366744556
2.029754932245512
2.029754999389881
2.0297551140963335
2.0297552025521726
2.0297552479125374
2.0297552986233898
2.0297553242063042
2.0297553443456398
2.0297553696695885
2.0297553875501086
2.0297553993209565
2.029755407968543
2.0297554130948168
2.029755419177122
2.029755424032283
2.029755428295655
2.0297554307167465
2.0297554328937246
2.0297554346034317
2.0297554355759053
2.0297554360987102
2.0297554368048742
2.029755437986995
2.029755438696267
2.029755439357165
2.0297554397342608
2.0297554402834255
2.0297554406094234
2.029755440818373
2.029755440978419
2.029755441178467
2.029755441275632
2.029755441350845
2.02975544145559
2.0297554415373282
2.029755441632827
2.0297554416946726
2.0297554417385943
2.029755441787822
2.0297554418226733
2.0297554418463
2.02975544186376
2.02975544187482
2.029755441887778
2.0297554419005532
2.029755441908304
2.0297554419162305
2.0297554419231165
2.0297554419275308
2.0297554419303876
2.029755441932102
2.0297554419332746
2.0297554419351456
2.0297554419363104
2.029755441937008
2.0297554419376564
2.029755441938455
2.029755441938949
2.0297554419392747
2.0297554419394754
2.029755441939595
2.029755441939821
2.0297554419399924
2.029755441940095
2.0297554419401567
2.0297554419402055
2.0297554419402655
2.0297554419403085
2.029755441940334
2.0297554419403494
2.0297554419403703
2.0297554419403836
2.0297554419403916
2.029755441940397
2.0297554419404014
2.0297554419404067
2.0297554419404102
2.029755441940412
2.0297554419404134
2.0297554419404142
2.0297554419404156
2.029755441940417
2.029755441940418
2.0297554419404182
2.0297554419404187
2.029755441940419
2.029755441940419
2.029755441940419
2.029755441940419
2.029755441940419
2.029755441940419
2.029755441940419
2.029755441940419
2.029755441940419
2.029755441940419
2.029755441940419
2.029755441940419
2.029755441940419
2.029755441940419
2.029755441940419
2.029755441940419
2.029755441940419
2.029755441940419
2.029755441940419
2.029755441940419
2.029755441940419
2.029755441940419
2.029755441940419
2.029755441940419
2.029755441940419
