1.5842971586787056
1.5842971586787056
1.5842971586787056
1.5842971586787056
1.5842971586787056
1.5842971586787056
1.5842971586787056
1.5842971586787056
1.5842971586787056
1.5842971586787056
1.5842971586787056
1.5842971586787056
1.5842971586787056
1.5842971586787056
1.5842971586787056
1.5842971586787056
1.5842971586787056
1.5842971586787056
1.5842971586787056
1.5842971586787056
1.5842971586787056
1.5842971586787056
1.5842971586787056
1.5842971586787056
1.5842971586787056
1.5842971586787056
1.5842971586787056
1.5842971586787056
1.5842971586787056
1.5842971586787056
1.5842971586787056
1.5842971586787056
1.5842971586787056
1.5842971586787056
1.5842971586787056
1.5842971586787056
1.5842971586787056
1.5842971586787056
1.5842971586787056
1.5842971586787056
1.5842971586787056
1.5842971586787056
1.5842971586787056
1.5842971586787056
1.5842971586787056
1.5842971586787056
1.5842971586787056
1.5842971586787056
1.5842971586787056
1.5842971586787056
1.5842971586787056
1.5842975090782605
1.5842975090782605
1.5842975090782605
1.5842975090782605
1.5842998032212
1.58430040851127
1.58430040851127
1.5843005506591843
1.5843012913564993
1.5843022611430482
1.5843034078299731
1.584304121421918
1.584304805041985
1.5843049168744796
1.5843060698426732
1.584306975864319
1.584307631744353
1.5843081877986451
1.5843085319767904
1.5843088791100683
1.5843091675224916
1.5843093168523177
1.5843095201157396
1.5843097309497107
1.5843098091179721
1.5843098900318842
1.5843099413275752
1.5843100047828123
1.5843100730477027
1.5843101140066367
1.5843101407925644
1.5843101612853454
1.5843101936159552
1.584310213814595
1.5843102259337793
1.5843102347343438
1.584310240866558
1.5843102454113822
1.5843102481382767
1.58431025194692
1.5843102547918282
1.5843102568743812
1.5843102590336837
1.5843102605874742
1.5843102616899956
1.5843102624391963
1.5843102631726471
1.5843102639367412
1.5843102644162599
1.5843102647342453
1.584310264928917
1.5843102651280598
1.5843102652537346
1.5843102653712948
1.5843102654516013
1.5843102655063213
1.5843102655600665
1.5843102655971992
1.5843102656252133
1.5843102656532273
1.5843102656716874
1.5843102656842003
1.5843102656954897
1.5843102657037402
1.5843102657109531
1.5843102657152808
1.5843102657189907
1.58431026572389
1.5843102657269337
1.5843102657287604
1.584310265729856
1.5843102657306387
1.584310265731872
1.5843102657328483
1.5843102657334338
1.5843102657337855
1.5843102657339967
1.584310265734136
1.5843102657346724
1.584310265735012
1.5843102657352162
1.584310265735472
1.5843102657357855
1.5843102657359738
1.5843102657360864
1.5843102657362311
1.5843102657363477
1.5843102657364176
1.5843102657364667
1.5843102657365247
1.584310265736559
1.5843102657365802
1.5843102657365924
1.5843102657366095
1.584310265736631
1.5843102657366435
1.584310265736651
1.5843102657366577
1.5843102657366668
1.5843102657366726
1.5843102657366757
1.5843102657366779
1.584310265736684
1.5843102657366874
1.5843102657366894
1.584310265736691
1.584310265736692
1.5843102657366936
1.5843102657366943
1.5843102657366948
1.5843102657366952
1.5843102657366954
1.5843102657366959
1.5843102657366959
1.584310265736696
1.5843102657366963
1.5843102657366963
1.5843102657366963
1.5843102657366965
1.5843102657366965
1.5843102657366965
1.5843102657366965
1.5843102657366965
1.5843102657366965
1.5843102657366965
1.5843102657366965
1.5843102657366965
1.5843102657366965
1.5843102657366965
1.5843102657366965
1.5843102657366965
1.5843102657366965
1.5843102657366965
1.5843102657366965
