1.7184920940839117
1.7184920940839117
1.7184920940839117
1.7184920940839117
1.7184920940839117
1.7184920940839117
1.7184920940839117
1.7184920940839117
1.7184920940839117
1.7184920940839117
1.7184920940839117
1.7184920940839117
1.7184920940839117
1.7184920940839117
1.7184920940839117
1.7184920940839117
1.7184920940839117
1.7184920940839117
1.7184920940839117
1.7184920940839117
1.7184920940839117
1.7184920940839117
1.7184920940839117
1.7184920940839117
1.7184920940839117
1.7184920940839117
1.7184920940839117
1.7184920940839117
1.7184920940839117
1.7184920940839117
1.7184920940839117
1.7184920940839117
1.7184920940839117
1.7184920940839117
1.7184920940839117
1.7184920940839117
1.7184920940839117
1.7184920940839117
1.7184920940839117
1.7184920940839117
1.7184920940839117
1.7184920940839117
1.7184920940839117
1.7184920940839117
1.7184920940839117
1.7184920940839117
1.7184920940839117
1.7184920940839117
1.7184920940839117
1.7184920940839117
1.7184920940839117
1.7184920940839117
1.7184920940839117
1.7184920940839117
1.7184920940839117
1.7184920940839117
1.7184920940839117
1.7184920940839117
1.7184922211960263
1.718492450535142
1.718492792124465
1.718492792124465
1.7184930936161222
1.7184938051198568
1.718494318105388
1.718494318105388
1.71849459244033
1.71849459244033
1.7184946057216113
1.7184946087232775
1.7184948516039549
1.718494855219667
1.7184949464741917
1.718494987743407
1.7184951417460854
1.7184951782022149
1.7184952628688852
1.7184953089387376
1.7184953688572377
1.7184954477684362
1.7184954949155065
1.7184955443565864
1.7184955700790998
1.7184956261720836
1.718495642868664
1.7184956676821748
1.718495677972171
1.7184957176555782
1.7184957484914836
1.718495765693161
1.7184957745030727
1.718495787610505
1.718495795643862
1.718495799904563
1.7184958047097183
1.7184958075928114
1.7184958093226668
1.7184958116017353
1.7184958142924562
1.7184958158580441
1.7184958169940647
1.71849581753586
1.7184958183008403
1.7184958188022454
1.7184958190282553
1.7184958193717728
1.718495819596821
1.7184958197318496
1.7184958198313833
1.718495820138122
1.718495820365007
1.7184958205337784
1.7184958205337784
1.7184958205337784
1.7184958205991157
1.7184958205991157
1.7184958205991157
1.7184958205991157
1.7184958206004615
1.7184958206166203
1.7184958206496297
1.718495820670522
1.718495820679024
1.718495820679024
1.718495820679024
1.7184958206856005
1.7184958206856005
1.7184958206856005
1.7184958206856005
1.7184958206859102
1.7184958206859102
1.7184958206859102
1.7184958206859102
1.7184958206866683
1.7184958206866683
1.7184958206866683
1.7184958206866683
1.7184958206866683
1.7184958206866683
1.7184958206866683
1.7184958206866683
1.718495820686794
1.718495820686794
1.718495820686794
1.718495820686794
1.7184958206868242
1.7184958206868242
1.7184958206868242
1.7184958206868242
1.7184958206868242
1.7184958206868242
1.7184958206868242
1.7184958206868242
1.7184958206868242
1.7184958206868255
1.7184958206868255
1.7184958206868255
1.7184958206868255
1.7184958206868255
1.7184958206868255
1.7184958206868255
1.7184958206868255
1.7184958206868255
1.7184958206868255
1.7184958206868255
1.7184958206868255
1.7184958206868255
1.7184958206868255
1.7184958206868266
1.7184958206868266
1.7184958206868266
1.7184958206868266
1.7184958206868266
1.7184958206868266
1.7184958206868266
1.7184958206868266
1.7184958206868266
1.7184958206868266
1.718495820686827
1.718495820686827
1.718495820686827
1.718495820686827
1.718495820686827
1.718495820686827
1.718495820686827
1.718495820686827
1.718495820686827
1.718495820686827
1.718495820686827
1.718495820686827
1.718495820686827
