1.6215053709523877
1.6215053709523877
1.6215053709523877
1.6215053709523877
1.6215053709523877
1.6215053709523877
1.6215053709523877
1.6215053709523877
1.6215053709523877
1.6215053709523877
1.6215053709523877
1.6215053709523877
1.6215053709523877
1.6215053709523877
1.6215053709523877
1.6215053709523877
1.6215053709523877
1.6215053709523877
1.6215053709523877
1.6215053709523877
1.6215053709523877
1.6215053709523877
1.6215053709523877
1.6215053709523877
1.6215053709523877
1.6215053709523877
1.6215053709523877
1.6215053709523877
1.6215053709523877
1.6215053709523877
1.6215053709523877
1.6215053709523877
1.6215053709523877
1.6215053709523877
1.6215053709523877
1.6215053709523877
1.6215053709523877
1.6215053709523877
1.6215053709523877
1.6215053709523877
1.6215053709523877
1.6215053709523877
1.6215053709523877
1.621509083692498
1.621509083692498
1.621509083692498
1.621509083692498
1.621509083692498
1.621509083692498
1.621509083692498
1.621509083692498
1.621509083692498
1.6215103752125546
1.6215127225227934
1.6215189543487227
1.6215243532624941
1.6215258561210182
1.6215267578361365
1.6215277926427443
1.6215320494446817
1.6215358920010983
1.621538197538758
1.6215397588212717
1.6215410236858268
1.6215438518773464
1.6215457594019584
1.6215469039185912
1.621547802375164
1.6215493019213907
1.6215500911759233
1.6215500911759233
1.621550504920553
1.6215507019082285
1.6215508758961839
1.6215509395826986
1.621551159658752
1.6215513125546401
1.6215514042921855
1.6215514596547573
1.6215515423949385
1.6215516159562329
1.6215516722923007
1.6215517214162203
1.6215517298736677
1.621551767744226
1.62155179625368
1.6215518133593532
1.6215518254437296
1.62155183514403
1.62155183514403
1.621551840165727
1.621551840165727
1.6215518407541538
1.6215518416087142
1.6215518422480817
1.6215518429642313
1.6215518436879026
1.6215518441221055
1.6215518452386484
1.6215518452386484
1.621551845452092
1.621551845973649
1.6215518461778762
1.6215518465377703
1.621551846612517
1.6215518467373067
1.6215518469160302
1.6215518470354509
1.6215518471091084
1.6215518471943575
1.621551847245507
1.6215518472761965
1.6215518473226076
1.6215518473662582
1.6215518473815271
1.6215518474077328
1.621551847424892
1.6215518474332242
1.6215518474422845
1.6215518474496613
1.6215518474564548
1.6215518474572541
1.621551847460085
1.6215518474621387
1.6215518474642956
1.621551847465705
1.6215518474665502
1.6215518474671848
1.6215518474678883
1.621551847469014
1.6215518474691035
1.6215518474697825
1.6215518474702377
1.6215518474705453
1.6215518474707296
1.6215518474708401
1.6215518474709278
1.6215518474710753
1.6215518474712287
1.6215518474713002
1.6215518474713688
1.6215518474714696
1.6215518474715322
1.6215518474715713
1.6215518474715926
1.62155184747163
1.6215518474716568
1.6215518474716795
1.6215518474716886
1.6215518474716886
1.6215518474716957
1.6215518474716983
1.6215518474717001
1.6215518474717017
1.6215518474717066
1.6215518474717079
1.6215518474717103
1.6215518474717112
1.6215518474717112
1.6215518474717114
1.621551847471713
1.621551847471713
1.621551847471713
1.6215518474717132
1.6215518474717132
1.6215518474717134
1.6215518474717134
1.6215518474717134
1.6215518474717134
1.6215518474717134
1.6215518474717134
1.6215518474717134
1.6215518474717134
1.6215518474717134
1.6215518474717134
1.6215518474717134
1.6215518474717134
1.6215518474717134
1.6215518474717134
1.6215518474717134
1.6215518474717134
1.6215518474717134
1.6215518474717134
1.6215518474717134
1.6215518474717134
1.6215518474717134
1.6215518474717134
