2.1820092452781785
2.1820092452781785
2.1820092452781785
2.1820092452781785
2.1820092452781785
2.1820092452781785
2.1820092452781785
2.1820092452781785
2.1820092452781785
2.1820092452781785
2.1820092452781785
2.1820092452781785
2.1820092452781785
2.1820092452781785
2.1820092452781785
2.1820092452781785
2.1820092452781785
2.1820092452781785
2.1820092452781785
2.1820092452781785
2.1820092452781785
2.1820092452781785
2.1820092452781785
2.1820092452781785
2.1820092452781785
2.1820092452781785
2.1820092452781785
2.1820092452781785
2.1820092452781785
2.1820092452781785
2.1820092452781785
2.1820092452781785
2.1820092452781785
2.1820092452781785
2.1820092452781785
2.1820092452781785
2.1820092452781785
2.1820092452781785
2.1820092452781785
2.1820092452781785
2.1820092452781785
2.1820092452781785
2.182019071095897
2.182074899365556
2.182108394019302
2.1821284899807005
2.182155996487951
2.182157773438778
2.182168109015594
2.1821743103143865
2.1821780310766354
2.1821802635278553
2.182181602996381
2.1821824066767004
2.1821828888846055
2.1821831782092476
2.1821833518039946
2.18218345596083
2.1821914600318877
2.1821914600318877
2.1821914600318877
2.182193874736195
2.182196563030488
2.1821981747418238
2.1821990384645655
2.182201846386256
2.1822033325123593
2.1822045144578475
2.1822052834009082
2.182205792022247
2.1822063226495825
2.1822066344756115
2.1822070115028716
2.1822072605018077
2.182207446366181
2.1822077042063084
2.182207905464689
2.18220802366401
2.182208087735203
2.182208087735203
2.1822081450980364
2.182208167605904
2.182208221336909
2.182208221336909
2.18220822985631
2.182208258607142
2.182208276133873
2.18220828664991
2.1822082914878123
2.1822082980440567
2.182208302348197
2.182208307441615
2.1822083075331
2.1822083082527945
2.182208309056038
2.1822083097463727
2.1822083108738752
2.1822083114956787
2.1822083122667784
2.182208312600961
2.1822083129901326
2.1822083133098102
2.182208313501616
2.182208313641588
2.182208313787904
2.1822083139462345
2.182208313965467
2.18220831413775
2.182208314207866
2.1822083142347424
2.1822083142638267
2.1822083142806883
2.1822083142893165
2.1822083142893165
2.1822083143332525
2.182208314336189
2.1822083143379514
2.1822083143480273
2.1822083143611377
2.182208314369505
2.1822083143744133
2.1822083143777826
2.1822083143815947
2.1822083143873847
2.1822083143873847
2.182208314389296
2.182208314391676
2.182208314392538
2.1822083143927795
2.1822083143933586
2.182208314393708
2.182208314394589
2.18220831439507
2.182208314395119
2.182208314395451
2.182208314395669
2.182208314395793
2.182208314395904
2.1822083143959055
2.182208314395949
2.182208314396013
2.1822083143960227
2.1822083143961026
2.182208314396135
2.182208314396164
2.1822083143961923
2.1822083143962034
2.182208314396214
2.1822083143962208
2.182208314396227
2.1822083143962296
2.18220831439624
2.1822083143962403
2.1822083143962403
2.1822083143962425
2.1822083143962496
2.1822083143962545
2.1822083143962567
2.182208314396261
2.1822083143962647
2.1822083143962656
2.182208314396267
2.1822083143962683
2.1822083143962705
2.1822083143962705
2.182208314396271
2.182208314396272
2.182208314396272
2.182208314396272
2.182208314396272
2.182208314396272
2.182208314396272
2.182208314396272
2.182208314396272
2.182208314396272
2.182208314396272
2.182208314396272
2.182208314396272
2.182208314396272
2.182208314396272
2.182208314396272
2.182208314396272
2.182208314396272
2.182208314396272
2.182208314396272
2.182208314396272
2.182208314396272
