2.6369712698264736
2.6369712698264736
2.6369712698264736
2.6369712698264736
2.6369712698264736
2.6369712698264736
2.6369712698264736
2.6369712698264736
2.6369712698264736
2.6369712698264736
2.6369712698264736
2.6369712698264736
2.6369712698264736
2.6369712698264736
2.6369712698264736
2.6369712698264736
2.6369712698264736
2.6369712698264736
2.6369712698264736
2.6369712698264736
2.6369712698264736
2.6369712698264736
2.6369712698264736
2.6369712698264736
2.6369712698264736
2.6369712698264736
2.6369712698264736
2.6369712698264736
2.6369712698264736
2.6369712698264736
2.6369712698264736
2.6369712698264736
2.6369712698264736
2.6369712698264736
2.6369712698264736
2.6369712698264736
2.6369712698264736
2.6369712698264736
2.6369712698264736
2.6369712698264736
2.6369712698264736
2.6369712698264736
2.6369712698264736
2.6369712698264736
2.6369712698264736
2.6369712698264736
2.6369712698264736
2.6369712698264736
2.6369712698264736
2.6369712698264736
2.6369712698264736
2.6369712698264736
2.6369712698264736
2.6369712698264736
2.6369712698264736
2.6369731232705416
2.6369731232705416
2.6369731232705416
2.6369731232705416
2.6369748239558395
2.636978267028596
2.636978267028596
2.636978267028596
2.6369797322640913
2.6369797322640913
2.6369797322640913
2.6369817749733544
2.6369817749733544
2.636982314830198
2.636983066808144
2.6369839334169614
2.6369846492140137
2.6369858817793803
2.6369866213190574
2.6369870650430283
2.6369875231727606
2.6369875231727606
2.6369876232939813
2.6369880142443933
2.6369880142443933
2.6369880142443933
2.636988046905904
2.6369881742277372
2.6369881742277372
2.6369881742277372
2.6369881742277372
2.6369881742277372
2.6369881742277372
2.6369881742277372
2.6369881742277372
2.6369881826529658
2.6369882067494075
2.6369882067494075
2.636988219118758
2.6369882246779888
2.636988228495497
2.6369882307860015
2.6369882321603044
2.6369882329848857
2.6369882354013034
2.6369882386293595
2.636988239879975
2.6369882410194276
2.6369882410194276
2.6369882410194276
2.6369882410194276
2.63698824135035
2.6369882414084773
2.6369882414746537
2.6369882414746537
2.636988241728417
2.6369882418270754
2.6369882419448722
2.636988241968194
2.63698824205315
2.6369882421125497
2.6369882421481905
2.636988242231804
2.636988242231804
2.6369882423120314
2.6369882423276136
2.6369882423276136
2.6369882423276136
2.6369882423370297
2.6369882423426145
2.6369882423426145
2.6369882423426145
2.6369882423463933
2.636988242354753
2.6369882423597693
2.6369882423597693
2.6369882423621274
2.6369882423636635
2.6369882423649624
2.6369882423666913
2.6369882423678606
2.636988242368683
2.6369882423691755
2.6369882423694717
2.6369882423696493
2.6369882423704785
2.636988242371086
2.6369882423713316
2.636988242371377
2.6369882423715256
2.636988242371589
2.6369882423716184
2.636988242371698
2.636988242371764
2.6369882423717916
2.6369882423718196
2.6369882423718196
2.6369882423718196
2.6369882423718196
2.6369882423718427
2.6369882423718427
2.6369882423718427
2.636988242371847
2.636988242371847
2.6369882423718503
2.6369882423718503
2.6369882423718503
2.6369882423718516
2.6369882423718543
2.636988242371855
2.636988242371855
2.636988242371856
2.636988242371856
2.636988242371856
2.6369882423718574
2.6369882423718574
2.6369882423718574
2.6369882423718574
2.6369882423718574
2.6369882423718574
2.6369882423718574
2.6369882423718574
2.6369882423718574
2.6369882423718574
2.6369882423718574
2.6369882423718574
2.6369882423718574
2.6369882423718574
2.6369882423718574
2.6369882423718574
2.6369882423718574
2.6369882423718574
2.6369882423718574
2.6369882423718574
2.6369882423718574
2.6369882423718574
2.6369882423718574
2.6369882423718574
