2.3167701332258
2.3167701332258
2.3167701332258
2.3167701332258
2.3167701332258
2.3167701332258
2.3167701332258
2.3167701332258
2.3167701332258
2.3167701332258
2.3167701332258
2.3167701332258
2.3167701332258
2.3167701332258
2.3167701332258
2.3167701332258
2.3167701332258
2.3167701332258
2.3167701332258
2.3167701332258
2.3167701332258
2.3167701332258
2.3167701332258
2.3167701332258
2.3167701332258
2.3167701332258
2.3167701332258
2.3167701332258
2.3167701332258
2.3167701332258
2.3167701332258
2.3167701332258
2.3167701332258
2.3167701332258
2.3167701332258
2.3167701332258
2.3167701332258
2.3167701332258
2.3167701332258
2.3167701332258
2.3167814413313104
2.3167814413313104
2.3167814413313104
2.3167814413313104
2.3167988491359854
2.3167988491359854
2.3167988491359854
2.3167988491359854
2.3168399437415346
2.3168399437415346
2.3168399437415346
2.316851995296473
2.316854156276043
2.316877440770538
2.3168867976472627
2.3168867976472627
2.3168907582974296
2.316894299813744
2.316896453846609
2.3168994967504752
2.3169027872964976
2.3169047616272085
2.3169068820788823
2.316911383541489
2.3169149327659313
2.3169170623040447
2.3169183400281534
2.31692052452123
2.316922904011641
2.3169243786068288
2.3169251472869696
2.3169258042930214
2.3169265471913545
2.3169270054382642
2.3169272893496617
2.3169275388477133
2.316927733593109
2.316927878913461
2.3169279498983983
2.3169280054161434
2.3169280540299013
2.316928100097252
2.316928144127332
2.316928173973172
2.3169281981112078
2.3169282169222467
2.316928228693439
2.3169282338584503
2.3169282391348793
2.3169282423007376
2.316928244743842
2.316928248441026
2.316928251613095
2.3169282536097504
2.3169282555135635
2.316928256743282
2.31692825791783
2.316928258635313
2.316928259363633
2.3169282598184147
2.316928260251813
2.3169282606319967
2.3169282609367485
2.3169282611307707
2.3169282612471838
2.316928261426506
2.316928261577697
2.316928261668413
2.3169282617595655
2.3169282618530347
2.316928261911015
2.316928261945803
2.316928261994053
2.316928262029505
2.316928262050777
2.316928262063539
2.316928262080447
2.3169282620942697
2.316928262102564
2.31692826210754
2.3169282621156375
2.316928262121721
2.316928262125372
2.316928262127562
2.3169282621288763
2.316928262131304
2.3169282621329206
2.3169282621338905
2.3169282621344727
2.3169282621352196
2.3169282621361345
2.3169282621366825
2.3169282621370115
2.316928262137361
2.316928262137818
2.3169282621380924
2.3169282621382568
2.3169282621383553
2.3169282621385183
2.3169282621386973
2.3169282621388048
2.316928262138869
2.3169282621389087
2.3169282621389566
2.3169282621390264
2.316928262139068
2.3169282621390934
2.316928262139109
2.316928262139135
2.3169282621391516
2.316928262139161
2.3169282621391694
2.3169282621391796
2.316928262139186
2.3169282621391893
2.3169282621391916
2.316928262139193
2.316928262139197
2.3169282621392004
2.316928262139202
2.316928262139204
2.3169282621392067
2.3169282621392084
2.3169282621392093
2.3169282621392098
2.31692826213921
2.3169282621392107
2.3169282621392107
2.316928262139211
2.316928262139211
2.316928262139211
2.316928262139211
2.316928262139211
2.316928262139211
2.316928262139211
2.316928262139211
2.316928262139211
2.316928262139211
2.316928262139211
2.316928262139211
2.316928262139211
2.316928262139211
2.316928262139211
2.316928262139211
2.316928262139211
2.316928262139211
