2.2111105707944065
2.2111105707944065
2.2111105707944065
2.2111105707944065
2.2111105707944065
2.2111105707944065
2.2111105707944065
2.2111105707944065
2.2111105707944065
2.2111105707944065
2.2111105707944065
2.2111105707944065
2.2111105707944065
2.2111105707944065
2.2111105707944065
2.2111105707944065
2.2111105707944065
2.2111105707944065
2.2111105707944065
2.2111105707944065
2.2111105707944065
2.2111105707944065
2.2111105707944065
2.2111105707944065
2.2111105707944065
2.2111105707944065
2.2111105707944065
2.2111105707944065
2.2111105707944065
2.2111105707944065
2.2111105707944065
2.2111105707944065
2.2111105707944065
2.2111105707944065
2.2111105707944065
2.2111105707944065
2.2111105707944065
2.2111105707944065
2.2111105707944065
2.2111105707944065
2.2111105707944065
2.2111105707944065
2.2111105707944065
2.2111105707944065
2.2111332468986618
2.2111332468986618
2.2111332468986618
2.2111332468986618
2.2111356600712773
2.2111356600712773
2.2111356600712773
2.2111356600712773
2.2111441887424963
2.2111441887424963
2.2111441887424963
2.2111441887424963
2.2111441887424963
2.2111441887424963
2.2111566237474483
2.2111706441283188
2.2111790563592733
2.211184103698722
2.2111889054219054
2.211196648908074
2.211197937161433
2.211204675259067
2.2112076274723456
2.211208322905474
2.21120972553766
2.211210567117034
2.2112112793295777
2.211212207770114
2.2112125710335824
2.2112131743776815
2.211213754470191
2.2112141796730924
2.2112144347948246
2.211214593241209
2.2112147624358918
2.2112149023576646
2.21121502357419
2.211215100366412
2.2112151737736236
2.211215225141381
2.2112152851772473
2.211215325649495
2.2112153518655746
2.211215367595221
2.21121537989794
2.2112154252030045
2.2112154529128922
2.211215469538825
2.2112154753622693
2.2112154753622693
2.2112154799136396
2.211215488752713
2.211215488752713
2.2112154890189175
2.2112154914621605
2.2112154929281056
2.2112154938076727
2.211215494335414
2.2112154946520572
2.211215494842044
2.2112154957024317
2.211215497093939
2.2112154979306196
2.2112154981842314
2.2112154985626016
2.2112154987222175
2.2112154990703106
2.2112154993197746
2.2112154994694535
2.211215499626853
2.2112154998072313
2.211215499915458
2.2112154999803946
2.2112155000407117
2.2112155000975715
2.211215500149883
2.2112155001812694
2.211215500201432
2.211215500232514
2.211215500252555
2.21121550026458
2.2112155002740295
2.211215500288238
2.211215500299429
2.211215500299429
2.2112155003107126
2.2112155003146756
2.2112155003177025
2.2112155003197915
2.2112155003225245
2.2112155003232465
2.211215500324421
2.211215500325529
2.2112155003259457
2.211215500327047
2.2112155003277074
2.2112155003281044
2.2112155003281044
2.21121550032833
2.211215500328572
2.211215500328572
2.211215500328572
2.2112155003286813
2.2112155003287572
2.211215500328802
2.2112155003288287
2.2112155003288483
2.211215500328881
2.2112155003289113
2.2112155003289313
2.211215500328941
2.2112155003289558
2.2112155003289757
2.2112155003289975
2.211215500329011
2.2112155003290197
2.211215500329024
2.2112155003290273
2.2112155003290384
2.211215500329048
2.211215500329054
2.2112155003290574
2.2112155003290592
2.211215500329064
2.211215500329067
2.21121550032907
2.2112155003290708
2.211215500329074
2.211215500329076
2.211215500329077
2.2112155003290774
2.2112155003290788
2.2112155003290788
2.2112155003290788
2.2112155003290788
2.2112155003290788
2.2112155003290788
2.2112155003290788
2.2112155003290788
2.2112155003290788
2.2112155003290788
2.2112155003290788
2.2112155003290788
2.2112155003290788
2.2112155003290788
2.2112155003290788
2.2112155003290788
