1.7373116126155606
1.7373116126155606
1.7373116126155606
1.7373116126155606
1.7373116126155606
1.7373116126155606
1.7373116126155606
1.7373116126155606
1.7373116126155606
1.7373116126155606
1.7373116126155606
1.7373116126155606
1.7373116126155606
1.7373116126155606
1.7373116126155606
1.7373116126155606
1.7373116126155606
1.7373116126155606
1.7373116126155606
1.7373116126155606
1.7373116126155606
1.7373116126155606
1.7373116126155606
1.7373116126155606
1.7373116126155606
1.7373116126155606
1.7373116126155606
1.7373116126155606
1.7373116126155606
1.7373116126155606
1.7373116126155606
1.7373116126155606
1.7373116126155606
1.7373116126155606
1.7373116126155606
1.7373116126155606
1.7373116126155606
1.7373116126155606
1.7373116126155606
1.7373116126155606
1.7373116126155606
1.7373116126155606
1.7373116126155606
1.7373116126155606
1.7373116126155606
1.7373116126155606
1.7373116126155606
1.7373116126155606
1.7373116126155606
1.7373116126155606
1.7373116126155606
1.7373116126155606
1.7373116126155606
1.7373116126155606
1.7373117004994338
1.7373117004994338
1.7373117004994338
1.7373119405407238
1.7373182180682385
1.7373221752971906
1.7373245496403844
1.7373259742483964
1.737328573300887
1.7373306182816575
1.737332732964667
1.7373340017764722
1.7373358220364084
1.737339455126547
1.7373416349821131
1.7373429756726175
1.7373445523557955
1.7373468099601863
1.7373485383760612
1.737349575425165
1.7373504466549141
1.7373521255560607
1.7373532277748294
1.7373539146046895
1.7373544802057692
1.737355411009927
1.7373561203712267
1.737356545987992
1.7373569008776144
1.7373574458278163
1.7373577727979184
1.737357968979972
1.7373580866892018
1.7373582549277446
1.7373584953762018
1.7373586630065194
1.737358763584707
1.7373588335359127
1.737358922146672
1.7373590632668217
1.7373591485375273
1.73735919969995
1.7373592347068163
1.7373592616878717
1.737359297894178
1.7373593212574523
1.7373593354729102
1.737359344729388
1.737359359859997
1.7373593720996665
1.7373593794442808
1.7373593843584705
1.7373593916572208
1.7373593965158043
1.7373593994309544
1.737359402232446
1.7373594057126156
1.7373594078209198
1.7373594090859021
1.7373594098448915
1.7373594109188342
1.7373594121501381
1.7373594128889205
1.7373594133321897
1.7373594137629893
1.7373594142973852
1.737359414619002
1.7373594148119715
1.7373594149277536
1.7373594149972231
1.7373594150701372
1.7373594151647445
1.7373594152215086
1.7373594152555676
1.7373594152760192
1.7373594153248917
1.7373594153575493
1.737359415377144
1.7373594153889003
1.7373594153959542
1.7373594154060772
1.7373594154140803
1.7373594154188823
1.737359415423166
1.7373594154276066
1.7373594154302716
1.7373594154318703
1.73735941543283
1.737359415434723
1.7373594154364733
1.7373594154375243
1.737359415438154
1.7373594154385323
1.7373594154391043
1.7373594154397634
1.7373594154401588
1.7373594154403962
1.7373594154405696
1.7373594154407928
1.7373594154409275
1.7373594154410077
1.737359415441056
1.7373594154411474
1.73735941544121
1.737359415441248
1.7373594154412708
1.7373594154413075
1.7373594154413359
1.737359415441353
1.7373594154413647
1.7373594154413794
1.7373594154413878
1.7373594154413934
1.7373594154413965
1.7373594154414005
1.7373594154414025
1.7373594154414043
1.7373594154414052
1.7373594154414065
1.7373594154414074
1.737359415441408
1.7373594154414083
1.7373594154414087
1.7373594154414087
1.737359415441409
1.737359415441409
1.737359415441409
1.737359415441409
1.737359415441409
1.737359415441409
1.737359415441409
1.737359415441409
1.737359415441409
1.737359415441409
1.737359415441409
1.737359415441409
1.737359415441409
1.737359415441409
1.737359415441409
1.737359415441409
1.737359415441409
1.737359415441409
1.737359415441409
1.737359415441409
1.737359415441409
1.737359415441409
1.737359415441409
1.737359415441409
1.737359415441409
