2.3530892679379902
2.3530892679379902
2.3530892679379902
2.3530892679379902
2.3530892679379902
2.3530892679379902
2.3530892679379902
2.3530892679379902
2.3530892679379902
2.3530892679379902
2.3530892679379902
2.3530892679379902
2.3530892679379902
2.3530892679379902
2.3530892679379902
2.3530892679379902
2.3530892679379902
2.3530892679379902
2.3530892679379902
2.3530892679379902
2.3530892679379902
2.3530892679379902
2.3530892679379902
2.3530892679379902
2.3530892679379902
2.3530892679379902
2.3530892679379902
2.3530892679379902
2.3530892679379902
2.3530892679379902
2.3530892679379902
2.3530892679379902
2.3530892679379902
2.3535464566554394
2.3535464566554394
2.3535464566554394
2.3535464566554394
2.3535464566554394
2.3535464566554394
2.3535464566554394
2.3535464566554394
2.3535464566554394
2.3535464566554394
2.3535464566554394
2.3535464566554394
2.3535464566554394
2.353569383123111
2.353569383123111
2.353569383123111
2.353570552899518
2.353576458511726
2.353578758310409
2.3535801381898183
2.3535809661175353
2.3535839295052052
2.353587466412115
2.353587466412115
2.3535881673271883
2.3535887607838037
2.353589905277754
2.3535912100932306
2.3535921643525937
2.353592925651124
2.353593550522474
2.353594098562501
2.3535945053614578
2.353594654820979
2.353594828764756
2.353594926417425
2.353595019749107
2.3535951148338743
2.353595246146826
2.353595306006798
2.3535953502557505
2.3535954363378435
2.3535955054798676
2.353595561401874
2.353595589966804
2.353595631733449
2.3535956641808395
2.353595683649273
2.353595694148144
2.3535957018378437
2.3535957064516633
2.3535957107718914
2.3535957142151402
2.35359571628109
2.3535957179529663
2.353595718754939
2.353595719999609
2.3535957220854913
2.353595723379939
2.3535957241566074
2.353595724622609
2.3535957254707647
2.3535957261756706
2.353595726680896
2.3535957269521353
2.3535957273417027
2.3535957276906285
2.353595727899984
2.353595728025598
2.3535957281247972
2.3535957282416002
2.353595728312602
2.3535957283478526
2.3535957283780378
2.353595728412758
2.3535957284354416
2.353595728449052
2.3535957284598754
2.3535957284740276
2.35359572848252
2.3535957284862685
2.3535957284902604
2.3535957284935365
2.353595728495661
2.3535957284978655
2.353595728498589
2.353595728499077
2.3535957285002227
2.3535957285009865
2.3535957285014444
2.3535957285018587
2.353595728502095
2.353595728502375
2.3535957285024756
2.3535957285024933
2.353595728502635
2.353595728502635
2.353595728502635
2.3535957285026683
2.353595728502689
2.3535957285027
2.3535957285027127
2.3535957285027145
2.353595728502716
2.3535957285027163
2.3535957285027314
2.3535957285027314
2.3535957285027314
2.353595728502732
2.353595728502736
2.353595728502736
2.3535957285027362
2.3535957285027362
2.3535957285027362
2.353595728502738
2.353595728502738
2.353595728502738
2.353595728502738
2.3535957285027385
2.3535957285027385
2.3535957285027385
2.3535957285027385
2.3535957285027385
2.3535957285027385
2.3535957285027385
2.3535957285027385
2.3535957285027385
2.3535957285027385
2.3535957285027385
2.3535957285027385
2.3535957285027385
2.3535957285027385
2.3535957285027385
2.3535957285027385
2.3535957285027385
2.3535957285027385
2.3535957285027385
2.3535957285027385
2.3535957285027385
2.3535957285027385
2.3535957285027385
2.3535957285027385
2.3535957285027385
2.3535957285027385
2.3535957285027385
2.3535957285027385
2.3535957285027385
2.3535957285027385
