1.9688699277373298
1.9688699277373298
1.9688699277373298
1.9688699277373298
1.9688699277373298
1.9688699277373298
1.9688699277373298
1.9688699277373298
1.9688699277373298
1.9688699277373298
1.9688699277373298
1.9688699277373298
1.9688699277373298
1.9688699277373298
1.9688699277373298
1.9688699277373298
1.9688699277373298
1.9688699277373298
1.9688699277373298
1.9688699277373298
1.9688699277373298
1.9688699277373298
1.9688699277373298
1.9688699277373298
1.9688699277373298
1.9688699277373298
1.9688699277373298
1.9688699277373298
1.9688699277373298
1.9688699277373298
1.9688699277373298
1.9688699277373298
1.9688699277373298
1.9688699277373298
1.9688699277373298
1.9688699277373298
1.9688699277373298
1.9688699277373298
1.9688699277373298
1.9688699277373298
1.9688699277373298
1.9688699277373298
1.9688699277373298
1.9688699277373298
1.9688699277373298
1.9688699277373298
1.9688699277373298
1.9688699277373298
1.9688699277373298
1.9688699277373298
1.9688699277373298
1.9688699277373298
1.9688699277373298
1.9688699277373298
1.9688699277373298
1.9688713180567408
1.9688713180567408
1.9688713180567408
1.968872796048528
1.968872796048528
1.968872796048528
1.968873299498846
1.9688736736810184
1.9688742154429835
1.9688744242768241
1.9688751366600252
1.9688753330706523
1.968876071177779
1.968876832452228
1.9688773298291622
1.9688778835888792
1.9688785607494381
1.9688791115007347
1.9688794419515951
1.9688796402221411
1.9688798625051682
1.9688800679612604
1.9688802244921229
1.9688803328977982
1.9688804001414548
1.9688804999532035
1.9688805718217446
1.9688806149428708
1.9688806408155473
1.968880656339153
1.9688806905452136
1.9688807326851743
1.9688807583611256
1.9688807737666971
1.968880793410134
1.9688808175798898
1.9688808320817432
1.9688808407828557
1.9688808549361994
1.9688808686820864
1.9688808769296187
1.968880881878138
1.9688808860959512
1.9688808905273836
1.9688808931862434
1.968880894781559
1.9688808957387485
1.9688808963130622
1.9688808969348803
1.9688808977335623
1.9688808982127712
1.968880898500297
1.9688808987523885
1.968880899027738
1.968880899192948
1.9688808992920737
1.9688808993661682
1.9688808994859315
1.968880899558691
1.968880899602347
1.9688808996285403
1.9688808996442562
1.9688808996536855
1.9688808996593437
1.9688808996683864
1.968880899685332
1.9688808996954996
1.9688808997016005
1.9688808997052605
1.9688808997078544
1.9688808997122473
1.9688808997149216
1.9688808997165261
1.9688808997174891
1.9688808997180665
1.9688808997188738
1.9688808997200402
1.9688808997207399
1.9688808997211598
1.9688808997214278
1.9688808997220066
1.9688808997223561
1.9688808997225657
1.9688808997226914
1.9688808997228566
1.9688808997229732
1.9688808997230431
1.9688808997231035
1.968880899723162
1.9688808997231972
1.9688808997232186
1.9688808997232312
1.968880899723262
1.9688808997232807
1.9688808997232918
1.968880899723299
1.968880899723303
1.9688808997233116
1.9688808997233245
1.9688808997233327
1.9688808997233376
1.96888089972334
1.968880899723342
1.9688808997233438
1.9688808997233491
1.9688808997233516
1.9688808997233536
1.9688808997233544
1.9688808997233553
1.9688808997233567
1.968880899723358
1.968880899723358
1.9688808997233584
1.9688808997233587
1.968880899723359
1.968880899723359
1.968880899723359
1.9688808997233591
1.9688808997233596
1.9688808997233598
1.9688808997233598
1.9688808997233602
1.9688808997233602
1.9688808997233602
1.9688808997233602
1.9688808997233602
1.9688808997233602
1.9688808997233602
1.9688808997233602
1.9688808997233602
1.9688808997233602
1.9688808997233602
1.9688808997233602
1.9688808997233602
1.9688808997233602
1.9688808997233602
1.9688808997233602
1.9688808997233602
1.9688808997233602
