2.58803590456837
2.58803590456837
2.58803590456837
2.58803590456837
2.58803590456837
2.58803590456837
2.58803590456837
2.58803590456837
2.58803590456837
2.58803590456837
2.58803590456837
2.58803590456837
2.58803590456837
2.58803590456837
2.58803590456837
2.58803590456837
2.58803590456837
2.58803590456837
2.58803590456837
2.58803590456837
2.58803590456837
2.58803590456837
2.58803590456837
2.58803590456837
2.58803590456837
2.58803590456837
2.58803590456837
2.58803590456837
2.58803590456837
2.58803590456837
2.58803590456837
2.58803590456837
2.58803590456837
2.58803590456837
2.58803590456837
2.58803590456837
2.58803590456837
2.58803590456837
2.58803590456837
2.58803590456837
2.58803590456837
2.58803590456837
2.588049919303625
2.588049919303625
2.588049919303625
2.588049919303625
2.588049919303625
2.588049919303625
2.588049919303625
2.588049919303625
2.588053673639032
2.588053673639032
2.588053673639032
2.5880562220242984
2.588063234058458
2.588063234058458
2.5880655223982414
2.5880679763155987
2.5880695296102023
2.5880703575588053
2.588072211310376
2.588072485091279
2.588074220462727
2.5880747975358047
2.5880764874852678
2.588076802106064
2.588076990878559
2.5880771782812695
2.5880776198099493
2.5880780308912676
2.5880782852238364
2.588078437823392
2.588078529383132
2.58807860101654
2.588078705180967
2.588078783384198
2.5880788367183216
2.5880788752819233
2.588078898420085
2.588078928842656
2.588078959218803
2.588078979754489
2.5880789920759013
2.5880790060346315
2.588079016608327
2.5880790232964275
2.5880790279407444
2.5880790321731886
2.5880790380240573
2.5880790420114907
2.588079044426163
2.5880790458749665
2.5880790467442485
2.5880790472658175
2.5880790476156355
2.5880790488397722
2.588079049692137
2.588079050203555
2.588079050510406
2.588079050694517
2.5880790508049825
2.5880790511458267
2.5880790515177314
2.588079051740874
2.5880790518747596
2.588079051955091
2.588079052073465
2.588079052166992
2.5880790522231094
2.5880790522567794
2.5880790523065524
2.588079052340924
2.5880790523615462
2.588079052373919
2.5880790524005834
2.5880790524173203
2.5880790524273607
2.588079052433385
2.5880790524422115
2.588079052454139
2.5880790524612953
2.5880790524655892
2.588079052468166
2.5880790524697117
2.588079052473598
2.588079052479463
2.588079052482982
2.588079052485093
2.5880790524863606
2.588079052488784
2.5880790524912194
2.5880790524926804
2.5880790524935575
2.5880790524940833
2.5880790524950714
2.588079052495673
2.5880790524960338
2.5880790524962634
2.5880790524968327
2.5880790524971737
2.588079052497378
2.5880790524975015
2.588079052497746
2.5880790524980006
2.5880790524981534
2.5880790524982453
2.5880790524983617
2.5880790524984776
2.588079052498546
2.588079052498588
2.5880790524986135
2.5880790524986836
2.5880790524987267
2.588079052498751
2.5880790524987662
2.58807905249878
2.5880790524988138
2.588079052498835
2.5880790524988466
2.588079052498854
2.5880790524988644
2.5880790524988773
2.5880790524988844
2.5880790524988893
2.5880790524988933
2.5880790524988986
2.5880790524989026
2.5880790524989052
2.588079052498906
2.5880790524989084
2.5880790524989123
2.588079052498914
2.5880790524989146
2.588079052498916
2.588079052498917
2.588079052498919
2.58807905249892
2.588079052498921
2.5880790524989212
2.5880790524989217
2.5880790524989226
2.5880790524989226
2.588079052498923
2.5880790524989234
