2.160972269612273
2.160972269612273
2.160972269612273
2.160972269612273
2.160972269612273
2.160972269612273
2.160972269612273
2.160972269612273
2.160972269612273
2.160972269612273
2.160972269612273
2.160972269612273
2.160972269612273
2.160972269612273
2.160972269612273
2.160972269612273
2.160972269612273
2.160972269612273
2.160972269612273
2.160972269612273
2.2061372241939323
2.2061372241939323
2.2061372241939323
2.2061372241939323
2.2061372241939323
2.2061372241939323
2.2061372241939323
2.2061372241939323
2.2061372241939323
2.2061372241939323
2.2061372241939323
2.2061372241939323
2.2061372241939323
2.2061372241939323
2.2061372241939323
2.2061372241939323
2.2061372241939323
2.2061372241939323
2.206271517634578
2.206271517634578
2.206271517634578
2.206271517634578
2.206271517634578
2.2063577757009956
2.206497136532272
2.2065807631895935
2.2066914204088794
2.2066914204088794
2.2066957010858905
2.206715157486979
2.206737191009986
2.2067380167011286
2.2067447278149275
2.20674875448346
2.2067650635070866
2.206788423920031
2.2068024404667694
2.206810850502448
2.206825987043878
2.2068391370749456
2.206846151534267
2.2068550674358325
2.2068572476997184
2.2068645333787633
2.206870088332748
2.206870088332748
2.20687466937547
2.2068764900372733
2.2068785765370307
2.206879874781959
2.2068806537295056
2.206881121098247
2.2068819485756834
2.2068827787966496
2.206883311300728
2.206883662348846
2.206883879131354
2.2068841709690745
2.20688441376128
2.2068845594366326
2.2068846536739146
2.206884824432831
2.206884933068453
2.2068849982498313
2.2068850383792133
2.206885064279073
2.2068851225880923
2.2068851592949326
2.206885181319039
2.206885194623188
2.2068852120313234
2.206885223970323
2.2068852312018716
2.2068852355408004
2.206885238144157
2.206885239706172
2.206885240873955
2.206885245311388
2.206885247973847
2.2068852495713234
2.206885250529808
2.2068852511048993
2.2068852526940956
2.2068852541398414
2.2068852550072884
2.2068852555277574
2.206885255842822
2.206885256553752
2.206885257017144
2.2068852572951805
2.2068852574620017
2.206885257562094
2.2068852577607463
2.206885257890603
2.206885257968517
2.2068852580152636
2.2068852580433127
2.2068852580675102
2.2068852581069964
2.206885258130689
2.206885258144904
2.2068852581534335
2.2068852581585503
2.2068852581627874
2.2068852581671963
2.2068852581698497
2.20688525817181
2.206885258174205
2.206885258175642
2.2068852581765044
2.206885258177477
2.206885258178214
2.206885258178657
2.2068852581789224
2.2068852581792595
2.206885258179647
2.206885258179881
2.206885258180021
2.2068852581802294
2.2068852581803573
2.2068852581804346
2.2068852581804803
2.2068852581805656
2.206885258180629
2.2068852581806664
2.2068852581806895
2.2068852581807032
2.206885258180732
2.2068852581807716
2.206885258180796
2.20688525818081
2.20688525818083
2.2068852581808565
2.2068852581808738
2.2068852581808835
2.206885258180898
2.206885258180912
2.2068852581809204
2.2068852581809257
2.2068852581809337
2.20688525818094
2.2068852581809435
2.2068852581809457
2.2068852581809466
2.2068852581809484
2.2068852581809515
2.2068852581809524
2.2068852581809533
2.206885258180954
2.206885258180955
2.206885258180955
2.206885258180955
2.206885258180955
2.206885258180955
2.206885258180955
2.206885258180955
2.206885258180955
2.206885258180955
2.206885258180955
2.206885258180955
2.206885258180955
2.206885258180955
2.206885258180955
2.206885258180955
2.206885258180955
2.206885258180955
2.206885258180955
2.206885258180955
2.206885258180955
2.206885258180955
2.206885258180955
