1.6387382023260475
1.6387382023260475
1.6387382023260475
1.6387382023260475
1.6387382023260475
1.6387382023260475
1.6387382023260475
1.6387382023260475
1.6387382023260475
1.6387382023260475
1.6387382023260475
1.6387382023260475
1.6387382023260475
1.6387382023260475
1.6387382023260475
1.6387382023260475
1.6387382023260475
1.6387382023260475
1.6387382023260475
1.6387382023260475
1.6387382023260475
1.6387382023260475
1.6387382023260475
1.6387382023260475
1.6387382023260475
1.6387382023260475
1.6387382023260475
1.6387382023260475
1.6387382023260475
1.6387382023260475
1.6387382023260475
1.6387382023260475
1.6387382023260475
1.6387382023260475
1.6387382023260475
1.6387382023260475
1.6387382023260475
1.6387382023260475
1.6387382023260475
1.6387382023260475
1.6387382023260475
1.6387382023260475
1.6387382023260475
1.6387472897234376
1.638759753458549
1.638759753458549
1.638759753458549
1.6387624853330653
1.6387624853330653
1.6387624853330653
1.6387624853330653
1.6387624853330653
1.6387641411254383
1.6387641411254383
1.6387641411254383
1.6387645293675075
1.6387670999150394
1.6387672110797966
1.63876968233898
1.6387707661416813
1.6387716470883853
1.6387727035441808
1.638774231961471
1.638775212195767
1.6387760335356765
1.6387765267771592
1.6387769124038045
1.638777426613036
1.6387777447566714
1.6387779317325808
1.6387780640162601
1.638778198629586
1.638778279397585
1.6387783295745564
1.6387783631249848
1.638778403085419
1.6387784323258583
1.6387784507192198
1.6387784628262096
1.638778475695306
1.6387784857153973
1.6387784966864862
1.6387785050025936
1.6387785115374978
1.6387785159798212
1.6387785196058104
1.638778522777892
1.6387785255872547
1.6387785276923073
1.6387785293854584
1.6387785308030485
1.6387785317213424
1.638778532272319
1.6387785326206963
1.6387785328333444
1.6387785335792393
1.638778533870499
1.638778533870499
1.638778533870499
1.6387785342241425
1.6387785342241425
1.6387785342241425
1.6387785342241425
1.6387785342241425
1.638778534232338
1.638778534304874
1.6387785343325512
1.6387785343325512
1.6387785343614663
1.6387785343754389
1.6387785343915529
1.638778534401221
1.6387785344072432
1.638778534410675
1.6387785344202934
1.6387785344216363
1.6387785344224424
1.638778534422926
1.638778534424447
1.6387785344259402
1.6387785344269876
1.638778534427842
1.638778534428642
1.6387785344295696
1.638778534430158
1.63877853443053
1.6387785344310533
1.6387785344314194
1.638778534431639
1.6387785344317716
1.6387785344318824
1.6387785344319759
1.6387785344321142
1.6387785344322068
1.6387785344322643
1.6387785344323242
1.6387785344323789
1.6387785344324115
1.6387785344324355
1.638778534432456
1.6387785344324772
1.6387785344324912
1.6387785344325
1.638778534432511
1.6387785344325172
1.6387785344325214
1.638778534432526
1.6387785344325303
1.6387785344325332
1.6387785344325345
1.638778534432537
1.6387785344325378
1.6387785344325383
1.638778534432539
1.6387785344325392
1.6387785344325398
1.6387785344325398
1.6387785344325403
1.6387785344325403
1.6387785344325403
1.6387785344325403
1.6387785344325403
1.6387785344325403
1.6387785344325403
1.6387785344325403
1.6387785344325403
1.6387785344325403
1.6387785344325403
1.6387785344325403
1.6387785344325403
1.6387785344325403
1.6387785344325403
1.6387785344325403
1.6387785344325403
1.6387785344325403
1.6387785344325403
1.6387785344325403
1.6387785344325403
1.6387785344325403
1.6387785344325403
1.6387785344325403
