1.7238726567386158
1.7238726567386158
1.7238726567386158
1.7238726567386158
1.7238726567386158
1.7238726567386158
1.7238726567386158
1.7238726567386158
1.7238726567386158
1.7238726567386158
1.7238726567386158
1.7238726567386158
1.7238726567386158
1.7238726567386158
1.7238726567386158
1.7238726567386158
1.7238726567386158
1.7238726567386158
1.7238726567386158
1.7238726567386158
1.7238726567386158
1.7238726567386158
1.7238726567386158
1.7238726567386158
1.7238726567386158
1.7238726567386158
1.7238726567386158
1.7238726567386158
1.7238726567386158
1.7238726567386158
1.7238726567386158
1.7238726567386158
1.7238726567386158
1.7238726567386158
1.7238726567386158
1.7238726567386158
1.7238726567386158
1.7238726567386158
1.7238726567386158
1.7238726567386158
1.7238726567386158
1.7238726567386158
1.7238726567386158
1.7238726567386158
1.7238726567386158
1.7238726567386158
1.7238726567386158
1.7238726567386158
1.7238726567386158
1.7238726567386158
1.7238726567386158
1.7238726567386158
1.7238726567386158
1.7238726567386158
1.7238726567386158
1.7238726567386158
1.7238726567386158
1.7238726567386158
1.7238726567386158
1.723878395504421
1.723878395504421
1.723878395504421
1.723878395504421
1.723878395504421
1.7238791606778807
1.7238831688587266
1.7238831688587266
1.7238831688587266
1.723884667702076
1.723884667702076
1.723884667702076
1.723884667702076
1.723884667702076
1.723884793916382
1.7238850793385847
1.7238852505919056
1.723885353343896
1.723885749827551
1.7238862432115964
1.723887073146646
1.7238877746183918
1.7238878460249027
1.723888472105473
1.723888751680882
1.723889002729299
1.7238892999951556
1.7238895909952778
1.7238899742012135
1.7238901328455845
1.7238903832590076
1.723890502082355
1.7238906975666837
1.7238908209811379
1.723890872400397
1.7238909401643887
1.723890988311311
1.723891030035429
1.7238910453769387
1.7238910577147757
1.7238910754656775
1.7238910919730406
1.7238910919730406
1.7238910919730406
1.7238910970092065
1.7238910970092065
1.7238911008173898
1.7238911008173898
1.7238911018987346
1.7238911035997702
1.7238911048184025
1.7238911048184025
1.7238911048184025
1.7238911054141888
1.7238911059075344
1.723891106037825
1.723891106037825
1.7238911063380968
1.7238911064157143
1.7238911065991738
1.7238911066581968
1.723891106783346
1.7238911068728069
1.723891106941902
1.7238911070024057
1.7238911070421659
1.7238911070661598
1.7238911070865877
1.7238911071043068
1.7238911071218774
1.72389110713242
1.723891107139783
1.7238911071560163
1.7238911071599434
1.7238911071698628
1.7238911071698628
1.7238911071734881
1.7238911071746998
1.7238911071759082
1.7238911071766567
1.7238911071769494
1.7238911071771896
1.7238911071782628
1.7238911071796201
1.7238911071796201
1.7238911071800085
1.7238911071803993
1.7238911071808694
1.723891107181423
1.7238911071817584
1.7238911071817584
1.7238911071818719
1.7238911071820262
1.7238911071822074
1.7238911071823144
1.7238911071823795
1.72389110718242
1.7238911071825243
1.7238911071826042
1.7238911071826528
1.7238911071826806
1.723891107182733
1.7238911071827812
1.7238911071828098
1.7238911071828098
1.7238911071828098
1.7238911071828225
1.723891107182824
1.7238911071828262
1.7238911071828287
1.7238911071828291
1.7238911071828311
1.7238911071828338
1.7238911071828367
1.7238911071828376
1.7238911071828389
1.7238911071828389
1.7238911071828398
1.7238911071828398
1.7238911071828398
1.723891107182841
1.7238911071828413
1.7238911071828413
1.7238911071828413
1.7238911071828413
1.7238911071828413
1.7238911071828413
1.7238911071828413
1.7238911071828413
1.7238911071828413
1.7238911071828413
1.7238911071828413
1.7238911071828413
1.7238911071828413
1.7238911071828413
1.7238911071828413
1.7238911071828413
1.7238911071828413
1.7238911071828413
1.7238911071828413
1.7238911071828413
