2.441836155508745
2.441836155508745
2.441836155508745
2.441836155508745
2.441836155508745
2.441836155508745
2.441836155508745
2.441836155508745
2.441836155508745
2.441836155508745
2.441836155508745
2.441836155508745
2.441836155508745
2.441836155508745
2.441836155508745
2.441836155508745
2.441836155508745
2.441836155508745
2.441836155508745
2.441836155508745
2.441836155508745
2.441836155508745
2.441836155508745
2.441836155508745
2.441836155508745
2.441836155508745
2.441836155508745
2.441836155508745
2.441836155508745
2.441836155508745
2.441836155508745
2.441836155508745
2.441836155508745
2.441836155508745
2.441836155508745
2.441836155508745
2.441836155508745
2.441836155508745
2.441836155508745
2.441836155508745
2.441836155508745
2.441836155508745
2.441836155508745
2.441836155508745
2.441836155508745
2.441836155508745
2.4418453410005134
2.4418453410005134
2.4418453410005134
2.4418453410005134
2.4418506040326804
2.44186798047325
2.441884634589442
2.44189462700078
2.441900622426568
2.4419042196744747
2.4419063780204957
2.441916019372952
2.441918659340368
2.441919937230599
2.4419217239293105
2.441923824913265
2.4419263431533373
2.4419268006749903
2.441928411059202
2.4419296230776637
2.4419303502888763
2.4419307012077276
2.4419311330842093
2.441931599413366
2.441931879210859
2.441932709249598
2.441932709249598
2.4419331722833553
2.4419334688019423
2.441933667694538
2.441933667694538
2.4419338275851716
2.4419338725856963
2.4419339872704735
2.4419340012647206
2.441934014108839
2.441934057151312
2.4419340900221513
2.4419340900221513
2.4419340900221513
2.441934108539565
2.441934108539565
2.441934110777938
2.441934110777938
2.441934111907657
2.4419341176417144
2.441934123881247
2.441934125413908
2.4419341283456357
2.441934131818229
2.4419341336169555
2.4419341352678883
2.4419341368336482
2.4419341392474454
2.441934140695723
2.4419341415646896
2.4419341427914603
2.4419341437303568
2.4419341443616385
2.441934144689383
2.4419341451037733
2.4419341454248866
2.4419341458692463
2.441934145977612
2.4419341460426316
2.441934146113651
2.4419341463554627
2.4419341464635833
2.4419341464635833
2.4419341464635833
2.4419341465722875
2.441934146600233
2.441934146600233
2.4419341466009232
2.441934146619099
2.441934146630004
2.4419341466443734
2.441934146654863
2.44193414666275
2.4419341466686344
2.4419341466686344
2.441934146669098
2.4419341466718163
2.4419341466733044
2.4419341466737783
2.4419341466752402
2.441934146677162
2.4419341466781894
2.4419341466790967
2.441934146679407
2.44193414668022
2.4419341466805653
2.4419341466808695
2.44193414668106
2.4419341466811746
2.4419341466812425
2.441934146681284
2.4419341466813105
2.441934146681377
2.4419341466815068
2.4419341466816102
2.441934146681673
2.4419341466817124
2.441934146681797
2.4419341466818536
2.4419341466818882
2.4419341466819082
2.441934146681947
2.441934146681985
2.441934146682008
2.441934146682022
2.4419341466820352
2.4419341466820574
2.441934146682071
2.4419341466820788
2.4419341466820845
2.4419341466820907
2.4419341466820996
2.441934146682106
2.441934146682109
2.4419341466821116
2.4419341466821134
2.441934146682115
2.441934146682116
2.441934146682117
2.441934146682118
2.4419341466821183
2.4419341466821187
2.441934146682119
2.441934146682119
2.441934146682119
2.4419341466821196
2.4419341466821196
2.4419341466821196
2.4419341466821196
2.4419341466821196
2.4419341466821196
2.4419341466821196
2.4419341466821196
2.4419341466821196
