2.1463492014245924
2.1463492014245924
2.1463492014245924
2.1463492014245924
2.1463492014245924
2.1463492014245924
2.1463492014245924
2.1463492014245924
2.1463492014245924
2.1463492014245924
2.1463492014245924
2.1463492014245924
2.1463492014245924
2.1463492014245924
2.1463492014245924
2.1463492014245924
2.1463492014245924
2.1463492014245924
2.1463492014245924
2.1463492014245924
2.1463492014245924
2.1463492014245924
2.1463492014245924
2.1463492014245924
2.1463492014245924
2.1463492014245924
2.1463492014245924
2.1463492014245924
2.1463492014245924
2.1463492014245924
2.1463492014245924
2.1463492014245924
2.1463492014245924
2.1463492014245924
2.1463492014245924
2.1463492014245924
2.1463492014245924
2.1463492014245924
2.1463492014245924
2.1463492014245924
2.1463492014245924
2.1463492014245924
2.1463492014245924
2.1463492014245924
2.1463492014245924
2.1463492014245924
2.1463492014245924
2.1463492014245924
2.1463492014245924
2.1463492014245924
2.1463492014245924
2.1463492014245924
2.1463492014245924
2.1463492014245924
2.1463492014245924
2.1463492014245924
2.1463492014245924
2.1463492014245924
2.1463492014245924
2.1463492014245924
2.1463492014245924
2.1463492014245924
2.1463503923558
2.1463503923558
2.1463503923558
2.1463504989667963
2.1463513828056886
2.1463526099418124
2.1463540574077506
2.1463540574077506
2.146354715652301
2.1463551845841025
2.1463555756235233
2.146355810247175
2.1463560353180235
2.1463563118083346
2.146356477702519
2.1463566171799675
2.146356766741411
2.1463569171723185
2.1463570074308613
2.146357061775218
2.146357146741209
2.1463572162465834
2.1463572579498083
2.146357285855404
2.146357323877423
2.146357361762287
2.1463573785626067
2.146357401569596
2.1463574202564493
2.1463574311660545
2.146357438680644
2.1463574432654324
2.146357450324007
2.1463574554120854
2.1463574584649328
2.1463574605043285
2.146357461449006
2.146357462140426
2.1463574659226814
2.1463574686569773
2.1463574702975547
2.146357471281901
2.146357472197706
2.1463574734479187
2.146357474379317
2.1463574749585748
2.1463574756503587
2.1463574762292414
2.1463574765765707
2.146357476803799
2.146357477057722
2.1463574772557386
2.1463574773772627
2.1463574774645533
2.146357477557457
2.146357477613741
2.146357477647512
2.146357477684756
2.1463574777226393
2.146357477747858
2.1463574777633463
2.14635747778119
2.1463574777950676
2.146357477803394
2.1463574778083894
2.146357477813631
2.146357477817878
2.1463574778208856
2.146357477823135
2.1463574778254566
2.146357477826856
2.1463574778276957
2.1463574778281993
2.146357477828582
2.1463574778288903
2.1463574778290755
2.1463574778292163
2.1463574778293757
2.1463574778294743
2.1463574778295533
2.146357477829627
2.1463574778296723
2.1463574778297
2.1463574778297505
2.146357477829783
2.1463574778298025
2.1463574778298145
2.146357477829824
2.1463574778298304
2.1463574778298393
2.1463574778298447
2.146357477829848
2.146357477829851
2.1463574778298544
2.1463574778298558
2.146357477829857
2.1463574778298575
2.1463574778298584
2.1463574778298593
2.1463574778298598
2.1463574778298606
2.1463574778298606
2.1463574778298606
2.1463574778298606
2.1463574778298606
2.1463574778298606
2.1463574778298606
2.1463574778298606
2.1463574778298606
2.1463574778298606
2.1463574778298606
2.1463574778298606
2.1463574778298606
2.1463574778298606
2.1463574778298606
2.1463574778298606
2.1463574778298606
2.1463574778298606
2.1463574778298606
2.1463574778298606
2.1463574778298606
2.1463574778298606
2.1463574778298606
2.1463574778298606
2.1463574778298606
2.1463574778298606
2.1463574778298606
2.1463574778298606
2.1463574778298606
