1.6407002455044284
1.6407002455044284
1.6407002455044284
1.6407002455044284
1.6407002455044284
1.6407002455044284
1.6407002455044284
1.6407002455044284
1.6407002455044284
1.6407002455044284
1.6407002455044284
1.6407002455044284
1.6407002455044284
1.6407002455044284
1.6407002455044284
1.6407002455044284
1.6407002455044284
1.6407002455044284
1.6407002455044284
1.6407002455044284
1.6407002455044284
1.6407002455044284
1.6407002455044284
1.6407002455044284
1.6407002455044284
1.6407002455044284
1.6407002455044284
1.6407002455044284
1.6407002455044284
1.6407002455044284
1.6407002455044284
1.6407002455044284
1.6407002455044284
1.6407002455044284
1.6407002455044284
1.6407002455044284
1.6407002455044284
1.6407002455044284
1.6407002455044284
1.6407002455044284
1.6407002455044284
1.6407002455044284
1.6407002455044284
1.6407002455044284
1.6407002455044284
1.6407002455044284
1.6407002455044284
1.6407002455044284
1.6407002455044284
1.6407002455044284
1.6407002455044284
1.6407002455044284
1.6407004362704054
1.6407004362704054
1.6407004362704054
1.6407004362704054
1.6407011194559182
1.6407011194559182
1.6407011194559182
1.6407013173779674
1.6407013713059861
1.6407014772899626
1.6407017980266354
1.6407019904682156
1.640702105933012
1.6407021752118345
1.6407023111175503
1.640702437499829
1.6407026780742882
1.6407029056577827
1.640703286299544
1.6407033457060498
1.6407036587546686
1.64070386045714
1.6407039814786386
1.6407041332590073
1.6407042982643554
1.6407044621083915
1.6407044973485585
1.6407046348677323
1.6407047302486502
1.640704761316929
1.6407048120545042
1.640704842497051
1.6407048630161887
1.6407048879263042
1.6407049028723732
1.640704912308745
1.6407049347987779
1.640704955755394
1.6407049667431564
1.6407049767686552
1.6407049884932747
1.6407049959312017
1.6407049998765153
1.6407050052621748
1.6407050109329395
1.640705016627035
1.640705020043492
1.6407050203836888
1.6407050225938702
1.640705024318708
1.6407050258503704
1.6407050271641554
1.640705028448849
1.6407050306558668
1.6407050313155225
1.6407050313155225
1.6407050324930017
1.6407050329543906
1.6407050332433857
1.6407050332845285
1.640705033676037
1.640705033794914
1.640705033985078
1.640705034074514
1.6407050341441836
1.6407050342723315
1.6407050342990388
1.6407050343150633
1.6407050343246778
1.6407050343518061
1.6407050343855158
1.6407050344058103
1.640705034421857
1.6407050344458605
1.6407050344609266
1.6407050344699663
1.6407050344805418
1.6407050344893734
1.6407050344963328
1.6407050345026002
1.640705034506821
1.6407050345125231
1.6407050345159444
1.6407050345179972
1.6407050345192289
1.6407050345199679
1.640705034521074
1.6407050345217888
1.6407050345222376
1.6407050345226664
1.6407050345230665
1.640705034523557
1.640705034523851
1.640705034524053
1.6407050345242964
1.64070503452446
1.640705034524581
1.6407050345246534
1.640705034524707
1.6407050345247864
1.6407050345248342
1.640705034524863
1.6407050345248861
1.6407050345249325
1.6407050345249616
1.6407050345249792
1.6407050345249896
1.640705034525
1.6407050345250145
1.6407050345250234
1.6407050345250287
1.640705034525035
1.6407050345250433
1.6407050345250487
1.640705034525052
1.6407050345250571
1.6407050345250602
1.6407050345250622
1.640705034525065
1.640705034525067
1.6407050345250682
1.6407050345250689
1.6407050345250695
1.6407050345250698
1.6407050345250698
1.6407050345250702
1.6407050345250704
1.6407050345250704
1.6407050345250704
1.6407050345250707
1.6407050345250707
1.6407050345250707
1.6407050345250707
1.6407050345250707
1.6407050345250707
1.6407050345250707
1.6407050345250707
1.6407050345250707
1.6407050345250707
1.6407050345250707
