1.6254569147597682
1.6254569147597682
1.6254569147597682
1.6254569147597682
1.6254569147597682
1.6254569147597682
1.6254569147597682
1.6254569147597682
1.6254569147597682
1.6254569147597682
1.6254569147597682
1.6254569147597682
1.6254569147597682
1.6254569147597682
1.6254569147597682
1.6254569147597682
1.6254569147597682
1.6254569147597682
1.6254569147597682
1.6254569147597682
1.6254569147597682
1.6254569147597682
1.6254569147597682
1.6254569147597682
1.6254569147597682
1.6254569147597682
1.6254569147597682
1.6254569147597682
1.6254569147597682
1.6254569147597682
1.6254569147597682
1.6254569147597682
1.6254569147597682
1.6254569147597682
1.6254569147597682
1.6254569147597682
1.6254569147597682
1.6254569147597682
1.6254569147597682
1.6254569147597682
1.6254569147597682
1.6254569147597682
1.6254569147597682
1.6254569147597682
1.6254569147597682
1.6254569147597682
1.6254569147597682
1.6254569147597682
1.6254569147597682
1.6254569147597682
1.6254569147597682
1.6254569147597682
1.6254569147597682
1.6254569147597682
1.6254569147597682
1.6254569147597682
1.625457537544081
1.625457537544081
1.6254581383474076
1.6254584877974962
1.6254585421173897
1.6254593061488003
1.6254593061488003
1.625459511867259
1.6254596676091806
1.6254597387223546
1.6254599183564693
1.6254601550330317
1.6254602033855672
1.625460314738458
1.6254604340538943
1.6254605206580164
1.6254605630214358
1.6254606250695138
1.6254606673520726
1.6254606966404526
1.625460722027353
1.625460732532711
1.6254607426750038
1.625460750120712
1.6254607571043018
1.6254607612944558
1.6254607643744552
1.6254607678865394
1.6254607733599675
1.6254607780247636
1.6254607785577888
1.6254607804855057
1.6254607819367068
1.6254607839613646
1.6254607839613646
1.625460784529396
1.6254607856877399
1.625460785951568
1.625460786599083
1.6254607869875919
1.6254607872206974
1.6254607873721028
1.6254607875046918
1.6254607880847207
1.6254607881521284
1.6254607882615768
1.6254607884217511
1.6254607884698626
1.6254607885382146
1.625460788566911
1.625460788584608
1.6254607885970074
1.6254607886435177
1.6254607886756764
1.625460788680098
1.625460788680098
1.625460788680098
1.625460788690752
1.625460788690752
1.625460788690752
1.625460788690752
1.6254607886945203
1.6254607886945203
1.625460788696998
1.6254607886983479
1.6254607886983479
1.6254607886990378
1.6254607886996808
1.6254607887000716
1.6254607887004824
1.6254607887015264
1.6254607887019346
1.6254607887020613
1.6254607887023553
1.6254607887026484
1.6254607887027104
1.6254607887029142
1.6254607887029653
1.625460788703049
1.625460788703072
1.6254607887031143
1.6254607887031411
1.6254607887031562
1.6254607887031696
1.625460788703197
1.625460788703197
1.6254607887032029
1.62546078870321
1.6254607887032146
1.625460788703218
1.6254607887032202
1.6254607887032264
1.6254607887032315
1.6254607887032344
1.6254607887032373
1.625460788703242
1.6254607887032437
1.625460788703245
1.6254607887032457
1.6254607887032457
1.625460788703246
1.6254607887032464
1.6254607887032464
1.6254607887032466
1.6254607887032466
1.6254607887032468
1.6254607887032468
1.6254607887032468
1.625460788703247
1.6254607887032473
1.6254607887032473
1.6254607887032473
1.6254607887032473
1.6254607887032473
1.6254607887032473
1.6254607887032473
1.6254607887032473
1.6254607887032473
1.6254607887032473
1.6254607887032473
1.6254607887032473
1.6254607887032473
