2.194447671075077
2.194447671075077
2.194447671075077
2.194447671075077
2.194447671075077
2.194447671075077
2.194447671075077
2.194447671075077
2.194447671075077
2.194447671075077
2.194447671075077
2.194447671075077
2.194447671075077
2.194447671075077
2.194447671075077
2.194447671075077
2.194447671075077
2.194447671075077
2.194447671075077
2.194447671075077
2.194447671075077
2.194447671075077
2.194447671075077
2.194447671075077
2.194447671075077
2.194447671075077
2.194447671075077
2.194447671075077
2.194447671075077
2.194447671075077
2.194447671075077
2.194447671075077
2.194447671075077
2.194447671075077
2.194447671075077
2.194447671075077
2.194447671075077
2.1944854012043735
2.1944854012043735
2.1944854012043735
2.1944854012043735
2.1944854012043735
2.1944854012043735
2.1944854012043735
2.1944854012043735
2.1944854012043735
2.1944854012043735
2.1944854012043735
2.1944854012043735
2.1944854012043735
2.194494869820755
2.194494869820755
2.194494869820755
2.1945004012764575
2.194507256266539
2.1945114951322178
2.194513929393621
2.194521643318407
2.1945276085310965
2.1945318241288883
2.1945362108667976
2.194539521602703
2.1945419678694504
2.1945437270690427
2.1945450607011407
2.1945453463733187
2.194546004824572
2.194546731018277
2.1945474873855595
2.1945479761504627
2.1945482929472004
2.1945485662726223
2.1945489906574327
2.1945492593881117
2.194549420626493
2.194549517369513
2.19454966191249
2.194549773678386
2.1945498284005587
2.194549874000828
2.1945498981646647
2.194549907588589
2.194549940583217
2.1945499502357264
2.194549956968917
2.1945499639162542
2.194549971133504
2.194549975104021
2.194549977732443
2.194549980849281
2.194549982086485
2.194549983814469
2.1945499853266877
2.1945499862340196
2.1945499870194105
2.1945499880654165
2.1945499883364104
2.194549988889482
2.194549989197632
2.194549989604824
2.1945499898491385
2.194549990046645
2.1945499903071584
2.1945499904652404
2.1945499905612484
2.19454999065234
2.1945499907811734
2.194549990859129
2.194549990905901
2.1945499909339654
2.1945499910103576
2.1945499910606605
2.1945499910802857
2.1945499910802857
2.1945499910950343
2.19454999111202
2.19454999111202
2.19454999111202
2.1945499911172206
2.1945499911207444
2.1945499911207444
2.1945499911207444
2.1945499911221797
2.194549991123231
2.194549991123231
2.194549991123231
2.194549991124003
2.1945499911242186
2.1945499911242186
2.1945499911246378
2.1945499911248314
2.1945499911249464
2.194549991125138
2.1945499911253936
2.1945499911255517
2.1945499911256467
2.1945499911257036
2.1945499911257387
2.1945499911257587
2.1945499911259425
2.1945499911260584
2.194549991126128
2.19454999112617
2.1945499911261943
2.1945499911262307
2.1945499911262742
2.1945499911263
2.194549991126316
2.1945499911263253
2.1945499911263333
2.194549991126346
2.1945499911263537
2.194549991126358
2.194549991126361
2.1945499911263626
2.1945499911263653
2.194549991126367
2.194549991126368
2.1945499911263684
2.1945499911263697
2.1945499911263706
2.194549991126371
2.194549991126371
2.194549991126371
2.1945499911263715
2.1945499911263715
2.1945499911263715
2.1945499911263715
2.1945499911263715
2.1945499911263715
2.1945499911263715
2.1945499911263715
2.1945499911263715
2.1945499911263715
2.1945499911263715
2.1945499911263715
2.1945499911263715
2.1945499911263715
2.1945499911263715
2.1945499911263715
2.1945499911263715
2.1945499911263715
