1.8151912613562262
1.8151912613562262
1.8151912613562262
1.8151912613562262
1.8151912613562262
1.8151912613562262
1.8151912613562262
1.8151912613562262
1.8151912613562262
1.8151912613562262
1.8151912613562262
1.8151912613562262
1.8151912613562262
1.8151912613562262
1.8151912613562262
1.8151912613562262
1.8151912613562262
1.8151912613562262
1.8151912613562262
1.8151912613562262
1.8151912613562262
1.8151912613562262
1.8151912613562262
1.8151912613562262
1.8151912613562262
1.8151912613562262
1.8151912613562262
1.8151912613562262
1.8151912613562262
1.8151912613562262
1.8151912613562262
1.8151912613562262
1.8151912613562262
1.8151912613562262
1.8151912613562262
1.8151912613562262
1.8151912613562262
1.8151912613562262
1.8151912613562262
1.8151912613562262
1.8151912613562262
1.8151912613562262
1.8153272744125992
1.8153272744125992
1.8153272744125992
1.8153272744125992
1.8153580504481848
1.8153580504481848
1.8153580504481848
1.8153580504481848
1.8153837269447521
1.8154337112523191
1.8154337112523191
1.815438057746105
1.8154497655808726
1.8154538939768596
1.8154538939768596
1.8154708032327826
1.8154708032327826
1.8154719107726807
1.8154771688280815
1.8154803236765076
1.815486590314947
1.8154895571137808
1.8154997239869684
1.8155007132514915
1.8155063563136769
1.8155113260628548
1.8155162734428476
1.815518143896234
1.815522318007562
1.8155240375044386
1.815525853576921
1.8155270456272206
1.8155290252984464
1.8155303260616757
1.8155311065195443
1.8155315747942429
1.8155318557590527
1.8155323094873577
1.81553328140506
1.815533864555375
1.8155342144454532
1.8155344243794604
1.815534851311513
1.8155352773243907
1.8155355329320906
1.8155357307684155
1.8155358678810005
1.8155360243098457
1.8155361307111622
1.8155361945519515
1.8155362328564235
1.8155362920504365
1.8155363371327935
1.815536364182207
1.8155363893222287
1.815536396475807
1.815536396475807
1.815536396475807
1.815536396475807
1.8155363977179104
1.8155363977179104
1.8155363977179104
1.8155363977179104
1.8155363977179104
1.8155363989642292
1.8155364007867083
1.8155364018801952
1.8155364025362857
1.8155364032767836
1.8155364039357487
1.815536404331127
1.815536404568353
1.8155364047106897
1.8155364050750473
1.8155364054457133
1.815536405688627
1.8155364058560406
1.8155364060506274
1.8155364061934762
1.8155364062791863
1.8155364063306092
1.8155364063614636
1.8155364064208324
1.815536406473192
1.8155364065053885
1.815536406524703
1.8155364065362938
1.8155364065586852
1.815536406575112
1.8155364065849726
1.8155364065908879
1.8155364065944346
1.815536406599993
1.8155364066054878
1.8155364066087871
1.8155364066107653
1.8155364066119508
1.8155364066137258
1.8155364066154493
1.815536406616481
1.8155364066171025
1.8155364066178854
1.8155364066184718
1.8155364066188207
1.8155364066190438
1.8155364066194142
1.815536406619644
1.8155364066197826
1.8155364066198942
1.8155364066200659
1.815536406620168
1.815536406620229
1.815536406620312
1.815536406620371
1.8155364066204085
1.8155364066204318
1.8155364066204585
1.815536406620481
1.8155364066204949
1.815536406620503
1.8155364066205133
1.8155364066205215
1.8155364066205288
1.8155364066205322
1.8155364066205355
1.8155364066205388
1.8155364066205393
1.8155364066205393
1.8155364066205408
1.8155364066205433
1.8155364066205433
1.8155364066205433
1.8155364066205433
1.8155364066205433
1.8155364066205433
1.8155364066205433
1.8155364066205433
1.8155364066205433
1.8155364066205433
1.8155364066205433
1.8155364066205433
1.8155364066205433
1.8155364066205433
1.8155364066205433
1.8155364066205433
1.8155364066205433
1.8155364066205433
1.8155364066205433
1.8155364066205433
1.8155364066205433
1.8155364066205433
1.8155364066205433
1.8155364066205433
1.8155364066205433
