2.536180654060737
2.536180654060737
2.536180654060737
2.536180654060737
2.536180654060737
2.536180654060737
2.536180654060737
2.536180654060737
2.536180654060737
2.536180654060737
2.536180654060737
2.536180654060737
2.536180654060737
2.536180654060737
2.536180654060737
2.536180654060737
2.536180654060737
2.536180654060737
2.536180654060737
2.536180654060737
2.536180654060737
2.536180654060737
2.536180654060737
2.536180654060737
2.536180654060737
2.536180654060737
2.536180654060737
2.536180654060737
2.536180654060737
2.536180654060737
2.536180654060737
2.536180654060737
2.536180654060737
2.536180654060737
2.536180654060737
2.536180654060737
2.536180654060737
2.536180654060737
2.536180654060737
2.536180654060737
2.536180654060737
2.536180654060737
2.536180654060737
2.536180654060737
2.536180654060737
2.536180654060737
2.536180654060737
2.536180654060737
2.536180654060737
2.536180654060737
2.536180654060737
2.536180654060737
2.536180654060737
2.5361823421943748
2.536182876926384
2.536182876926384
2.536183764799746
2.53618456738391
2.53618456738391
2.5361851981085115
2.5361856015870305
2.536187444825118
2.536188178461297
2.5361884807094985
2.536189765900278
2.53619003610093
2.5361911089104976
2.5361919857704653
2.5361925178855342
2.5361929201867888
2.5361932445479396
2.536193588956443
2.5361938115560583
2.536193945115827
2.5361940252516875
2.5361941135902613
2.536194217051167
2.5361942809078912
2.5361943310403343
2.5361943611198003
2.5361943791674797
2.536194396996867
2.536194447959974
2.53619448093489
2.5361945007198403
2.5361945125908107
2.5361945351462016
2.536194565486248
2.536194583690276
2.536194594612693
2.536194614641364
2.536194633379255
2.5361946446219896
2.5361946513676306
2.5361946554150143
2.5361946578434456
2.536194664531369
2.5361946757267257
2.53619468244394
2.5361946864742686
2.5361946888924645
2.536194693814039
2.5361946981007946
2.5361947006728482
2.5361947022160805
2.536194703574201
2.536194705431397
2.5361947065457144
2.536194707214305
2.5361947076154587
2.5361947080579568
2.5361947084662875
2.536194708711286
2.536194708858285
2.536194708946485
2.5361947090773893
2.536194709242745
2.5361947093419586
2.5361947094014865
2.536194709466096
2.536194709514969
2.5361947095442923
2.5361947095618875
2.5361947095724435
2.5361947095875412
2.5361947096031385
2.5361947096124977
2.5361947096181123
2.5361947096262245
2.5361947096348154
2.5361947096399695
2.536194709643062
2.536194709646873
2.5361947096499966
2.5361947096518707
2.5361947096529946
2.5361947096539663
2.5361947096554043
2.5361947096562676
2.5361947096567845
2.5361947096574013
2.5361947096579676
2.5361947096583064
2.5361947096585107
2.536194709658633
2.536194709658868
2.5361947096590347
2.536194709659134
2.536194709659194
2.5361947096592297
2.536194709659278
2.536194709659316
2.5361947096593376
2.536194709659352
2.53619470965936
2.53619470965937
2.536194709659377
2.5361947096593815
2.536194709659386
2.5361947096593918
2.536194709659395
2.536194709659397
2.5361947096593997
2.5361947096594024
2.5361947096594033
2.536194709659404
2.5361947096594046
2.5361947096594046
2.5361947096594055
2.5361947096594064
2.536194709659407
2.536194709659407
2.536194709659408
2.536194709659408
2.5361947096594086
2.536194709659409
2.536194709659409
2.536194709659409
2.5361947096594095
2.5361947096594095
2.5361947096594095
2.5361947096594095
2.53619470965941
2.53619470965941
2.53619470965941
2.53619470965941
2.53619470965941
2.53619470965941
2.53619470965941
2.53619470965941
2.53619470965941
2.53619470965941
2.53619470965941
2.53619470965941
2.53619470965941
2.53619470965941
2.53619470965941
