1.8552032164004602
1.8552032164004602
1.8552032164004602
1.8552032164004602
1.8552032164004602
1.8552032164004602
1.8552032164004602
1.8552032164004602
1.8552032164004602
1.8552032164004602
1.8552032164004602
1.8552032164004602
1.8552032164004602
1.8552032164004602
1.8552032164004602
1.8552032164004602
1.8552032164004602
1.8552032164004602
1.8552032164004602
1.8552032164004602
1.8552032164004602
1.8552032164004602
1.8552032164004602
1.8552032164004602
1.8552032164004602
1.8552032164004602
1.8552032164004602
1.8552032164004602
1.8552032164004602
1.8552032164004602
1.8552032164004602
1.8552032164004602
1.8552032164004602
1.8552032164004602
1.8552032164004602
1.8552032164004602
1.8552032164004602
1.8552032164004602
1.8552032164004602
1.8552032164004602
1.8552032164004602
1.8552032164004602
1.8552032164004602
1.8552032164004602
1.8552032164004602
1.8552032164004602
1.8552032164004602
1.8552032164004602
1.8552032164004602
1.8552032164004602
1.8552032164004602
1.8552032164004602
1.855204122559207
1.8552084147946997
1.8552109901358989
1.855212535340582
1.85521346246338
1.8552145672406135
1.8552155478167813
1.8552179474497723
1.8552179474497723
1.8552194578001262
1.855221169780506
1.855221169780506
1.8552216252203322
1.8552225171870391
1.8552231747736883
1.855223569325734
1.8552241054311476
1.8552242540907709
1.8552251677873182
1.8552257160053818
1.8552260449362699
1.8552265092409213
1.8552267995652976
1.855227038717964
1.855227038717964
1.8552271876195354
1.8552272862951005
1.8552273217332633
1.8552273240566928
1.8552273993440234
1.8552274357525478
1.8552274357525478
1.8552274613121886
1.8552274659228123
1.8552274696108293
1.8552274713754555
1.8552274819820602
1.8552274819820602
1.8552274826801118
1.855227484615791
1.8552274864736642
1.8552274873291
1.855227487898903
1.855227488610399
1.8552274889430274
1.855227489157058
1.8552274894098038
1.8552274894954435
1.85522748977998
1.8552274898536172
1.8552274899449177
1.85522749004016
1.855227490097306
1.855227490131594
1.8552274901732004
1.8552274901732004
1.8552274901732004
1.8552274901899433
1.8552274902042916
1.8552274902203396
1.8552274902262362
1.855227490233099
1.8552274902413535
1.8552274902431631
1.8552274902463326
1.8552274902488726
1.855227490251393
1.8552274902527
1.85522749025539
1.8552274902565158
1.855227490257784
1.855227490258108
1.8552274902590722
1.8552274902592303
1.8552274902596249
1.85522749026013
1.8552274902604327
1.8552274902607395
1.855227490261108
1.8552274902615136
1.8552274902615136
1.8552274902616954
1.8552274902618089
1.8552274902618864
1.85522749026194
1.855227490262015
1.855227490262064
1.8552274902621273
1.8552274902621273
1.8552274902621273
1.8552274902621273
1.8552274902621273
1.8552274902621495
1.8552274902621495
1.8552274902621495
1.8552274902621495
1.8552274902621573
1.8552274902621633
1.8552274902621657
1.8552274902621677
1.8552274902621677
1.8552274902621677
1.8552274902621677
1.8552274902621677
1.8552274902621677
1.8552274902621677
1.8552274902621677
1.8552274902621677
1.855227490262168
1.855227490262168
1.855227490262168
1.8552274902621682
1.8552274902621682
1.8552274902621684
1.8552274902621684
1.8552274902621684
1.8552274902621686
1.8552274902621686
1.8552274902621686
1.8552274902621686
1.8552274902621686
1.8552274902621686
1.8552274902621686
1.8552274902621686
1.8552274902621686
1.8552274902621686
1.8552274902621686
1.8552274902621686
1.8552274902621686
1.8552274902621686
1.8552274902621686
1.8552274902621686
1.8552274902621686
1.8552274902621686
1.8552274902621686
1.8552274902621686
