1.4660561658634517
1.4660561658634517
1.4660561658634517
1.4660561658634517
1.4660561658634517
1.4660561658634517
1.4660561658634517
1.4660561658634517
1.4660561658634517
1.4660561658634517
1.4660561658634517
1.4660561658634517
1.4660561658634517
1.4660561658634517
1.4660561658634517
1.4660561658634517
1.4660561658634517
1.4660561658634517
1.4660561658634517
1.4660561658634517
1.4660561658634517
1.4660561658634517
1.4660561658634517
1.4660561658634517
1.4660561658634517
1.4660561658634517
1.4660561658634517
1.4660561658634517
1.4660561658634517
1.4660561658634517
1.4660561658634517
1.4660561658634517
1.4660561658634517
1.4660561658634517
1.4660561658634517
1.4660561658634517
1.4660561658634517
1.4660561658634517
1.4660561658634517
1.4660561658634517
1.4660561658634517
1.4660561658634517
1.4660561658634517
1.4660561658634517
1.4660561658634517
1.4660561658634517
1.4660561658634517
1.4660561658634517
1.4660561658634517
1.4660614168482815
1.4660668337186233
1.4660668337186233
1.4660668337186233
1.4660750573165444
1.4660750573165444
1.4660750573165444
1.4660785521175697
1.4660785521175697
1.4660799559744102
1.466081803628539
1.4660829122226868
1.4660852173139733
1.4660877474563216
1.466088417965867
1.4660900966468071
1.4660910913583873
1.4660924086977833
1.4660931991024073
1.4660937715517135
1.4660939840724947
1.4660942632691756
1.4660945136821417
1.4660949720181067
1.4660949720181067
1.466095363041991
1.4660954938837107
1.4660956566927947
1.4660957308519063
1.4660958194257654
1.4660958885510225
1.4660959300261789
1.4660959724169267
1.4660959919248768
1.4660960069572393
1.4660960159766572
1.46609603227975
1.4660960325546755
1.466096038262505
1.466096043807816
1.4660960477236726
1.466096050418555
1.466096050418555
1.466096050418555
1.4660960519285449
1.4660960519285449
1.4660960519285449
1.4660960520936432
1.4660960523599684
1.466096052567608
1.4660960527832523
1.4660960530296439
1.4660960530446934
1.4660960531377585
1.466096053238246
1.4660960532985388
1.466096053334714
1.466096053365624
1.466096053396031
1.4660960534200689
1.4660960534564416
1.4660960534611176
1.4660960534864877
1.466096053489533
1.466096053496605
1.4660960535036416
1.4660960535116518
1.4660960535204222
1.4660960535290242
1.466096053534656
1.4660960535380358
1.4660960535400633
1.4660960535412797
1.46609605354201
1.4660960535452814
1.466096053548562
1.4660960535505423
1.4660960535517509
1.4660960535524763
1.4660960535529117
1.466096053554406
1.4660960535555658
1.4660960535562617
1.4660960535566792
1.466096053557139
1.4660960535575476
1.4660960535577925
1.4660960535579395
1.4660960535580367
1.4660960535582317
1.4660960535583492
1.4660960535584195
1.466096053558462
1.4660960535584875
1.4660960535585026
1.4660960535585275
1.4660960535585552
1.4660960535585719
1.466096053558582
1.466096053558588
1.4660960535585967
1.4660960535586025
1.4660960535586063
1.466096053558608
1.4660960535586123
1.4660960535586152
1.4660960535586165
1.4660960535586183
1.4660960535586198
1.4660960535586207
1.4660960535586214
1.466096053558622
1.4660960535586225
1.466096053558623
1.4660960535586232
1.4660960535586234
1.4660960535586236
1.4660960535586238
1.4660960535586238
1.466096053558624
1.466096053558624
1.466096053558624
1.466096053558624
1.466096053558624
1.466096053558624
1.466096053558624
1.466096053558624
1.466096053558624
1.466096053558624
1.466096053558624
1.466096053558624
1.466096053558624
1.466096053558624
1.466096053558624
1.466096053558624
1.466096053558624
