1.4300060931819005
1.4300060931819005
1.4300060931819005
1.4300060931819005
1.4300060931819005
1.4300060931819005
1.4300060931819005
1.4300060931819005
1.4300060931819005
1.4300060931819005
1.4300060931819005
1.4300060931819005
1.4300060931819005
1.4300060931819005
1.4300060931819005
1.4300060931819005
1.4300060931819005
1.4300060931819005
1.4300060931819005
1.4300060931819005
1.4300060931819005
1.4300060931819005
1.4300060931819005
1.4300060931819005
1.4300060931819005
1.4300060931819005
1.4300060931819005
1.4300060931819005
1.4300060931819005
1.4300060931819005
1.4300060931819005
1.4300060931819005
1.4300060931819005
1.4300060931819005
1.4300060931819005
1.4300060931819005
1.4300060931819005
1.4300060931819005
1.4300060931819005
1.4300060931819005
1.4300060931819005
1.4300060931819005
1.4300060931819005
1.4300060931819005
1.4300060931819005
1.4300060931819005
1.4300060931819005
1.4300060931819005
1.4300083341653145
1.4300083341653145
1.4300083341653145
1.4300083341653145
1.4300083341653145
1.4300083341653145
1.4300083341653145
1.4300086167815866
1.4300120814652706
1.4300144974850753
1.430015052229715
1.4300165582989406
1.4300177492966604
1.4300182993349693
1.4300196992082173
1.4300196999022206
1.4300202819418906
1.4300207544314951
1.430020955007594
1.430021312808989
1.4300217812662188
1.4300220623406732
1.4300222309853878
1.430022346657583
1.4300225901168988
1.4300226672036864
1.4300227460600357
1.430022814269059
1.4300229190765277
1.430022989171827
1.4300230312290085
1.4300230564633178
1.4300230924932023
1.4300231259099105
1.43002315101368
1.4300231658950893
1.4300231770800802
1.430023188325182
1.4300231950722424
1.4300231991204793
1.4300232025156117
1.4300232064050635
1.430023209555839
1.4300232127524257
1.430023213166494
1.4300232139121465
1.4300232145112355
1.4300232164203088
1.4300232168491305
1.4300232170913105
1.4300232174448526
1.430023217624965
1.4300232178288148
1.4300232179929258
1.4300232180928654
1.4300232181239831
1.430023218266001
1.4300232183111703
1.430023218380225
1.4300232183972375
1.4300232184362938
1.4300232184683128
1.4300232184825046
1.4300232184898423
1.4300232184953046
1.4300232185151993
1.4300232185173207
1.4300232185226767
1.4300232185307848
1.4300232185358117
1.4300232185363684
1.4300232185363684
1.4300232185393138
1.4300232185397543
1.4300232185398696
1.4300232185404034
1.4300232185406683
1.4300232185411017
1.4300232185417103
1.4300232185419948
1.4300232185421122
1.4300232185421122
1.430023218542212
1.4300232185422619
1.4300232185423503
1.4300232185423503
1.4300232185423503
1.4300232185423543
1.4300232185423827
1.430023218542409
1.4300232185424115
1.4300232185424278
1.4300232185424366
1.4300232185424377
1.4300232185424417
1.430023218542446
1.430023218542448
1.4300232185424508
1.4300232185424553
1.4300232185424562
1.4300232185424586
1.4300232185424597
1.43002321854246
1.4300232185424613
1.4300232185424617
1.4300232185424622
1.4300232185424626
1.430023218542463
1.430023218542463
1.4300232185424635
1.430023218542464
1.430023218542464
1.430023218542464
1.430023218542464
1.430023218542464
1.430023218542464
1.430023218542464
1.430023218542464
1.430023218542464
1.430023218542464
1.430023218542464
1.430023218542464
1.430023218542464
1.430023218542464
1.430023218542464
1.430023218542464
1.430023218542464
1.430023218542464
1.430023218542464
1.430023218542464
1.430023218542464
1.430023218542464
1.430023218542464
1.430023218542464
1.430023218542464
1.430023218542464
1.430023218542464
