1.7180012033888303
1.7180012033888303
1.7180012033888303
1.7180012033888303
1.7180012033888303
1.7180012033888303
1.7180012033888303
1.7180012033888303
1.7180012033888303
1.7180012033888303
1.7180012033888303
1.7180012033888303
1.7180012033888303
1.7180012033888303
1.7180012033888303
1.7180012033888303
1.7180012033888303
1.7180012033888303
1.7180012033888303
1.7180012033888303
1.7180012033888303
1.7180012033888303
1.7180012033888303
1.7180012033888303
1.7180012033888303
1.7180012033888303
1.7180012033888303
1.7180012033888303
1.7180012033888303
1.7180012033888303
1.7180012033888303
1.7180012033888303
1.7180012033888303
1.7180012033888303
1.7180012033888303
1.7180012033888303
1.7180012033888303
1.7180012033888303
1.7180012033888303
1.7180012033888303
1.7180012033888303
1.7180012033888303
1.7180012033888303
1.7180012033888303
1.7180012033888303
1.7180096510392064
1.7180096510392064
1.7180096510392064
1.7180096510392064
1.7180096510392064
1.7180123680336223
1.7180161895296477
1.7180161895296477
1.7180200282301998
1.7180200282301998
1.7180200282301998
1.7180200282301998
1.7180200282301998
1.7180200282301998
1.7180200282301998
1.7180221254138344
1.71802454808111
1.7180247483803954
1.71802580053611
1.7180278571954937
1.7180293630293422
1.7180304749684108
1.7180311108492028
1.7180323515328135
1.718033247313872
1.7180337847827427
1.7180343459559833
1.7180348481911707
1.718035151833872
1.7180353610814467
1.71803548848909
1.7180355970615346
1.7180357147972787
1.7180358281680566
1.7180358961905264
1.7180359370040088
1.718035979008104
1.7180360252506055
1.7180360568313133
1.7180360833278452
1.7180360999718065
1.71803611683311
1.7180361270797093
1.7180361371714614
1.7180361445822367
1.7180361490287017
1.7180361532777488
1.7180361568302192
1.7180361589617015
1.7180361600085634
1.7180361607948509
1.7180361621898028
1.718036162825356
1.7180361632174705
1.7180361635748616
1.7180361640089459
1.7180361642937798
1.718036164464679
1.7180361645672195
1.7180361647443188
1.718036164944307
1.7180361651310623
1.718036165180877
1.7180361653024736
1.7180361653072282
1.7180361653696121
1.71803616538462
1.7180361654173335
1.7180361654298035
1.718036165446309
1.7180361654554273
1.7180361654562852
1.718036165471969
1.718036165471969
1.718036165471969
1.7180361654727818
1.7180361654791083
1.7180361654791083
1.7180361654791083
1.7180361654791083
1.7180361654812608
1.7180361654824927
1.7180361654824927
1.7180361654824927
1.7180361654824927
1.7180361654829543
1.7180361654829543
1.7180361654829543
1.7180361654831182
1.7180361654831182
1.7180361654831182
1.7180361654831182
1.7180361654831182
1.7180361654831435
1.7180361654831435
1.7180361654831435
1.7180361654831435
1.7180361654831435
1.7180361654831435
1.7180361654831435
1.7180361654831435
1.718036165483145
1.718036165483145
1.718036165483145
1.718036165483145
1.718036165483145
1.7180361654831493
1.7180361654831493
1.7180361654831493
1.7180361654831493
1.7180361654831493
1.71803616548315
1.71803616548315
1.71803616548315
1.71803616548315
1.71803616548315
1.71803616548315
1.71803616548315
1.71803616548315
1.71803616548315
1.71803616548315
1.71803616548315
1.71803616548315
1.71803616548315
1.71803616548315
1.71803616548315
1.71803616548315
1.71803616548315
1.71803616548315
1.71803616548315
1.71803616548315
1.71803616548315
1.71803616548315
1.71803616548315
1.71803616548315
1.71803616548315
1.71803616548315
1.71803616548315
1.71803616548315
1.71803616548315
1.71803616548315
1.71803616548315
1.71803616548315
