1.3475696253222638
1.3475696253222638
1.3475696253222638
1.3475696253222638
1.3475696253222638
1.3475696253222638
1.3475696253222638
1.3475696253222638
1.3475696253222638
1.3475696253222638
1.3475696253222638
1.3475696253222638
1.3475696253222638
1.3475696253222638
1.3475696253222638
1.3475696253222638
1.3475696253222638
1.3475696253222638
1.3475696253222638
1.3475696253222638
1.3475696253222638
1.3475696253222638
1.3475696253222638
1.3475696253222638
1.3475696253222638
1.3475696253222638
1.3475696253222638
1.3475696253222638
1.3475696253222638
1.3475696253222638
1.3475696253222638
1.3475696253222638
1.3475696253222638
1.3475696253222638
1.3475696253222638
1.3475696253222638
1.3475696253222638
1.3475696253222638
1.3475696253222638
1.3475696253222638
1.3475696253222638
1.3475804658322805
1.3475935427619374
1.3475935427619374
1.3476123489205214
1.3476123489205214
1.3476131058246665
1.3476232717582177
1.3476232717582177
1.3476232717582177
1.3476248418986614
1.347627793294328
1.3476286882173933
1.3476306057912089
1.3476318639874614
1.3476331450169703
1.3476342345835735
1.3476356950659438
1.3476369953351341
1.3476380690414411
1.3476388906057335
1.3476392598644031
1.3476398379864587
1.3476402202514672
1.3476405454377798
1.3476406839861248
1.3476408676593037
1.3476411784866564
1.3476413827442446
1.3476415052987947
1.3476416465748724
1.3476417578538076
1.3476418249515347
1.3476418863219042
1.3476419317854296
1.3476419692165504
1.347641992359363
1.3476420115778158
1.347642033285525
1.3476420463101506
1.3476420546881769
1.3476420637437907
1.347642070576885
1.347642074847318
1.3476420774175533
1.3476420790308976
1.3476420819564572
1.3476420838186
1.347642084935886
1.3476420856062574
1.347642086014718
1.3476420872866417
1.347642088158616
1.3476420886818006
1.3476420889983223
1.347642089640224
1.3476420900568589
1.3476420903068396
1.347642090456828
1.3476420905468214
1.347642090600817
1.3476420906938595
1.347642090812531
1.3476420908837339
1.3476420909264555
1.3476420909521463
1.3476420909790525
1.3476420910079727
1.3476420910253246
1.3476420910357356
1.3476420910419826
1.3476420910457303
1.3476420910517701
1.3476420910569151
1.3476420910600082
1.3476420910618714
1.347642091063985
1.3476420910667115
1.3476420910683473
1.3476420910693288
1.3476420910699174
1.3476420910702707
1.3476420910705365
1.3476420910708753
1.3476420910710891
1.3476420910712177
1.3476420910713824
1.3476420910715063
1.3476420910715805
1.3476420910716254
1.3476420910716735
1.3476420910717153
1.34764209107174
1.3476420910717557
1.3476420910717644
1.34764209107177
1.347642091071773
1.347642091071775
1.3476420910717766
1.3476420910717795
1.3476420910717812
1.3476420910717823
1.347642091071783
1.347642091071784
1.3476420910717846
1.3476420910717852
1.3476420910717852
1.3476420910717855
1.3476420910717855
1.3476420910717855
1.3476420910717855
1.3476420910717855
1.3476420910717855
1.3476420910717857
1.3476420910717857
1.3476420910717857
1.3476420910717857
1.3476420910717857
1.3476420910717857
1.3476420910717857
1.3476420910717857
1.3476420910717857
1.3476420910717857
1.3476420910717857
1.3476420910717857
1.3476420910717857
1.3476420910717857
1.3476420910717857
1.3476420910717857
1.3476420910717857
1.3476420910717857
1.3476420910717857
1.3476420910717857
1.3476420910717857
1.3476420910717857
1.3476420910717857
1.3476420910717857
1.3476420910717857
1.3476420910717857
