2.144900248533289
2.144900248533289
2.144900248533289
2.144900248533289
2.144900248533289
2.144900248533289
2.144900248533289
2.144900248533289
2.144900248533289
2.144900248533289
2.144900248533289
2.144900248533289
2.144900248533289
2.144900248533289
2.144900248533289
2.144900248533289
2.144900248533289
2.144900248533289
2.144900248533289
2.144900248533289
2.144900248533289
2.144900248533289
2.144900248533289
2.144900248533289
2.144900248533289
2.144900248533289
2.144900248533289
2.144900248533289
2.144900248533289
2.144900248533289
2.144900248533289
2.144900248533289
2.144900248533289
2.144900248533289
2.144900248533289
2.144900248533289
2.144900248533289
2.144900248533289
2.144900248533289
2.144900248533289
2.144900248533289
2.144900248533289
2.144900248533289
2.144900248533289
2.144900248533289
2.144900248533289
2.144900248533289
2.144900248533289
2.144900248533289
2.144900248533289
2.144900248533289
2.144900248533289
2.14490047848245
2.14490047848245
2.1449127623837336
2.144913267403445
2.1449139701756383
2.144913975273317
2.144914218188069
2.1449173416712948
2.1449174683655023
2.144920504942718
2.1449223268833824
2.144923420045742
2.144924075942424
2.14492492957362
2.1449257275119678
2.1449269207167156
2.1449276366387933
2.1449280661917616
2.1449284401555104
2.144928979798472
2.1449297133909186
2.144929989974629
2.1449302978434477
2.144930730840343
2.144930991829327
2.1449314668698887
2.1449317500438942
2.14493200821182
2.144932145858122
2.1449322694835
2.144932352358496
2.1449324170737754
2.1449324503186724
2.144932495601239
2.144932539629453
2.144932566046381
2.1449326112140197
2.1449326198905707
2.1449326390456918
2.1449326419708807
2.144932651520231
2.144932657965291
2.1449326601704843
2.144932660942048
2.1449326645343456
2.1449326645343456
2.1449326676247655
2.144932668564915
2.144932669930038
2.1449326700767304
2.1449326706632523
2.1449326713108614
2.1449326719215804
2.1449326721539737
2.1449326722433364
2.144932672484303
2.144932672734885
2.144932672893356
2.1449326729542424
2.1449326730625846
2.1449326731606955
2.1449326732277663
2.144932673254998
2.144932673276259
2.144932673289016
2.1449326733424363
2.144932673369171
2.144932673397583
2.144932673413961
2.144932673431695
2.1449326734423355
2.14493267344872
2.14493267345276
2.1449326734580456
2.144932673465229
2.1449326734695395
2.144932673472125
2.1449326734754433
2.1449326734784275
2.1449326734802634
2.144932673481303
2.14493267348246
2.144932673483707
2.1449326734844543
2.1449326734844543
2.1449326734847203
2.144932673484939
2.144932673485178
2.144932673485388
2.1449326734855108
2.1449326734855854
2.1449326734856307
2.144932673485718
2.1449326734858114
2.1449326734858487
2.1449326734858927
2.1449326734859357
2.144932673485963
2.1449326734859784
2.144932673485993
2.1449326734860166
2.144932673486031
2.144932673486033
2.144932673486041
2.1449326734860485
2.144932673486054
2.144932673486057
2.1449326734860588
2.14493267348606
2.144932673486061
2.144932673486063
2.144932673486064
2.1449326734860654
2.1449326734860654
2.1449326734860663
2.144932673486067
2.144932673486067
2.144932673486067
2.144932673486067
2.144932673486067
2.144932673486067
2.144932673486067
2.144932673486067
2.144932673486067
2.144932673486067
2.144932673486067
2.144932673486067
2.144932673486067
2.144932673486067
2.144932673486067
2.144932673486067
2.144932673486067
2.144932673486067
2.144932673486067
2.144932673486067
2.144932673486067
2.144932673486067
2.144932673486067
