1.9234484033724741
1.9234484033724741
1.9234484033724741
1.9234484033724741
1.9234484033724741
1.9234484033724741
1.9234484033724741
1.9234484033724741
1.9234484033724741
1.9234484033724741
1.9234484033724741
1.9234484033724741
1.9234484033724741
1.9234484033724741
1.9234484033724741
1.9234484033724741
1.9234484033724741
1.9234484033724741
1.9234484033724741
1.9234484033724741
1.9234484033724741
1.9234484033724741
1.9234484033724741
1.9234484033724741
1.9234484033724741
1.9234484033724741
1.9234484033724741
1.9234484033724741
1.9234484033724741
1.9234484033724741
1.9234484033724741
1.9234484033724741
1.9234484033724741
1.9234484033724741
1.9234484033724741
1.9234484033724741
1.9234484033724741
1.9234484033724741
1.9234484033724741
1.9234484033724741
1.9234484033724741
1.9234484033724741
1.9234484033724741
1.9234484033724741
1.9234484033724741
1.9234484033724741
1.9234484033724741
1.9234484033724741
1.9234499848782625
1.9234499848782625
1.9234499848782625
1.9234499848782625
1.9234499848782625
1.9234499848782625
1.9234499848782625
1.9234499848782625
1.9234499848782625
1.9234499848782625
1.9234499848782625
1.9234499848782625
1.9234499848782625
1.9234499848782625
1.9234499848782625
1.9234503248237047
1.9234503248237047
1.9234503248237047
1.9234503248237047
1.9234503248237047
1.9234504021418646
1.9234509083146096
1.9234513407105784
1.9234516928328949
1.9234519067985727
1.9234530680075779
1.9234533394883508
1.9234540824235586
1.923455068145163
1.9234551175460657
1.92345626422491
1.923456400103159
1.9234569510780244
1.9234575752977565
1.9234578392431412
1.9234581068047605
1.9234582083625897
1.923458331287978
1.9234584135932695
1.9234585558115609
1.9234585910974382
1.9234586122689645
1.9234586452404605
1.9234586650955336
1.9234586770085775
1.923458715518533
1.9234587239018244
1.923458736972099
1.923458749238832
1.9234587517109525
1.9234587601888742
1.9234587671190817
1.923458771277206
1.9234587737720807
1.9234587823187177
1.923458790531468
1.9234587945745387
1.9234587965633498
1.9234587965633498
1.9234587965633498
1.9234587978303181
1.9234587978303181
1.9234587978303181
1.9234587978303181
1.9234587984126865
1.923458798861542
1.9234587991803733
1.9234587991803733
1.9234587991803733
1.9234587994519161
1.9234587995269579
1.9234587996213797
1.9234587996535237
1.9234587996771986
1.92345879969762
1.9234587997249801
1.923458799757295
1.9234587997790715
1.9234587998071084
1.9234587998245865
1.9234587998318877
1.9234587998318877
1.9234587998318877
1.9234587998382278
1.9234587998382278
1.9234587998382278
1.923458799839811
1.9234587998410477
1.9234587998417898
1.9234587998429082
1.923458799843814
1.923458799844357
1.9234587998448718
1.9234587998451134
1.9234587998453796
1.9234587998453796
1.9234587998453796
1.9234587998454964
1.9234587998454964
1.9234587998455424
1.9234587998455608
1.9234587998455839
1.9234587998455916
1.9234587998456052
1.9234587998456145
1.9234587998456283
1.9234587998456294
1.9234587998456332
1.9234587998456374
1.9234587998456425
1.923458799845648
1.9234587998456572
1.9234587998456576
1.923458799845661
1.9234587998456638
1.9234587998456638
1.9234587998456643
1.9234587998456654
1.923458799845666
1.9234587998456667
1.9234587998456671
1.9234587998456678
1.9234587998456685
1.9234587998456691
1.9234587998456696
1.9234587998456696
1.9234587998456696
1.92345879984567
1.92345879984567
1.92345879984567
1.92345879984567
1.92345879984567
1.92345879984567
1.92345879984567
1.92345879984567
1.92345879984567
1.92345879984567
1.92345879984567
1.92345879984567
1.92345879984567
1.92345879984567
1.92345879984567
1.92345879984567
1.92345879984567
1.92345879984567
1.92345879984567
1.92345879984567
1.92345879984567
