2.2874149229927005
2.2874149229927005
2.2874149229927005
2.2874149229927005
2.2874149229927005
2.2874149229927005
2.2874149229927005
2.2874149229927005
2.2874149229927005
2.2874149229927005
2.2874149229927005
2.2874149229927005
2.2874149229927005
2.2874149229927005
2.2874149229927005
2.2874149229927005
2.2874149229927005
2.2874149229927005
2.2874149229927005
2.2874149229927005
2.2874149229927005
2.2874149229927005
2.2874149229927005
2.2874149229927005
2.2874149229927005
2.2874149229927005
2.2874149229927005
2.2874149229927005
2.2874149229927005
2.2874149229927005
2.2874149229927005
2.2874149229927005
2.2874149229927005
2.2874149229927005
2.2874149229927005
2.2874149229927005
2.2874149229927005
2.2874149229927005
2.2874149229927005
2.2874149229927005
2.2874149229927005
2.2874149229927005
2.2874149229927005
2.2874149229927005
2.2874149229927005
2.2874149229927005
2.2874149229927005
2.2874149229927005
2.2874149229927005
2.2874149229927005
2.2874149229927005
2.2874149229927005
2.2874149229927005
2.2874149229927005
2.2874149229927005
2.2874169076106896
2.2874195819799525
2.2874221211328734
2.2874236446268466
2.287424558724028
2.2874261639209132
2.287428057274351
2.287428057274351
2.287428057274351
2.28742815440268
2.287428501494087
2.2874289712813414
2.2874289712813414
2.287429205390964
2.287429739507873
2.2874301208160577
2.2874302420480066
2.2874303754502296
2.2874305456440434
2.2874307506194502
2.2874309079202253
2.2874309707352887
2.287431112525009
2.287431226586543
2.287431295023466
2.287431336085621
2.287431386392008
2.2874314354978718
2.2874314737054684
2.2874314970407883
2.287431507269604
2.2874315209738185
2.287431527967834
2.2874315355943993
2.287431540245022
2.28743154429176
2.287431549053208
2.287431551910075
2.287431554077147
2.287431555491559
2.287431558755682
2.287431561048836
2.287431562424728
2.2874315632502635
2.2874315637455847
2.287431564042777
2.2874315652102326
2.287431566353466
2.2874315670394063
2.287431567450971
2.287431567737167
2.287431568018319
2.287431568018319
2.287431568018319
2.287431568130261
2.287431568130261
2.287431568130261
2.287431568155961
2.2874315681795045
2.2874315682067157
2.2874315682327344
2.2874315682483437
2.2874315682635857
2.287431568275681
2.2874315682880497
2.2874315682972743
2.2874315683032034
2.2874315683076087
2.2874315683129036
2.287431568314355
2.287431568316062
2.287431568319243
2.287431568321385
2.2874315683223996
2.287431568322568
2.287431568322568
2.2874315683236346
2.287431568324074
2.2874315683243376
2.287431568324496
2.287431568324592
2.287431568324845
2.287431568325154
2.2874315683253448
2.287431568325464
2.287431568325557
2.287431568325701
2.2874315683258093
2.287431568325874
2.287431568325965
2.287431568326031
2.2874315683260713
2.287431568326096
2.28743156832611
2.2874315683261277
2.287431568326148
2.2874315683261592
2.287431568326168
2.287431568326175
2.287431568326185
2.287431568326191
2.2874315683261957
2.2874315683261974
2.2874315683261996
2.2874315683262023
2.2874315683262045
2.2874315683262054
2.287431568326207
2.2874315683262085
2.2874315683262085
2.287431568326209
2.287431568326209
2.2874315683262094
2.2874315683262094
2.2874315683262094
2.2874315683262094
2.2874315683262094
2.2874315683262094
2.2874315683262094
2.2874315683262094
2.2874315683262094
2.2874315683262094
2.2874315683262094
2.2874315683262094
2.2874315683262094
2.2874315683262094
2.2874315683262094
2.2874315683262094
2.2874315683262094
2.2874315683262094
2.2874315683262094
