2.7060009474065745
2.7060009474065745
2.7060009474065745
2.7060009474065745
2.7060009474065745
2.7060009474065745
2.7060009474065745
2.7060009474065745
2.7060009474065745
2.7060009474065745
2.7060009474065745
2.7060009474065745
2.7060009474065745
2.7060009474065745
2.7060009474065745
2.7060009474065745
2.7060009474065745
2.7060009474065745
2.7060009474065745
2.7060009474065745
2.7060009474065745
2.7060009474065745
2.7060009474065745
2.7060009474065745
2.7060009474065745
2.7060009474065745
2.7060009474065745
2.7060009474065745
2.7060009474065745
2.7060009474065745
2.7060009474065745
2.7060009474065745
2.7060009474065745
2.7060009474065745
2.7060009474065745
2.7060009474065745
2.7073038500913666
2.7073038500913666
2.7073038500913666
2.7073038500913666
2.7073038500913666
2.7073038500913666
2.7073038500913666
2.7073038500913666
2.7073038500913666
2.7073038500913666
2.707332809726314
2.707461429054738
2.7075386027461352
2.7075386027461352
2.7075386027461352
2.7075386027461352
2.7075509645445237
2.7075509645445237
2.7075509645445237
2.7075509645445237
2.70755600815049
2.7075623620350124
2.7075690599344755
2.7075729466225438
2.7075733801203645
2.7075752026338247
2.707576296142104
2.707577969170116
2.707579450500533
2.707579668597208
2.7075821569281455
2.7075828188458555
2.7075837136861187
2.707584512557346
2.7075853375314853
2.7075859445701393
2.707586372460855
2.7075872389401683
2.7075874097730512
2.7075877716901586
2.7075881116682887
2.7075882059511183
2.7075883477434215
2.7075884328188007
2.7075886238605715
2.707588771693706
2.707588862658358
2.7075888868077356
2.707588936188952
2.7075890021993105
2.7075890433151653
2.7075890594880416
2.7075891042516154
2.707589139172237
2.707589163575796
2.707589176871567
2.707589185161751
2.7075891992026384
2.7075892078896717
2.7075892127834225
2.7075892184598396
2.707589219551231
2.707589220005462
2.7075892224854723
2.7075892245667443
2.7075892266370705
2.7075892274035707
2.7075892279109466
2.707589228290842
2.707589228518782
2.7075892288719507
2.7075892294379424
2.7075892298674127
2.7075892301417244
2.707589230439201
2.7075892306408305
2.7075892308482343
2.7075892309719376
2.7075892310053575
2.7075892310053575
2.7075892310692926
2.7075892310692926
2.7075892310692926
2.707589231085866
2.707589231102466
2.7075892311154934
2.70758923112331
2.707589231129965
2.707589231145516
2.707589231154846
2.7075892311604437
2.7075892311641407
2.707589231172472
2.707589231178574
2.7075892311822347
2.707589231184434
2.707589231185751
2.707589231189934
2.707589231193268
2.707589231195282
2.7075892311967746
2.707589231199449
2.707589231201056
2.7075892312020193
2.707589231202961
2.707589231203832
2.707589231204372
2.707589231204695
2.7075892312048886
2.707589231205189
2.7075892312054646
2.707589231205634
2.7075892312057337
2.7075892312057945
2.7075892312058314
2.707589231205854
2.7075892312058665
2.707589231205908
2.707589231205984
2.7075892312060272
2.707589231206054
2.7075892312060863
2.7075892312061183
2.707589231206141
2.707589231206153
2.7075892312061614
2.7075892312061813
2.707589231206191
2.7075892312061995
2.7075892312062027
2.7075892312062053
2.707589231206206
2.7075892312062084
2.7075892312062106
2.7075892312062106
2.7075892312062106
2.7075892312062133
2.7075892312062133
2.7075892312062133
2.7075892312062133
2.7075892312062133
2.7075892312062133
2.7075892312062133
2.7075892312062133
2.7075892312062133
2.7075892312062133
2.7075892312062133
2.7075892312062133
2.7075892312062133
2.7075892312062133
2.7075892312062133
2.7075892312062133
2.7075892312062133
2.7075892312062133
2.7075892312062133
2.7075892312062133
2.7075892312062133
