1.8764973071159599
1.8764973071159599
1.8764973071159599
1.8764973071159599
1.8764973071159599
1.8764973071159599
1.8764973071159599
1.8764973071159599
1.8764973071159599
1.8764973071159599
1.8764973071159599
1.8764973071159599
1.8764973071159599
1.8764973071159599
1.8764973071159599
1.8764973071159599
1.8764973071159599
1.8764973071159599
1.8764973071159599
1.8764973071159599
1.8764973071159599
1.8764973071159599
1.8764973071159599
1.8764973071159599
1.8764973071159599
1.8764973071159599
1.8764973071159599
1.8764973071159599
1.8764973071159599
1.8764973071159599
1.8764973071159599
1.8764973071159599
1.8764973071159599
1.8764973071159599
1.8764973071159599
1.8764973071159599
1.8764973071159599
1.8764973071159599
1.8764973071159599
1.8764973071159599
1.8764973071159599
1.8764973071159599
1.8764973071159599
1.8764973071159599
1.8764973071159599
1.8764973071159599
1.8764973071159599
1.8764973071159599
1.8764973071159599
1.8764973071159599
1.876498442703941
1.876498442703941
1.876498442703941
1.876498442703941
1.876498442703941
1.876498442703941
1.876498442703941
1.876498442703941
1.876498442703941
1.8764989535714933
1.8764989535714933
1.8764993776178616
1.8764997930524745
1.8764999621744014
1.8765005148756695
1.8765008464963888
1.8765010777577995
1.876501305249008
1.8765014417437336
1.8765015407469332
1.8765017240280186
1.8765019133010539
1.8765020317502248
1.8765020471717366
1.8765021422865646
1.8765021886311608
1.8765022697582403
1.8765022697582403
1.876502307800512
1.876502312740309
1.8765023225622783
1.876502324240832
1.876502331534479
1.87650233387671
1.8765023361150117
1.8765023417639284
1.8765023438956412
1.876502345174669
1.8765023470478837
1.8765023491859927
1.8765023509582341
1.8765023520215787
1.8765023533294973
1.8765023542250676
1.8765023553148121
1.876502356212572
1.8765023565432548
1.8765023568463788
1.8765023573518291
1.8765023575014634
1.8765023576696478
1.876502357797494
1.876502357797494
1.8765023579425946
1.8765023580428226
1.8765023581029596
1.8765023581390412
1.8765023581821472
1.8765023582750986
1.876502358336374
1.876502358373
1.8765023584166236
1.8765023584558729
1.8765023584794223
1.8765023584910931
1.876502358499978
1.87650235850541
1.8765023585144507
1.8765023585239113
1.8765023585279208
1.8765023585312148
1.8765023585329774
1.8765023585355816
1.876502358537881
1.8765023585393175
1.8765023585401996
1.8765023585424945
1.8765023585445306
1.8765023585458211
1.8765023585469947
1.8765023585479703
1.8765023585489828
1.8765023585493663
1.876502358549557
1.8765023585496863
1.8765023585497949
1.8765023585499674
1.8765023585501917
1.8765023585502956
1.8765023585503708
1.8765023585504408
1.876502358550511
1.8765023585506013
1.8765023585506573
1.8765023585506901
1.8765023585507277
1.8765023585507663
1.8765023585507912
1.8765023585508063
1.8765023585508165
1.8765023585508263
1.8765023585508382
1.8765023585508458
1.8765023585508498
1.8765023585508553
1.8765023585508644
1.8765023585508704
1.8765023585508744
1.8765023585508764
1.876502358550878
1.8765023585508798
1.876502358550883
1.8765023585508849
1.876502358550886
1.8765023585508869
1.8765023585508873
1.8765023585508893
1.876502358550891
1.876502358550892
1.8765023585508924
1.8765023585508926
1.8765023585508933
1.8765023585508933
1.8765023585508938
1.8765023585508938
1.876502358550894
1.876502358550894
1.876502358550894
