1.387949648772447
1.387949648772447
1.387949648772447
1.387949648772447
1.387949648772447
1.387949648772447
1.387949648772447
1.387949648772447
1.387949648772447
1.387949648772447
1.387949648772447
1.387949648772447
1.387949648772447
1.387949648772447
1.387949648772447
1.387949648772447
1.387949648772447
1.387949648772447
1.387949648772447
1.387949648772447
1.387949648772447
1.387949648772447
1.387949648772447
1.387949648772447
1.387949648772447
1.387949648772447
1.387949648772447
1.387949648772447
1.387949648772447
1.387949648772447
1.387949648772447
1.387949648772447
1.387949648772447
1.387949648772447
1.387949648772447
1.387949648772447
1.387949648772447
1.387949648772447
1.387949648772447
1.387949648772447
1.387949648772447
1.387949648772447
1.387949648772447
1.387949648772447
1.387949648772447
1.387949648772447
1.387949648772447
1.387949648772447
1.387949648772447
1.387949648772447
1.387949648772447
1.387949648772447
1.387949648772447
1.387949648772447
1.387949648772447
1.387949648772447
1.387949648772447
1.3879502396960846
1.3879502396960846
1.3879504207405318
1.3879525774899903
1.3879629408895702
1.3879691589203098
1.3879730018683754
1.3879801723258391
1.3879834566470972
1.3879871075997194
1.3879889603564124
1.3879901050683894
1.3879920368202228
1.3879931678524395
1.3879937083481022
1.3879947005191868
1.3879953946211279
1.387995810867743
1.387996060735986
1.3879964789655592
1.387996912649534
1.3879971728598952
1.3879973289861038
1.387997426382547
1.3879977193077255
1.3879979164077407
1.3879980393006046
1.387998114369623
1.3879981594110369
1.3879981864358824
1.3879982436704026
1.3879983267629088
1.387998376618411
1.387998406531714
1.3879984277056159
1.3879984675983752
1.3879984952645708
1.3879985118642861
1.3879985218241169
1.3879985319545978
1.3879985497847138
1.3879985604827827
1.3879985669016233
1.387998570752929
1.3879985789777107
1.3879985847056802
1.3879985881424615
1.3879985907642494
1.3879985940940893
1.3879985960919927
1.3879985972907343
1.3879985980099805
1.3879985991335733
1.3879986000393734
1.3879986005828553
1.3879986009089411
1.3879986011045962
1.387998601345111
1.387998601555486
1.3879986016817105
1.387998601757443
1.3879986018495374
1.3879986020007113
1.3879986020914177
1.3879986021458408
1.387998602216227
1.3879986023014812
1.3879986023526325
1.3879986023833226
1.3879986024017394
1.3879986024399
1.3879986024666893
1.3879986024827657
1.3879986024924098
1.387998602498197
1.3879986025067976
1.3879986025159725
1.3879986025214786
1.3879986025247808
1.387998602526764
1.387998602527993
1.3879986025299968
1.3879986025311983
1.3879986025319209
1.387998602532418
1.387998602533351
1.387998602533912
1.3879986025342492
1.3879986025344508
1.3879986025345714
1.3879986025347335
1.3879986025348574
1.387998602534931
1.387998602534975
1.387998602535031
1.3879986025351017
1.387998602535146
1.3879986025351725
1.3879986025352022
1.38799860253523
1.3879986025352467
1.3879986025352573
1.3879986025352649
1.3879986025352682
1.3879986025352777
1.387998602535285
1.3879986025352877
1.387998602535289
1.3879986025352908
1.3879986025352948
1.3879986025352966
1.3879986025352993
1.3879986025352993
1.3879986025353008
1.3879986025353024
1.3879986025353026
1.3879986025353042
1.3879986025353042
1.387998602535306
1.387998602535306
1.387998602535306
1.387998602535306
1.387998602535306
1.387998602535306
1.387998602535306
1.387998602535306
1.387998602535306
1.387998602535306
1.387998602535306
1.387998602535306
1.387998602535306
1.387998602535306
1.387998602535306
1.387998602535306
1.387998602535306
1.387998602535306
1.387998602535306
1.387998602535306
1.387998602535306
1.387998602535306
1.387998602535306
