1.282155754124314
1.282155754124314
1.282155754124314
1.282155754124314
1.282155754124314
1.282155754124314
1.282155754124314
1.282155754124314
1.282155754124314
1.282155754124314
1.282155754124314
1.282155754124314
1.282155754124314
1.282155754124314
1.282155754124314
1.282155754124314
1.282155754124314
1.282155754124314
1.282155754124314
1.282155754124314
1.282155754124314
1.282155754124314
1.282155754124314
1.282155754124314
1.282155754124314
1.282155754124314
1.282155754124314
1.282155754124314
1.282155754124314
1.282155754124314
1.282155754124314
1.282155754124314
1.282155754124314
1.282155754124314
1.282155754124314
1.282155754124314
1.282155754124314
1.282155754124314
1.282155754124314
1.282155754124314
1.282155754124314
1.282155754124314
1.282155754124314
1.282155754124314
1.282155754124314
1.282155754124314
1.282155754124314
1.282155754124314
1.282155754124314
1.282155754124314
1.282155754124314
1.282155754124314
1.282155754124314
1.2821582773614895
1.2821582773614895
1.2821582773614895
1.2821594207751552
1.2821596683221146
1.282160723918276
1.28216135727515
1.2821617476071308
1.2821637791551128
1.2821651951825752
1.282166266119276
1.2821669480530085
1.2821678468734474
1.2821683861660378
1.2821690465678781
1.2821693787249524
1.2821696601068604
1.2821699756915224
1.2821700403395673
1.2821701800133756
1.2821703531965623
1.2821703673953562
1.282170424246233
1.2821705021757857
1.28217050884927
1.2821705442694227
1.2821705791452296
1.2821705873027094
1.2821706067833563
1.282170619145213
1.2821706265623274
1.2821706310125958
1.2821706353218982
1.2821706387477012
1.2821706434017899
1.2821706473510237
1.2821706498029313
1.2821706509211086
1.2821706509211086
1.282170652210162
1.2821706527294292
1.2821706529079517
1.2821706530150652
1.2821706534010326
1.2821706539396762
1.2821706543261486
1.2821706545526788
1.2821706545526788
1.2821706546629394
1.2821706547794152
1.2821706549377927
1.2821706550430219
1.2821706551157552
1.2821706551684044
1.2821706552588974
1.2821706553350487
1.2821706553837655
1.2821706554223837
1.2821706554593604
1.2821706554906847
1.2821706555166783
1.2821706555355317
1.2821706555527175
1.2821706555648247
1.2821706555720889
1.2821706555766632
1.2821706555799222
1.282170655584656
1.2821706555886874
1.2821706555911063
1.2821706555925578
1.2821706555934287
1.2821706555949774
1.2821706555964474
1.282170655597336
1.2821706555978927
1.2821706555985124
1.2821706555996188
1.2821706556002832
1.2821706556006816
1.2821706556009256
1.2821706556013688
1.2821706556016401
1.2821706556018062
1.2821706556019061
1.282170655602061
1.2821706556021701
1.2821706556022356
1.2821706556022747
1.2821706556022985
1.2821706556023504
1.2821706556023826
1.282170655602402
1.2821706556024137
1.2821706556024208
1.2821706556024255
1.2821706556024375
1.2821706556024444
1.2821706556024488
1.2821706556024546
1.28217065560246
1.2821706556024632
1.2821706556024652
1.2821706556024663
1.2821706556024672
1.2821706556024675
1.2821706556024683
1.2821706556024695
1.2821706556024703
1.2821706556024708
1.2821706556024712
1.2821706556024717
1.2821706556024721
1.2821706556024723
1.2821706556024728
1.2821706556024728
1.2821706556024728
1.282170655602473
1.282170655602473
1.282170655602473
1.282170655602473
1.282170655602473
1.282170655602473
1.282170655602473
1.282170655602473
1.282170655602473
1.282170655602473
1.282170655602473
1.282170655602473
