1.8680069688846652
1.8680069688846652
1.8680069688846652
1.8680069688846652
1.8680069688846652
1.8680069688846652
1.8680069688846652
1.8680069688846652
1.8680069688846652
1.8680069688846652
1.8680069688846652
1.8680069688846652
1.8680069688846652
1.8680069688846652
1.8680069688846652
1.8680069688846652
1.8680069688846652
1.8680069688846652
1.8680069688846652
1.8680069688846652
1.8680069688846652
1.8680069688846652
1.8680069688846652
1.8680069688846652
1.8680069688846652
1.8680069688846652
1.8680069688846652
1.8680069688846652
1.8680069688846652
1.8680069688846652
1.8680069688846652
1.8680069688846652
1.8680069688846652
1.8680069688846652
1.8680069688846652
1.8680069688846652
1.8680069688846652
1.8680069688846652
1.8680069688846652
1.8680069688846652
1.8680069688846652
1.8680069688846652
1.8681900821390733
1.8681900821390733
1.8681900821390733
1.8681900821390733
1.8682739828131594
1.8682739828131594
1.8682739828131594
1.8682739828131594
1.8682997514336186
1.8683020169676248
1.8683109323520413
1.8683248478819774
1.8683331972581168
1.8683394756524856
1.868343243894934
1.8683497844920314
1.868353084440251
1.8683554248411554
1.86835686843805
1.868358219001968
1.8683600171981345
1.8683606530950132
1.8683617888524844
1.8683626760953775
1.8683626760953775
1.8683635846482378
1.868364116272675
1.868364435247428
1.8683646266323126
1.868364741463255
1.8683648103618247
1.8683648728605318
1.8683650008773853
1.8683651073667567
1.8683651749453416
1.8683652154924941
1.8683652398207862
1.8683652590688162
1.86836527544823
1.8683653010742427
1.8683653172638084
1.8683653269775484
1.8683653328057919
1.868365338845168
1.8683653490261127
1.8683653555075532
1.868365359431212
1.8683653632252208
1.8683653673764888
1.8683653698672504
1.8683653717456248
1.8683653737921635
1.8683653751490064
1.8683653759631123
1.8683653764515757
1.8683653768798651
1.8683653775965885
1.8683653780266225
1.868365378284643
1.8683653784394552
1.8683653786430223
1.8683653788642658
1.8683653789970118
1.86836537907666
1.868365379127781
1.8683653792276436
1.8683653792899946
1.868365379327405
1.8683653793498882
1.8683653793864907
1.8683653794115052
1.8683653794265138
1.8683653794355184
1.868365379440922
1.8683653794469997
1.8683653794602937
1.8683653794682702
1.8683653794730555
1.8683653794810853
1.8683653794882706
1.8683653794925814
1.8683653794951685
1.8683653794971975
1.8683653794994288
1.8683653795007675
1.8683653795015709
1.8683653795020527
1.8683653795026656
1.8683653795030706
1.8683653795033142
1.8683653795034603
1.8683653795035475
1.8683653795036388
1.8683653795037254
1.8683653795037773
1.8683653795038087
1.8683653795038366
1.8683653795038804
1.8683653795039064
1.868365379503922
1.8683653795039314
1.8683653795039368
1.8683653795039403
1.8683653795039472
1.8683653795039572
1.8683653795039632
1.868365379503968
1.8683653795039747
1.8683653795039787
1.8683653795039812
1.8683653795039827
1.8683653795039834
1.8683653795039847
1.8683653795039863
1.8683653795039874
1.8683653795039883
1.8683653795039892
1.86836537950399
1.8683653795039907
1.868365379503991
1.8683653795039912
1.8683653795039912
1.8683653795039914
1.8683653795039918
1.8683653795039918
1.868365379503992
1.8683653795039925
1.8683653795039925
1.8683653795039925
1.8683653795039927
1.868365379503993
1.868365379503993
1.868365379503993
1.8683653795039934
1.8683653795039934
1.8683653795039934
1.8683653795039934
1.8683653795039936
1.8683653795039936
1.8683653795039936
1.868365379503994
1.868365379503994
1.8683653795039943
1.8683653795039943
