2.022801683833691
2.022801683833691
2.022801683833691
2.022801683833691
2.022801683833691
2.022801683833691
2.022801683833691
2.022801683833691
2.022801683833691
2.022801683833691
2.022801683833691
2.022801683833691
2.022801683833691
2.022801683833691
2.022801683833691
2.022801683833691
2.022801683833691
2.022801683833691
2.022801683833691
2.022801683833691
2.022801683833691
2.022801683833691
2.022801683833691
2.022801683833691
2.022801683833691
2.022801683833691
2.022801683833691
2.022801683833691
2.022801683833691
2.022801683833691
2.022801683833691
2.022801683833691
2.022801683833691
2.022801683833691
2.022801683833691
2.022801683833691
2.022801683833691
2.022801683833691
2.022801683833691
2.022801683833691
2.022801683833691
2.022801683833691
2.022801683833691
2.022801683833691
2.022801683833691
2.022801683833691
2.022801683833691
2.022801683833691
2.022801683833691
2.022801683833691
2.022801683833691
2.022801683833691
2.0228171830409023
2.0228171830409023
2.022826977480017
2.022836908175738
2.022841340815478
2.0228614197124655
2.0228614197124655
2.0228643921172376
2.02287530993975
2.0228834284728894
2.0228901498151943
2.0228947102408625
2.022898081697573
2.0228999948619055
2.0229011427621617
2.022903364467602
2.0229046453302906
2.022905823510182
2.022906674587674
2.0229071852342804
2.022908170326281
2.022908240786465
2.0229086675752646
2.0229088630179133
2.0229089634042055
2.0229090971622306
2.022909115182991
2.02290912599544
2.0229092376575415
2.022909514946426
2.0229096465680314
2.022909754926386
2.0229098001204235
2.0229098391262808
2.0229099600560048
2.0229099600560048
2.022909998636152
2.022910053749486
2.022910069925577
2.022910069925577
2.022910099859893
2.022910103388382
2.0229101037030195
2.0229101063230868
2.0229101078951333
2.022910108977178
2.022910113669958
2.0229101209883398
2.0229101216204857
2.0229101216204857
2.0229101216204857
2.0229101222778705
2.022910122552436
2.022910122552436
2.022910122552436
2.0229101226115525
2.0229101230442
2.0229101234374953
2.0229101234374953
2.0229101234374953
2.0229101234374953
2.0229101234374953
2.0229101234374953
2.0229101234374953
2.0229101234374953
2.0229101234374953
2.0229101234374953
2.022910123490991
2.0229101235057083
2.0229101235057083
2.0229101235057083
2.0229101235083276
2.0229101235099876
2.0229101235099876
2.0229101235099876
2.0229101235106492
2.0229101235135403
2.0229101235135403
2.022910123514345
2.0229101235150657
2.0229101235155547
2.0229101235155547
2.022910123516084
2.022910123516086
2.022910123516334
2.0229101235164113
2.0229101235165454
2.0229101235165454
2.022910123516645
2.022910123516645
2.022910123516645
2.022910123516658
2.0229101235166858
2.0229101235166858
2.0229101235166858
2.0229101235166858
2.022910123516695
2.022910123516695
2.022910123516695
2.0229101235167017
2.0229101235167066
2.0229101235167066
2.0229101235167066
2.0229101235167084
2.0229101235167084
2.0229101235167084
2.022910123516709
2.0229101235167133
2.0229101235167133
2.0229101235167137
2.0229101235167137
2.0229101235167137
2.0229101235167137
2.0229101235167137
2.0229101235167137
2.0229101235167137
2.0229101235167137
2.0229101235167137
2.0229101235167137
2.0229101235167137
2.0229101235167137
2.0229101235167137
2.0229101235167137
2.0229101235167137
2.0229101235167137
2.0229101235167137
2.0229101235167137
2.0229101235167137
2.0229101235167137
2.0229101235167137
2.0229101235167137
2.0229101235167137
2.0229101235167137
2.0229101235167137
2.0229101235167137
2.0229101235167137
2.0229101235167137
2.0229101235167137
2.0229101235167137
2.0229101235167137
