2.4947700125044654
2.4947700125044654
2.4947700125044654
2.4947700125044654
2.4947700125044654
2.4947700125044654
2.4947700125044654
2.4947700125044654
2.4947700125044654
2.4947700125044654
2.4947700125044654
2.4947700125044654
2.4947700125044654
2.4947700125044654
2.4947700125044654
2.4947700125044654
2.4947700125044654
2.4947700125044654
2.4947700125044654
2.4947700125044654
2.4947700125044654
2.4947700125044654
2.4947700125044654
2.4947700125044654
2.4947700125044654
2.4947700125044654
2.4947700125044654
2.4947700125044654
2.4947700125044654
2.4947700125044654
2.4947700125044654
2.4947700125044654
2.4947700125044654
2.4947700125044654
2.4947700125044654
2.4947700125044654
2.4947700125044654
2.4947700125044654
2.4947700125044654
2.4947700125044654
2.4947700125044654
2.4947700125044654
2.4947700125044654
2.4947700125044654
2.4947700125044654
2.4947700125044654
2.4947700125044654
2.4947700125044654
2.4947700125044654
2.4947700125044654
2.4947700125044654
2.4947700125044654
2.4947700125044654
2.4947700125044654
2.4947700125044654
2.4947706699266985
2.4947706699266985
2.494773241788074
2.494775074403592
2.494775074403592
2.494775074403592
2.494775074403592
2.494775555062075
2.494775886668699
2.4947763738796005
2.494776767116024
2.4947770493542714
2.494777395699025
2.494777735418964
2.494778060262711
2.4947782726870673
2.494778431910739
2.494778528085762
2.494778653281007
2.4947787862139927
2.494778865973786
2.4947789472417594
2.4947790145505424
2.4947791082227715
2.4947791529171353
2.4947791804402724
2.494779216179541
2.494779216179541
2.494779246782754
2.494779252585889
2.494779260345085
2.4947792666206365
2.494779272156304
2.4947792754902123
2.4947792776993256
2.4947792814942136
2.494779283528189
2.4947792853108184
2.4947792853108184
2.494779285661693
2.4947792863238702
2.4947792867341914
2.494779286862077
2.494779287076855
2.494779287107007
2.494779287265538
2.494779287448355
2.494779287462327
2.494779287583325
2.4947792876293304
2.4947792876733352
2.4947792877026673
2.494779287720204
2.4947792877487913
2.494779287776696
2.4947792877890493
2.4947792877890493
2.494779287803695
2.494779287812307
2.4947792878202004
2.494779287822984
2.494779287826772
2.4947792878291954
2.494779287833971
2.4947792878369754
2.4947792878387784
2.4947792878398602
2.4947792878417103
2.494779287843399
2.4947792878446235
2.4947792878452653
2.4947792878460318
2.494779287846637
2.4947792878470407
2.4947792878472743
2.494779287847414
2.4947792878476167
2.494779287847802
2.4947792878479085
2.494779287847982
2.4947792878480706
2.4947792878481256
2.4947792878481634
2.494779287848188
2.4947792878482025
2.494779287848214
2.4947792878482336
2.4947792878482518
2.49477928784826
2.494779287848267
2.4947792878482673
2.4947792878482677
2.49477928784827
2.4947792878482717
2.4947792878482717
2.4947792878482717
2.4947792878482717
2.494779287848272
2.494779287848272
2.494779287848272
2.494779287848272
2.4947792878482726
2.4947792878482726
2.4947792878482726
2.4947792878482726
2.4947792878482726
2.4947792878482726
2.4947792878482726
2.4947792878482726
2.4947792878482726
2.4947792878482726
2.4947792878482726
2.4947792878482726
2.4947792878482726
2.4947792878482726
2.4947792878482726
2.4947792878482726
2.4947792878482726
2.4947792878482726
2.4947792878482726
2.4947792878482726
2.4947792878482726
2.4947792878482726
2.4947792878482726
2.4947792878482726
2.4947792878482726
2.4947792878482726
2.4947792878482726
