1.586734217233577
1.586734217233577
1.586734217233577
1.586734217233577
1.586734217233577
1.586734217233577
1.586734217233577
1.586734217233577
1.586734217233577
1.586734217233577
1.586734217233577
1.586734217233577
1.586734217233577
1.586734217233577
1.586734217233577
1.586734217233577
1.586734217233577
1.586734217233577
1.586734217233577
1.586734217233577
1.586734217233577
1.586734217233577
1.586734217233577
1.586734217233577
1.586734217233577
1.586734217233577
1.586734217233577
1.586734217233577
1.586734217233577
1.586734217233577
1.586734217233577
1.586734217233577
1.586734217233577
1.586734217233577
1.586734217233577
1.586734217233577
1.586734217233577
1.586734217233577
1.586734217233577
1.586734217233577
1.586734217233577
1.586734217233577
1.586734217233577
1.586734217233577
1.586734217233577
1.586734217233577
1.586734217233577
1.586734217233577
1.586734217233577
1.586734217233577
1.586734217233577
1.586734217233577
1.586734217233577
1.586734217233577
1.586734217233577
1.586734217233577
1.586734217233577
1.5867364251832314
1.5867364251832314
1.5867370331533657
1.5867370331533657
1.5867370331533657
1.5867374053052707
1.586737710294781
1.5867383021883996
1.5867383021883996
1.5867383914849778
1.5867386799807952
1.5867388652792809
1.586739153337006
1.5867395876559431
1.5867397444883742
1.586740001807093
1.5867402448277572
1.5867404709202946
1.586740606575822
1.5867406879691404
1.5867407368051316
1.5867408371466731
1.5867409101088275
1.586740969902979
1.5867410057794702
1.5867410387418153
1.5867410586903647
1.5867410798482584
1.5867410798482584
1.5867410816318281
1.5867410986072115
1.5867410986072115
1.5867411049038151
1.5867411120101678
1.586741114597306
1.5867411159049092
1.5867411182756972
1.5867411198754575
1.5867411205913133
1.5867411211271998
1.5867411214487317
1.5867411216416507
1.5867411217574026
1.5867411218268532
1.586741121868524
1.586741121893526
1.586741121937435
1.586741121937435
1.5867411219473726
1.5867411219566598
1.5867411220311411
1.5867411220476324
1.5867411220476324
1.5867411220489465
1.5867411220704721
1.5867411220739278
1.5867411220796317
1.5867411220830538
1.5867411220851069
1.5867411220863388
1.5867411220941845
1.5867411220941845
1.5867411220941845
1.5867411220943184
1.5867411220943184
1.5867411220943184
1.5867411220943184
1.5867411220943184
1.5867411220943184
1.586741122094984
1.5867411220949887
1.5867411220949887
1.5867411220951437
1.5867411220951437
1.5867411220953391
1.5867411220953391
1.5867411220953391
1.5867411220953582
1.5867411220953582
1.5867411220953582
1.5867411220954224
1.5867411220954224
1.586741122095454
1.5867411220954668
1.5867411220954912
1.5867411220955172
1.5867411220955687
1.5867411220955947
1.5867411220956222
1.5867411220956273
1.5867411220956518
1.5867411220956882
1.5867411220957044
1.5867411220957233
1.5867411220957348
1.586741122095748
1.586741122095756
1.586741122095762
1.586741122095769
1.5867411220957757
1.586741122095781
1.5867411220957834
1.5867411220957854
1.5867411220957868
1.5867411220957868
1.5867411220957897
1.5867411220957908
1.5867411220957914
1.5867411220957925
1.5867411220957934
1.5867411220957939
1.5867411220957939
1.586741122095794
1.5867411220957945
1.5867411220957948
1.5867411220957948
1.5867411220957948
1.5867411220957948
1.5867411220957948
1.5867411220957948
1.5867411220957948
1.5867411220957948
1.5867411220957948
1.5867411220957948
1.5867411220957948
1.5867411220957948
1.5867411220957948
1.5867411220957948
1.5867411220957948
1.5867411220957948
