6.6826029185829015
6.6826029185829015
6.6826029185829015
6.6826029185829015
6.6826029185829015
6.6826029185829015
6.6826029185829015
6.6826029185829015
6.6826029185829015
6.6826029185829015
6.6826029185829015
6.6826029185829015
6.6826029185829015
6.6826029185829015
6.6826029185829015
6.6826029185829015
6.6826029185829015
6.6826029185829015
6.6826029185829015
6.6826029185829015
6.6826029185829015
6.6826029185829015
6.6826029185829015
6.6826029185829015
6.6826029185829015
6.6826029185829015
6.6826029185829015
6.6826029185829015
6.6826029185829015
6.6826029185829015
6.6826029185829015
6.6826029185829015
6.6826029185829015
6.6826029185829015
6.6826029185829015
6.6826029185829015
6.6826029185829015
6.6826029185829015
6.6826029185829015
6.6826029185829015
6.6826029185829015
6.6826029185829015
6.6826029185829015
6.6826029185829015
6.6826029185829015
6.6826029185829015
6.6826029185829015
6.6826029185829015
6.6826029185829015
6.6826029185829015
6.6826029185829015
6.6826029185829015
6.6826029185829015
6.6826029185829015
6.6826029185829015
6.682605426915537
6.682605426915537
6.682605426915537
6.682605426915537
6.682606359865257
6.682606715095122
6.682606715095122
6.682606715095122
6.682606715095122
6.682607413084759
6.682609224489201
6.682611955124112
6.682613796736689
6.682614901704356
6.682617249496483
6.6826194863059465
6.682620375116624
6.682622783585477
6.682623888727196
6.682624748093609
6.682625366824515
6.682625693320118
6.682625698297307
6.682626233432981
6.682626233432981
6.682626376304537
6.682626524060533
6.68262661271413
6.682626766349449
6.682626766349449
6.682626805002122
6.682626832689723
6.682626851818604
6.682626884738093
6.6826269044897835
6.6826269163408
6.6826269234514095
6.682626958423222
6.682626958423222
6.682626964116709
6.682626972638141
6.682626972638141
6.682626972638141
6.682626977212001
6.682626977212001
6.682626977212001
6.682626977212001
6.682626977212001
6.682626978043447
6.682626978043447
6.682626978043447
6.682626978043447
6.682626978043447
6.682626978043447
6.682626978043447
6.682626978043447
6.682626978043447
6.682626978043447
6.682626978043447
6.682626978043447
6.682626978043447
6.682626978046457
6.682626978046457
6.682626978046457
6.682626978046457
6.682626978111521
6.682626978111521
6.682626978111521
6.682626978139758
6.682626978139758
6.682626978139758
6.682626978139758
6.682626978139758
6.682626978139758
6.682626978141989
6.682626978141989
6.682626978141989
6.682626978141989
6.682626978142596
6.682626978142769
6.682626978142872
6.682626978142935
6.682626978142972
6.682626978143851
6.682626978143917
6.682626978144221
6.682626978144221
6.6826269781444205
6.682626978144778
6.682626978144778
6.6826269781449446
6.682626978145024
6.682626978145073
6.6826269781452
6.682626978145289
6.68262697814534
6.682626978145386
6.682626978145391
6.6826269781454135
6.682626978145426
6.682626978145433
6.682626978145441
6.682626978145442
6.682626978145452
6.682626978145459
6.682626978145472
6.682626978145476
6.68262697814548
6.68262697814548
6.682626978145487
6.682626978145487
6.682626978145487
6.682626978145489
6.682626978145489
6.682626978145489
6.682626978145489
6.682626978145489
6.682626978145489
6.682626978145489
6.682626978145489
6.682626978145489
6.682626978145489
6.682626978145489
6.682626978145489
6.682626978145489
6.682626978145489
6.682626978145489
6.682626978145489
6.682626978145489
6.682626978145489
6.682626978145489
6.682626978145489
6.682626978145489
6.682626978145489
6.682626978145489
6.682626978145489
6.682626978145489
