1.561397947439571
1.561397947439571
1.561397947439571
1.561397947439571
1.561397947439571
1.561397947439571
1.561397947439571
1.561397947439571
1.561397947439571
1.561397947439571
1.561397947439571
1.561397947439571
1.561397947439571
1.561397947439571
1.561397947439571
1.561397947439571
1.561397947439571
1.561397947439571
1.561397947439571
1.561397947439571
1.561397947439571
1.561397947439571
1.561397947439571
1.561397947439571
1.561397947439571
1.561397947439571
1.561397947439571
1.561397947439571
1.561397947439571
1.561397947439571
1.561397947439571
1.561397947439571
1.561397947439571
1.561397947439571
1.561397947439571
1.561397947439571
1.561397947439571
1.561397947439571
1.561397947439571
1.561397947439571
1.561397947439571
1.561397947439571
1.561397947439571
1.561397947439571
1.561397947439571
1.561397947439571
1.561397947439571
1.561397947439571
1.561397947439571
1.561397947439571
1.561397947439571
1.561397947439571
1.561397947439571
1.561397947439571
1.561403564357411
1.561403564357411
1.561403564357411
1.561403564357411
1.561403564357411
1.561403564357411
1.561403564357411
1.561403564357411
1.561406113913983
1.5614067963908944
1.5614096200394623
1.5614120925888466
1.5614135761177825
1.5614144662348943
1.5614165366942108
1.5614180785353986
1.5614190036397555
1.5614200558614437
1.561421099630182
1.5614219836595973
1.561422619197987
1.561422884998545
1.561423089816285
1.5614232952988958
1.561423432839195
1.5614235770657965
1.5614237469140069
1.561423876433185
1.561423964255501
1.5614240503930912
1.561424149413376
1.5614242077015383
1.5614242517239425
1.5614242842579011
1.5614243066695337
1.5614243227358802
1.561424342016692
1.5614243557069643
1.5614243650201178
1.5614243682655373
1.5614243739797067
1.5614243799403298
1.5614243852934775
1.5614243886123438
1.5614243906036638
1.5614243917984558
1.561424394666959
1.561424399078898
1.5614244017260615
1.5614244017260615
1.5614244017260615
1.5614244017260615
1.5614244017260615
1.561424401998999
1.561424401998999
1.561424401998999
1.561424401998999
1.5614244020363852
1.5614244022907025
1.5614244026957012
1.5614244026957012
1.5614244026957012
1.5614244027793005
1.5614244028208588
1.5614244028214865
1.5614244028214865
1.5614244028647624
1.5614244028647624
1.5614244028765147
1.5614244028983746
1.5614244029122912
1.5614244029194069
1.5614244029264814
1.561424402927589
1.5614244029293616
1.5614244029363025
1.5614244029363025
1.5614244029363025
1.5614244029373265
1.561424402938442
1.5614244029398596
1.5614244029398596
1.5614244029400044
1.561424402940485
1.561424402940485
1.5614244029405864
1.5614244029406843
1.561424402940743
1.5614244029407782
1.561424402940999
1.5614244029411117
1.5614244029411117
1.5614244029411195
1.5614244029411941
1.5614244029411941
1.5614244029411941
1.5614244029411941
1.561424402941235
1.561424402941235
1.561424402941235
1.5614244029412352
1.5614244029412376
1.561424402941239
1.561424402941241
1.5614244029412412
1.5614244029412416
1.5614244029412416
1.5614244029412416
1.5614244029412416
1.5614244029412416
1.5614244029412416
1.5614244029412416
1.5614244029412416
1.5614244029412416
1.5614244029412416
1.5614244029412416
1.5614244029412423
1.5614244029412423
1.5614244029412423
1.5614244029412423
1.5614244029412423
1.5614244029412423
1.5614244029412423
1.5614244029412423
1.5614244029412423
1.5614244029412423
1.5614244029412423
1.5614244029412423
1.5614244029412423
1.5614244029412423
1.5614244029412423
1.5614244029412423
1.5614244029412423
1.5614244029412423
1.5614244029412423
1.5614244029412423
1.5614244029412423
