2.03375370360667
2.03375370360667
2.03375370360667
2.03375370360667
2.03375370360667
2.03375370360667
2.03375370360667
2.03375370360667
2.03375370360667
2.03375370360667
2.03375370360667
2.03375370360667
2.03375370360667
2.03375370360667
2.03375370360667
2.03375370360667
2.03375370360667
2.03375370360667
2.03375370360667
2.03375370360667
2.03375370360667
2.03375370360667
2.03375370360667
2.03375370360667
2.03375370360667
2.03375370360667
2.03375370360667
2.03375370360667
2.03375370360667
2.03375370360667
2.03375370360667
2.03375370360667
2.03375370360667
2.03375370360667
2.03375370360667
2.03375370360667
2.03375370360667
2.03375370360667
2.03375370360667
2.03375370360667
2.03375370360667
2.03375370360667
2.03375370360667
2.03375370360667
2.03375370360667
2.03375370360667
2.03375370360667
2.03375370360667
2.03375370360667
2.03375370360667
2.03375370360667
2.033755406363282
2.033755406363282
2.033755406363282
2.033755406363282
2.033759706484448
2.033759706484448
2.033759706484448
2.033760186411633
2.0337613222855446
2.0337613222855446
2.0337621461713913
2.0337625566817366
2.033763364551946
2.033764438028562
2.0337650821148068
2.0337654685666524
2.033765700437796
2.0337659574394276
2.033766399924899
2.0337666627585334
2.033767048364379
2.0337670887781605
2.0337672303789036
2.0337674219453574
2.033767455452839
2.0337674796100162
2.033767516371846
2.033767538428944
2.0337675846183494
2.033767624594877
2.033767660968266
2.033767691749395
2.03376771215238
2.033767722774803
2.0337677318556824
2.033767745758169
2.033767752538867
2.033767756607286
2.033767759126437
2.0337677641005847
2.0337677680741244
2.0337677704582475
2.0337677722524647
2.033767776192154
2.0337677785559682
2.0337677798581857
2.0337677808201415
2.0337677808201415
2.033767781584012
2.0337677817385216
2.0337677819418793
2.0337677819955253
2.0337677820277125
2.0337677820876996
2.0337677821283933
2.033767782252467
2.0337677823789475
2.0337677824548366
2.033767782500369
2.0337677825276894
2.033767782544081
2.0337677825539164
2.03376778256289
2.033767782587689
2.03376778260847
2.0337677826219314
2.033767782630008
2.0337677826348535
2.0337677826464797
2.0337677826536917
2.033767782658019
2.0337677826606155
2.033767782662174
2.033767782666331
2.033767782670196
2.033767782672515
2.033767782673907
2.033767782676366
2.0337677826786544
2.033767782680028
2.0337677826808522
2.033767782681671
2.0337677826827685
2.0337677826834275
2.0337677826838227
2.033767782684079
2.0337677826844747
2.0337677826847123
2.0337677826848544
2.03376778268494
2.033767782684991
2.033767782685062
2.0337677826851164
2.033767782685149
2.033767782685169
2.0337677826851803
2.0337677826851874
2.0337677826851914
2.0337677826852008
2.033767782685215
2.0337677826852234
2.0337677826852287
2.0337677826852314
2.033767782685237
2.033767782685241
2.0337677826852447
2.0337677826852465
2.0337677826852474
2.033767782685249
2.03376778268525
2.033767782685251
2.033767782685251
2.0337677826852514
2.033767782685252
2.033767782685252
2.0337677826852523
2.0337677826852523
2.0337677826852523
2.0337677826852527
2.0337677826852527
2.0337677826852527
2.0337677826852527
2.0337677826852527
2.0337677826852527
2.0337677826852527
2.0337677826852527
2.0337677826852527
2.0337677826852527
2.0337677826852527
2.0337677826852527
2.0337677826852527
2.0337677826852527
2.0337677826852527
2.0337677826852527
2.0337677826852527
