1.8774090540982409
1.8774090540982409
1.8774090540982409
1.8774090540982409
1.8774090540982409
1.8774090540982409
1.8774090540982409
1.8774090540982409
1.8774090540982409
1.8774090540982409
1.8774090540982409
1.8774090540982409
1.8774090540982409
1.8774090540982409
1.8774090540982409
1.8774090540982409
1.8774090540982409
1.8774090540982409
1.8774090540982409
1.8774090540982409
1.8774090540982409
1.8774090540982409
1.8774090540982409
1.8774090540982409
1.8774090540982409
1.8774090540982409
1.8774090540982409
1.8774090540982409
1.8774090540982409
1.8774090540982409
1.8774090540982409
1.8774090540982409
1.8774090540982409
1.8774090540982409
1.8774090540982409
1.8774090540982409
1.8774090540982409
1.8774090540982409
1.8774090540982409
1.8774090540982409
1.8774090540982409
1.8774090540982409
1.8774090540982409
1.8774090540982409
1.8774090540982409
1.8774090540982409
1.8774090540982409
1.8774090540982409
1.8774090540982409
1.8774090540982409
1.8774090540982409
1.8774090540982409
1.8774090540982409
1.8774090540982409
1.8774090540982409
1.8774090540982409
1.8774090540982409
1.8774090540982409
1.8774090540982409
1.8774110107544995
1.8774110107544995
1.8774110107544995
1.8774110107544995
1.877412008424579
1.8774133900264414
1.8774167708795977
1.877417056871454
1.87741829290535
1.8774192003655863
1.8774200820775946
1.8774206151147685
1.8774209318609503
1.8774214996439624
1.8774216739426899
1.877421805291498
1.8774219741514038
1.8774221777376534
1.8774221931570274
1.8774223254626003
1.8774223389510232
1.8774223824729293
1.877422431716722
1.8774224828217938
1.8774224986189367
1.877422543330097
1.877422576391602
1.8774225983942
1.8774226080450445
1.8774226147863682
1.8774226214899932
1.8774226254298632
1.877422627008981
1.8774226286168478
1.8774226300072823
1.8774226315936415
1.8774226339119762
1.8774226347230716
1.8774226358469384
1.8774226358469384
1.8774226365243496
1.877422636909948
1.877422637129842
1.8774226371389822
1.8774226373809757
1.8774226375290763
1.877422637596052
1.8774226376139067
1.8774226376709933
1.8774226376898688
1.8774226377250822
1.8774226377293886
1.8774226377511767
1.8774226377511767
1.8774226377676888
1.8774226377843923
1.8774226377890633
1.8774226377931196
1.8774226377973027
1.877422637799813
1.8774226378013188
1.87742263780443
1.877422637807195
1.8774226378088548
1.8774226378130738
1.8774226378130738
1.8774226378130738
1.8774226378144592
1.8774226378156869
1.877422637816039
1.877422637816657
1.8774226378169545
1.8774226378173193
1.8774226378176593
1.8774226378177843
1.8774226378178904
1.8774226378179968
1.8774226378181316
1.8774226378184038
1.8774226378184466
1.8774226378184466
1.8774226378184466
1.8774226378184466
1.8774226378184615
1.8774226378184615
1.8774226378184615
1.8774226378184615
1.8774226378184675
1.8774226378184675
1.8774226378184773
1.8774226378184773
1.8774226378184775
1.8774226378184775
1.8774226378184802
1.8774226378184802
1.8774226378184806
1.8774226378184806
1.8774226378184806
1.8774226378184806
1.8774226378184808
1.8774226378184808
1.8774226378184808
1.8774226378184808
1.8774226378184808
1.8774226378184808
1.8774226378184808
1.8774226378184808
1.8774226378184808
1.8774226378184808
1.8774226378184808
1.8774226378184808
1.8774226378184808
1.8774226378184808
1.8774226378184808
1.8774226378184808
1.8774226378184808
1.8774226378184808
1.8774226378184808
1.8774226378184808
1.8774226378184808
1.8774226378184808
1.8774226378184808
1.8774226378184808
1.8774226378184808
1.8774226378184808
1.8774226378184808
1.8774226378184808
