1.731291108179614
1.731291108179614
1.731291108179614
1.731291108179614
1.731291108179614
1.731291108179614
1.731291108179614
1.731291108179614
1.731291108179614
1.731291108179614
1.731291108179614
1.731291108179614
1.731291108179614
1.731291108179614
1.731291108179614
1.731291108179614
1.731291108179614
1.731291108179614
1.731291108179614
1.731291108179614
1.731291108179614
1.731291108179614
1.731291108179614
1.731291108179614
1.731291108179614
1.731291108179614
1.731291108179614
1.731291108179614
1.731291108179614
1.731291108179614
1.731291108179614
1.731291108179614
1.731291108179614
1.731291108179614
1.731291108179614
1.731291108179614
1.731291108179614
1.731291108179614
1.731291108179614
1.731291108179614
1.731291108179614
1.731291108179614
1.731291108179614
1.731291108179614
1.731291108179614
1.7313420223556246
1.7313420223556246
1.7313420223556246
1.73134773376999
1.7313774423422008
1.7313847281462633
1.7313935986624311
1.731407441104607
1.7314157465713034
1.7314207298518218
1.7314237198203135
1.7314290402167352
1.7314352620130158
1.7314389719007277
1.7314413059964353
1.7314429917674483
1.731445941363421
1.7314479889712953
1.7314492175359664
1.7314499546747502
1.7314504741020333
1.7314514513139005
1.7314520896691383
1.7314524740839352
1.7314528377811889
1.7314533956160811
1.7314537303170057
1.7314539311375567
1.7314541843713553
1.7314543589848954
1.7314544637530178
1.7314545267933104
1.7314545719048369
1.73145465706375
1.7314547081590972
1.7314547388163057
1.731454757210631
1.7314547828596774
1.7314548132879746
1.7314548315449527
1.73145484249914
1.7314548490716517
1.7314548648140113
1.7314548852131404
1.7314548974526178
1.7314549047963044
1.731454909202516
1.7314549118462428
1.7314549176480973
1.7314549212494823
1.7314549234103123
1.731454924706811
1.7314549254847098
1.7314549259514493
1.7314549262314929
1.7314549269782484
1.7314549279811824
1.7314549285829424
1.7314549289439982
1.7314549295901824
1.7314549302897553
1.731454930709499
1.7314549309829341
1.7314549313839769
1.7314549316246024
1.7314549317689778
1.7314549319129737
1.7314549320691552
1.7314549321628647
1.7314549322190902
1.7314549322556005
1.73145493232689
1.731454932369664
1.7314549323953279
1.7314549324107262
1.731454932419966
1.731454932425509
1.7314549324448083
1.7314549324615007
1.7314549324715158
1.731454932477525
1.7314549324811308
1.7314549324832937
1.7314549324906772
1.7314549324951871
1.731454932497893
1.7314549324995165
1.7314549325022346
1.7314549325052149
1.7314549325070023
1.7314549325082695
1.7314549325100927
1.7314549325111868
1.731454932511843
1.7314549325122366
1.731454932512473
1.7314549325127948
1.7314549325130701
1.7314549325132356
1.7314549325133348
1.731454932513395
1.7314549325134307
1.7314549325135185
1.7314549325135729
1.7314549325136046
1.7314549325136241
1.7314549325136603
1.731454932513695
1.7314549325137154
1.731454932513728
1.7314549325137443
1.7314549325137556
1.7314549325137627
1.731454932513767
1.7314549325137738
1.7314549325137776
1.73145493251378
1.7314549325137818
1.7314549325137827
1.7314549325137836
1.7314549325137845
1.731454932513785
1.7314549325137851
1.7314549325137853
1.7314549325137856
1.7314549325137856
1.7314549325137858
1.7314549325137862
1.7314549325137862
1.7314549325137862
1.7314549325137862
1.7314549325137862
1.7314549325137862
1.7314549325137862
1.7314549325137862
1.7314549325137862
1.7314549325137862
1.7314549325137862
1.7314549325137862
1.7314549325137862
1.7314549325137862
1.7314549325137862
1.7314549325137862
1.7314549325137862
