2.1344177366506303
2.1344177366506303
2.1344177366506303
2.1344177366506303
2.1344177366506303
2.1344177366506303
2.1344177366506303
2.1344177366506303
2.1344177366506303
2.1344177366506303
2.1344177366506303
2.1344177366506303
2.1344177366506303
2.1344177366506303
2.1344177366506303
2.1344177366506303
2.1344177366506303
2.1344177366506303
2.1344177366506303
2.1344177366506303
2.1344177366506303
2.1344177366506303
2.1344177366506303
2.1344177366506303
2.1344177366506303
2.1344177366506303
2.1344177366506303
2.1344177366506303
2.1344177366506303
2.1344177366506303
2.1344177366506303
2.1344177366506303
2.1344177366506303
2.1344177366506303
2.1344177366506303
2.1344177366506303
2.1344177366506303
2.1344177366506303
2.134430544630116
2.134430544630116
2.134430544630116
2.134430544630116
2.134430544630116
2.134432469163079
2.134432469163079
2.1344534998893105
2.134456320557938
2.1344580129585133
2.134459028398642
2.1344596376626415
2.134460003221013
2.134460222556026
2.1344603541570297
2.1344604331176313
2.134460480493991
2.1344609628804436
2.1344609628804436
2.1344610107404582
2.1344646354376735
2.134464710029
2.134467440874925
2.134467440874925
2.134467663880772
2.134468051298394
2.134468051298394
2.1344689413172517
2.1344689413172517
2.1344689413172517
2.1344691529382938
2.134469533293489
2.134469980349033
2.1344702485823888
2.1344704095224127
2.1344704095224127
2.1344704095224127
2.1344704580656706
2.1344707157385603
2.1344707518776733
2.1344708308127034
2.1344708705383506
2.134470927208974
2.1344709591144664
2.1344710958068744
2.134471097821835
2.1344711012479305
2.134471165715847
2.134471207326426
2.1344712347135975
2.1344712514555053
2.134471288525702
2.1344713200181142
2.134471338913562
2.1344713502508306
2.134471357053192
2.134471373852369
2.134471383332455
2.1344713904090256
2.1344713922186846
2.134471395246892
2.1344713981350463
2.1344714014469344
2.1344714021268345
2.134471403410501
2.134471405985401
2.1344714076382085
2.134471408629893
2.1344714092249033
2.134471410837933
2.134471412153188
2.1344714129423408
2.1344714136290577
2.13447141434731
2.134471414874178
2.1344714152230773
2.1344714152230773
2.1344714154931346
2.134471415723999
2.134471415816162
2.1344714158747187
2.1344714159048586
2.134471415926267
2.134471415976593
2.1344714160444798
2.134471416087509
2.1344714161133274
2.1344714161618095
2.1344714162011145
2.1344714162246974
2.1344714162388967
2.1344714162506544
2.1344714162612854
2.134471416269174
2.134471416273907
2.1344714162767464
2.1344714162784504
2.1344714162838674
2.13447141628878
2.1344714162917278
2.134471416293496
2.1344714162945566
2.1344714162962344
2.1344714162976497
2.1344714162984983
2.1344714162990077
2.134471416299414
2.1344714163000496
2.1344714163004364
2.134471416300668
2.1344714163009497
2.1344714163011975
2.1344714163013463
2.1344714163014356
2.1344714163014893
2.1344714163015213
2.134471416301552
2.134471416301619
2.1344714163016594
2.134471416301684
2.1344714163016985
2.134471416301707
2.134471416301734
2.134471416301752
2.134471416301763
2.1344714163017695
2.134471416301773
2.1344714163017757
2.1344714163017824
2.1344714163017864
2.1344714163017886
2.13447141630179
2.1344714163017913
2.134471416301793
2.134471416301795
2.134471416301796
2.1344714163017966
2.134471416301798
2.134471416301799
2.1344714163017997
2.1344714163018
2.1344714163018
2.1344714163018006
2.134471416301801
2.1344714163018015
2.1344714163018015
2.1344714163018015
2.1344714163018015
2.1344714163018015
2.1344714163018015
2.1344714163018015
2.1344714163018015
2.1344714163018015
2.1344714163018015
2.1344714163018015
2.1344714163018015
