1.3723662819623699
1.3723662819623699
1.3723662819623699
1.3723662819623699
1.3723662819623699
1.3723662819623699
1.3723662819623699
1.3723662819623699
1.3723662819623699
1.3723662819623699
1.3723662819623699
1.3723662819623699
1.3723662819623699
1.3723662819623699
1.3723662819623699
1.3723662819623699
1.3723662819623699
1.3723662819623699
1.3723662819623699
1.3723662819623699
1.3723662819623699
1.3723662819623699
1.3723662819623699
1.3723662819623699
1.3723662819623699
1.3723662819623699
1.3723662819623699
1.3723662819623699
1.3723662819623699
1.3723662819623699
1.3723662819623699
1.3723662819623699
1.3723662819623699
1.3723662819623699
1.3723662819623699
1.3723662819623699
1.3723662819623699
1.3723662819623699
1.3723662819623699
1.3723662819623699
1.3723662819623699
1.3723662819623699
1.3723662819623699
1.3723662819623699
1.3723662819623699
1.3723662819623699
1.3723662819623699
1.3723662819623699
1.3723662819623699
1.3723662819623699
1.3723662819623699
1.3723662819623699
1.3723662819623699
1.3723662819623699
1.3723680712011976
1.3723680712011976
1.3723680712011976
1.3723690808659619
1.3723696881921983
1.372370224874759
1.372370886926128
1.3723715183956127
1.3723718972775636
1.3723721246068281
1.3723722610044204
1.3723724083246323
1.3723732811174802
1.3723738047937575
1.3723741189997292
1.3723743075233856
1.3723744901531034
1.3723749261145939
1.37237513649527
1.3723753434497872
1.372375404012514
1.3723755138261853
1.3723755962836413
1.3723756601830028
1.3723756979200634
1.3723757373627279
1.3723757689570593
1.3723757923505882
1.3723758069213061
1.3723758156637373
1.3723758382771443
1.372375839480826
1.3723758517188294
1.372375858662618
1.3723758676992328
1.3723758725045883
1.3723758788452847
1.3723758788452847
1.372375880685582
1.3723758820311485
1.3723758834004234
1.3723758847439833
1.3723758853478834
1.37237588599651
1.3723758868557614
1.3723758872043539
1.372375887532228
1.3723758880826906
1.372375888381683
1.3723758885712707
1.3723758887855912
1.372375888925723
1.372375889027635
1.3723758890577444
1.372375889101496
1.3723758891547755
1.372375889204589
1.3723758892503477
1.3723758892778033
1.3723758892942763
1.37237588930416
1.3723758893100906
1.3723758893428177
1.3723758893521094
1.3723758893521094
1.37237588935925
1.3723758893598115
1.3723758893613291
1.3723758893613291
1.3723758893659233
1.3723758893670392
1.37237588936714
1.37237588936714
1.37237588936714
1.37237588936714
1.37237588936714
1.372375889367477
1.372375889367477
1.372375889367477
1.372375889367477
1.372375889367477
1.372375889367477
1.372375889367477
1.372375889367477
1.372375889367477
1.372375889367477
1.372375889367477
1.372375889367477
1.372375889367477
1.372375889367477
1.372375889367477
1.372375889367477
1.37237588936749
1.37237588936749
1.37237588936749
1.3723758893674955
1.372375889367502
1.3723758893675029
1.3723758893675029
1.372375889367503
1.3723758893675164
1.372375889367526
1.3723758893675269
1.3723758893675269
1.3723758893675282
1.3723758893675304
1.372375889367531
1.3723758893675313
1.3723758893675313
1.3723758893675313
1.3723758893675322
1.3723758893675322
1.3723758893675322
1.3723758893675322
1.3723758893675322
1.3723758893675322
1.3723758893675322
1.3723758893675322
1.3723758893675322
1.3723758893675322
1.3723758893675322
1.3723758893675322
1.3723758893675322
1.3723758893675322
1.3723758893675322
1.3723758893675322
1.3723758893675322
1.3723758893675322
1.3723758893675322
1.3723758893675322
1.3723758893675322
1.3723758893675322
