2.1180639973779876
2.1180639973779876
2.1180639973779876
2.1180639973779876
2.1180639973779876
2.1180639973779876
2.1180639973779876
2.1180639973779876
2.1180639973779876
2.1180639973779876
2.1180639973779876
2.1180639973779876
2.1180639973779876
2.1180639973779876
2.1180639973779876
2.1180639973779876
2.1180639973779876
2.1180639973779876
2.1180639973779876
2.1180639973779876
2.1180639973779876
2.1180639973779876
2.1180639973779876
2.1180639973779876
2.1180639973779876
2.1180639973779876
2.1180639973779876
2.1180639973779876
2.1180639973779876
2.1180639973779876
2.1180639973779876
2.1180639973779876
2.1180639973779876
2.1180639973779876
2.1180639973779876
2.1180639973779876
2.1180639973779876
2.1180639973779876
2.1180639973779876
2.1180639973779876
2.1180639973779876
2.1180639973779876
2.1180639973779876
2.1180639973779876
2.1180639973779876
2.1180639973779876
2.1180639973779876
2.1180639973779876
2.1180639973779876
2.1180639973779876
2.1180639973779876
2.1180639973779876
2.1180639973779876
2.1180639973779876
2.1180639973779876
2.1180639973779876
2.1180639973779876
2.1180639973779876
2.1180639973779876
2.1180639973779876
2.1180639973779876
2.118066241702632
2.118066241702632
2.118066241702632
2.118068123824138
2.118069437518895
2.1180713428459863
2.118073577822042
2.118074016193427
2.118074676736974
2.1180752923787045
2.118076107456183
2.1180768663766214
2.118077370271765
2.118077742662239
2.11807792436989
2.1180782216385348
2.1180784253665093
2.118078535000549
2.118078634023265
2.118078686108952
2.1180787915844075
2.1180788608944994
2.1180789066418892
2.118078937842995
2.118078951779974
2.118078984706843
2.118079010075796
2.118079025297168
2.1180790355190893
2.1180790420817894
2.1180790504790976
2.118079055986212
2.1180790595089465
2.118079063899556
2.1180790667321707
2.11807906887684
2.1180790702003858
2.118079071890131
2.11807907281277
2.1180790734012898
2.118079073865402
2.118079074351527
2.118079074737854
2.118079075012136
2.1180790751816745
2.1180790753778007
2.118079075445489
2.118079075506166
2.118079075581431
2.1180790756485646
2.118079075688845
2.1180790757130126
2.1180790757275134
2.1180790757362145
2.1180790757414343
2.118079075759068
2.118079075775511
2.118079075785377
2.118079075791296
2.118079075797675
2.1180790758054377
2.1180790758081294
2.1180790758081294
2.1180790758081294
2.1180790758092627
2.1180790758100776
2.118079075810317
2.118079075810317
2.1180790758106753
2.1180790758109422
2.1180790758109955
2.1180790758113774
2.1180790758114147
2.118079075811601
2.118079075811863
2.1180790758120036
2.1180790758120454
2.1180790758120764
2.1180790758121217
2.118079075812183
2.118079075812183
2.1180790758122154
2.1180790758122288
2.1180790758122288
2.1180790758122288
2.118079075812229
2.1180790758122368
2.1180790758122368
2.1180790758122368
2.1180790758122368
2.1180790758122368
2.1180790758122394
2.1180790758122394
2.1180790758122425
2.118079075812244
2.1180790758122443
2.1180790758122443
2.1180790758122443
2.1180790758122443
2.118079075812245
2.1180790758122456
2.118079075812246
2.1180790758122465
2.118079075812247
2.118079075812247
2.118079075812247
2.118079075812247
2.118079075812247
2.118079075812247
2.118079075812247
2.118079075812247
2.118079075812247
2.118079075812247
2.118079075812247
2.118079075812247
2.118079075812247
2.118079075812247
2.118079075812247
2.118079075812247
2.118079075812247
2.118079075812247
2.118079075812247
2.118079075812247
2.118079075812247
2.118079075812247
2.118079075812247
2.118079075812247
2.118079075812247
