5.2291040290245965
5.2291040290245965
5.2291040290245965
5.2291040290245965
5.2291040290245965
5.2291040290245965
5.2291040290245965
5.2291040290245965
5.2291040290245965
5.2291040290245965
5.2291040290245965
5.2291040290245965
5.2291040290245965
5.2291040290245965
5.2291040290245965
5.2291040290245965
5.2291040290245965
5.2291040290245965
5.2291040290245965
5.2291040290245965
5.2291040290245965
5.2291040290245965
5.2291040290245965
5.2291040290245965
5.2291040290245965
5.2291040290245965
5.2291040290245965
5.2291040290245965
5.2291040290245965
5.2291040290245965
5.2291040290245965
5.2291040290245965
5.2291040290245965
5.2291040290245965
5.2291040290245965
5.2291040290245965
5.2291040290245965
5.2291040290245965
5.2291040290245965
5.2291040290245965
5.2291040290245965
5.2291040290245965
5.2291040290245965
5.2291040290245965
5.2291040290245965
5.2291040290245965
5.2291040290245965
5.2291040290245965
5.2291040290245965
5.2291040290245965
5.2291040290245965
5.2291040290245965
5.2291040290245965
5.2291040290245965
5.2291040290245965
5.2291040290245965
5.2291040290245965
5.229106560783245
5.229110216261513
5.229112409547939
5.229113725519602
5.229114515102531
5.229114988852262
5.229115273102092
5.229116769552797
5.229121790710217
5.229121790710217
5.229121972927797
5.229123031704821
5.229123666971153
5.229124749424035
5.2291257361311825
5.2291276490963705
5.229128275096646
5.229128561817306
5.229129247461924
5.229130026585999
5.229130307784226
5.229130780583593
5.229131168967701
5.229131594350432
5.229131594350432
5.229132156628495
5.22913251535286
5.229132730587485
5.2291328597282645
5.2291328597282645
5.2291328597282645
5.2291328597282645
5.2291328597282645
5.229132930927354
5.229132930927354
5.229132930927354
5.229132933878347
5.2291329562679545
5.229132986107647
5.229132986107647
5.229132986107647
5.2291329921648675
5.229132994727021
5.22913299587089
5.229132996557213
5.229133000179366
5.229133004648116
5.229133007364299
5.229133007364299
5.229133007364299
5.229133008445434
5.229133008445434
5.229133008445434
5.229133008445434
5.229133008903325
5.22913300910762
5.22913300910762
5.22913300910762
5.229133009216448
5.22913300934356
5.229133009448077
5.229133009510786
5.229133009664564
5.229133009845219
5.229133009951674
5.229133010000288
5.229133010043267
5.22913301007075
5.229133010092218
5.2291330101062234
5.2291330101485425
5.2291330101485425
5.2291330101485425
5.22913301015665
5.229133010168057
5.2291330101750635
5.229133010179266
5.229133010181789
5.2291330101836735
5.229133010186625
5.22913301018963
5.229133010192238
5.229133010193408
5.229133010195526
5.229133010196996
5.229133010198165
5.229133010199051
5.229133010199645
5.229133010200124
5.229133010200304
5.229133010200738
5.229133010201004
5.229133010201252
5.229133010201756
5.2291330102021085
5.2291330102023705
5.22913301020259
5.2291330102028555
5.229133010203026
5.229133010203104
5.229133010203172
5.229133010203219
5.229133010203302
5.229133010203379
5.229133010203425
5.229133010203461
5.229133010203529
5.229133010203561
5.229133010203579
5.229133010203596
5.22913301020362
5.229133010203626
5.229133010203633
5.229133010203642
5.22913301020365
5.229133010203656
5.229133010203657
5.229133010203659
5.22913301020366
5.229133010203663
5.229133010203663
5.229133010203665
5.229133010203666
5.229133010203666
5.229133010203666
5.229133010203666
5.229133010203667
5.229133010203667
5.229133010203667
5.229133010203667
5.229133010203667
5.229133010203667
5.229133010203667
5.229133010203667
5.229133010203667
5.229133010203667
5.229133010203667
5.229133010203667
