1.479851616411958
1.479851616411958
1.479851616411958
1.479851616411958
1.479851616411958
1.479851616411958
1.479851616411958
1.479851616411958
1.479851616411958
1.479851616411958
1.479851616411958
1.479851616411958
1.479851616411958
1.479851616411958
1.479851616411958
1.479851616411958
1.479851616411958
1.479851616411958
1.479851616411958
1.479851616411958
1.479851616411958
1.479851616411958
1.479851616411958
1.479851616411958
1.479851616411958
1.479851616411958
1.479851616411958
1.479851616411958
1.479851616411958
1.479851616411958
1.479851616411958
1.479851616411958
1.479851616411958
1.479851616411958
1.479851616411958
1.479851616411958
1.479851616411958
1.479851616411958
1.479851616411958
1.479851616411958
1.479851616411958
1.479851616411958
1.479851616411958
1.479851616411958
1.479851616411958
1.479851616411958
1.479851616411958
1.479851616411958
1.479851616411958
1.479851616411958
1.479851616411958
1.479851616411958
1.479851616411958
1.479851616411958
1.479851616411958
1.4798524553664405
1.4798524553664405
1.4798524553664405
1.4798524553664405
1.4798526302946584
1.4798526302946584
1.4798526302946584
1.4798538700565937
1.4798538700565937
1.4798538700565937
1.4798541852301836
1.4798545208478937
1.479854859599109
1.4798549235318963
1.4798551921501513
1.479855678856441
1.479855678856441
1.4798560006317039
1.4798560389181512
1.4798561619178163
1.4798563248941685
1.4798564184312595
1.4798564943646726
1.4798565849336027
1.4798566392749617
1.479856668816487
1.4798566888465512
1.4798567176725885
1.4798567642995073
1.4798567697591294
1.4798567730349024
1.4798567847437833
1.4798568126107585
1.479856826798285
1.4798568345893568
1.4798568429512406
1.4798568549818507
1.4798568622002162
1.4798568665661096
1.479856869456386
1.479856878007157
1.479856883509482
1.4798568868745445
1.4798568888935826
1.479856890105005
1.4798568940044263
1.4798568964536678
1.4798568981960991
1.4798568992415573
1.4798568998688328
1.4798569015952123
1.4798569033094897
1.4798569044530725
1.4798569051070585
1.4798569061945603
1.4798569066964489
1.4798569071066718
1.4798569074249943
1.4798569075908032
1.4798569077698724
1.4798569078562935
1.4798569081335513
1.4798569081580981
1.4798569081580981
1.4798569081664503
1.4798569082163782
1.4798569082387447
1.4798569082943998
1.4798569083049466
1.4798569083258837
1.4798569083444313
1.4798569083556659
1.4798569083775441
1.4798569083775441
1.4798569083775441
1.479856908378432
1.479856908382411
1.4798569083860076
1.4798569083881659
1.4798569083919126
1.4798569083948485
1.4798569083956952
1.4798569083968356
1.4798569083968356
1.4798569083980686
1.4798569083980686
1.4798569083982098
1.4798569083982955
1.479856908398608
1.4798569083987958
1.4798569083989084
1.4798569083989757
1.479856908399173
1.4798569083992728
1.4798569083993636
1.4798569083994249
1.4798569083994737
1.4798569083994986
1.4798569083995903
1.4798569083996111
1.4798569083996669
1.4798569083996964
1.47985690839972
1.4798569083997273
1.4798569083997364
1.4798569083997415
1.4798569083997561
1.4798569083997615
1.479856908399767
1.479856908399774
1.479856908399779
1.4798569083997823
1.4798569083997848
1.4798569083997852
1.4798569083997863
1.4798569083997881
1.4798569083997895
1.4798569083997903
1.479856908399791
1.4798569083997914
1.4798569083997921
1.4798569083997921
1.4798569083997923
1.4798569083997928
1.4798569083997928
1.4798569083997928
1.4798569083997928
1.4798569083997928
1.4798569083997928
1.4798569083997928
1.4798569083997928
1.4798569083997928
1.4798569083997928
1.4798569083997928
1.4798569083997928
1.4798569083997928
