1.3181709624375293
1.3181709624375293
1.3181709624375293
1.3181709624375293
1.3181709624375293
1.3181709624375293
1.3181709624375293
1.3181709624375293
1.3181709624375293
1.3181709624375293
1.3181709624375293
1.3181709624375293
1.3181709624375293
1.3181709624375293
1.3181709624375293
1.3181709624375293
1.3181709624375293
1.3181709624375293
1.3181709624375293
1.3181709624375293
1.3181709624375293
1.3181709624375293
1.3181709624375293
1.3181709624375293
1.3181709624375293
1.3181709624375293
1.3181709624375293
1.3181709624375293
1.3181709624375293
1.3181709624375293
1.3181709624375293
1.3181709624375293
1.3181709624375293
1.3181709624375293
1.3181709624375293
1.3181709624375293
1.3181709624375293
1.3181709624375293
1.3181709624375293
1.3181709624375293
1.3181709624375293
1.3181709624375293
1.3181709624375293
1.3181709624375293
1.3181709624375293
1.3181709624375293
1.3181709624375293
1.3181709624375293
1.3181709624375293
1.3181709624375293
1.318172725177059
1.318172725177059
1.318172725177059
1.318172725177059
1.3181737187248639
1.3181783183807063
1.318181684223609
1.3181832411181893
1.3181854869083034
1.3181876734899358
1.318188986111592
1.31818977368439
1.318190199453818
1.3181905813550354
1.3181911554173034
1.318191617241512
1.318191960078617
1.3181922846227603
1.318192470217278
1.3181926276354694
1.318192813161154
1.3181929378165211
1.3181930126097483
1.318193057485687
1.318193084411251
1.31819310056659
1.3181931102597935
1.3181931209728326
1.3181931646378726
1.318193191792592
1.3181932087256074
1.3181932331901822
1.318193256901667
1.3181932711285582
1.318193280380319
1.318193292494732
1.3181932999490593
1.3181933044216558
1.3181933071052139
1.3181933094492517
1.3181933122895428
1.318193314213084
1.3181933153672087
1.3181933160596835
1.3181933171909137
1.3181933181235639
1.3181933186831538
1.3181933190410517
1.3181933196490254
1.3181933200840683
1.318193320345094
1.3181933206022858
1.3181933208793872
1.318193321045648
1.3181933211544365
1.3181933212979544
1.3181933213867116
1.318193321439966
1.3181933214719184
1.3181933214978874
1.3181933215305466
1.3181933215501422
1.3181933215618995
1.3181933215689539
1.3181933215881425
1.3181933216008186
1.318193321608424
1.3181933216129875
1.3181933216214277
1.318193321627057
1.3181933216304347
1.3181933216324613
1.3181933216357746
1.3181933216394313
1.318193321641625
1.3181933216429413
1.3181933216446093
1.3181933216461714
1.3181933216471082
1.3181933216479336
1.3181933216489197
1.3181933216495112
1.3181933216498667
1.3181933216500796
1.3181933216502075
1.3181933216504669
1.3181933216506587
1.3181933216507735
1.3181933216508426
1.3181933216508839
1.3181933216509594
1.318193321651011
1.318193321651042
1.3181933216510606
1.3181933216510715
1.3181933216510842
1.318193321651104
1.318193321651116
1.318193321651123
1.3181933216511275
1.3181933216511368
1.3181933216511421
1.3181933216511454
1.3181933216511488
1.3181933216511519
1.3181933216511539
1.3181933216511552
1.318193321651157
1.3181933216511579
1.3181933216511585
1.318193321651159
1.3181933216511592
1.3181933216511594
1.3181933216511599
1.31819332165116
1.3181933216511603
1.3181933216511605
1.3181933216511608
1.3181933216511608
1.3181933216511608
1.3181933216511608
1.3181933216511608
1.3181933216511608
1.3181933216511608
1.3181933216511608
1.3181933216511608
1.3181933216511608
1.3181933216511608
1.3181933216511608
1.3181933216511608
1.3181933216511608
1.3181933216511608
1.3181933216511608
1.3181933216511608
1.3181933216511608
