1.7984000075428337
1.7984000075428337
1.7984000075428337
1.7984000075428337
1.7984000075428337
1.7984000075428337
1.7984000075428337
1.7984000075428337
1.7984000075428337
1.7984000075428337
1.7984000075428337
1.7984000075428337
1.7984000075428337
1.7984000075428337
1.7984000075428337
1.7984000075428337
1.7984000075428337
1.7984000075428337
1.7984000075428337
1.7984000075428337
1.7984000075428337
1.7984000075428337
1.7984000075428337
1.7984000075428337
1.7984000075428337
1.7984000075428337
1.7984000075428337
1.7984000075428337
1.7984000075428337
1.7984000075428337
1.7984000075428337
1.7984000075428337
1.7984000075428337
1.7984000075428337
1.7984000075428337
1.7984000075428337
1.7984000075428337
1.7984000075428337
1.7984000075428337
1.7984000075428337
1.7984000075428337
1.7984000075428337
1.7984000075428337
1.7984000075428337
1.7984000075428337
1.7984000075428337
1.7984000075428337
1.7984000075428337
1.7984000075428337
1.7984000075428337
1.7984000075428337
1.7984000075428337
1.7984011223184522
1.7984011223184522
1.7984011223184522
1.798401990211905
1.798402047366732
1.798402047366732
1.798402047366732
1.798402047366732
1.7984027094336001
1.7984027124941653
1.7984031435906997
1.7984032797721132
1.798403684575162
1.7984037799872963
1.798404082248652
1.798404082248652
1.7984042157473197
1.7984042157473197
1.7984042209364837
1.7984043529160758
1.7984043529160758
1.7984043529160758
1.798404376435922
1.7984044287876004
1.7984044418719753
1.798404457367328
1.7984044661801806
1.7984044923472569
1.798404510625227
1.7984045185817237
1.7984045276971092
1.7984045445272046
1.7984045521397645
1.7984045521397645
1.798404559773557
1.7984045605269725
1.79840456372405
1.79840456372405
1.79840456372405
1.7984045645738338
1.7984045655006367
1.7984045661197332
1.7984045668521789
1.7984045670622661
1.7984045672225684
1.798404567435708
1.7984045674446092
1.7984045677473028
1.7984045677889806
1.7984045678329923
1.798404567898263
1.7984045679965903
1.7984045680612135
1.798404568106126
1.798404568106126
1.7984045681237175
1.7984045681265632
1.7984045681475676
1.7984045681493794
1.7984045681499843
1.7984045681548644
1.7984045681611605
1.798404568168228
1.7984045681734546
1.7984045681759708
1.798404568177062
1.7984045681783487
1.7984045681792622
1.7984045681807412
1.798404568181943
1.7984045681829892
1.7984045681837686
1.7984045681845133
1.7984045681852072
1.7984045681856233
1.7984045681858987
1.7984045681861474
1.798404568186529
1.79840456818684
1.798404568187031
1.7984045681871483
1.7984045681872098
1.7984045681872405
1.7984045681873149
1.7984045681873655
1.7984045681873837
1.7984045681874106
1.7984045681874303
1.7984045681874505
1.7984045681874545
1.798404568187465
1.7984045681874736
1.7984045681874812
1.7984045681874836
1.7984045681874865
1.7984045681874883
1.7984045681874907
1.7984045681874923
1.7984045681874923
1.7984045681874927
1.798404568187494
1.7984045681874945
1.7984045681874947
1.798404568187495
1.7984045681874952
1.7984045681874952
1.7984045681874952
1.7984045681874952
1.7984045681874952
1.7984045681874952
1.7984045681874952
1.7984045681874952
1.7984045681874952
1.7984045681874952
1.7984045681874952
1.7984045681874952
1.7984045681874952
1.7984045681874952
1.7984045681874952
1.7984045681874952
1.7984045681874952
1.7984045681874952
1.7984045681874952
1.7984045681874952
1.7984045681874952
1.7984045681874952
1.7984045681874952
1.7984045681874952
1.7984045681874952
1.7984045681874952
1.7984045681874952
