1.4042889625215131
1.4042889625215131
1.4042889625215131
1.4042889625215131
1.4042889625215131
1.4042889625215131
1.4042889625215131
1.4042889625215131
1.4042889625215131
1.4042889625215131
1.4042889625215131
1.4042889625215131
1.4042889625215131
1.4042889625215131
1.4042889625215131
1.4042889625215131
1.4042889625215131
1.4042889625215131
1.4042889625215131
1.4042889625215131
1.4042889625215131
1.4042889625215131
1.4042889625215131
1.4042889625215131
1.4042889625215131
1.4042889625215131
1.4042889625215131
1.4042889625215131
1.4042889625215131
1.4042889625215131
1.4042889625215131
1.4042889625215131
1.4042889625215131
1.4042889625215131
1.4042889625215131
1.4042889625215131
1.4042889625215131
1.4042889625215131
1.4042889625215131
1.4042889625215131
1.4042889625215131
1.4042889625215131
1.4042889625215131
1.4042889625215131
1.4042889625215131
1.4042889625215131
1.4042889625215131
1.4042889625215131
1.4042889625215131
1.4042889625215131
1.4042889625215131
1.4042906472718484
1.4042906472718484
1.4042906472718484
1.4042906472718484
1.4042923527032953
1.4042942056106378
1.4042954263389258
1.4042965392205105
1.404297809210903
1.404298481375185
1.4042989215978976
1.4042991910732376
1.4042994512752887
1.404299555300769
1.4042996356136241
1.4042997600489056
1.4042999759901464
1.4043001055548858
1.4043001880761237
1.4043002498317625
1.404300350504515
1.4043004578850595
1.4043005223133855
1.4043005694934927
1.404300606357321
1.404300639629892
1.4043006595934342
1.40430067157156
1.40430067923101
1.4043006838541443
1.4043006866280254
1.4043006887241505
1.4043006988966442
1.404300705828021
1.4043007099868476
1.4043007124821434
1.4043007178141413
1.4043007230455962
1.4043007261844693
1.404300728094406
1.404300731970052
1.404300734338369
1.4043007357593598
1.4043007366119538
1.4043007383413846
1.404300739525628
1.4043007402361736
1.404300740662501
1.4043007411218302
1.404300741910594
1.4043007423838523
1.4043007426678071
1.4043007431112606
1.4043007434151915
1.4043007435975499
1.404300743706965
1.4043007437727055
1.4043007439244104
1.4043007440157125
1.404300744070494
1.4043007441033626
1.4043007441742512
1.4043007442235456
1.4043007442531228
1.404300744270869
1.4043007443017028
1.404300744324141
1.4043007443376039
1.4043007443473323
1.4043007443607247
1.40430074436876
1.4043007443735813
1.4043007443764743
1.40430074437821
1.40430074438185
1.404300744384384
1.4043007443859046
1.404300744386817
1.4043007443886433
1.4043007443901614
1.4043007443910722
1.4043007443916182
1.4043007443919464
1.4043007443921824
1.4043007443926356
1.4043007443929074
1.4043007443930702
1.4043007443932918
1.4043007443934379
1.404300744393526
1.4043007443935784
1.4043007443936124
1.404300744393664
1.4043007443936948
1.4043007443937137
1.4043007443937343
1.404300744393758
1.4043007443937723
1.4043007443937807
1.4043007443937867
1.4043007443937947
1.4043007443937998
1.4043007443938025
1.4043007443938043
1.4043007443938054
1.4043007443938058
1.4043007443938078
1.4043007443938087
1.4043007443938094
1.4043007443938096
1.40430074439381
1.40430074439381
1.4043007443938103
1.4043007443938105
1.4043007443938105
1.4043007443938105
1.4043007443938107
1.404300744393811
1.404300744393811
1.404300744393811
1.4043007443938111
1.4043007443938111
1.4043007443938111
1.4043007443938111
1.4043007443938111
1.4043007443938111
1.4043007443938111
1.4043007443938111
1.4043007443938111
1.4043007443938111
1.4043007443938111
1.4043007443938111
