2.277826384894265
2.277826384894265
2.277826384894265
2.277826384894265
2.277826384894265
2.277826384894265
2.277826384894265
2.277826384894265
2.277826384894265
2.277826384894265
2.277826384894265
2.277826384894265
2.277826384894265
2.277826384894265
2.277826384894265
2.277826384894265
2.277826384894265
2.277826384894265
2.277826384894265
2.277826384894265
2.277826384894265
2.277826384894265
2.277826384894265
2.277826384894265
2.277826384894265
2.277826384894265
2.277826384894265
2.277826384894265
2.277826384894265
2.277826384894265
2.277826384894265
2.277826384894265
2.277826384894265
2.277826384894265
2.277826384894265
2.277826384894265
2.277826384894265
2.277826384894265
2.277826384894265
2.277826384894265
2.277826384894265
2.277826384894265
2.277826384894265
2.277826384894265
2.277826384894265
2.277826384894265
2.277826384894265
2.277826384894265
2.277826384894265
2.277826384894265
2.277826384894265
2.277826384894265
2.277826384894265
2.277826384894265
2.277826384894265
2.277826384894265
2.277826384894265
2.277827850408432
2.2778305106890633
2.2778305106890633
2.2778305106890633
2.2778305106890633
2.27783366985297
2.2778342547209713
2.2778357977279384
2.2778389051748444
2.2778401287002183
2.277841465959496
2.277841488880006
2.2778427488146993
2.277844192782746
2.2778450591630723
2.277845643610332
2.2778461681501985
2.2778465976461226
2.2778471067287027
2.277847412178207
2.2778475217130922
2.2778477064060456
2.277847885050794
2.277847992237644
2.277848095485785
2.2778481949953346
2.27784825729547
2.2778483007246897
2.277848329488476
2.2778483512690286
2.2778483845239847
2.277848411952399
2.2778484284192877
2.277848442153584
2.2778484572863005
2.277848469993685
2.2778484777929298
2.277848482598607
2.2778484854820653
2.2778484872121396
2.2778484913247663
2.277848495346182
2.2778484977590323
2.277848499350222
2.2778485016448013
2.2778485032832596
2.277848504270021
2.2778485048651596
2.2778485052222424
2.27784850586551
2.2778485065325205
2.277848506932727
2.277848507172851
2.2778485075012456
2.2778485078431987
2.2778485080484527
2.277848508171814
2.277848508275216
2.2778485084660134
2.277848508580492
2.2778485086491784
2.27784850869039
2.277848508715117
2.277848508731641
2.277848508806982
2.277848508852188
2.2778485088793095
2.2778485088955858
2.2778485089386264
2.2778485089771223
2.2778485090002194
2.277848509014078
2.2778485090420615
2.277848509062346
2.277848509074515
2.2778485090818177
2.2778485090861986
2.277848509088827
2.277848509093752
2.2778485090976948
2.2778485091000604
2.2778485091014793
2.2778485091023306
2.277848509103127
2.2778485091042975
2.2778485091050014
2.2778485091054232
2.2778485091057687
2.277848509106189
2.27784850910644
2.2778485091065925
2.2778485091066822
2.2778485091068417
2.277848509106973
2.2778485091070513
2.2778485091070997
2.277848509107163
2.2778485091072116
2.2778485091072413
2.277848509107259
2.2778485091072698
2.27784850910728
2.2778485091072866
2.277848509107291
2.2778485091072938
2.277848509107296
2.277848509107298
2.2778485091072995
2.277848509107301
2.277848509107301
2.277848509107301
2.277848509107302
2.2778485091073035
2.2778485091073035
2.277848509107305
2.2778485091073057
2.2778485091073057
2.2778485091073057
2.2778485091073057
2.2778485091073057
2.2778485091073057
2.2778485091073057
2.2778485091073057
2.2778485091073057
2.2778485091073057
2.2778485091073057
2.2778485091073057
2.2778485091073057
2.2778485091073057
2.2778485091073057
2.2778485091073057
2.2778485091073057
2.2778485091073057
2.2778485091073057
2.2778485091073057
