2.2944476645554723
2.2944476645554723
2.2944476645554723
2.2944476645554723
2.2944476645554723
2.2944476645554723
2.2944476645554723
2.2944476645554723
2.2944476645554723
2.2944476645554723
2.2944476645554723
2.2944476645554723
2.2944476645554723
2.2944476645554723
2.2944476645554723
2.2944476645554723
2.2944476645554723
2.2944476645554723
2.2944476645554723
2.2944476645554723
2.2944476645554723
2.2944476645554723
2.2944476645554723
2.2944476645554723
2.2944476645554723
2.2944476645554723
2.2944476645554723
2.2944476645554723
2.2944476645554723
2.2944476645554723
2.2944476645554723
2.2944476645554723
2.2944476645554723
2.2944476645554723
2.2944476645554723
2.2944476645554723
2.2944476645554723
2.2944476645554723
2.2944476645554723
2.2944476645554723
2.2944476645554723
2.2944476645554723
2.2944476645554723
2.2944476645554723
2.2944476645554723
2.2944476645554723
2.2944476645554723
2.2944476645554723
2.2944476645554723
2.2944476645554723
2.2944476645554723
2.2944476645554723
2.2944476645554723
2.2944476645554723
2.2944476645554723
2.2944476645554723
2.2944476645554723
2.2944476645554723
2.2944476645554723
2.2944476645554723
2.2944476645554723
2.2944478573201557
2.2944481595563944
2.294448340898125
2.294448717905
2.294448717905
2.294449267360345
2.294449267360345
2.2944494455610167
2.2944496385005007
2.2944496637510516
2.2944499269147296
2.2944499759837416
2.2944499759837416
2.294450025413961
2.2944500996024315
2.2944501565955564
2.294450190791432
2.2944502132384037
2.294450230773658
2.2944502529291917
2.294450267717994
2.294450273209475
2.2944502801846194
2.2944502875700996
2.2944502957469814
2.2944502958958344
2.2944502991164506
2.2944503028643433
2.2944503067200452
2.2944503090334663
2.2944503105432332
2.2944503123391087
2.2944503135208323
2.2944503149333637
2.294450315362396
2.2944503164076697
2.2944503170348334
2.294450317411132
2.2944503176598037
2.294450318261572
2.294450318734527
2.2944503188588734
2.2944503188588734
2.2944503188588734
2.2944503190155943
2.294450319037106
2.294450319037106
2.294450319037106
2.294450319037106
2.294450319037106
2.294450319070531
2.2944503190753553
2.2944503190753553
2.2944503190753553
2.2944503190893766
2.2944503190915837
2.2944503190915837
2.294450319091585
2.294450319093835
2.2944503190953816
2.294450319096944
2.294450319098559
2.2944503191004353
2.2944503191019407
2.294450319102844
2.2944503191034076
2.294450319103798
2.2944503191040817
2.294450319104874
2.2944503191053958
2.2944503191057124
2.294450319106079
2.2944503191066024
2.294450319106917
2.2944503191071055
2.294450319107252
2.2944503191075083
2.294450319107664
2.294450319107757
2.2944503191078134
2.2944503191078987
2.2944503191079817
2.294450319108032
2.294450319108079
2.2944503191081327
2.2944503191081655
2.294450319108185
2.294450319108208
2.2944503191082277
2.2944503191082384
2.294450319108246
2.2944503191082504
2.2944503191082517
2.2944503191082535
2.2944503191082575
2.2944503191082606
2.294450319108262
2.2944503191082632
2.2944503191082646
2.2944503191082664
2.294450319108267
2.2944503191082677
2.294450319108268
2.294450319108269
2.294450319108269
2.2944503191082695
2.2944503191082695
2.29445031910827
2.29445031910827
2.2944503191082704
2.2944503191082704
2.2944503191082704
2.2944503191082704
2.2944503191082704
2.2944503191082704
2.2944503191082704
2.2944503191082704
2.2944503191082704
2.2944503191082704
2.2944503191082704
