2.504372366775582
2.504372366775582
2.504372366775582
2.504372366775582
2.504372366775582
2.504372366775582
2.504372366775582
2.504372366775582
2.504372366775582
2.504372366775582
2.504372366775582
2.504372366775582
2.504372366775582
2.504372366775582
2.504372366775582
2.504372366775582
2.504372366775582
2.504372366775582
2.504372366775582
2.504372366775582
2.504372366775582
2.504372366775582
2.504372366775582
2.504372366775582
2.504372366775582
2.504372366775582
2.504372366775582
2.504372366775582
2.504372366775582
2.504372366775582
2.504372366775582
2.504372366775582
2.504372366775582
2.504372366775582
2.504372366775582
2.504372366775582
2.504372366775582
2.504372366775582
2.504372366775582
2.504372366775582
2.504372366775582
2.504372366775582
2.504372366775582
2.504372366775582
2.504372366775582
2.504372366775582
2.504372366775582
2.504372366775582
2.504372366775582
2.504372366775582
2.504372366775582
2.504372366775582
2.504372366775582
2.504372366775582
2.504372366775582
2.504372366775582
2.504372673797216
2.504372673797216
2.504372673797216
2.5043733110941893
2.5043733110941893
2.50437381760244
2.504374438404817
2.504374438404817
2.504374438404817
2.504374438404817
2.504374767388396
2.5043751506227987
2.5043756972660445
2.50437584277274
2.504376216314026
2.5043763567494257
2.504376527663328
2.504376630211677
2.504376725162249
2.5043767970015445
2.504376871376182
2.5043769087332417
2.504376936033154
2.5043769765815256
2.5043770027568333
2.504377030782258
2.504377044908684
2.504377061724841
2.504377080861091
2.5043770949681075
2.5043770998338153
2.504377104328399
2.5043771080250257
2.504377111936179
2.504377114154555
2.5043771154855805
2.5043771162841955
2.50437711682105
2.504377117952947
2.504377118777435
2.5043771190441215
2.504377119396969
2.504377119723006
2.5043771199440386
2.504377120210148
2.5043771203011542
2.504377120418389
2.5043771206031575
2.5043771206294476
2.504377120669111
2.504377120743617
2.5043771207923653
2.504377120816559
2.504377120833398
2.5043771208549375
2.504377120865294
2.504377120911023
2.5043771209194507
2.504377120924508
2.504377120936583
2.504377120949841
2.5043771209588446
2.504377120963237
2.5043771209677126
2.5043771209711907
2.5043771209732775
2.504377120974652
2.504377120976967
2.5043771209777677
2.504377120978742
2.5043771209793255
2.504377120979996
2.5043771209807937
2.5043771209807937
2.504377120980867
2.504377120981492
2.504377120981492
2.504377120981492
2.5043771209816135
2.5043771209816947
2.504377120981743
2.5043771209819354
2.504377120981964
2.5043771209820616
2.504377120982121
2.5043771209821726
2.5043771209822423
2.5043771209823
2.504377120982308
2.5043771209823515
2.504377120982367
2.5043771209823835
2.5043771209823933
2.5043771209824
2.5043771209824044
2.504377120982415
2.504377120982421
2.504377120982425
2.504377120982428
2.5043771209824315
2.504377120982435
2.5043771209824377
2.504377120982438
2.5043771209824395
2.504377120982441
2.5043771209824417
2.5043771209824426
2.5043771209824426
2.5043771209824435
2.504377120982444
2.504377120982444
2.504377120982444
2.504377120982444
2.504377120982444
2.504377120982444
2.504377120982444
2.504377120982444
2.504377120982444
2.504377120982444
2.504377120982444
2.504377120982444
2.504377120982444
2.504377120982444
2.504377120982444
2.504377120982444
2.504377120982444
2.504377120982444
2.504377120982444
2.504377120982444
