1.9790120644224196
1.9790120644224196
1.9790120644224196
1.9790120644224196
1.9790120644224196
1.9790120644224196
1.9790120644224196
1.9790120644224196
1.9790120644224196
1.9790120644224196
1.9790120644224196
1.9790120644224196
1.9790120644224196
1.9790120644224196
1.9790120644224196
1.9790120644224196
1.9790120644224196
1.9790120644224196
1.9790120644224196
1.9790120644224196
1.9790120644224196
1.9790120644224196
1.9790120644224196
1.9790120644224196
1.9790120644224196
1.9790120644224196
1.9790120644224196
1.9790120644224196
1.9790120644224196
1.9790120644224196
1.9790120644224196
1.9790120644224196
1.9790120644224196
1.9790120644224196
1.9790120644224196
1.9790120644224196
1.9790120644224196
1.9790120644224196
1.9790120644224196
1.9790120644224196
1.9790120644224196
1.9790120644224196
1.9790120644224196
1.9790120644224196
1.9790120644224196
1.9790120644224196
1.9790120644224196
1.9790120644224196
1.9790120644224196
1.9790120644224196
1.9790120644224196
1.9790120644224196
1.9790166424529856
1.9790166424529856
1.9790166424529856
1.9790166424529856
1.9790166424529856
1.9790166424529856
1.9790208810829517
1.9790208810829517
1.9790224784556683
1.9790242289020779
1.9790255287009306
1.9790275824111203
1.9790294258731533
1.9790305319504249
1.9790312614263887
1.9790324369344428
1.9790331757998092
1.9790340084139837
1.9790344330351008
1.9790349484180827
1.979035223799056
1.9790353945939545
1.9790355425408288
1.9790356589663027
1.979035796032379
1.9790359388358993
1.9790359388358993
1.9790359807004083
1.9790360135305105
1.9790360678824004
1.9790361051607739
1.979036119349663
1.9790361332885036
1.9790361448759686
1.9790361698232035
1.9790361847915439
1.9790361956160354
1.979036209035659
1.979036220916564
1.979036228045107
1.9790362325650492
1.9790362393648973
1.979036246259243
1.979036250395851
1.9790362528778151
1.9790362543669937
1.979036257374615
1.9790362599513311
1.9790362614973607
1.979036262424978
1.979036262999444
1.979036264128085
1.9790362649398237
1.9790362654268667
1.9790362657190925
1.9790362658944283
1.9790362663409435
1.979036266775355
1.979036267036002
1.9790362671923902
1.9790362673569717
1.979036267522754
1.9790362676222233
1.9790362676819047
1.9790362677177136
1.9790362677433286
1.9790362677658075
1.9790362677793458
1.979036267787468
1.9790362677929096
1.9790362677986508
1.9790362678029765
1.979036267805572
1.9790362678071296
1.9790362678080917
1.9790362678090414
1.9790362678098643
1.9790362678103697
1.9790362678107356
1.9790362678110032
1.9790362678111821
1.9790362678113218
1.9790362678114204
1.9790362678114797
1.9790362678115188
1.979036267811585
1.9790362678116291
1.9790362678116606
1.9790362678116884
1.9790362678117148
1.9790362678117326
1.9790362678117448
1.9790362678117523
1.9790362678117568
1.97903626781176
1.9790362678117652
1.9790362678117686
1.9790362678117706
1.9790362678117723
1.979036267811774
1.9790362678117752
1.979036267811776
1.9790362678117768
1.979036267811777
1.9790362678117774
1.9790362678117779
1.9790362678117783
1.9790362678117783
1.9790362678117783
1.9790362678117785
1.9790362678117785
1.9790362678117785
1.9790362678117785
1.9790362678117785
1.9790362678117785
1.9790362678117785
1.9790362678117785
1.9790362678117785
1.9790362678117785
1.9790362678117785
1.9790362678117785
1.9790362678117785
1.9790362678117785
1.9790362678117785
1.9790362678117785
1.9790362678117785
1.9790362678117785
1.9790362678117785
1.9790362678117785
1.9790362678117785
1.9790362678117785
1.9790362678117785
1.9790362678117785
1.9790362678117785
1.9790362678117785
1.9790362678117785
1.9790362678117785
1.9790362678117785
