1.2189109859293208
1.2189109859293208
1.2189109859293208
1.2189109859293208
1.2189109859293208
1.2189109859293208
1.2189109859293208
1.2189109859293208
1.2189109859293208
1.2189109859293208
1.2189109859293208
1.2189109859293208
1.2189109859293208
1.2189109859293208
1.2189109859293208
1.2189109859293208
1.2189109859293208
1.2189109859293208
1.2189109859293208
1.2189109859293208
1.2189109859293208
1.2189109859293208
1.2189109859293208
1.2189109859293208
1.2189109859293208
1.2189109859293208
1.2189109859293208
1.2189109859293208
1.2189109859293208
1.2189109859293208
1.2189109859293208
1.2189109859293208
1.2189109859293208
1.2189109859293208
1.2189109859293208
1.2189109859293208
1.2189109859293208
1.2189109859293208
1.2189109859293208
1.2189109859293208
1.2189109859293208
1.2189109859293208
1.2189109859293208
1.2189109859293208
1.2189109859293208
1.2189109859293208
1.2189109859293208
1.2189109859293208
1.2189137809557955
1.2189137809557955
1.2189137809557955
1.2189171715395661
1.2189171715395661
1.2189171715395661
1.2189171715395661
1.2189183172967797
1.218920526271091
1.2189225930095082
1.2189238330595589
1.2189245770921087
1.2189253806658154
1.218928004886837
1.2189288432200107
1.2189297598146986
1.2189307315410474
1.2189315067289317
1.2189319879824425
1.2189322783841214
1.2189324910210626
1.218932815763349
1.2189329945282747
1.2189331998024058
1.2189334431226728
1.2189336059086142
1.2189337476605375
1.2189338441741318
1.2189338897710489
1.2189339298806043
1.2189339693413073
1.2189340145066132
1.2189340160288822
1.21893402445824
1.2189340391875547
1.2189340642788167
1.218934065643499
1.2189340738110686
1.2189340749920528
1.2189340798269903
1.2189340842516738
1.2189340842516738
1.218934084603079
1.218934085237001
1.2189340859616404
1.2189340872298409
1.2189340874243202
1.2189340879743258
1.2189340886051023
1.2189340889476448
1.2189340891531704
1.2189340892892289
1.2189340895051235
1.218934089785849
1.218934089971479
1.2189340900828578
1.2189340901505068
1.2189340902417296
1.2189340903410562
1.2189340904228587
1.2189340904555575
1.2189340904892696
1.218934090510341
1.218934090523449
1.2189340905350892
1.2189340905420736
1.2189340905533983
1.2189340905552881
1.218934090556747
1.2189340905622021
1.2189340905661041
1.2189340905679844
1.218934090570155
1.2189340905717747
1.2189340905729644
1.2189340905734567
1.218934090573992
1.2189340905743304
1.21893409057509
1.2189340905755273
1.2189340905758024
1.218934090575823
1.2189340905759887
1.2189340905761097
1.2189340905761994
1.218934090576253
1.2189340905762855
1.2189340905763053
1.21893409057633
1.2189340905763566
1.218934090576374
1.2189340905763788
1.2189340905763915
1.2189340905763983
1.2189340905764068
1.2189340905764108
1.2189340905764159
1.2189340905764208
1.2189340905764234
1.2189340905764254
1.2189340905764268
1.2189340905764279
1.218934090576428
1.2189340905764285
1.2189340905764292
1.2189340905764292
1.2189340905764299
1.2189340905764299
1.2189340905764305
1.2189340905764305
1.2189340905764305
1.2189340905764305
1.2189340905764305
1.2189340905764305
1.2189340905764305
1.2189340905764305
1.2189340905764305
1.2189340905764305
1.2189340905764305
1.2189340905764305
1.2189340905764305
1.2189340905764305
1.2189340905764305
1.2189340905764305
1.2189340905764305
1.2189340905764305
1.2189340905764305
1.2189340905764305
1.2189340905764305
1.2189340905764305
1.2189340905764305
1.2189340905764305
1.2189340905764305
1.2189340905764305
1.2189340905764305
