1.8539333650692222
1.8539333650692222
1.8539333650692222
1.8539333650692222
1.8539333650692222
1.8539333650692222
1.8539333650692222
1.8539333650692222
1.8539333650692222
1.8539333650692222
1.8539333650692222
1.8539333650692222
1.8539333650692222
1.8539333650692222
1.8539333650692222
1.8539333650692222
1.8539333650692222
1.8539333650692222
1.8539333650692222
1.8539333650692222
1.8539333650692222
1.8539333650692222
1.8539333650692222
1.8539333650692222
1.8539333650692222
1.8539333650692222
1.8539333650692222
1.8539333650692222
1.8539333650692222
1.8539333650692222
1.8539333650692222
1.8539333650692222
1.8539333650692222
1.8539333650692222
1.8539333650692222
1.8539333650692222
1.8539333650692222
1.8539333650692222
1.8539333650692222
1.8539333650692222
1.8539333650692222
1.8539333650692222
1.8539333650692222
1.8539333650692222
1.8539333650692222
1.8539333650692222
1.8539333650692222
1.8539333650692222
1.8539333650692222
1.8539333650692222
1.8539333650692222
1.8539333650692222
1.8539333650692222
1.8539333650692222
1.8539333650692222
1.8539333650692222
1.8539333650692222
1.8539333650692222
1.8539333650692222
1.853934657160414
1.853934657160414
1.853934657160414
1.853934657160414
1.853934657160414
1.8539351369831902
1.853935889953015
1.853936426991488
1.8539367223346388
1.853936877255272
1.8539372544602353
1.853937480783225
1.8539377742544552
1.8539379224533972
1.8539380307039435
1.853938186369713
1.853938248897881
1.8539383067439374
1.8539383859676253
1.853938426536285
1.8539384767356892
1.85393849810983
1.85393849810983
1.8539385213194912
1.8539385213194912
1.8539385213194912
1.853938523336987
1.8539385249556428
1.8539385249556428
1.8539385278537743
1.8539385278537743
1.8539385278537743
1.8539385278537743
1.8539385280173104
1.8539385289215913
1.8539385289215913
1.8539385289215913
1.8539385291650659
1.8539385293367718
1.8539385293367718
1.8539385293367718
1.8539385294249964
1.8539385294249964
1.8539385294249964
1.8539385294253072
1.8539385294977881
1.8539385294977881
1.853938529526719
1.8539385295482436
1.853938529575982
1.8539385295856208
1.8539385295975548
1.8539385296176571
1.8539385296423843
1.853938529650078
1.853938529650078
1.853938529650078
1.853938529658323
1.8539385296605364
1.8539385296605364
1.853938529661087
1.8539385296637025
1.8539385296637025
1.853938529664638
1.8539385296655921
1.8539385296661408
1.8539385296661408
1.8539385296661408
1.8539385296665578
1.853938529666623
1.853938529666623
1.853938529666623
1.8539385296666702
1.8539385296666702
1.8539385296666702
1.8539385296666917
1.8539385296667032
1.8539385296667132
1.85393852966672
1.853938529666724
1.8539385296667255
1.8539385296667275
1.8539385296667619
1.8539385296668196
1.8539385296668294
1.8539385296668422
1.8539385296668422
1.8539385296668422
1.8539385296668422
1.853938529666849
1.853938529666849
1.853938529666849
1.853938529666849
1.853938529666853
1.853938529666853
1.853938529666853
1.853938529666853
1.8539385296668538
1.8539385296668538
1.8539385296668538
1.8539385296668538
1.8539385296668538
1.853938529666854
1.853938529666854
1.853938529666854
1.853938529666854
1.853938529666854
1.853938529666854
1.853938529666854
1.853938529666854
1.853938529666854
1.853938529666854
1.853938529666854
1.853938529666854
1.853938529666854
1.853938529666854
1.853938529666854
1.853938529666854
1.853938529666854
1.853938529666854
1.853938529666854
1.853938529666854
1.853938529666854
