1.576207242462459
1.576207242462459
1.576207242462459
1.576207242462459
1.576207242462459
1.576207242462459
1.576207242462459
1.576207242462459
1.576207242462459
1.576207242462459
1.576207242462459
1.576207242462459
1.576207242462459
1.576207242462459
1.576207242462459
1.576207242462459
1.576207242462459
1.576207242462459
1.576207242462459
1.576207242462459
1.576207242462459
1.576207242462459
1.576207242462459
1.576207242462459
1.576207242462459
1.576207242462459
1.576207242462459
1.576207242462459
1.576207242462459
1.576207242462459
1.576207242462459
1.576207242462459
1.576207242462459
1.576207242462459
1.576207242462459
1.576207242462459
1.576207242462459
1.576207242462459
1.576207242462459
1.576207242462459
1.5762706457865832
1.5762706457865832
1.5762706457865832
1.5762706457865832
1.5762706457865832
1.5762706457865832
1.5762706457865832
1.5762706457865832
1.5762706457865832
1.5762706457865832
1.5762706457865832
1.5762761292233267
1.5762761292233267
1.5762761292233267
1.5762761292233267
1.576276237633111
1.576276237633111
1.5762782552962067
1.5762807252833881
1.5762823302434557
1.5762833265333922
1.576285041130825
1.576286856629251
1.5762879459306867
1.5762885995124047
1.5762889916617437
1.5762894311167908
1.5762901598893087
1.5762906529591028
1.5762908725345852
1.576291038817775
1.5762913495375541
1.5762916061751526
1.57629177184306
1.576291871243825
1.5762919308842909
1.576291990175983
1.576292096703604
1.5762921935783838
1.5762922448563852
1.5762923032609946
1.5762923797434543
1.576292420689058
1.5762924537133336
1.57629247650791
1.576292498260652
1.5762925117127762
1.5762925180870389
1.576292524834134
1.576292530965707
1.5762925355381323
1.576292538185699
1.5762925394104206
1.5762925404432653
1.5762925413964344
1.5762925430766548
1.5762925438555857
1.5762925443532956
1.576292544696068
1.5762925454186227
1.576292546329841
1.5762925468765723
1.576292547205513
1.576292547529335
1.5762925479920578
1.576292548278592
1.5762925484505121
1.5762925485536645
1.5762925486163746
1.5762925487870225
1.5762925489018083
1.57629254897068
1.5762925490120032
1.5762925490695538
1.5762925491431383
1.5762925491872894
1.5762925492137798
1.576292549235446
1.5762925492683206
1.5762925492880457
1.5762925492998798
1.5762925493069813
1.576292549313555
1.5762925493204654
1.5762925493246118
1.5762925493270994
1.576292549328592
1.5762925493297173
1.5762925493322228
1.5762925493337252
1.5762925493346276
1.5762925493351683
1.5762925493355118
1.576292549336077
1.5762925493364242
1.5762925493366318
1.5762925493367566
1.5762925493368707
1.5762925493369893
1.5762925493370608
1.5762925493371034
1.57629254933713
1.5762925493371729
1.5762925493371995
1.5762925493372162
1.5762925493372264
1.5762925493372322
1.576292549337237
1.5762925493372446
1.5762925493372495
1.5762925493372528
1.5762925493372546
1.576292549337257
1.576292549337258
1.5762925493372588
1.5762925493372597
1.5762925493372608
1.5762925493372613
1.576292549337262
1.5762925493372621
1.5762925493372621
1.5762925493372621
1.5762925493372621
1.5762925493372621
1.5762925493372621
1.5762925493372621
1.5762925493372621
1.5762925493372621
1.5762925493372621
1.5762925493372621
1.5762925493372621
1.5762925493372621
1.5762925493372621
1.5762925493372621
1.5762925493372621
1.5762925493372621
1.5762925493372621
1.5762925493372621
1.5762925493372621
1.5762925493372621
1.5762925493372621
1.5762925493372621
1.5762925493372621
1.5762925493372621
1.5762925493372621
1.5762925493372621
