1.6874830350276844
1.6874830350276844
1.6874830350276844
1.6874830350276844
1.6874830350276844
1.6874830350276844
1.6874830350276844
1.6874830350276844
1.6874830350276844
1.6874830350276844
1.6874830350276844
1.6874830350276844
1.6874830350276844
1.6874830350276844
1.6874830350276844
1.6874830350276844
1.6874830350276844
1.6874830350276844
1.6874830350276844
1.6874830350276844
1.6874830350276844
1.6874830350276844
1.6874830350276844
1.6874830350276844
1.6874830350276844
1.6874830350276844
1.6874830350276844
1.6874830350276844
1.6874830350276844
1.6874830350276844
1.6874830350276844
1.6874830350276844
1.6874830350276844
1.6874830350276844
1.6874830350276844
1.6874830350276844
1.6874830350276844
1.6874830350276844
1.6874830350276844
1.6874830350276844
1.6874830350276844
1.6874830350276844
1.6874830350276844
1.6874830350276844
1.6874892294538006
1.6874892294538006
1.6874892294538006
1.6874892294538006
1.6874892294538006
1.6874892294538006
1.6874892294538006
1.6874892294538006
1.6874892294538006
1.6874892294538006
1.6874892294538006
1.6874892294538006
1.6874892294538006
1.6874892294538006
1.6874892294538006
1.6874892294538006
1.6874895309550828
1.6874895309550828
1.6874895309550828
1.6874896248862314
1.6874896248862314
1.6874901259944912
1.6874905993630132
1.6874911091300386
1.6874914934825402
1.687491620359385
1.6874918148012403
1.6874919314663537
1.6874921461614871
1.6874923622066915
1.6874926499195673
1.6874927019719665
1.6874928070291768
1.6874928846847994
1.6874929732208952
1.6874930373156578
1.6874930840297537
1.6874931120582108
1.6874931532983752
1.6874932102412867
1.6874932444070323
1.6874932649666148
1.6874932829220477
1.6874933032322492
1.6874933176880589
1.6874933263615448
1.6874933315656362
1.6874933375357852
1.687493341606854
1.6874933440494952
1.6874933455150802
1.687493346394431
1.6874933473248748
1.687493349059569
1.6874933501721523
1.6874933508573646
1.6874933512684924
1.6874933522814526
1.6874933529021545
1.6874933532745762
1.6874933536883718
1.6874933541122106
1.687493354370368
1.6874933545252628
1.6874933546189295
1.6874933547168431
1.6874933547774233
1.6874933548137716
1.6874933548355806
1.6874933548486655
1.6874933548725997
1.687493354893814
1.687493354907187
1.6874933549152549
1.6874933549200957
1.6874933549283593
1.6874933549335072
1.6874933549365965
1.6874933549395728
1.6874933549423525
1.6874933549441262
1.6874933549451907
1.6874933549458297
1.6874933549462123
1.6874933549466693
1.6874933549472029
1.6874933549475237
1.687493354947716
1.6874933549479483
1.6874933549482236
1.687493354948392
1.6874933549484932
1.6874933549485684
1.6874933549486963
1.6874933549487732
1.687493354948819
1.6874933549488862
1.6874933549489592
1.6874933549490025
1.6874933549490292
1.687493354949047
1.6874933549490851
1.6874933549491071
1.687493354949121
1.6874933549491289
1.687493354949143
1.687493354949153
1.6874933549491593
1.687493354949164
1.6874933549491709
1.687493354949175
1.6874933549491775
1.6874933549491797
1.687493354949182
1.6874933549491837
1.687493354949184
1.6874933549491848
1.6874933549491853
1.6874933549491857
1.6874933549491862
1.6874933549491866
1.6874933549491866
1.6874933549491866
1.6874933549491866
1.6874933549491866
1.6874933549491866
1.6874933549491866
1.6874933549491866
1.6874933549491866
1.6874933549491866
1.6874933549491866
1.6874933549491866
1.6874933549491866
1.6874933549491866
1.6874933549491866
1.6874933549491866
1.6874933549491866
1.6874933549491866
1.6874933549491866
1.6874933549491866
1.6874933549491866
1.6874933549491866
1.6874933549491866
1.6874933549491866
