2.3229465750913296
2.3229465750913296
2.3229465750913296
2.3229465750913296
2.3229465750913296
2.3229465750913296
2.3229465750913296
2.3229465750913296
2.3229465750913296
2.3229465750913296
2.3229465750913296
2.3229465750913296
2.3229465750913296
2.3229465750913296
2.3229465750913296
2.3229465750913296
2.3229465750913296
2.3229465750913296
2.3229465750913296
2.3229465750913296
2.3229465750913296
2.3229465750913296
2.3229465750913296
2.3229465750913296
2.3229465750913296
2.3229465750913296
2.3229465750913296
2.3229465750913296
2.3229465750913296
2.3229465750913296
2.3229465750913296
2.3229465750913296
2.3229465750913296
2.3229465750913296
2.3229465750913296
2.3229465750913296
2.3229465750913296
2.3229465750913296
2.3229465750913296
2.3229465750913296
2.3229465750913296
2.3229465750913296
2.3229832989405965
2.3229832989405965
2.3229832989405965
2.3229832989405965
2.3229832989405965
2.3229832989405965
2.3229832989405965
2.3229832989405965
2.3229832989405965
2.322986257880579
2.3229915975192696
2.3229948012946755
2.322996723557109
2.3230006575949793
2.3230047401335856
2.3230047401335856
2.323007419502631
2.323008766283555
2.3230110772443195
2.32301287958243
2.3230139609845364
2.323014742092778
2.323015686075291
2.3230166438705044
2.3230173707788992
2.323017806923858
2.3230180686108053
2.3230182276934968
2.3230184474508198
2.323018874536033
2.3230191307871206
2.3230192845377577
2.3230193767881353
2.323019463405242
2.3230195524449075
2.323019643429961
2.3230197070356313
2.3230197070356313
2.323019752796635
2.323019763997433
2.3230197871123086
2.3230197871123086
2.3230197871123086
2.323019791341019
2.3230197947613016
2.323019800075211
2.323019801092358
2.323019801703034
2.323019801703034
2.3230198041492716
2.3230198041914654
2.3230198044402948
2.3230198055176423
2.323019805902073
2.323019806310207
2.323019806310207
2.323019806594191
2.323019806806029
2.323019806895362
2.3230198069489614
2.323019807024652
2.323019807024652
2.3230198071308057
2.323019807205339
2.323019807239585
2.323019807274618
2.3230198072851422
2.3230198073068222
2.3230198073364523
2.323019807353851
2.3230198073678725
2.323019807391333
2.3230198074048625
2.323019807410662
2.323019807418112
2.3230198074214576
2.3230198074250517
2.3230198074282415
2.32301980743039
2.3230198074312436
2.323019807432135
2.3230198074328556
2.323019807433613
2.3230198074344286
2.3230198074344286
2.32301980743462
2.323019807434809
2.323019807435044
2.323019807435227
2.323019807435331
2.3230198074353976
2.323019807435525
2.3230198074356343
2.3230198074357
2.3230198074357395
2.323019807435792
2.3230198074358253
2.3230198074358497
2.323019807435867
2.323019807435886
2.3230198074359083
2.3230198074359216
2.3230198074359296
2.323019807435934
2.323019807435937
2.323019807435939
2.3230198074359443
2.323019807435948
2.3230198074359496
2.323019807435951
2.323019807435953
2.3230198074359545
2.3230198074359554
2.3230198074359554
2.3230198074359563
2.323019807435957
2.323019807435957
2.323019807435957
2.3230198074359576
2.323019807435958
2.323019807435958
2.3230198074359585
2.3230198074359585
2.3230198074359585
2.3230198074359585
2.3230198074359585
2.3230198074359585
2.3230198074359585
2.3230198074359585
2.3230198074359585
2.3230198074359585
2.3230198074359585
2.3230198074359585
2.3230198074359585
2.3230198074359585
2.3230198074359585
2.3230198074359585
2.3230198074359585
2.3230198074359585
2.3230198074359585
