1.2609803505694868
1.2609803505694868
1.2609803505694868
1.2609803505694868
1.2609803505694868
1.2609803505694868
1.2609803505694868
1.2609803505694868
1.2609803505694868
1.2609803505694868
1.2609803505694868
1.2609803505694868
1.2609803505694868
1.2609803505694868
1.2609803505694868
1.2609803505694868
1.2609803505694868
1.2609803505694868
1.2609803505694868
1.2609803505694868
1.2609803505694868
1.2609803505694868
1.2609803505694868
1.2609803505694868
1.2609803505694868
1.2609803505694868
1.2609803505694868
1.2609803505694868
1.2609803505694868
1.2609803505694868
1.2609803505694868
1.2609803505694868
1.2609803505694868
1.2609803505694868
1.2609803505694868
1.2609803505694868
1.2609803505694868
1.2609803505694868
1.2609803505694868
1.2609803505694868
1.2609803505694868
1.2609803505694868
1.2609887770367307
1.2609887770367307
1.2609897647097805
1.2609922879939608
1.260993801963878
1.2609947538168989
1.260996325570197
1.2609972686223276
1.2609978344536605
1.26099817395248
1.2609986312934014
1.2609990500939166
1.2609993771301802
1.260999573351932
1.2609996910849808
1.2610000934310805
1.2610002245481626
1.2610002908498423
1.2610002908498423
1.2610002908498423
1.261000311452232
1.261000311452232
1.261000311452232
1.261000311452232
1.26100041223991
1.2610006621005878
1.2610009275296667
1.261001133679272
1.261001239617242
1.2610013793361887
1.2610013793361887
1.2610014363452966
1.2610015171025157
1.2610015329609046
1.2610015849308294
1.261001629339733
1.2610016536140831
1.2610016690954111
1.2610016783842084
1.261001684642733
1.2610016900160017
1.2610016973485627
1.261001703874725
1.261001707790422
1.2610017125790076
1.2610017153007889
1.2610017190496632
1.261001719438855
1.261001719438855
1.2610017212784463
1.2610017214108973
1.2610017216525025
1.2610017217974654
1.2610017218904883
1.2610017225494785
1.2610017229025734
1.2610017232523765
1.2610017234964885
1.2610017236462698
1.261001723647579
1.2610017237692408
1.2610017238648767
1.2610017239134124
1.2610017239709472
1.2610017239829776
1.261001724013531
1.261001724046173
1.261001724065853
1.2610017240683922
1.261001724079438
1.2610017240911402
1.2610017241014306
1.2610017241105052
1.261001724113728
1.261001724120275
1.2610017241275397
1.2610017241318987
1.2610017241345792
1.261001724136204
1.261001724138972
1.2610017241408376
1.2610017241420879
1.261001724143086
1.2610017241444247
1.2610017241452358
1.2610017241459845
1.261001724146782
1.2610017241472684
1.2610017241475637
1.2610017241477247
1.2610017241478302
1.2610017241478868
1.2610017241479174
1.2610017241479616
1.2610017241480123
1.2610017241480123
1.2610017241480123
1.2610017241480251
1.2610017241480356
1.2610017241480356
1.2610017241480438
1.2610017241480524
1.2610017241480576
1.2610017241480576
1.261001724148059
1.2610017241480658
1.2610017241480702
1.261001724148073
1.2610017241480749
1.2610017241480782
1.2610017241480815
1.2610017241480842
1.261001724148085
1.2610017241480864
1.2610017241480869
1.2610017241480873
1.2610017241480878
1.2610017241480878
1.261001724148088
1.261001724148088
1.261001724148088
1.2610017241480882
1.2610017241480882
1.2610017241480882
1.2610017241480884
1.2610017241480884
1.2610017241480884
1.2610017241480884
1.2610017241480886
1.2610017241480886
1.2610017241480886
1.2610017241480886
1.2610017241480886
1.2610017241480886
1.2610017241480886
1.2610017241480886
1.2610017241480886
