2.362076218175426
2.362076218175426
2.362076218175426
2.362076218175426
2.362076218175426
2.362076218175426
2.362076218175426
2.362076218175426
2.362076218175426
2.362076218175426
2.362076218175426
2.362076218175426
2.362076218175426
2.362076218175426
2.362076218175426
2.362076218175426
2.362076218175426
2.362076218175426
2.362076218175426
2.362076218175426
2.362076218175426
2.362076218175426
2.362076218175426
2.362076218175426
2.362076218175426
2.362076218175426
2.362076218175426
2.362076218175426
2.362076218175426
2.362076218175426
2.362076218175426
2.362076218175426
2.362076218175426
2.362076218175426
2.362076218175426
2.362076218175426
2.362076218175426
2.362076218175426
2.362076218175426
2.362076218175426
2.362076218175426
2.362076218175426
2.362076218175426
2.362076218175426
2.362076218175426
2.362076218175426
2.362076218175426
2.362076218175426
2.362076218175426
2.362076218175426
2.3620824882697766
2.3620824882697766
2.3620824882697766
2.3620824882697766
2.3620824882697766
2.362084092433221
2.362084092433221
2.362084092433221
2.362084092433221
2.362084092433221
2.3620846318245294
2.3620846318245294
2.3620846318245294
2.3620846318245294
2.3620860394450607
2.3620860394450607
2.3620860394450607
2.362086786347362
2.3620874057163475
2.3620878561676277
2.3620880862200213
2.3620886217923114
2.3620889726804712
2.3620891832133846
2.362089318658231
2.362089408552774
2.3620895430349207
2.3620896369838484
2.3620896892896184
2.36208974855727
2.3620897886831878
2.3620898127587395
2.36208982720407
2.362089839232984
2.3620898552915426
2.362089861349613
2.362089869561968
2.3620898740912772
2.362089874954279
2.3620898804803794
2.362089883841658
2.3620898858584245
2.3620898870684846
2.3620898877945207
2.362089889765429
2.3620898915365482
2.362089891921431
2.3620898932651064
2.3620898932651064
2.3620898932651064
2.362089893408528
2.3620898938016825
2.3620898942787134
2.3620898945582183
2.36208989465693
2.362089894716157
2.3620898948718008
2.3620898949949294
2.362089895076148
2.362089895129993
2.3620898951680482
2.362089895192582
2.3620898952582094
2.3620898952969673
2.3620898953245097
2.3620898953313834
2.362089895343265
2.3620898953475935
2.3620898953568457
2.3620898953636504
2.362089895368633
2.362089895370754
2.3620898953750538
2.362089895378517
2.3620898953816676
2.3620898953825273
2.36208989538369
2.36208989538471
2.3620898953857123
2.362089895386287
2.3620898953866316
2.3620898953869016
2.3620898953870637
2.3620898953872866
2.3620898953873084
2.362089895387443
2.3620898953874874
2.3620898953875034
2.3620898953875638
2.362089895387596
2.3620898953876206
2.3620898953876406
2.3620898953876575
2.3620898953876686
2.3620898953876854
2.3620898953876854
2.362089895387687
2.362089895387691
2.362089895387697
2.362089895387703
2.3620898953877076
2.362089895387712
2.3620898953877156
2.3620898953877174
2.3620898953877196
2.362089895387721
2.3620898953877227
2.362089895387723
2.3620898953877245
2.3620898953877254
2.3620898953877254
2.362089895387726
2.3620898953877263
2.3620898953877263
2.3620898953877263
2.3620898953877263
2.3620898953877263
2.3620898953877263
2.3620898953877263
2.3620898953877263
2.3620898953877263
2.3620898953877263
2.3620898953877263
2.3620898953877263
2.3620898953877263
2.3620898953877263
2.3620898953877263
2.3620898953877263
2.3620898953877263
2.3620898953877263
2.3620898953877263
2.3620898953877263
2.3620898953877263
2.3620898953877263
