2.312973877352128
2.312973877352128
2.312973877352128
2.312973877352128
2.312973877352128
2.312973877352128
2.312973877352128
2.312973877352128
2.312973877352128
2.312973877352128
2.312973877352128
2.312973877352128
2.312973877352128
2.312973877352128
2.312973877352128
2.312973877352128
2.312973877352128
2.312973877352128
2.312973877352128
2.312973877352128
2.312973877352128
2.312973877352128
2.312973877352128
2.312973877352128
2.312973877352128
2.312973877352128
2.312973877352128
2.312973877352128
2.312973877352128
2.312973877352128
2.312973877352128
2.312973877352128
2.3134942669993395
2.3134942669993395
2.3134942669993395
2.3134942669993395
2.3134942669993395
2.3134942669993395
2.3134942669993395
2.3134942669993395
2.3134942669993395
2.3134942669993395
2.3134942669993395
2.3134942669993395
2.3134942669993395
2.3134942669993395
2.3134942669993395
2.3134942669993395
2.3134942669993395
2.3134942669993395
2.3134942669993395
2.3134942669993395
2.3134942669993395
2.3134942669993395
2.313521245654137
2.313521245654137
2.313521245654137
2.313535655632282
2.3135427164025204
2.3135435436449083
2.31354577513967
2.3135501073733993
2.3135552306683804
2.313557079845875
2.3135588421077613
2.3135604163224848
2.3135614043864807
2.313562677787112
2.3135634418278066
2.3135639002523374
2.3135642301401265
2.3135644836746065
2.3135648846358525
2.313565167483025
2.313565167483025
2.313565380227423
2.3135654364525076
2.313565590529956
2.3135656865251595
2.313565744122284
2.3135657975997423
2.313565913836748
2.3135659750538906
2.3135659992759448
2.313566044352927
2.313566077107521
2.3135661011019266
2.3135661153723226
2.31356612393456
2.3135661415938773
2.313566157865923
2.31356616762915
2.3135661734870867
2.3135661799363043
2.31356618883991
2.3135661936075715
2.3135661953634763
2.3135661978473565
2.3135661999649804
2.3135662010617435
2.313566201750275
2.3135662025620367
2.3135662032466477
2.313566203658612
2.31356620390579
2.313566204054097
2.3135662043768055
2.3135662046974934
2.313566204793995
2.313566204943299
2.3135662050810644
2.3135662052147765
2.3135662052258485
2.313566205270675
2.313566205303493
2.313566205326684
2.31356620536966
2.3135662053877417
2.3135662053985917
2.3135662054051007
2.3135662054375388
2.313566205457418
2.3135662054693458
2.313566205476502
2.3135662054886867
2.313566205499069
2.313566205505298
2.3135662055090354
2.313566205514107
2.3135662055181503
2.3135662055205772
2.313566205522033
2.313566205524159
2.313566205525766
2.313566205526731
2.3135662055273096
2.3135662055276565
2.3135662055282777
2.3135662055289057
2.3135662055292823
2.313566205529517
2.3135662055299524
2.3135662055302215
2.313566205530383
2.31356620553048
2.3135662055306505
2.313566205530789
2.313566205530873
2.313566205530923
2.3135662055309543
2.3135662055310138
2.3135662055310497
2.313566205531072
2.3135662055310853
2.3135662055310937
2.31356620553111
2.31356620553112
2.313566205531126
2.313566205531133
2.313566205531138
2.313566205531142
2.3135662055311443
2.3135662055311474
2.3135662055311497
2.313566205531151
2.313566205531152
2.3135662055311523
2.313566205531153
2.313566205531154
2.3135662055311546
2.313566205531155
2.313566205531155
2.313566205531155
2.313566205531155
2.313566205531155
2.313566205531155
2.313566205531155
2.313566205531155
2.313566205531155
2.313566205531155
2.313566205531155
2.313566205531155
2.313566205531155
2.313566205531155
2.313566205531155
2.313566205531155
2.313566205531155
2.313566205531155
2.313566205531155
2.313566205531155
