0.875132453769188
0.875132453769188
0.875132453769188
0.875132453769188
0.875132453769188
0.875132453769188
0.875132453769188
0.875132453769188
0.875132453769188
0.875132453769188
0.875132453769188
0.875132453769188
0.875132453769188
0.875132453769188
0.875132453769188
0.875132453769188
0.875132453769188
0.875132453769188
0.875132453769188
0.875132453769188
0.875132453769188
0.875132453769188
0.875132453769188
0.875132453769188
0.875132453769188
0.875132453769188
0.875132453769188
0.875132453769188
0.875132453769188
0.875132453769188
0.875132453769188
0.875132453769188
0.875132453769188
0.875132453769188
0.875132453769188
0.875132453769188
0.875132453769188
0.875132453769188
0.875132453769188
0.875132453769188
0.875132453769188
0.875132453769188
0.875132453769188
0.875132453769188
0.875132453769188
0.875132453769188
0.875132453769188
0.875132453769188
0.875132453769188
0.8751335799238267
0.8751335799238267
0.8751335799238267
0.8751335799238267
0.8751335799238267
0.8751335799238267
0.8751335799238267
0.875135862643131
0.875135862643131
0.875135862643131
0.875135862643131
0.875135862643131
0.875135862643131
0.875135862643131
0.8751365909175128
0.8751367317228748
0.8751368162059903
0.8751370752007778
0.8751374136049316
0.8751376442502139
0.8751378863569906
0.8751380316209835
0.8751382059777488
0.8751382610262924
0.8751384225878182
0.8751385224388833
0.8751386330165625
0.8751386371078477
0.8751386788653607
0.8751387201332455
0.8751387448939765
0.8751387675960489
0.8751387869170767
0.8751388162672654
0.8751388222967068
0.8751388366688915
0.8751388423693369
0.8751388507197473
0.8751388557170564
0.8751388557170564
0.8751388582197931
0.8751388598237171
0.8751388601967874
0.8751388601967874
0.8751388603252692
0.8751388609702759
0.8751388616348635
0.8751388625583446
0.8751388625583446
0.8751388625918938
0.8751388630224157
0.8751388632880646
0.8751388634474541
0.8751388635430877
0.8751388636007463
0.8751388636356098
0.8751388636565275
0.8751388640515281
0.8751388640515281
0.875138864137049
0.8751388642595407
0.8751388643330353
0.8751388643579889
0.8751388644256656
0.8751388644673505
0.8751388644947857
0.8751388645301089
0.8751388645518619
0.8751388645713775
0.8751388645877449
0.8751388646066243
0.8751388646212759
0.8751388646300667
0.8751388646379449
0.87513886464835
0.8751388646547417
0.875138864658577
0.875138864658577
0.875138864658577
0.875138864658577
0.8751388646596244
0.8751388646596244
0.8751388646596244
0.8751388646596244
0.8751388646596244
0.8751388646596244
0.8751388646596244
0.8751388646596244
0.8751388646596244
0.8751388646596687
0.8751388646597071
0.8751388646597071
0.8751388646597071
0.8751388646597071
0.875138864659723
0.8751388646597412
0.8751388646597412
0.87513886465976
0.8751388646597761
0.8751388646597785
0.8751388646597885
0.8751388646598007
0.8751388646598081
0.8751388646598123
0.8751388646598147
0.8751388646598213
0.8751388646598294
0.8751388646598294
0.8751388646598313
0.8751388646598324
0.8751388646598345
0.875138864659837
0.8751388646598385
0.8751388646598394
0.8751388646598405
0.8751388646598426
0.8751388646598439
0.8751388646598439
0.8751388646598446
0.8751388646598454
0.8751388646598454
0.8751388646598455
0.8751388646598455
0.8751388646598455
0.8751388646598455
0.8751388646598455
0.8751388646598455
0.8751388646598457
0.8751388646598457
0.8751388646598459
0.8751388646598459
0.8751388646598459
0.8751388646598459
0.8751388646598459
0.8751388646598459
