1.692894952936062
1.692894952936062
1.692894952936062
1.692894952936062
1.692894952936062
1.692894952936062
1.692894952936062
1.692894952936062
1.692894952936062
1.692894952936062
1.692894952936062
1.692894952936062
1.692894952936062
1.692894952936062
1.692894952936062
1.692894952936062
1.692894952936062
1.692894952936062
1.692894952936062
1.692894952936062
1.692894952936062
1.692894952936062
1.692894952936062
1.692894952936062
1.692894952936062
1.692894952936062
1.692894952936062
1.692894952936062
1.692894952936062
1.692894952936062
1.692894952936062
1.692894952936062
1.692894952936062
1.692894952936062
1.692894952936062
1.692894952936062
1.69292278420704
1.69292278420704
1.69292278420704
1.69292278420704
1.6929287460773454
1.6929287460773454
1.6929287460773454
1.6929287460773454
1.6929287460773454
1.6929287460773454
1.6929287460773454
1.6929287460773454
1.692929363260769
1.692944220211107
1.692944220211107
1.692944220211107
1.692949533173731
1.692949533173731
1.692949533173731
1.6929496198311045
1.6929510629796058
1.6929519288666108
1.6929524483980587
1.692952760116656
1.6929529471477163
1.6929530593663173
1.6929531266974653
1.6929534517479454
1.6929534517479454
1.6929534517479454
1.692953490073178
1.6929535386804904
1.6929536847544318
1.6929536847544318
1.6929536922687745
1.6929537214544297
1.692953867968861
1.692953995642825
1.6929540272047112
1.6929540927262166
1.692954175577855
1.6929542274172324
1.6929542585208577
1.6929542978255194
1.6929543395884405
1.6929543692319653
1.6929543870180794
1.6929543976897485
1.6929544040927496
1.692954407934551
1.6929544133504744
1.6929544201021414
1.6929544224913078
1.692954430742225
1.692954431536858
1.6929544320545518
1.6929544325971806
1.6929544355660862
1.6929544368074785
1.6929544378679813
1.6929544385637636
1.6929544385637636
1.6929544389381017
1.692954439310594
1.69295443947367
1.69295443963569
1.6929544398067
1.6929544399707301
1.6929544400952021
1.6929544400952021
1.6929544401425474
1.6929544401728163
1.6929544401933851
1.692954440205481
1.692954440213687
1.6929544402188983
1.6929544402218455
1.692954440224429
1.6929544402368981
1.692954440245146
1.6929544402500947
1.692954440253281
1.692954440257866
1.6929544402613943
1.69295444026439
1.6929544402662193
1.6929544402686283
1.6929544402711523
1.692954440272668
1.692954440273576
1.6929544402746237
1.6929544402756835
1.692954440276345
1.6929544402767671
1.6929544402770416
1.692954440277497
1.692954440277852
1.6929544402780654
1.6929544402781933
1.6929544402782701
1.692954440278355
1.6929544402784849
1.6929544402785626
1.6929544402786125
1.6929544402786654
1.6929544402787098
1.6929544402787366
1.6929544402787524
1.692954440278762
1.692954440278771
1.6929544402787815
1.6929544402787877
1.6929544402787915
1.6929544402787942
1.692954440278796
1.692954440278799
1.6929544402788015
1.6929544402788028
1.6929544402788037
1.692954440278805
1.6929544402788061
1.6929544402788061
1.6929544402788066
1.6929544402788066
1.692954440278807
1.6929544402788075
1.6929544402788075
1.6929544402788075
1.6929544402788075
1.6929544402788075
1.6929544402788075
1.6929544402788075
1.6929544402788075
1.6929544402788075
1.6929544402788075
1.6929544402788075
1.6929544402788075
1.6929544402788075
1.6929544402788075
1.6929544402788075
1.6929544402788075
1.6929544402788075
1.6929544402788075
1.6929544402788075
1.6929544402788075
1.6929544402788075
1.6929544402788075
