2.7793420468040804
2.7793420468040804
2.7793420468040804
2.7793420468040804
2.7793420468040804
2.7793420468040804
2.7793420468040804
2.7793420468040804
2.7793420468040804
2.7793420468040804
2.7793420468040804
2.7793420468040804
2.7793420468040804
2.7793420468040804
2.7793420468040804
2.7793420468040804
2.7793420468040804
2.7793420468040804
2.7793420468040804
2.7793420468040804
2.7793420468040804
2.7793420468040804
2.7793420468040804
2.7793420468040804
2.7793420468040804
2.7793420468040804
2.7793420468040804
2.7793420468040804
2.7793420468040804
2.7793420468040804
2.7793420468040804
2.7793420468040804
2.7793420468040804
2.7793420468040804
2.7793420468040804
2.7793420468040804
2.7793420468040804
2.7793420468040804
2.7793420468040804
2.7793420468040804
2.7793420468040804
2.7793420468040804
2.7793420468040804
2.7793516025268032
2.7793705819699808
2.7793819694029893
2.7793819694029893
2.7793819694029893
2.7793819694029893
2.7793819694029893
2.7793819694029893
2.7793832224698134
2.7793832224698134
2.7793832224698134
2.7793850017384694
2.7793863140436845
2.779387138075309
2.779387632494118
2.7793879291453427
2.7793888954776387
2.7793902921881855
2.7793909032067243
2.7793919100892768
2.779392880700273
2.77939434122341
2.7793945099586748
2.7793949859866887
2.77939545403529
2.779395738274934
2.779395908818718
2.7793960111449874
2.7793960725407487
2.779396364996283
2.7793965797316447
2.7793967085728637
2.7793967858775956
2.779396832260435
2.779396911150579
2.7793970092029756
2.779397050495638
2.7793970931518044
2.7793971465786624
2.7793971779063646
2.7793971996645817
2.7793972221148664
2.7793972382579213
2.779397245109051
2.7793972526062896
2.779397259448532
2.7793972650179604
2.7793972677511216
2.7793972688357247
2.7793972707116286
2.7793972728545504
2.7793972728545504
2.7793972728545504
2.7793972737505688
2.7793972738342707
2.7793972740550292
2.7793972740550292
2.7793972740550292
2.7793972740550292
2.7793972740602944
2.779397274173822
2.779397274173822
2.7793972742251802
2.779397274258916
2.7793972742810813
2.779397274292495
2.779397274292629
2.7793972742959667
2.7793972743069295
2.7793972743168283
2.779397274331988
2.779397274337913
2.779397274342804
2.779397274344931
2.779397274345759
2.779397274348771
2.779397274348771
2.779397274348771
2.779397274348955
2.7793972743497815
2.7793972743497815
2.7793972743497815
2.7793972743497815
2.7793972743499142
2.779397274349958
2.779397274349958
2.779397274349958
2.779397274349958
2.7793972743499715
2.7793972743499973
2.7793972743499973
2.7793972743499973
2.7793972743499973
2.7793972743499973
2.7793972743499973
2.7793972743499973
2.7793972743499973
2.7793972743499973
2.7793972743499973
2.779397274350005
2.779397274350005
2.779397274350005
2.779397274350005
2.7793972743500053
2.7793972743500053
2.7793972743500053
2.7793972743500053
2.779397274350007
2.7793972743500075
2.7793972743500075
2.7793972743500084
2.779397274350009
2.779397274350009
2.779397274350009
2.779397274350009
2.779397274350009
2.779397274350009
2.779397274350009
2.779397274350009
2.779397274350009
2.779397274350009
2.779397274350009
2.779397274350009
2.779397274350009
2.779397274350009
2.779397274350009
2.779397274350009
2.779397274350009
2.779397274350009
2.779397274350009
2.779397274350009
2.779397274350009
2.779397274350009
2.779397274350009
2.779397274350009
2.779397274350009
2.779397274350009
2.779397274350009
2.779397274350009
2.779397274350009
2.779397274350009
2.779397274350009
