2.4792482296779785
2.4792482296779785
2.4792482296779785
2.4792482296779785
2.4792482296779785
2.4792482296779785
2.4792482296779785
2.4792482296779785
2.4792482296779785
2.4792482296779785
2.4792482296779785
2.4792482296779785
2.4792482296779785
2.4792482296779785
2.4792482296779785
2.4792482296779785
2.4792482296779785
2.4792482296779785
2.4792482296779785
2.4792482296779785
2.4792482296779785
2.4792482296779785
2.4792482296779785
2.4792482296779785
2.4792482296779785
2.4792482296779785
2.4792482296779785
2.4792482296779785
2.4792482296779785
2.4792482296779785
2.4792482296779785
2.4792482296779785
2.4792482296779785
2.4792482296779785
2.4792482296779785
2.4792482296779785
2.4792482296779785
2.4794223101353094
2.4794223101353094
2.4794223101353094
2.4794223101353094
2.4794223101353094
2.4794223101353094
2.4794223101353094
2.4794499377791164
2.4794499377791164
2.4794499377791164
2.4794499377791164
2.4794499377791164
2.4794506323951135
2.479453545024431
2.479455292605851
2.47945634115608
2.4794569702867153
2.479457347765275
2.479457574252474
2.4794577101448176
2.479457791680232
2.4794579521653937
2.4794579521653937
2.4794579727384125
2.4794580035679306
2.479458098945815
2.479458098945815
2.479458098945815
2.479458143182524
2.47945815071521
2.4794581552348203
2.4794582449082387
2.4794582449082387
2.479458246309049
2.4794582663826876
2.4794582813073403
2.4794582868701096
2.4794582919360515
2.479458294975617
2.479458304100037
2.4794583061069124
2.4794583198584643
2.4794583198584643
2.4794583216802715
2.479458323267883
2.479458323267883
2.4794583323942643
2.4794583323942643
2.479458334440439
2.479458338977694
2.479458339957327
2.4794583411747633
2.47945834169383
2.479458341745935
2.479458342101368
2.479458343330758
2.479458343330758
2.479458343552113
2.479458343878135
2.479458343878135
2.4794583440000477
2.479458344028221
2.4794583443308635
2.4794583443308635
2.4794583444693212
2.4794583445618703
2.479458344600077
2.479458344600077
2.4794583446384055
2.4794583446762712
2.4794583446762712
2.4794583446762712
2.4794583446896867
2.47945834469747
2.47945834470774
2.479458344708981
2.479458344712874
2.4794583447140086
2.4794583447215546
2.4794583447215546
2.4794583447245966
2.4794583447277105
2.4794583447304444
2.4794583447316563
2.479458344731956
2.479458344733483
2.479458344734112
2.47945834473449
2.479458344734717
2.4794583447349567
2.479458344735258
2.479458344735438
2.479458344735547
2.4794583447356366
2.479458344735899
2.4794583447362304
2.4794583447364293
2.479458344736446
2.479458344736446
2.4794583447365377
2.4794583447365497
2.4794583447365985
2.4794583447365985
2.4794583447365985
2.4794583447366088
2.4794583447366225
2.4794583447366225
2.4794583447366225
2.479458344736628
2.479458344736628
2.479458344736628
2.479458344736628
2.479458344736628
2.479458344736628
2.479458344736628
2.479458344736628
2.479458344736628
2.479458344736628
2.479458344736628
2.479458344736628
2.479458344736628
2.4794583447366283
2.4794583447366283
2.4794583447366283
2.4794583447366283
2.4794583447366287
2.4794583447366287
2.4794583447366287
2.4794583447366287
2.4794583447366287
2.4794583447366287
2.4794583447366287
2.4794583447366287
2.4794583447366287
2.4794583447366287
2.4794583447366287
2.4794583447366287
2.4794583447366287
2.4794583447366287
2.4794583447366287
2.4794583447366287
