2.0391129567540536
2.0391129567540536
2.0391129567540536
2.0391129567540536
2.0391129567540536
2.0391129567540536
2.0391129567540536
2.0391129567540536
2.0391129567540536
2.0391129567540536
2.0391129567540536
2.0391129567540536
2.0391129567540536
2.0391129567540536
2.0391129567540536
2.0391129567540536
2.0391129567540536
2.0391129567540536
2.0391129567540536
2.0391129567540536
2.0391129567540536
2.0391129567540536
2.0391129567540536
2.0391129567540536
2.0391129567540536
2.0391129567540536
2.0391129567540536
2.0391129567540536
2.0391129567540536
2.0391129567540536
2.0391129567540536
2.0391129567540536
2.0391129567540536
2.0391129567540536
2.0391129567540536
2.0391129567540536
2.0391129567540536
2.0391129567540536
2.0391129567540536
2.0391129567540536
2.0391129567540536
2.0391129567540536
2.0391129567540536
2.0391129567540536
2.0391129567540536
2.0391129567540536
2.0391129567540536
2.0391129567540536
2.0391129567540536
2.0391129567540536
2.0391129567540536
2.0391129567540536
2.0391129567540536
2.0391129567540536
2.039112998049984
2.039112998049984
2.039112998049984
2.039112998049984
2.0391136321945886
2.0391153516518443
2.0391167997767847
2.0391176686527097
2.039119037375349
2.0391201806462522
2.0391202041277876
2.039121403390012
2.039121816103179
2.039122317422421
2.0391227574012367
2.0391231910733594
2.03912333371157
2.039123806439349
2.0391238577405018
2.039124032744081
2.039124181965975
2.039124333408236
2.039124471316822
2.0391245394128736
2.0391245712861203
2.039124630045042
2.0391246603188056
2.0391246899734456
2.0391246899734456
2.0391246958971547
2.039124703026251
2.0391247061809508
2.0391247073566108
2.039124711044546
2.039124711044546
2.0391247113567696
2.0391247113567696
2.039124712100342
2.039124712230193
2.039124712230193
2.039124712230193
2.039124712692028
2.0391247126996026
2.039124712704147
2.0391247128641137
2.0391247129681465
2.0391247131672308
2.039124713171207
2.039124713171207
2.039124713171207
2.039124713220728
2.039124713220728
2.039124713220728
2.039124713225664
2.039124713273178
2.039124713273178
2.0391247133023205
2.0391247133023205
2.039124713314718
2.0391247133184276
2.0391247133215824
2.039124713324279
2.039124713327909
2.0391247133301067
2.039124713331831
2.039124713331831
2.039124713334636
2.0391247133354042
2.0391247133359522
2.039124713337486
2.0391247133387895
2.0391247133393096
2.0391247133393096
2.0391247133403247
2.039124713340443
2.039124713340501
2.039124713340545
2.0391247133408297
2.039124713341073
2.039124713341073
2.039124713341102
2.039124713341192
2.039124713341232
2.039124713341265
2.039124713341291
2.0391247133413177
2.0391247133413177
2.0391247133413177
2.0391247133413475
2.0391247133413475
2.0391247133413475
2.0391247133413475
2.0391247133413475
2.039124713341352
2.039124713341354
2.039124713341357
2.039124713341364
2.039124713341364
2.039124713341364
2.039124713341365
2.039124713341365
2.0391247133413657
2.0391247133413657
2.0391247133413657
2.0391247133413657
2.0391247133413657
2.0391247133413657
2.0391247133413657
2.0391247133413657
2.0391247133413657
2.0391247133413657
2.0391247133413657
2.0391247133413657
2.0391247133413657
2.0391247133413657
2.0391247133413657
2.0391247133413657
2.0391247133413657
2.0391247133413657
2.0391247133413657
2.0391247133413657
2.0391247133413657
2.0391247133413657
2.0391247133413657
2.0391247133413657
2.0391247133413657
2.0391247133413657
