1.2529257736295167
1.2529257736295167
1.2529257736295167
1.2529257736295167
1.2529257736295167
1.2529257736295167
1.2529257736295167
1.2529257736295167
1.2529257736295167
1.2529257736295167
1.2529257736295167
1.2529257736295167
1.2529257736295167
1.2529257736295167
1.2529257736295167
1.2529257736295167
1.2529257736295167
1.2529257736295167
1.2529257736295167
1.2529257736295167
1.2529257736295167
1.2529257736295167
1.2529257736295167
1.2529257736295167
1.2529257736295167
1.2529257736295167
1.2529257736295167
1.2529257736295167
1.2529257736295167
1.2529257736295167
1.2529257736295167
1.2529257736295167
1.2529257736295167
1.2529257736295167
1.2529257736295167
1.2529257736295167
1.2529257736295167
1.2529257736295167
1.2529257736295167
1.2529257736295167
1.2529257736295167
1.2529257736295167
1.2529257736295167
1.2529257736295167
1.2529257736295167
1.2529257736295167
1.2529257736295167
1.2529257736295167
1.2529257736295167
1.2529257736295167
1.2529257736295167
1.2529257736295167
1.2529257736295167
1.2529257736295167
1.2529257736295167
1.2529257736295167
1.2529257736295167
1.2529257736295167
1.2529263637681574
1.2529263637681574
1.2529263637681574
1.252927138619855
1.2529275941937588
1.2529285372848005
1.2529285372848005
1.252928735045279
1.2529288416505453
1.2529297188010686
1.252930811195421
1.252930811195421
1.2529313842241103
1.2529316560930184
1.2529321373347797
1.2529323567870232
1.2529329696364384
1.2529333470056288
1.2529335885511879
1.252933780043348
1.2529340099466733
1.2529340686706616
1.252934200247847
1.2529342680629245
1.252934344075174
1.2529343896825258
1.2529344170469374
1.2529344711696846
1.2529345139614807
1.252934539636558
1.252934555041605
1.2529345642846328
1.252934572906063
1.2529345820882798
1.2529345909720129
1.2529345963022527
1.2529345995003964
1.2529346014192828
1.2529346062838975
1.2529346103877417
1.2529346128500476
1.2529346156929269
1.2529346191202713
1.2529346211766776
1.2529346224105218
1.2529346241119617
1.2529346261710437
1.252934627406493
1.2529346281477625
1.2529346290343344
1.2529346297336026
1.252934630153163
1.2529346304048996
1.252934630900285
1.2529346312548033
1.252934631467514
1.2529346315951406
1.2529346317319594
1.2529346319658554
1.252934632106193
1.2529346321903954
1.252934632285845
1.2529346323886639
1.2529346324503554
1.2529346324873702
1.2529346325095796
1.2529346325543413
1.2529346325899098
1.2529346326112512
1.2529346326240558
1.2529346326317385
1.2529346326511062
1.2529346326630497
1.252934632670216
1.2529346326745157
1.2529346326792414
1.252934632683918
1.252934632686724
1.2529346326884077
1.2529346326908197
1.2529346326924955
1.252934632693501
1.2529346326944923
1.2529346326953046
1.252934632695792
1.2529346326961825
1.2529346326965545
1.2529346326967774
1.2529346326969115
1.2529346326970403
1.2529346326971627
1.252934632697236
1.2529346326972801
1.2529346326973083
1.252934632697358
1.2529346326973878
1.2529346326974058
1.252934632697428
1.252934632697447
1.2529346326974584
1.2529346326974653
1.2529346326974733
1.2529346326974804
1.2529346326974848
1.2529346326974873
1.2529346326974888
1.2529346326974915
1.2529346326974942
1.2529346326974953
1.2529346326974962
1.252934632697497
1.2529346326974977
1.2529346326974982
1.2529346326974984
1.2529346326974986
1.2529346326974988
1.2529346326974988
1.252934632697499
1.252934632697499
1.2529346326974993
1.2529346326974995
1.2529346326974995
1.2529346326974997
1.2529346326974997
1.2529346326974997
1.2529346326974997
1.2529346326974997
1.2529346326974997
1.2529346326974997
1.2529346326974997
