2.6615872903309783
2.6615872903309783
2.6615872903309783
2.6615872903309783
2.6615872903309783
2.6615872903309783
2.6615872903309783
2.6615872903309783
2.6615872903309783
2.6615872903309783
2.6615872903309783
2.6615872903309783
2.6615872903309783
2.6615872903309783
2.6615872903309783
2.6615872903309783
2.6615872903309783
2.6615872903309783
2.6615872903309783
2.6615872903309783
2.6615872903309783
2.6615872903309783
2.6615872903309783
2.6615872903309783
2.6615872903309783
2.6615872903309783
2.6615872903309783
2.6615872903309783
2.6615872903309783
2.6615872903309783
2.6615872903309783
2.6615872903309783
2.6615872903309783
2.6615872903309783
2.6615872903309783
2.6615872903309783
2.6615872903309783
2.6615872903309783
2.6615872903309783
2.6615872903309783
2.6615872903309783
2.6615872903309783
2.6615872903309783
2.6615872903309783
2.6615872903309783
2.6615872903309783
2.661588260448677
2.661588260448677
2.661588260448677
2.661588260448677
2.66159535082562
2.66159535082562
2.66159535082562
2.66159535082562
2.661600119926824
2.661600119926824
2.661600119926824
2.661606246960742
2.661606246960742
2.661608410261325
2.661610587500965
2.661611893846218
2.661613321381931
2.661615540677457
2.6616168722561606
2.6616176712038824
2.6616181811057325
2.6616188378866283
2.6616193305829006
2.661619544161708
2.661619729744016
2.6616198297907205
2.6616200778586343
2.6616210504401367
2.661621085876292
2.6616212476083647
2.6616217271695146
2.66162202181821
2.6616222180266393
2.6616223485777133
2.6616224851506742
2.6616226113612025
2.661622687087518
2.6616227325233077
2.6616227602803755
2.6616228256342684
2.6616228630779264
2.6616228858846083
2.661622901398249
2.6616229095426394
2.6616229189639444
2.6616229329762766
2.66162293538108
2.661622942765803
2.6616229483364244
2.661622951678798
2.6616229536842213
2.661622954887476
2.661622956392159
2.661622957835322
2.6616229592278335
2.661622959633894
2.6616229606449
2.6616229612395217
2.6616229616988267
2.661622961907642
2.6616229620417866
2.661622962402407
2.6616229625519954
2.661622962729832
2.6616229627669967
2.661622962929343
2.6616229630372925
2.6616229631020616
2.6616229631634125
2.661622963237682
2.661622963282778
2.6616229633098345
2.6616229633289485
2.6616229633438855
2.6616229633628383
2.6616229633763226
2.6616229633844135
2.661622963390471
2.6616229633948914
2.6616229633996906
2.661622963402814
2.66162296340544
2.661622963407119
2.6616229634085875
2.6616229634096427
2.661622963410276
2.6616229634106943
2.6616229634111583
2.661622963411576
2.661622963411851
2.6616229634120168
2.6616229634121824
2.661622963412289
2.661622963412395
2.661622963412487
2.6616229634125466
2.66162296341259
2.661622963412619
2.6616229634126536
2.6616229634126807
2.6616229634127007
2.6616229634127118
2.6616229634127246
2.6616229634127344
2.661622963412741
2.6616229634127464
2.661622963412753
2.661622963412757
2.66162296341276
2.661622963412762
2.661622963412763
2.6616229634127633
2.6616229634127646
2.661622963412766
2.6616229634127664
2.6616229634127664
2.661622963412767
2.6616229634127677
2.6616229634127686
2.661622963412769
2.661622963412769
2.66162296341277
2.66162296341277
2.66162296341277
2.661622963412771
2.6616229634127717
2.6616229634127717
2.6616229634127717
2.6616229634127717
2.6616229634127717
2.6616229634127717
2.6616229634127717
2.6616229634127717
2.6616229634127717
2.6616229634127717
2.6616229634127717
2.6616229634127717
2.6616229634127717
2.6616229634127717
2.6616229634127717
2.6616229634127717
2.6616229634127717
2.6616229634127717
2.6616229634127717
2.6616229634127717
