2.6093037750964583
2.6093037750964583
2.6093037750964583
2.6093037750964583
2.6093037750964583
2.6093037750964583
2.6093037750964583
2.6093037750964583
2.6093037750964583
2.6093037750964583
2.6093037750964583
2.6093037750964583
2.6093037750964583
2.6093037750964583
2.6093037750964583
2.6093037750964583
2.6093037750964583
2.6093037750964583
2.6093037750964583
2.6093037750964583
2.6093037750964583
2.6093037750964583
2.6093037750964583
2.6093037750964583
2.6093037750964583
2.6093037750964583
2.6093037750964583
2.6093037750964583
2.6093037750964583
2.6093037750964583
2.6093037750964583
2.6093037750964583
2.6093037750964583
2.6093037750964583
2.6093037750964583
2.6093037750964583
2.6093037750964583
2.6093037750964583
2.6093037750964583
2.6093037750964583
2.6093037750964583
2.6093037750964583
2.6093037750964583
2.6093037750964583
2.6093037750964583
2.6093037750964583
2.6093037750964583
2.6093037750964583
2.6093037750964583
2.6093037750964583
2.6093037750964583
2.6093037750964583
2.609304620358835
2.609304620358835
2.609304620358835
2.609304620358835
2.6093052353007034
2.6093053160000936
2.609305535903182
2.6093056678450366
2.6093058693988294
2.609305879752681
2.6093059478492573
2.6093059930733307
2.609306085522424
2.609306085522424
2.609306085522424
2.609306085522424
2.609306085522424
2.609306085522424
2.609306085522424
2.609306085522424
2.609306085522424
2.609306085522424
2.609306085522424
2.609306085522424
2.6093060867308813
2.6093060867308813
2.6093060867308813
2.6093060867308813
2.6093060867308813
2.609306088110898
2.6093060905120407
2.6093060905120407
2.6093060905120407
2.6093060905120407
2.60930609135183
2.6093060914054735
2.6093060915452955
2.6093060928700655
2.6093060928700655
2.6093060928700655
2.6093060930186676
2.6093060932008654
2.609306093310184
2.609306093310184
2.609306093310184
2.609306093310184
2.609306093310184
2.609306093310184
2.609306093310184
2.609306093310184
2.609306093316219
2.6093060933223002
2.60930609333162
2.609306093337211
2.6093060933405665
2.609306093342579
2.6093060933459458
2.6093060933509946
2.6093060933570533
2.609306093391136
2.6093060933966057
2.6093060934120476
2.6093060934203804
2.60930609342829
2.6093060934322843
2.609306093436385
2.609306093438574
2.609306093439601
2.6093060934422123
2.6093060934426573
2.609306093443826
2.6093060934446854
2.609306093445155
2.6093060934460817
2.6093060934468335
2.6093060934472847
2.6093060934480645
2.6093060934480645
2.609306093448615
2.6093060934487142
2.609306093448889
2.609306093448889
2.609306093448889
2.609306093448889
2.609306093448994
2.609306093448994
2.6093060934490038
2.6093060934490477
2.6093060934490753
2.6093060934490913
2.6093060934491277
2.6093060934491654
2.609306093449173
2.609306093449173
2.609306093449185
2.6093060934491863
2.6093060934491983
2.6093060934491983
2.6093060934492
2.609306093449202
2.609306093449202
2.609306093449202
2.609306093449204
2.609306093449204
2.609306093449204
2.609306093449204
2.609306093449204
2.6093060934492045
2.6093060934492045
2.6093060934492045
2.6093060934492045
2.6093060934492045
