1.4942316320783218
1.4942316320783218
1.4942316320783218
1.4942316320783218
1.4942316320783218
1.4942316320783218
1.4942316320783218
1.4942316320783218
1.4942316320783218
1.4942316320783218
1.4942316320783218
1.4942316320783218
1.4942316320783218
1.4942316320783218
1.4942316320783218
1.4942316320783218
1.4942316320783218
1.4942316320783218
1.4942316320783218
1.4942316320783218
1.4942316320783218
1.4942316320783218
1.4942316320783218
1.4942316320783218
1.4942316320783218
1.4942316320783218
1.4942316320783218
1.4942316320783218
1.4942316320783218
1.4942316320783218
1.4942316320783218
1.4942316320783218
1.4942316320783218
1.4942316320783218
1.4942316320783218
1.4942316320783218
1.4942316320783218
1.4942316320783218
1.4942316320783218
1.4942316320783218
1.4942316320783218
1.4942316320783218
1.4942316320783218
1.4942644724152612
1.4942644724152612
1.4942644724152612
1.4942644724152612
1.4942644724152612
1.4942644724152612
1.4942644724152612
1.4942644724152612
1.4942773964828078
1.4942900285641283
1.494297607835414
1.494302269812705
1.494304906451653
1.4943065570797567
1.4943086914390749
1.4943110139325615
1.4943110139325615
1.4943110139325615
1.494311732221315
1.494312305791088
1.4943130728830127
1.4943140470935894
1.4943146592281924
1.4943149883686973
1.494315385226999
1.4943156610447519
1.4943162917112416
1.494316670111005
1.4943168971508165
1.494317222462628
1.494317642881658
1.4943178969958997
1.4943180494644088
1.494318191872416
1.4943183419026504
1.494318431920776
1.4943184859316452
1.4943185486276889
1.4943186071067294
1.4943186421941514
1.4943186632466037
1.4943186782913882
1.4943187048122748
1.4943187207248063
1.494318730272325
1.494318738164887
1.4943187501154378
1.494318757296763
1.4943187616055578
1.4943187641908346
1.4943187657420007
1.494318767653524
1.4943187698225389
1.4943187711239478
1.4943187719047932
1.494318772732168
1.4943187734684256
1.49431877391018
1.4943187741861275
1.4943187745295292
1.494318774760418
1.4943187748989513
1.4943187749820714
1.4943187750319435
1.4943187751220688
1.494318775189175
1.4943187752294387
1.494318775253597
1.4943187752683862
1.4943187752827145
1.4943187752997438
1.4943187753099614
1.4943187753168525
1.4943187753265519
1.4943187753326528
1.4943187753363136
1.4943187753386404
1.4943187753420393
1.4943187753442346
1.4943187753455514
1.494318775346751
1.4943187753481422
1.4943187753489773
1.494318775349478
1.4943187753498004
1.4943187753500884
1.4943187753503078
1.4943187753504394
1.4943187753505187
1.4943187753505662
1.494318775350645
1.4943187753507086
1.4943187753507472
1.4943187753507707
1.4943187753508087
1.4943187753508362
1.4943187753508527
1.4943187753508629
1.4943187753508769
1.4943187753508862
1.4943187753508915
1.4943187753508953
1.4943187753509
1.4943187753509035
1.4943187753509053
1.494318775350907
1.4943187753509082
1.49431877535091
1.494318775350911
1.4943187753509115
1.4943187753509124
1.494318775350913
1.4943187753509135
1.4943187753509137
1.4943187753509142
1.4943187753509144
1.4943187753509148
1.4943187753509148
1.4943187753509148
1.4943187753509148
1.4943187753509148
1.4943187753509148
1.4943187753509148
1.4943187753509148
1.4943187753509148
1.4943187753509148
1.4943187753509148
1.4943187753509148
1.4943187753509148
1.4943187753509148
1.4943187753509148
1.4943187753509148
1.4943187753509148
1.4943187753509148
1.4943187753509148
1.4943187753509148
1.4943187753509148
1.4943187753509148
1.4943187753509148
1.4943187753509148
1.4943187753509148
1.4943187753509148
1.4943187753509148
1.4943187753509148
1.4943187753509148
1.4943187753509148
