2.470234705000846
2.470234705000846
2.470234705000846
2.470234705000846
2.470234705000846
2.470234705000846
2.470234705000846
2.470234705000846
2.470234705000846
2.470234705000846
2.470234705000846
2.470234705000846
2.470234705000846
2.470234705000846
2.470234705000846
2.470234705000846
2.470234705000846
2.470234705000846
2.470234705000846
2.470234705000846
2.470234705000846
2.470234705000846
2.470234705000846
2.470234705000846
2.470234705000846
2.470234705000846
2.470234705000846
2.470234705000846
2.470234705000846
2.470234705000846
2.470234705000846
2.470234705000846
2.470234705000846
2.470234705000846
2.470234705000846
2.470234705000846
2.470234705000846
2.470234705000846
2.470234705000846
2.470354485034407
2.470354485034407
2.470354485034407
2.470354485034407
2.470354485034407
2.470354485034407
2.470354485034407
2.470354485034407
2.4703604497118636
2.4703641524363906
2.4703641524363906
2.4703641524363906
2.4703641524363906
2.470373445092503
2.470373445092503
2.470373445092503
2.470373445092503
2.470374608193634
2.4703750778965308
2.470375359718303
2.4703764993039727
2.4703788496538137
2.470380493313739
2.470382024788967
2.4703829515887814
2.470384206857991
2.470385269696015
2.470385574768669
2.4703862749810415
2.4703867607532333
2.470386787273084
2.470386948280118
2.4703871397076362
2.470387152529419
2.470387207779997
2.4703873509843906
2.4703874478352743
2.4703874672622708
2.4703874672622708
2.4703874672622708
2.470387489212638
2.4703875116506606
2.4703875116506606
2.4703875116506606
2.4703875116506606
2.4703875221335196
2.470387531223725
2.470387531223725
2.470387531223725
2.4703875350779634
2.4703875350779634
2.4703875350779634
2.4703875350779634
2.470387536202641
2.470387536202641
2.470387536202641
2.470387536202641
2.4703875366267676
2.4703875366267676
2.4703875366267676
2.4703875366267676
2.4703875366267676
2.4703875367509607
2.4703875367509607
2.4703875367509607
2.4703875367509607
2.47038753682661
2.47038753682661
2.47038753682661
2.470387536834295
2.4703875368559056
2.47038753687163
2.47038753687163
2.4703875368748993
2.470387536882989
2.4703875368853376
2.4703875368869355
2.4703875368878943
2.4703875368927504
2.470387536902061
2.470387536907648
2.4703875369124706
2.470387536917701
2.4703875369203625
2.4703875369203625
2.4703875369203625
2.4703875369203625
2.470387536920564
2.470387536920564
2.470387536920564
2.470387536920564
2.470387536920564
2.470387536920564
2.4703875369209745
2.4703875369209745
2.4703875369209745
2.4703875369209745
2.4703875369209745
2.4703875369209745
2.4703875369209745
2.4703875369209745
2.4703875369210264
2.4703875369210264
2.4703875369210264
2.4703875369210264
2.4703875369210477
2.4703875369210477
2.4703875369210477
2.4703875369210477
2.4703875369210477
2.4703875369210486
2.4703875369210526
2.4703875369210544
2.4703875369210544
2.4703875369210544
2.4703875369210544
2.4703875369210544
2.4703875369210544
2.4703875369210544
2.4703875369210544
2.4703875369210544
2.4703875369210544
2.4703875369210544
2.4703875369210544
2.4703875369210544
2.4703875369210544
2.4703875369210544
2.4703875369210544
2.4703875369210544
2.4703875369210544
2.4703875369210544
2.4703875369210544
2.4703875369210544
2.4703875369210544
2.4703875369210544
2.4703875369210544
2.4703875369210544
2.4703875369210544
2.4703875369210544
2.4703875369210544
2.4703875369210544
2.4703875369210544
2.4703875369210544
2.4703875369210544
2.4703875369210544
