1.4461029487821422
1.4461029487821422
1.4461029487821422
1.4461029487821422
1.4461029487821422
1.4461029487821422
1.4461029487821422
1.4461029487821422
1.4461029487821422
1.4461029487821422
1.4461029487821422
1.4461029487821422
1.4461029487821422
1.4461029487821422
1.4461029487821422
1.4461029487821422
1.4461029487821422
1.4461029487821422
1.4461029487821422
1.4461029487821422
1.4461029487821422
1.4461029487821422
1.4461029487821422
1.4461029487821422
1.4461029487821422
1.4461029487821422
1.4461029487821422
1.4461029487821422
1.4461029487821422
1.4461029487821422
1.4461029487821422
1.4461029487821422
1.4461029487821422
1.4461029487821422
1.4461029487821422
1.4461029487821422
1.4461029487821422
1.4461029487821422
1.4461029487821422
1.4461119988242543
1.4461119988242543
1.4461119988242543
1.4461119988242543
1.4461194175995606
1.4461194175995606
1.4461194175995606
1.4461194175995606
1.4461367603435409
1.4461367603435409
1.4461367603435409
1.446139134283552
1.4461432378205534
1.4461447611854146
1.4461467092796414
1.4461485058544608
1.4461511005480767
1.4461521400619184
1.4461536231351908
1.4461536231351908
1.4461547952240876
1.4461558217897748
1.4461561545315493
1.4461564380513712
1.4461568286953759
1.4461574785238995
1.4461578684212388
1.4461581023597236
1.4461583408064704
1.4461586551197665
1.446158843707789
1.4461589589655757
1.4461590988700435
1.4461592209307181
1.4461592941671313
1.4461593381089821
1.4461593890786286
1.4461594243643299
1.4461594479038689
1.446159468717667
1.4461594830075313
1.446159493580141
1.4461594999237073
1.4461595037298471
1.4461595060135306
1.446159507383741
1.4461595104376397
1.4461595129132387
1.4461595143985981
1.4461595156603209
1.4461595172600639
1.4461595183626932
1.446159519024271
1.4461595194212178
1.4461595196593857
1.4461595200195902
1.4461595203483395
1.4461595205455888
1.4461595206639386
1.4461595207349485
1.4461595207812654
1.4461595208541431
1.446159520921272
1.4461595209615494
1.446159520985716
1.4461595210002158
1.4461595210153289
1.4461595210270863
1.4461595210376232
1.446159521044523
1.4461595210487947
1.446159521051358
1.446159521053506
1.4461595210564973
1.4461595210590363
1.4461595210605596
1.4461595210614737
1.4461595210620217
1.4461595210626936
1.4461595210640539
1.4461595210648703
1.446159521065455
1.4461595210663418
1.4461595210668738
1.446159521067193
1.4461595210673872
1.4461595210676046
1.4461595210678113
1.4461595210679354
1.4461595210680096
1.4461595210680545
1.446159521068081
1.446159521068188
1.4461595210682663
1.4461595210683134
1.4461595210683418
1.4461595210683587
1.44615952106841
1.4461595210684766
1.4461595210685165
1.4461595210685407
1.4461595210685596
1.4461595210685882
1.4461595210686056
1.4461595210686158
1.446159521068622
1.4461595210686318
1.4461595210686387
1.4461595210686429
1.4461595210686455
1.446159521068649
1.4461595210686515
1.446159521068653
1.4461595210686538
1.4461595210686544
1.4461595210686558
1.4461595210686573
1.4461595210686582
1.4461595210686586
1.446159521068659
1.4461595210686597
1.4461595210686602
1.4461595210686604
1.4461595210686606
1.4461595210686609
1.4461595210686609
1.446159521068661
1.446159521068661
1.4461595210686613
1.4461595210686613
1.4461595210686613
1.4461595210686613
1.4461595210686613
1.4461595210686613
1.4461595210686613
1.4461595210686613
1.4461595210686613
1.4461595210686613
1.4461595210686613
1.4461595210686613
1.4461595210686613
