1.9966334365105474
1.9966334365105474
1.9966334365105474
1.9966334365105474
1.9966334365105474
1.9966334365105474
1.9966334365105474
1.9966334365105474
1.9966334365105474
1.9966334365105474
1.9966334365105474
1.9966334365105474
1.9966334365105474
1.9966334365105474
1.9966334365105474
1.9966334365105474
1.9966334365105474
1.9966334365105474
1.9966334365105474
1.9966334365105474
1.9966334365105474
1.9966334365105474
1.9966334365105474
1.9966334365105474
1.9966334365105474
1.9966334365105474
1.9966334365105474
1.9966334365105474
1.9966334365105474
1.9966334365105474
1.9966334365105474
1.9966334365105474
1.9966334365105474
1.9966334365105474
1.9966334365105474
1.9966334365105474
1.9966334365105474
1.9966334365105474
1.9966334365105474
1.9966334365105474
1.9966334365105474
1.9966334365105474
1.9966334365105474
1.9966334365105474
1.9966334365105474
1.9966334365105474
1.9966334365105474
1.9966334365105474
1.9966334365105474
1.9966334365105474
1.9966334365105474
1.9966334365105474
1.9966334365105474
1.9966334365105474
1.9966334365105474
1.9966334365105474
1.9966341343719751
1.9966371405583416
1.9966371405583416
1.9966371405583416
1.9966386590297827
1.9966394802836576
1.9966394802836576
1.9966394802836576
1.9966394802836576
1.9966402905815368
1.9966402905815368
1.9966408916868608
1.9966412941333147
1.996641595008243
1.9966420635044584
1.996643091042289
1.9966434598052683
1.9966438465189407
1.99664420773627
1.9966446417488122
1.996645237899043
1.996645595589259
1.996645810203417
1.9966459594149788
1.9966464288185761
1.9966466271085812
1.996646836308756
1.996646836308756
1.9966469488070184
1.9966469955070947
1.9966470352323213
1.9966470840517114
1.9966471146458502
1.9966471330023334
1.996647160836348
1.996647183198473
1.9966471972253927
1.996647206209453
1.99664721366954
1.9966472273485465
1.9966472375692088
1.9966472437455645
1.9966472508347441
1.9966472573444323
1.9966472613781623
1.9966472643116588
1.9966472673444315
1.9966472694089004
1.996647270656867
1.9966472719305108
1.9966472730498372
1.9966472737441217
1.996647274160692
1.996647274648675
1.9966472750438171
1.9966472752832458
1.9966472754270415
1.996647275536334
1.996647275669145
1.9966472757514302
1.9966472758008018
1.9966472758314366
1.9966472758660672
1.996647275913327
1.9966472759420295
1.9966472759614544
1.9966472759908707
1.9966472760086873
1.996647276019378
1.9966472760258145
1.9966472760329492
1.9966472760405174
1.9966472760450842
1.9966472760478242
1.9966472760494784
1.9966472760516856
1.9966472760537637
1.9966472760550102
1.9966472760557583
1.996647276056208
1.996647276056483
1.9966472760568044
1.9966472760572462
1.9966472760575127
1.9966472760576726
1.9966472760578977
1.9966472760580696
1.9966472760581726
1.996647276058235
1.9966472760582727
1.9966472760583158
1.996647276058368
1.996647276058399
1.996647276058418
1.996647276058448
1.9966472760584664
1.996647276058477
1.9966472760584835
1.996647276058488
1.9966472760584904
1.9966472760584966
1.9966472760585003
1.996647276058503
1.996647276058506
1.9966472760585086
1.9966472760585094
1.9966472760585108
1.9966472760585112
1.9966472760585119
1.9966472760585126
1.9966472760585132
1.9966472760585132
1.9966472760585132
1.9966472760585137
1.9966472760585137
1.9966472760585139
1.996647276058514
1.996647276058514
1.996647276058514
1.996647276058514
1.996647276058514
1.996647276058514
1.996647276058514
1.996647276058514
1.996647276058514
1.996647276058514
1.996647276058514
1.996647276058514
1.996647276058514
1.996647276058514
1.996647276058514
1.996647276058514
1.996647276058514
1.996647276058514
1.996647276058514
1.996647276058514
1.996647276058514
1.996647276058514
1.996647276058514
1.996647276058514
