2.573821506778116
2.573821506778116
2.573821506778116
2.573821506778116
2.573821506778116
2.573821506778116
2.573821506778116
2.573821506778116
2.573821506778116
2.573821506778116
2.573821506778116
2.573821506778116
2.573821506778116
2.573821506778116
2.573821506778116
2.573821506778116
2.573821506778116
2.573821506778116
2.573821506778116
2.573821506778116
2.573821506778116
2.573821506778116
2.573821506778116
2.573821506778116
2.573821506778116
2.573821506778116
2.573821506778116
2.573821506778116
2.573821506778116
2.573821506778116
2.573821506778116
2.573821506778116
2.573821506778116
2.573821506778116
2.573821506778116
2.573821506778116
2.573821506778116
2.573821506778116
2.573821506778116
2.573821506778116
2.573821506778116
2.573821506778116
2.573821506778116
2.573821506778116
2.573821506778116
2.573821506778116
2.573821506778116
2.573821506778116
2.573821506778116
2.573821506778116
2.573821506778116
2.573821506778116
2.573821506778116
2.573821506778116
2.573821506778116
2.573821506778116
2.573821506778116
2.573821506778116
2.57382597796465
2.57382597796465
2.57382597796465
2.57382597796465
2.573828159504349
2.573828270907399
2.57382897071028
2.5738302576159406
2.5738305596341604
2.573830858783177
2.5738311779532865
2.573831660888285
2.5738321280447702
2.5738321280447702
2.573832233169064
2.5738323015229105
2.573832418078774
2.5738324979085934
2.5738326382142884
2.573832650248972
2.573832701723224
2.5738327199732947
2.573832743866959
2.573832766314733
2.5738327933252467
2.5738327933252467
2.573832805411661
2.573832807434356
2.573832808345143
2.573832813236847
2.573832815241976
2.5738328167931495
2.5738328182817742
2.573832818837051
2.5738328196779006
2.573832821877203
2.573832823309293
2.573832823651043
2.573832823651043
2.5738328240890387
2.5738328244635422
2.5738328246277513
2.5738328249496543
2.5738328249839
2.573832825346431
2.5738328256067105
2.5738328257628784
2.5738328259064245
2.5738328260086623
2.573832826044307
2.573832826111695
2.5738328261330823
2.5738328261538097
2.5738328261725805
2.5738328261892858
2.573832826199831
2.5738328262129375
2.573832826220801
2.5738328262261594
2.573832826229867
2.5738328262355217
2.5738328262389145
2.5738328262420125
2.573832826243626
2.5738328262456016
2.573832826247306
2.5738328262482812
2.5738328262490278
2.573832826249765
2.5738328262503707
2.5738328262505714
2.5738328262507655
2.5738328262512953
2.5738328262516053
2.573832826251845
2.5738328262519885
2.5738328262520547
2.573832826252307
2.573832826252459
2.5738328262525503
2.573832826252605
2.5738328262526435
2.573832826252714
2.573832826252779
2.57383282625282
2.573832826252844
2.5738328262528958
2.573832826252951
2.573832826252984
2.5738328262530104
2.5738328262530463
2.573832826253064
2.5738328262530716
2.5738328262530716
2.5738328262530845
2.573832826253086
2.573832826253087
2.5738328262530885
2.57383282625309
2.5738328262530934
2.5738328262530956
2.573832826253097
2.5738328262530983
2.5738328262530987
2.5738328262530996
2.5738328262531014
2.573832826253102
2.5738328262531023
2.5738328262531027
2.5738328262531027
2.5738328262531027
2.5738328262531027
2.5738328262531027
2.573832826253103
2.573832826253103
2.573832826253103
2.573832826253103
2.573832826253103
2.573832826253103
2.573832826253103
2.573832826253103
2.573832826253103
2.573832826253103
2.573832826253103
2.573832826253103
2.573832826253103
