1.1730340208358103
1.1730340208358103
1.1730340208358103
1.1730340208358103
1.1730340208358103
1.1730340208358103
1.1730340208358103
1.1730340208358103
1.1730340208358103
1.1730340208358103
1.1730340208358103
1.1730340208358103
1.1730340208358103
1.1730340208358103
1.1730340208358103
1.1730340208358103
1.1730340208358103
1.1730340208358103
1.1730340208358103
1.1730340208358103
1.1730340208358103
1.1730340208358103
1.1730340208358103
1.1730340208358103
1.1730340208358103
1.1730340208358103
1.1730340208358103
1.1730340208358103
1.1730340208358103
1.1730340208358103
1.1730340208358103
1.1730340208358103
1.1730340208358103
1.1730340208358103
1.1730340208358103
1.1730340208358103
1.1730340208358103
1.1730340208358103
1.1730340208358103
1.1730340208358103
1.1730340208358103
1.1730340208358103
1.1730340208358103
1.1730340208358103
1.1730340208358103
1.1730340208358103
1.1730340208358103
1.1730340208358103
1.1730340208358103
1.1730340208358103
1.1730340208358103
1.1730340208358103
1.1730340208358103
1.1730343825996812
1.1730343825996812
1.1730343825996812
1.1730349069888653
1.1730349069888653
1.1730349069888653
1.1730349069888653
1.1730349069888653
1.1730349069888653
1.1730349069888653
1.1730349069888653
1.1730349069888653
1.1730349069888653
1.1730349069888653
1.1730355282451204
1.1730355282451204
1.1730355282451204
1.1730355282451204
1.1730357947508316
1.1730361274321999
1.1730362881712297
1.173036342371787
1.1730366720411194
1.1730367242888164
1.173036790330495
1.1730369535836758
1.1730370835031818
1.1730371645774835
1.1730372836334468
1.173037373053808
1.173037436789246
1.173037475030509
1.1730375125415666
1.1730375980413514
1.1730376385861523
1.1730376443360666
1.17303766850852
1.1730377056575134
1.1730377300035304
1.1730377446111406
1.1730377573513298
1.1730377668343743
1.1730377775188185
1.1730377808900596
1.1730377840566062
1.173037787457598
1.1730377902505638
1.1730377919263435
1.1730377929318112
1.173037794373544
1.1730377956450035
1.173037796242871
1.173037796242871
1.173037796242871
1.1730377964578642
1.1730377964578642
1.1730377964578642
1.1730377964578642
1.1730377964578642
1.1730377965101935
1.1730377965101935
1.1730377965101935
1.1730377965101935
1.1730377965156662
1.1730377965156662
1.1730377965156662
1.1730377965156662
1.1730377965156662
1.1730377965251035
1.1730377965294054
1.1730377965294054
1.1730377965294054
1.1730377965315595
1.1730377965315595
1.1730377965315595
1.1730377965315595
1.1730377965318155
1.1730377965318155
1.1730377965318155
1.173037796532163
1.173037796532163
1.173037796532163
1.1730377965322112
1.173037796532245
1.1730377965322651
1.1730377965322774
1.1730377965322847
1.1730377965322891
1.1730377965323993
1.1730377965323993
1.1730377965323993
1.1730377965323993
1.1730377965323993
1.1730377965323993
1.173037796532407
1.1730377965324164
1.1730377965324217
1.1730377965324248
1.173037796532427
1.173037796532428
1.173037796532429
1.1730377965324295
1.17303779653243
1.1730377965324332
1.1730377965324361
1.1730377965324361
1.1730377965324372
1.1730377965324374
1.1730377965324377
1.1730377965324377
1.1730377965324377
1.1730377965324377
1.1730377965324377
1.1730377965324377
1.1730377965324377
1.1730377965324381
1.1730377965324381
1.1730377965324383
1.1730377965324383
1.1730377965324383
1.1730377965324383
1.1730377965324383
1.1730377965324383
1.1730377965324383
1.1730377965324383
1.1730377965324383
1.1730377965324383
1.1730377965324383
1.1730377965324383
1.1730377965324383
1.1730377965324383
1.1730377965324383
1.1730377965324383
1.1730377965324383
1.1730377965324383
1.1730377965324383
1.1730377965324383
1.1730377965324383
1.1730377965324383
1.1730377965324383
1.1730377965324383
1.1730377965324383
