1.848009915430037
1.848009915430037
1.848009915430037
1.848009915430037
1.848009915430037
1.848009915430037
1.848009915430037
1.848009915430037
1.848009915430037
1.848009915430037
1.848009915430037
1.848009915430037
1.848009915430037
1.848009915430037
1.848009915430037
1.848009915430037
1.848009915430037
1.848009915430037
1.848009915430037
1.848009915430037
1.848009915430037
1.848009915430037
1.848009915430037
1.848009915430037
1.848009915430037
1.848009915430037
1.848009915430037
1.848009915430037
1.848009915430037
1.848009915430037
1.848009915430037
1.848009915430037
1.848009915430037
1.848009915430037
1.848009915430037
1.848009915430037
1.848009915430037
1.848009915430037
1.848009915430037
1.848009915430037
1.848009915430037
1.848009915430037
1.848009915430037
1.848009915430037
1.848009915430037
1.848009915430037
1.848009915430037
1.848009915430037
1.848009915430037
1.848009915430037
1.848009915430037
1.848009915430037
1.848010559976435
1.848010559976435
1.848010559976435
1.848015416535742
1.848015416535742
1.848016861356701
1.8480187519782807
1.848020360871292
1.8480209361546633
1.8480233171317415
1.8480247457180075
1.848025712492877
1.8480261332028591
1.8480270062150448
1.8480276720189293
1.8480279985509367
1.8480280949337495
1.8480283119779242
1.848028479911569
1.8480286734309779
1.8480287222715264
1.8480287822746337
1.8480288780741225
1.8480288929260644
1.8480289542924766
1.8480290101408021
1.8480290436497981
1.848029063755196
1.8480290766792873
1.8480291035435386
1.8480291157070747
1.8480291179636794
1.848029127374203
1.848029128208758
1.8480291318933224
1.8480291348100604
1.848029135390131
1.8480291388316268
1.8480291417130288
1.8480291434418707
1.8480291444791752
1.848029145284153
1.848029146276465
1.8480291468380858
1.8480291473382844
1.84802914763643
1.8480291478117294
1.8480291480121023
1.8480291483476197
1.8480291483476197
1.848029148457048
1.848029148533553
1.8480291485942162
1.8480291486463745
1.8480291486662828
1.8480291487047198
1.8480291487159124
1.8480291487251657
1.8480291487336586
1.8480291487434477
1.8480291487494818
1.8480291487512726
1.8480291487543192
1.8480291487565306
1.8480291487590716
1.8480291487590716
1.8480291487597282
1.8480291487601888
1.8480291487604643
1.8480291487606302
1.8480291487609386
1.84802914876221
1.84802914876221
1.8480291487626632
1.8480291487626632
1.8480291487629164
1.848029148762974
1.848029148762974
1.848029148762974
1.848029148763076
1.848029148763076
1.8480291487630776
1.8480291487630776
1.848029148763103
1.8480291487631066
1.8480291487631175
1.8480291487631175
1.8480291487631175
1.84802914876314
1.8480291487631437
1.8480291487631437
1.8480291487631477
1.8480291487631508
1.8480291487631546
1.8480291487631548
1.8480291487631562
1.848029148763158
1.8480291487631593
1.8480291487631595
1.8480291487631606
1.8480291487631606
1.8480291487631608
1.848029148763161
1.8480291487631615
1.8480291487631615
1.8480291487631615
1.8480291487631615
1.8480291487631615
1.8480291487631617
1.8480291487631617
1.8480291487631622
1.8480291487631622
1.8480291487631622
1.8480291487631622
1.8480291487631622
1.8480291487631622
1.8480291487631622
1.8480291487631622
1.8480291487631622
1.8480291487631622
1.8480291487631622
1.8480291487631622
1.8480291487631622
1.8480291487631622
1.8480291487631622
1.8480291487631622
1.8480291487631622
1.8480291487631622
1.8480291487631622
1.8480291487631622
