3.0811112114869625
3.0811112114869625
3.0811112114869625
3.0811112114869625
3.0811112114869625
3.0811112114869625
3.0811112114869625
3.0811112114869625
3.0811112114869625
3.0811112114869625
3.0811112114869625
3.0811112114869625
3.0811112114869625
3.0811112114869625
3.0811112114869625
3.0811112114869625
3.0811112114869625
3.0811112114869625
3.0811112114869625
3.0811112114869625
3.0811112114869625
3.0811112114869625
3.0811112114869625
3.0811112114869625
3.0811112114869625
3.0811112114869625
3.0811112114869625
3.0811112114869625
3.0811112114869625
3.0811112114869625
3.0811112114869625
3.0811112114869625
3.0811112114869625
3.0811112114869625
3.0811112114869625
3.0811112114869625
3.0811112114869625
3.0811112114869625
3.0811112114869625
3.0811112114869625
3.0811112114869625
3.0811112114869625
3.0811112114869625
3.0811112114869625
3.0811112114869625
3.0811112114869625
3.0811112114869625
3.0811112114869625
3.0811112114869625
3.0811112114869625
3.0811112114869625
3.0811112114869625
3.0811112114869625
3.0811112114869625
3.0811112114869625
3.0811112114869625
3.0811116477915848
3.0811116477915848
3.0811116477915848
3.0811116477915848
3.0811116477915848
3.0811116477915848
3.0811116477915848
3.081112440949076
3.081112440949076
3.081112440949076
3.081112513961402
3.081112876386705
3.0811137203087906
3.0811146571594175
3.0811152192697304
3.081115556535895
3.0811157589671607
3.081116291843445
3.081116390056364
3.081116624578041
3.08111680340228
3.0811170535238155
3.0811172035967362
3.0811172936404874
3.0811175333667093
3.081117701366257
3.0811177546619715
3.0811177546619715
3.0811177546619715
3.0811178173651808
3.081117862149304
3.081117862149304
3.081117862149304
3.081117862149304
3.081117866976334
3.0811178764282743
3.0811178820994387
3.081117885628514
3.0811178875533662
3.0811178887841044
3.081117892478273
3.0811178947471936
3.0811178960723247
3.0811178960723247
3.0811178970358846
3.0811178980694987
3.081117898531043
3.081117898910354
3.081117899390703
3.08111789979163
3.0811179000321856
3.081117900312549
3.081117900680998
3.0811179009294047
3.081117901078449
3.0811179011757077
3.081117901250137
3.0811179013403045
3.0811179014177177
3.0811179014641663
3.081117901492035
3.0811179015188084
3.0811179015401664
3.0811179015689
3.081117901589397
3.081117901604635
3.081117901621483
3.0811179016369996
3.0811179016415093
3.0811179016464685
3.0811179016502024
3.0811179016571715
3.0811179016608228
3.081117901663012
3.0811179016651544
3.0811179016681316
3.081117901669662
3.0811179016710715
3.0811179016718375
3.0811179016727266
3.081117901673875
3.0811179016745744
3.081117901675048
3.0811179016757113
3.08111790167611
3.08111790167642
3.0811179016767247
3.0811179016769645
3.081117901677109
3.081117901677196
3.081117901677301
3.0811179016774166
3.081117901677496
3.0811179016775436
3.0811179016776107
3.081117901677663
3.0811179016776733
3.081117901677692
3.0811179016777097
3.081117901677718
3.0811179016777226
3.081117901677725
3.0811179016777324
3.081117901677738
3.0811179016777417
3.0811179016777417
3.0811179016777435
3.0811179016777457
3.0811179016777457
3.0811179016777457
3.0811179016777457
3.081117901677746
3.081117901677746
3.081117901677746
3.081117901677746
3.0811179016777466
3.0811179016777466
3.0811179016777466
3.0811179016777466
3.0811179016777466
3.0811179016777466
3.0811179016777466
3.0811179016777466
3.0811179016777466
3.0811179016777466
3.0811179016777466
3.0811179016777466
3.0811179016777466
3.0811179016777466
3.0811179016777466
