1.1049516827200743
1.1049516827200743
1.1049516827200743
1.1049516827200743
1.1049516827200743
1.1049516827200743
1.1049516827200743
1.1049516827200743
1.1049516827200743
1.1049516827200743
1.1049516827200743
1.1049516827200743
1.1049516827200743
1.1049516827200743
1.1049516827200743
1.1049516827200743
1.1049516827200743
1.1049516827200743
1.1049516827200743
1.1049516827200743
1.1049516827200743
1.1049516827200743
1.1049516827200743
1.1049516827200743
1.1049516827200743
1.1049516827200743
1.1049516827200743
1.1049516827200743
1.1049516827200743
1.1049516827200743
1.1049516827200743
1.1049516827200743
1.1049516827200743
1.1049516827200743
1.1049516827200743
1.1049516827200743
1.1049516827200743
1.1049516827200743
1.1049516827200743
1.1049546497161842
1.1049546497161842
1.1049546497161842
1.1049546497161842
1.1049608673712614
1.1049608673712614
1.1049608673712614
1.1049608673712614
1.1049654769729824
1.1049654769729824
1.1049654769729824
1.1049654814649146
1.104970025420265
1.1049735158168639
1.1049756100505879
1.104977274051436
1.104980210906483
1.1049821117476915
1.1049834919939745
1.1049840170009433
1.1049852050877413
1.1049865390010343
1.1049871461637806
1.1049873866730275
1.1049880740319136
1.1049883584945894
1.1049885127803265
1.104988539568551
1.104988643664068
1.1049887595446775
1.1049888393758607
1.1049888756101434
1.104988916198936
1.104988960507349
1.1049890171693093
1.104989046631608
1.104989064308987
1.104989079421603
1.1049890974301666
1.1049891151544298
1.1049891257889872
1.1049891353866612
1.1049891368022609
1.1049891419610862
1.1049891469539117
1.1049891499496072
1.1049891524743856
1.1049891557428462
1.1049891568322185
1.1049891572787998
1.1049891580852937
1.1049891580852937
1.104989158566999
1.1049891586075025
1.1049891586318044
1.1049891586822915
1.104989159005023
1.1049891592563346
1.1049891594782468
1.1049891596522492
1.1049891597746573
1.1049891598695514
1.1049891599399548
1.1049891600007073
1.104989160071923
1.1049891601146529
1.1049891601402904
1.1049891601556734
1.10498916018946
1.1049891602194537
1.10498916023745
1.104989160248304
1.1049891602585387
1.1049891602737583
1.1049891602828905
1.1049891602883697
1.1049891602916568
1.104989160295958
1.1049891603019022
1.1049891603054687
1.1049891603076267
1.1049891603102397
1.1049891603124846
1.1049891603138315
1.1049891603146393
1.104989160315649
1.1049891603164212
1.1049891603168849
1.1049891603172781
1.10498916031768
1.104989160317921
1.1049891603180655
1.1049891603181932
1.1049891603183402
1.1049891603184283
1.104989160318481
1.104989160318529
1.1049891603185866
1.104989160318621
1.104989160318642
1.1049891603186548
1.1049891603186717
1.1049891603186852
1.1049891603186934
1.1049891603186985
1.1049891603187014
1.1049891603187074
1.1049891603187127
1.1049891603187163
1.1049891603187185
1.104989160318722
1.1049891603187254
1.1049891603187276
1.1049891603187287
1.1049891603187303
1.1049891603187316
1.104989160318732
1.1049891603187327
1.1049891603187332
1.104989160318734
1.104989160318734
1.1049891603187343
1.1049891603187347
1.104989160318735
1.104989160318735
1.104989160318735
1.1049891603187352
1.1049891603187352
1.1049891603187352
1.1049891603187352
1.1049891603187352
1.1049891603187352
1.1049891603187352
1.1049891603187352
1.1049891603187352
1.1049891603187352
1.1049891603187352
1.1049891603187352
1.1049891603187352
1.1049891603187352
