2.401344444031586
2.401344444031586
2.401344444031586
2.401344444031586
2.401344444031586
2.401344444031586
2.401344444031586
2.401344444031586
2.401344444031586
2.401344444031586
2.401344444031586
2.401344444031586
2.401344444031586
2.401344444031586
2.401344444031586
2.401344444031586
2.401344444031586
2.401344444031586
2.401344444031586
2.401344444031586
2.401344444031586
2.401344444031586
2.401344444031586
2.401344444031586
2.401344444031586
2.401344444031586
2.401344444031586
2.401344444031586
2.401344444031586
2.401344444031586
2.401344444031586
2.401344444031586
2.401344444031586
2.401344444031586
2.401344444031586
2.401344444031586
2.401344444031586
2.401344444031586
2.401344444031586
2.401344444031586
2.401344444031586
2.401344444031586
2.401344444031586
2.401344444031586
2.401344444031586
2.401344444031586
2.401344444031586
2.401344444031586
2.401344444031586
2.401344444031586
2.401344444031586
2.401347019069839
2.401347019069839
2.401347019069839
2.401347019069839
2.401348085605464
2.401348085605464
2.401348085605464
2.4013486107922195
2.4013486107922195
2.4013486107922195
2.4013486107922195
2.4013486107922195
2.401349113025954
2.401349821650335
2.40135081099923
2.40135081099923
2.401351370018688
2.4013514737581656
2.4013519811160258
2.4013523987798338
2.401352952140237
2.4013533746665057
2.401353835551253
2.4013541144937887
2.4013544523226287
2.4013548217815437
2.4013550434569098
2.4013551764621357
2.401355256265274
2.4013556350531413
2.401355816694557
2.401355979489846
2.401356161611476
2.401356185177693
2.4013563061042977
2.401356444773775
2.401356445015312
2.4013564714029
2.401356497401035
2.4013565270654023
2.4013565446831024
2.4013565548860503
2.401356579617208
2.401356596892816
2.401356615247617
2.401356627746332
2.4013566352455613
2.401356647591111
2.4013566573608003
2.4013566627270135
2.4013566667327577
2.4013566736676237
2.4013566793521117
2.4013566831003557
2.4013566854887594
2.4013566895754264
2.401356692630937
2.4013566944839604
2.4013566956352035
2.4013566965820465
2.401356697203653
2.401356697601198
2.401356697845739
2.401356697992463
2.40135669816408
2.40135669826259
2.4013566983127683
2.4013566983837094
2.4013566984491046
2.4013566984788732
2.401356698496814
2.401356698520795
2.4013566985378763
2.4013566985488817
2.4013566985741472
2.4013566985899373
2.4013566985929278
2.401356698598805
2.401356698599498
2.4013566986025805
2.401356698605635
2.4013566986061647
2.4013566986067563
2.4013566986083417
2.4013566986084443
2.4013566986087898
2.401356698609798
2.4013566986101784
2.4013566986106243
2.4013566986111474
2.401356698611429
2.401356698611602
2.4013566986116763
2.4013566986117816
2.4013566986118193
2.401356698611909
2.401356698611964
2.4013566986119987
2.4013566986119987
2.4013566986119987
2.4013566986119987
2.4013566986120387
2.4013566986120387
2.4013566986120387
2.4013566986120387
2.4013566986120387
2.4013566986120427
2.4013566986120516
2.4013566986120516
2.401356698612055
2.401356698612055
2.4013566986120574
2.4013566986120574
2.4013566986120582
2.4013566986120582
2.4013566986120587
2.4013566986120587
2.4013566986120587
2.4013566986120587
2.4013566986120587
2.4013566986120587
2.4013566986120587
2.4013566986120587
2.4013566986120587
2.4013566986120587
2.4013566986120587
2.4013566986120587
2.4013566986120587
2.4013566986120587
2.4013566986120587
2.4013566986120587
2.4013566986120587
2.4013566986120587
2.4013566986120587
2.4013566986120587
2.4013566986120587
2.4013566986120587
2.4013566986120587
2.4013566986120587
2.4013566986120587
2.4013566986120587
2.4013566986120587
2.4013566986120587
2.4013566986120587
2.4013566986120587
2.4013566986120587
2.4013566986120587
