2.4142222775816737
2.4142222775816737
2.4142222775816737
2.4142222775816737
2.4142222775816737
2.4142222775816737
2.4142222775816737
2.4142222775816737
2.4142222775816737
2.4142222775816737
2.4142222775816737
2.4142222775816737
2.4142222775816737
2.4142222775816737
2.4142222775816737
2.4142222775816737
2.4142222775816737
2.4142222775816737
2.4142222775816737
2.4142222775816737
2.4142222775816737
2.4142222775816737
2.4142222775816737
2.4142222775816737
2.4142222775816737
2.4142222775816737
2.4142222775816737
2.4142222775816737
2.4142222775816737
2.4142222775816737
2.4142222775816737
2.4142222775816737
2.4142222775816737
2.4142222775816737
2.4142222775816737
2.4142222775816737
2.4142222775816737
2.4142222775816737
2.4142222775816737
2.4142222775816737
2.4142222775816737
2.4142222775816737
2.4142222775816737
2.4142222775816737
2.4142222775816737
2.4142222775816737
2.4142222775816737
2.4142222775816737
2.4142222775816737
2.4142222775816737
2.4142222775816737
2.4142222775816737
2.414224477761001
2.4142361637749743
2.4142361637749743
2.4142361637749743
2.414239354696722
2.414239354696722
2.414239354696722
2.414239354696722
2.41423985921601
2.414241296996414
2.414242624040815
2.414242624040815
2.414242624040815
2.41424296648093
2.41424296648093
2.4142430804585686
2.4142435232946764
2.414244034466775
2.4142442978234553
2.414244316392903
2.414244643148518
2.414244855246714
2.414244982505653
2.4142450588610216
2.4142452923543853
2.414245356966725
2.4142454351758165
2.414245495795344
2.4142456033593502
2.4142456064486146
2.414245653410902
2.414245709153289
2.414245709153289
2.4142457329185003
2.4142457528501606
2.4142457565966167
2.414245771870023
2.4142457775056387
2.4142457775056387
2.4142457791786405
2.414245785116786
2.414245788094472
2.414245788094472
2.414245788094472
2.4142457882149087
2.4142457882149087
2.4142457882149087
2.4142457882149087
2.4142457882149087
2.414245788525756
2.414245788813901
2.414245789055968
2.4142457891249163
2.4142457891582003
2.41424578925297
2.4142457892547804
2.4142457892699913
2.4142457893067597
2.4142457893516602
2.414245789379204
2.414245789379204
2.414245789382656
2.4142457893985485
2.414245789404529
2.4142457894098324
2.414245789413081
2.4142457894441236
2.4142457894705913
2.4142457894864724
2.414245789495245
2.4142457895016536
2.414245789509033
2.414245789514742
2.414245789514811
2.4142457895184455
2.414245789521785
2.4142457895237883
2.4142457895242697
2.4142457895242697
2.414245789525417
2.414245789525417
2.414245789525417
2.4142457895260674
2.4142457895261535
2.414245789526159
2.414245789526442
2.4142457895266385
2.4142457895272353
2.4142457895272473
2.4142457895275853
2.4142457895277865
2.414245789527911
2.414245789527911
2.414245789527933
2.4142457895279876
2.414245789528137
2.4142457895281932
2.4142457895282172
2.4142457895282745
2.4142457895283145
2.4142457895283393
2.4142457895283664
2.414245789528367
2.414245789528381
2.414245789528381
2.414245789528381
2.414245789528381
2.4142457895283838
2.4142457895283838
2.4142457895283855
2.4142457895283855
2.414245789528386
2.4142457895283864
2.4142457895283873
2.4142457895283873
2.4142457895283873
2.4142457895283886
2.4142457895283886
2.4142457895283886
2.4142457895283886
2.4142457895283886
2.414245789528389
2.414245789528389
2.414245789528389
2.414245789528389
2.414245789528389
2.414245789528389
2.4142457895283895
2.4142457895283895
2.4142457895283895
2.4142457895283895
2.4142457895283895
2.4142457895283895
2.4142457895283895
2.4142457895283895
2.4142457895283895
