1.352376092248468
1.352376092248468
1.352376092248468
1.352376092248468
1.352376092248468
1.352376092248468
1.352376092248468
1.352376092248468
1.352376092248468
1.352376092248468
1.352376092248468
1.352376092248468
1.352376092248468
1.352376092248468
1.352376092248468
1.352376092248468
1.352376092248468
1.352376092248468
1.352376092248468
1.352376092248468
1.352376092248468
1.352376092248468
1.352376092248468
1.352376092248468
1.352376092248468
1.352376092248468
1.352376092248468
1.352376092248468
1.352376092248468
1.352376092248468
1.352376092248468
1.352376092248468
1.352376092248468
1.352376092248468
1.352376092248468
1.352376092248468
1.352376092248468
1.352376092248468
1.352376092248468
1.352376092248468
1.352376092248468
1.352376092248468
1.352376092248468
1.352376092248468
1.352376092248468
1.352376092248468
1.352376471275086
1.352376471275086
1.352376471275086
1.352376471275086
1.3523776057024142
1.3523776057024142
1.3523776057024142
1.3523776057024142
1.3523776057024142
1.3523776057024142
1.3523776057024142
1.3523776057024142
1.352378182834334
1.3523783235616385
1.3523783235616385
1.3523783235616385
1.3523785275962898
1.3523785810882454
1.352378613183365
1.352379491078868
1.352379572516716
1.3523796333643094
1.352379655785201
1.3523799674491759
1.3523800756420599
1.3523801824569721
1.3523802614831335
1.3523805105797968
1.3523805730194787
1.3523805730194787
1.3523806851830125
1.3523808039557763
1.3523808201405987
1.352380857117822
1.35238088381281
1.3523808998298033
1.3523809071124746
1.3523809116287762
1.3523809337892159
1.352380942304667
1.3523809483802145
1.3523809547888501
1.3523809639992417
1.352380971194397
1.3523809755114902
1.3523809781017464
1.3523809796558997
1.3523809845457735
1.3523809894219958
1.3523809924069097
1.3523809937593911
1.3523809937593911
1.3523809959435957
1.3523809971034573
1.3523809982142185
1.3523809985137922
1.3523809995590477
1.3523810003606895
1.352381000841675
1.352381001161606
1.3523810013580164
1.3523810016425917
1.3523810019896079
1.3523810021978175
1.3523810023227434
1.3523810023976988
1.3523810024426721
1.3523810024946457
1.3523810025510032
1.3523810025848182
1.3523810026068956
1.3523810026313088
1.3523810026584138
1.3523810026746772
1.352381002684435
1.352381002698348
1.3523810027164374
1.3523810027272913
1.3523810027338035
1.3523810027405971
1.3523810027472456
1.3523810027512346
1.3523810027536278
1.3523810027569783
1.3523810027598089
1.3523810027615075
1.3523810027625265
1.3523810027637122
1.352381002765027
1.3523810027658159
1.352381002766289
1.3523810027671692
1.3523810027677274
1.3523810027680625
1.3523810027683631
1.35238100276878
1.3523810027690302
1.3523810027691805
1.3523810027692706
1.3523810027694017
1.352381002769571
1.3523810027696725
1.3523810027697334
1.3523810027697705
1.3523810027698286
1.3523810027698842
1.3523810027699172
1.3523810027699372
1.352381002769954
1.3523810027699776
1.3523810027699918
1.35238100277
1.3523810027700056
1.3523810027700085
1.3523810027700176
1.3523810027700232
1.3523810027700265
1.3523810027700287
1.35238100277003
1.3523810027700331
1.3523810027700347
1.3523810027700363
1.3523810027700371
1.352381002770039
1.3523810027700403
1.3523810027700407
1.3523810027700414
1.352381002770042
1.3523810027700423
1.3523810027700425
1.3523810027700427
1.352381002770043
1.352381002770043
1.352381002770043
1.352381002770043
1.352381002770043
1.352381002770043
1.352381002770043
