2.061548839481997
2.061548839481997
2.061548839481997
2.061548839481997
2.061548839481997
2.061548839481997
2.061548839481997
2.061548839481997
2.061548839481997
2.061548839481997
2.061548839481997
2.061548839481997
2.061548839481997
2.061548839481997
2.061548839481997
2.061548839481997
2.061548839481997
2.061548839481997
2.061548839481997
2.061548839481997
2.061548839481997
2.061548839481997
2.061548839481997
2.061548839481997
2.061548839481997
2.061548839481997
2.061548839481997
2.061548839481997
2.061548839481997
2.061548839481997
2.061548839481997
2.061548839481997
2.061548839481997
2.061548839481997
2.061548839481997
2.061560088544642
2.061560088544642
2.061560088544642
2.061560088544642
2.061560088544642
2.061560088544642
2.061560088544642
2.061560088544642
2.061786762024322
2.061786762024322
2.061786762024322
2.0620202870803865
2.0620202870803865
2.0620202870803865
2.0620202870803865
2.0620826183189287
2.0621005133482573
2.062139495698043
2.062162884495361
2.06218342567766
2.0621861138686928
2.062191631634586
2.0621949422857058
2.0621969286733473
2.0621981205048416
2.062198835603345
2.062199264662306
2.0621995220976315
2.0621997349303802
2.062201295633904
2.062202690682533
2.0622035277114104
2.062206537349122
2.062206537349122
2.0622083830650966
2.0622097831961392
2.0622105562083237
2.062212393116635
2.062212780811852
2.06221407868507
2.062214701105084
2.062215165925937
2.0622157143438513
2.062216198244858
2.0622164266100564
2.062216608646948
2.062216837706716
2.0622169807874546
2.0622173289716
2.0622174743995156
2.062217596352604
2.0622177322556263
2.0622178071166513
2.062217852033266
2.062217878983235
2.0622179368552014
2.0622179395708407
2.0622179868871613
2.0622179985307003
2.0622180184793395
2.0622180453356176
2.0622180453356176
2.0622180597506663
2.062218066119369
2.062218066119369
2.0622180707240028
2.0622180707240028
2.0622180737789306
2.0622180737789306
2.0622180737789306
2.0622180745388103
2.0622180755219524
2.062218075682837
2.062218076092849
2.0622180762837026
2.062218076331126
2.0622180765596845
2.0622180767567784
2.062218076884863
2.062218076971105
2.0622180770312175
2.0622180771320973
2.0622180771973952
2.062218077261958
2.062218077308317
2.0622180773254444
2.062218077352643
2.062218077376526
2.062218077391726
2.062218077413214
2.0622180774221075
2.0622180774323917
2.062218077435684
2.0622180774361496
2.0622180774404932
2.0622180774422803
2.062218077443353
2.062218077446912
2.0622180774490015
2.062218077449024
2.0622180774508103
2.0622180774523082
2.0622180774532453
2.0622180774533097
2.062218077454309
2.062218077454309
2.062218077454309
2.062218077454309
2.062218077454408
2.062218077454408
2.062218077454408
2.0622180774544594
2.062218077454501
2.0622180774545456
2.062218077454665
2.0622180774546894
2.06221807745477
2.062218077454824
2.062218077454856
2.0622180774548755
2.0622180774548875
2.0622180774549275
2.062218077454952
2.0622180774549985
2.062218077455012
2.0622180774550287
2.0622180774550523
2.0622180774550642
2.062218077455075
2.062218077455079
2.0622180774550847
2.062218077455094
2.062218077455097
2.0622180774551016
2.0622180774551033
2.062218077455106
2.0622180774551078
2.0622180774551087
2.06221807745511
2.0622180774551104
2.0622180774551113
2.0622180774551118
2.0622180774551118
2.0622180774551118
2.062218077455112
2.062218077455112
2.0622180774551127
2.0622180774551127
2.0622180774551127
2.0622180774551127
2.0622180774551127
2.0622180774551127
2.0622180774551127
2.0622180774551127
2.0622180774551127
2.0622180774551127
2.0622180774551127
2.0622180774551127
2.0622180774551127
2.0622180774551127
2.0622180774551127
2.0622180774551127
