2.0213886784819755
2.0213886784819755
2.0213886784819755
2.0213886784819755
2.0213886784819755
2.0213886784819755
2.0213886784819755
2.0213886784819755
2.0213886784819755
2.0213886784819755
2.0213886784819755
2.0213886784819755
2.0213886784819755
2.0213886784819755
2.0213886784819755
2.0213886784819755
2.0213886784819755
2.0213886784819755
2.0213886784819755
2.0213886784819755
2.0213886784819755
2.0213886784819755
2.0213886784819755
2.0213886784819755
2.0213886784819755
2.0213886784819755
2.0213886784819755
2.0213886784819755
2.0213886784819755
2.0213886784819755
2.0213886784819755
2.0213886784819755
2.0213886784819755
2.0213886784819755
2.0213886784819755
2.0213886784819755
2.0213886784819755
2.0213886784819755
2.0213886784819755
2.0213886784819755
2.0213886784819755
2.0213886784819755
2.0213886784819755
2.0213886784819755
2.0213886784819755
2.0213886784819755
2.0213886784819755
2.0213886784819755
2.0213886784819755
2.0213886784819755
2.0213886784819755
2.0213886784819755
2.0213886784819755
2.0213886784819755
2.0213886784819755
2.0213886784819755
2.0213886784819755
2.0213886784819755
2.0213888550516756
2.0213888550516756
2.0213888550516756
2.0213888550516756
2.0213888550516756
2.0213888550516756
2.0213888550516756
2.0213889764865076
2.0213895718866
2.0213895718866
2.021390016682212
2.0213906912755433
2.021390963316594
2.0213913200121585
2.0213915529899307
2.021391845753817
2.0213921647506856
2.0213927730586914
2.0213931380435755
2.0213937277712586
2.021394071711349
2.0213943661746256
2.021394542852598
2.0213946799817286
2.0213948637071466
2.021394990082786
2.0213950659081688
2.021395142215787
2.0213951869020947
2.02139526925616
2.021395318668599
2.0213953483160623
2.0213953666495135
2.021395415127764
2.0213954357246076
2.0213954529589397
2.021395458473806
2.0213954670538583
2.021395475337064
2.0213954850573854
2.0213954881417093
2.021395489992304
2.0213954927727316
2.021395494954746
2.021395497258729
2.021395498811259
2.021395500607935
2.0213955022817744
2.0213955028289687
2.021395503861739
2.0213955042720277
2.0213955047334617
2.0213955051516725
2.021395505402598
2.0213955055531536
2.021395505673918
2.0213955058392648
2.0213955059384734
2.021395506013248
2.021395506126441
2.021395506265581
2.0213955063490645
2.0213955063911366
2.0213955064094713
2.0213955064094713
2.0213955064094713
2.021395506411141
2.021395506413939
2.021395506413939
2.021395506413939
2.0213955064153986
2.0213955064169475
2.0213955064169475
2.0213955064169475
2.0213955064169475
2.021395506417193
2.0213955064180675
2.0213955064180675
2.0213955064180675
2.021395506418346
2.0213955064186924
2.021395506419601
2.021395506419763
2.021395506419763
2.021395506419763
2.0213955064198363
2.0213955064198363
2.0213955064198363
2.0213955064198363
2.021395506419866
2.021395506419866
2.021395506419866
2.021395506419866
2.0213955064199105
2.0213955064199105
2.0213955064199105
2.0213955064199105
2.0213955064199105
2.0213955064199105
2.021395506419912
2.0213955064199185
2.02139550641992
2.02139550641992
2.02139550641992
2.0213955064199207
2.0213955064199207
2.0213955064199207
2.0213955064199207
2.0213955064199216
2.0213955064199216
2.0213955064199216
2.0213955064199216
2.0213955064199216
2.0213955064199216
2.0213955064199216
2.0213955064199216
2.0213955064199216
2.0213955064199216
2.0213955064199216
2.0213955064199216
2.0213955064199216
2.0213955064199216
2.0213955064199216
2.0213955064199216
2.0213955064199216
2.0213955064199216
2.0213955064199216
2.0213955064199216
2.0213955064199216
2.0213955064199216
2.0213955064199216
2.0213955064199216
2.0213955064199216
2.0213955064199216
2.0213955064199216
