2.2364040927288396
2.2364040927288396
2.2364040927288396
2.2364040927288396
2.2364040927288396
2.2364040927288396
2.2364040927288396
2.2364040927288396
2.2364040927288396
2.2364040927288396
2.2364040927288396
2.2364040927288396
2.2364040927288396
2.2364040927288396
2.2364040927288396
2.2364040927288396
2.2364040927288396
2.2364040927288396
2.2364040927288396
2.2364040927288396
2.2364040927288396
2.2364040927288396
2.2364040927288396
2.2364040927288396
2.2364040927288396
2.2364040927288396
2.2364040927288396
2.2364040927288396
2.2364040927288396
2.2364040927288396
2.2364040927288396
2.2364040927288396
2.2364040927288396
2.2364040927288396
2.2364040927288396
2.2364040927288396
2.2364040927288396
2.2364040927288396
2.2364040927288396
2.2364040927288396
2.2364040927288396
2.2364040927288396
2.2364040927288396
2.2364040927288396
2.2364040927288396
2.2364486705178517
2.2364486705178517
2.2364486705178517
2.2364486705178517
2.2364486705178517
2.2364486705178517
2.236453841074716
2.236453841074716
2.236453841074716
2.236453841074716
2.2364545699328935
2.236458953633911
2.2364602492070693
2.2364642104763286
2.236465045817826
2.2364676518944986
2.2364701735725783
2.2364720763299304
2.236473552525352
2.236475683751205
2.236477084768594
2.236477925378626
2.236479517110014
2.2364810183337087
2.236482259032227
2.2364840406448443
2.2364854696843723
2.2364855766313916
2.2364867502376153
2.2364867502376153
2.236487233504555
2.236487495375564
2.2364876517318653
2.236487847617447
2.2364879396004014
2.236487989174404
2.2364880777638585
2.236488144867439
2.236488206603854
2.236488278701963
2.236488323981783
2.236488395095196
2.2364884339286095
2.2364884599640034
2.236488469566016
2.2364884862778784
2.2364884920232124
2.2364885085010666
2.236488527715735
2.2364885342548897
2.2364885417937335
2.236488544883866
2.2364885545659283
2.236488558557075
2.2364885612565404
2.236488564425421
2.2364885655731004
2.236488568280955
2.236488570124213
2.2364885713621816
2.236488571911455
2.236488572440839
2.236488573045328
2.236488573595904
2.236488573977225
2.2364885742047647
2.236488574401642
2.236488574584411
2.2364885746842873
2.236488574776507
2.2364885748523933
2.2364885749069887
2.236488574975806
2.2364885750183885
2.2364885750518453
2.2364885750768404
2.23648857510713
2.2364885751255406
2.236488575136587
2.2364885751464
2.2364885751502435
2.2364885751546475
2.236488575163019
2.2364885751691186
2.236488575172812
2.236488575175013
2.236488575178616
2.2364885751807777
2.236488575182075
2.2364885751826855
2.2364885751833787
2.236488575183639
2.236488575184503
2.2364885751848793
2.2364885751853336
2.2364885751855197
2.2364885751857244
2.2364885751861037
2.2364885751863315
2.2364885751864687
2.23648857518655
2.236488575186669
2.236488575186848
2.2364885751869776
2.236488575187045
2.2364885751870918
2.236488575187125
2.2364885751871455
2.236488575187189
2.236488575187189
2.236488575187211
2.2364885751872294
2.2364885751872414
2.236488575187248
2.236488575187249
2.2364885751872556
2.236488575187263
2.236488575187263
2.236488575187263
2.2364885751872636
2.2364885751872663
2.2364885751872685
2.236488575187269
2.236488575187269
2.23648857518727
2.2364885751872703
2.2364885751872707
2.236488575187271
2.236488575187271
2.2364885751872716
2.2364885751872716
2.2364885751872716
2.2364885751872716
2.2364885751872716
2.2364885751872716
2.2364885751872716
2.2364885751872716
2.2364885751872716
2.2364885751872716
2.2364885751872716
2.2364885751872716
2.2364885751872716
2.2364885751872716
2.2364885751872716
2.2364885751872716
2.2364885751872716
2.2364885751872716
2.2364885751872716
