1.6218606100866026
1.6218606100866026
1.6218606100866026
1.6218606100866026
1.6218606100866026
1.6218606100866026
1.6218606100866026
1.6218606100866026
1.6218606100866026
1.6218606100866026
1.6218606100866026
1.6218606100866026
1.6218606100866026
1.6218606100866026
1.6218606100866026
1.6218606100866026
1.6218606100866026
1.6218606100866026
1.6218606100866026
1.6218606100866026
1.6218606100866026
1.6218606100866026
1.6218606100866026
1.6218606100866026
1.6218606100866026
1.6218606100866026
1.6218606100866026
1.6218606100866026
1.6218606100866026
1.6218606100866026
1.6218606100866026
1.6218606100866026
1.6218606100866026
1.6218606100866026
1.6218606100866026
1.6218606100866026
1.6218606100866026
1.6218606100866026
1.6218606100866026
1.6218606100866026
1.6218606100866026
1.6218606100866026
1.6218606100866026
1.6218606100866026
1.6218606100866026
1.6218606100866026
1.6218606100866026
1.6218606100866026
1.6218606100866026
1.6218606100866026
1.6218606100866026
1.6218606100866026
1.6218606100866026
1.6218606100866026
1.6218606100866026
1.6218606100866026
1.6218606100866026
1.6218606100866026
1.6218611550771973
1.6218611550771973
1.6218611550771973
1.6218611550771973
1.6218641429632477
1.6218641429632477
1.621864719953707
1.6218659187905928
1.6218666380923126
1.6218670696731965
1.621867458602199
1.6218678694378679
1.6218685569681761
1.6218689465033334
1.6218691903660958
1.6218694220422512
1.6218696956234586
1.6218699133609513
1.6218700101147634
1.6218701401067996
1.621870247113317
1.6218703113172253
1.6218703915733974
1.6218704145502076
1.621870431271938
1.621870492483392
1.621870535938868
1.6218705490555907
1.6218705490555907
1.6218705490555907
1.62187056122283
1.62187056122283
1.62187056122283
1.62187056122283
1.62187056122283
1.62187056122283
1.62187056122283
1.62187056122283
1.62187056122283
1.6218705617512958
1.6218705617512958
1.6218705617512958
1.6218705617512958
1.6218705620156466
1.6218705620156466
1.6218705620156466
1.6218705621703249
1.6218705621703249
1.6218705621703249
1.6218705621703249
1.6218705621794416
1.6218705621794416
1.6218705621794416
1.6218705621794416
1.6218705621794416
1.6218705621794416
1.6218705621794416
1.6218705621794416
1.6218705621794416
1.6218705621794416
1.6218705621850629
1.6218705621850629
1.6218705621850629
1.6218705621850629
1.6218705621850629
1.6218705621850629
1.621870562185667
1.621870562185667
1.621870562185667
1.621870562185667
1.621870562185667
1.6218705621861276
1.6218705621861276
1.6218705621861276
1.6218705621861276
1.6218705621863645
1.6218705621863645
1.6218705621863645
1.6218705621863645
1.6218705621863645
1.621870562186399
1.6218705621864784
1.6218705621865097
1.6218705621865097
1.6218705621865097
1.6218705621865164
1.6218705621865164
1.6218705621865164
1.6218705621865164
1.621870562186523
1.621870562186523
1.621870562186523
1.621870562186523
1.6218705621865261
1.6218705621865261
1.6218705621865261
1.6218705621865261
1.6218705621865261
1.6218705621865268
1.6218705621865268
1.6218705621865268
1.6218705621865268
1.6218705621865268
1.6218705621865268
1.6218705621865268
1.6218705621865268
1.6218705621865268
1.6218705621865268
1.6218705621865268
1.6218705621865268
1.6218705621865268
1.6218705621865268
1.6218705621865268
1.6218705621865268
1.6218705621865268
1.6218705621865268
1.6218705621865268
1.6218705621865268
1.6218705621865268
1.6218705621865268
1.6218705621865268
1.6218705621865268
1.6218705621865268
1.6218705621865268
1.6218705621865268
1.6218705621865268
1.6218705621865268
1.6218705621865268
1.6218705621865268
1.6218705621865268
