2.030869101056359
2.030869101056359
2.030869101056359
2.030869101056359
2.030869101056359
2.030869101056359
2.030869101056359
2.030869101056359
2.030869101056359
2.030869101056359
2.030869101056359
2.030869101056359
2.030869101056359
2.030869101056359
2.030869101056359
2.030869101056359
2.030869101056359
2.030869101056359
2.030869101056359
2.030869101056359
2.030869101056359
2.030869101056359
2.030869101056359
2.030869101056359
2.030869101056359
2.030869101056359
2.030869101056359
2.030869101056359
2.030869101056359
2.030869101056359
2.030869101056359
2.030869101056359
2.030869101056359
2.030869101056359
2.030869101056359
2.030869101056359
2.030869101056359
2.030869101056359
2.030869101056359
2.030869101056359
2.030869101056359
2.030869101056359
2.030869101056359
2.030869101056359
2.030869101056359
2.030869101056359
2.030869101056359
2.030869101056359
2.030869101056359
2.030869101056359
2.030869101056359
2.030869101056359
2.030869101056359
2.030869101056359
2.030869101056359
2.0308765550008716
2.0308765550008716
2.0308765550008716
2.0308765550008716
2.0308765550008716
2.030879034701688
2.030879514518263
2.030880062701985
2.030880867282591
2.030882024973809
2.030882024973809
2.030882467639474
2.030882467639474
2.030882583333848
2.0308829375853534
2.0308829375853534
2.030883132701694
2.030883283130695
2.030883338079063
2.0308833987739807
2.030883449699984
2.030883563893873
2.0308835886725314
2.0308836349070356
2.0308837129202786
2.0308837582926254
2.0308837820480283
2.0308837820480283
2.030883787342547
2.0308837981156325
2.0308837981156325
2.0308837981156325
2.0308838066016746
2.030883814800045
2.0308838184402322
2.0308838221770347
2.0308838271626706
2.0308838316520426
2.0308838343456648
2.0308838359618386
2.0308838400463074
2.0308838436767873
2.0308838458550746
2.0308838474693327
2.0308838497009276
2.030883851072835
2.030883851895979
2.0308838524145307
2.030883852767068
2.0308838529785898
2.0308838532987505
2.030883853614705
2.030883853804278
2.0308838539180227
2.030883853986268
2.0308838540292773
2.0308838542366274
2.0308838543678847
2.0308838544466377
2.0308838544938905
2.0308838545711825
2.0308838546700945
2.030883854729443
2.030883854765052
2.0308838547864174
2.030883854799237
2.0308838548069277
2.0308838548181734
2.0308838548411177
2.0308838548548844
2.0308838548631445
2.0308838548680996
2.0308838548710737
2.030883854872858
2.030883854876181
2.0308838548786774
2.030883854880176
2.030883854881075
2.030883854881981
2.0308838548828825
2.0308838548834216
2.0308838548837462
2.030883854884007
2.0308838548843764
2.030883854884598
2.0308838548847303
2.0308838548849084
2.0308838548850883
2.0308838548851975
2.030883854885263
2.0308838548853014
2.030883854885382
2.030883854885431
2.0308838548854613
2.030883854885484
2.030883854885519
2.0308838548855412
2.0308838548855537
2.0308838548855643
2.0308838548855754
2.030883854885582
2.030883854885587
2.030883854885589
2.0308838548855923
2.030883854885595
2.0308838548855976
2.0308838548855985
2.0308838548855994
2.0308838548856003
2.0308838548856007
2.0308838548856016
2.0308838548856016
2.030883854885602
2.030883854885602
2.030883854885603
2.030883854885603
2.030883854885603
2.030883854885603
2.030883854885603
2.030883854885603
2.030883854885603
2.030883854885603
2.030883854885603
2.030883854885603
2.030883854885603
2.030883854885603
2.030883854885603
2.030883854885603
2.030883854885603
