2.0347058848846067
2.0347058848846067
2.0347058848846067
2.0347058848846067
2.0347058848846067
2.0347058848846067
2.0347058848846067
2.0347058848846067
2.0347058848846067
2.0347058848846067
2.0347058848846067
2.0347058848846067
2.0347058848846067
2.0347058848846067
2.0347058848846067
2.0347058848846067
2.0347058848846067
2.0347058848846067
2.0347058848846067
2.0347058848846067
2.0347058848846067
2.0347058848846067
2.0347058848846067
2.0347058848846067
2.0347058848846067
2.0347058848846067
2.0347058848846067
2.0347058848846067
2.0347058848846067
2.0347058848846067
2.0347058848846067
2.0347058848846067
2.0347058848846067
2.0347058848846067
2.0347058848846067
2.0347058848846067
2.0347058848846067
2.0347058848846067
2.0347058848846067
2.0347058848846067
2.0347058848846067
2.0347058848846067
2.0347058848846067
2.0347058848846067
2.0347058848846067
2.0347058848846067
2.0347058848846067
2.0347058848846067
2.0347058848846067
2.0347058848846067
2.0347058848846067
2.0347058848846067
2.0347058848846067
2.0347058848846067
2.0347058848846067
2.0347058848846067
2.0347058848846067
2.0347058848846067
2.034706350537476
2.034706350537476
2.034706350537476
2.034706350537476
2.0347095420153405
2.0347095420153405
2.0347095420153405
2.034713388217305
2.0347136040314555
2.0347158277478274
2.034716631456011
2.034717893200919
2.034718321630518
2.0347195042586055
2.0347207050740836
2.034721578685359
2.0347219437347888
2.0347221687459878
2.0347224322618374
2.0347229195732908
2.0347233062381407
2.0347235983874583
2.0347237908760585
2.03472388330578
2.034723995403398
2.0347241400631106
2.034724199470334
2.0347242598601043
2.034724306690192
2.03472435211206
2.034724374802575
2.034724396741426
2.0347244080944686
2.034724426992795
2.034724433417577
2.0347244395145285
2.034724444290531
2.034724449859243
2.034724453968276
2.034724456213895
2.0347244580650936
2.0347244592407017
2.034724459890751
2.034724460896812
2.0347244615030466
2.034724461937145
2.034724462333665
2.0347244625336685
2.034724462736897
2.034724462787861
2.034724462960913
2.0347244630841343
2.0347244631808623
2.034724463238898
2.034724463252082
2.034724463307818
2.0347244633367363
2.0347244633647206
2.0347244633704507
2.034724463383324
2.034724463394528
2.0347244634171644
2.03472446343598
2.034724463442247
2.034724463449171
2.034724463452711
2.0347244634573856
2.0347244634573856
2.0347244634573856
2.0347244634590154
2.034724463459821
2.034724463460246
2.034724463460675
2.0347244634609303
2.0347244634610844
2.034724463461177
2.0347244634613704
2.0347244634614983
2.034724463461575
2.0347244634624473
2.0347244634624473
2.0347244634624473
2.0347244634624473
2.034724463462535
2.034724463462535
2.034724463462535
2.034724463462535
2.0347244634625907
2.0347244634625907
2.0347244634626027
2.0347244634626027
2.0347244634626094
2.0347244634626147
2.0347244634626147
2.0347244634626196
2.0347244634626196
2.0347244634626254
2.0347244634626254
2.034724463462628
2.034724463462628
2.03472446346263
2.03472446346263
2.03472446346263
2.0347244634626303
2.0347244634626303
2.0347244634626303
2.0347244634626303
2.0347244634626303
2.0347244634626303
2.0347244634626303
2.0347244634626303
2.0347244634626303
2.0347244634626303
2.0347244634626303
2.0347244634626303
2.0347244634626303
2.0347244634626303
2.0347244634626303
2.0347244634626303
2.0347244634626303
2.0347244634626303
2.0347244634626303
2.0347244634626303
2.0347244634626303
2.0347244634626303
2.0347244634626303
2.0347244634626303
2.0347244634626303
2.0347244634626303
2.0347244634626303
2.0347244634626303
2.0347244634626303
2.0347244634626303
