1.7007905745526084
1.7007905745526084
1.7007905745526084
1.7007905745526084
1.7007905745526084
1.7007905745526084
1.7007905745526084
1.7007905745526084
1.7007905745526084
1.7007905745526084
1.7007905745526084
1.7007905745526084
1.7007905745526084
1.7007905745526084
1.7007905745526084
1.7007905745526084
1.7007905745526084
1.7007905745526084
1.7007905745526084
1.7007905745526084
1.7007905745526084
1.7007905745526084
1.7007905745526084
1.7007905745526084
1.7007905745526084
1.7007905745526084
1.7007905745526084
1.7007905745526084
1.7007905745526084
1.7007905745526084
1.7007905745526084
1.7007905745526084
1.7007905745526084
1.7007905745526084
1.7007905745526084
1.7007905745526084
1.7007905745526084
1.7007905745526084
1.7007905745526084
1.7007905745526084
1.7007905745526084
1.7007905745526084
1.7007905745526084
1.7007905745526084
1.7007905745526084
1.7007905745526084
1.7007905745526084
1.7007905745526084
1.7007905745526084
1.7007905745526084
1.7007905745526084
1.7007905745526084
1.7007905745526084
1.7007905745526084
1.7007930630085932
1.7007930630085932
1.7007930630085932
1.7007930630085932
1.7007930630085932
1.7007930630085932
1.7007930630085932
1.7007930630085932
1.7007930630085932
1.700794282054195
1.7007950747149672
1.7007952103733666
1.7007960839029865
1.7007976834055032
1.7007977628640443
1.700798956524154
1.700799902003425
1.7008004692911338
1.7008008096638114
1.7008011030535777
1.7008016267966473
1.700801916979591
1.7008022037404993
1.700802374365663
1.7008026295778251
1.7008027625570168
1.7008028423445343
1.7008029002293301
1.700802998843908
1.7008030757541734
1.7008032008180396
1.7008032008180396
1.7008032276006886
1.70080325642008
1.7008032934627866
1.700803315688412
1.7008033181495563
1.7008033324325744
1.700803353589195
1.7008033600540822
1.7008033714001614
1.7008033810970276
1.7008033842663255
1.7008033899586688
1.7008033930317181
1.7008033962717426
1.7008033978739059
1.7008033987047126
1.7008034001397672
1.7008034010936788
1.7008034019629783
1.7008034028331525
1.7008034030570838
1.7008034034621706
1.7008034038038349
1.7008034040054003
1.7008034041203832
1.7008034042142066
1.7008034042784324
1.7008034042809954
1.7008034043107698
1.700803404390605
1.700803404422685
1.7008034044393943
1.7008034044721998
1.7008034045011773
1.7008034045138343
1.7008034045276657
1.7008034045382592
1.7008034045569558
1.7008034045681737
1.7008034045720746
1.7008034045775375
1.7008034045779719
1.7008034045802378
1.7008034045815976
1.700803404583283
1.7008034045845115
1.7008034045852813
1.7008034045859994
1.7008034045864304
1.7008034045867682
1.7008034045872653
1.700803404587659
1.7008034045878955
1.7008034045878955
1.700803404588069
1.7008034045881584
1.70080340458835
1.7008034045883886
1.7008034045884386
1.7008034045885143
1.700803404588567
1.7008034045886198
1.7008034045886342
1.700803404588649
1.7008034045886635
1.7008034045886788
1.7008034045886884
1.700803404588695
1.7008034045887055
1.7008034045887126
1.7008034045887155
1.7008034045887155
1.7008034045887201
1.7008034045887217
1.7008034045887228
1.7008034045887241
1.7008034045887255
1.7008034045887264
1.700803404588727
1.700803404588728
1.7008034045887284
1.7008034045887284
1.7008034045887286
1.700803404588729
1.7008034045887297
1.7008034045887297
1.7008034045887297
1.7008034045887297
1.7008034045887297
1.7008034045887297
1.7008034045887297
1.7008034045887297
1.7008034045887297
1.7008034045887297
1.7008034045887297
1.7008034045887297
1.7008034045887297
1.7008034045887297
1.7008034045887297
1.7008034045887297
1.7008034045887297
1.7008034045887297
1.7008034045887297
1.7008034045887297
1.7008034045887297
1.7008034045887297
1.7008034045887297
1.7008034045887297
