6.300711917549226
6.300711917549226
6.300711917549226
6.300711917549226
6.300711917549226
6.300711917549226
6.300711917549226
6.300711917549226
6.300711917549226
6.300711917549226
6.300711917549226
6.300711917549226
6.300711917549226
6.300711917549226
6.300711917549226
6.300711917549226
6.300711917549226
6.300711917549226
6.300711917549226
6.300711917549226
6.300711917549226
6.300711917549226
6.300711917549226
6.300711917549226
6.300711917549226
6.300711917549226
6.300711917549226
6.300711917549226
6.300711917549226
6.300711917549226
6.300711917549226
6.300711917549226
6.300711917549226
6.300711917549226
6.300711917549226
6.300711917549226
6.300711917549226
6.300711917549226
6.300711917549226
6.300711917549226
6.300711917549226
6.300711917549226
6.300711917549226
6.300711917549226
6.300711917549226
6.300900792455264
6.300900792455264
6.300900792455264
6.300900792455264
6.300974472728255
6.300993551343145
6.301069035622939
6.301097211309719
6.301114116734851
6.301124259994631
6.3011303459521955
6.301148717034827
6.301151953466143
6.301156716606394
6.3011635675802
6.301170808237514
6.301170808237514
6.3011721062013155
6.301174544541914
6.301177154881946
6.301178721086092
6.3011802649165105
6.3011822986225825
6.301183753826595
6.3011847889524875
6.301185656158732
6.301186210141791
6.301186893105236
6.301187161136297
6.301187459849522
6.301187749369161
6.30118793574817
6.30118806429535
6.301188148238515
6.301188253116458
6.3011883308932815
6.301188419459492
6.3011884461627
6.301188480453543
6.301188516050822
6.3011885424041045
6.301188561582912
6.301188572038349
6.30118858063944
6.30118858500921
6.301188594862157
6.30118859940895
6.301188602137024
6.301188604655295
6.301188611222286
6.3011886153303776
6.3011886153303776
6.3011886153303776
6.3011886153303776
6.301188616800696
6.301188616800696
6.301188616800696
6.301188616826837
6.301188617627238
6.301188618289498
6.3011886187516435
6.301188618959555
6.301188618959555
6.301188618959555
6.301188619128764
6.301188619128764
6.301188619128764
6.301188619128764
6.30118861917498
6.3011886192096584
6.301188619232873
6.301188619232873
6.3011886192528355
6.3011886192672995
6.301188619273989
6.301188619278004
6.301188619284691
6.301188619291744
6.301188619295984
6.301188619298528
6.301188619302358
6.301188619306533
6.301188619309039
6.301188619311242
6.301188619314119
6.301188619315843
6.3011886193168785
6.301188619317498
6.301188619318561
6.301188619319359
6.301188619319839
6.301188619320123
6.301188619320519
6.301188619320842
6.3011886193210405
6.301188619321158
6.301188619321347
6.301188619321468
6.30118861932154
6.301188619321583
6.301188619321647
6.301188619321699
6.301188619321729
6.301188619321749
6.301188619321762
6.301188619321775
6.301188619321783
6.301188619321791
6.3011886193217945
6.301188619321797
6.301188619321799
6.301188619321802
6.301188619321802
6.301188619321802
6.301188619321802
6.301188619321802
6.301188619321802
6.301188619321802
6.301188619321802
6.301188619321802
6.301188619321802
6.301188619321802
6.301188619321802
6.301188619321802
6.301188619321802
6.301188619321802
6.301188619321802
6.301188619321802
6.301188619321802
6.301188619321802
6.301188619321802
6.301188619321802
6.301188619321802
6.301188619321802
6.301188619321802
6.301188619321802
6.301188619321802
6.301188619321802
6.301188619321802
6.301188619321802
6.301188619321802
6.301188619321802
