1.3452326364546
1.3452326364546
1.3452326364546
1.3452326364546
1.3452326364546
1.3452326364546
1.3452326364546
1.3452326364546
1.3452326364546
1.3452326364546
1.3452326364546
1.3452326364546
1.3452326364546
1.3452326364546
1.3452326364546
1.3452326364546
1.3452326364546
1.3452326364546
1.3452326364546
1.3452326364546
1.3452326364546
1.3452326364546
1.3452326364546
1.3452326364546
1.3452326364546
1.3452326364546
1.3452326364546
1.3452326364546
1.3452326364546
1.3452326364546
1.3452326364546
1.3452326364546
1.3452326364546
1.3452326364546
1.3452326364546
1.3452326364546
1.3452326364546
1.3452326364546
1.3452326364546
1.3452326364546
1.3452326364546
1.3452326364546
1.3452326364546
1.3452326364546
1.3452326364546
1.3452326364546
1.3452326364546
1.3452326364546
1.3452326364546
1.3452326364546
1.3452326364546
1.3452326364546
1.3452326364546
1.3452326364546
1.3452326364546
1.3452326364546
1.3452328492746424
1.345233457189794
1.3452339269143052
1.3452342087491826
1.3452344387808157
1.3452347705607635
1.3452349696287618
1.3452351812795964
1.3452353082591575
1.3452354481385431
1.3452355386048136
1.3452358558634099
1.3452358558634099
1.3452358981968262
1.3452360786894613
1.345236186985062
1.34523625196243
1.3452363321289276
1.3452364184138617
1.3452364679826747
1.3452365019970587
1.3452365447883334
1.3452365704630995
1.3452365923833782
1.3452365988410038
1.3452366173954964
1.3452366300335576
1.3452366376163947
1.3452366421660966
1.3452366529437019
1.3452366595375989
1.3452366649797984
1.3452366649797984
1.3452366649797984
1.3452366673072105
1.3452366698563794
1.3452366722270652
1.345236673649477
1.345236677762594
1.3452366830651608
1.3452366855280242
1.3452366871282317
1.3452366882639128
1.3452366892349668
1.3452366910369753
1.345236691458305
1.345236692382691
1.3452366933382685
1.345236693911615
1.3452366942809793
1.3452366946020309
1.3452366948760408
1.3452366950404466
1.3452366952187689
1.3452366952187689
1.345236695292716
1.3452366953718564
1.3452366954733357
1.3452366955299409
1.345236695599774
1.3452366956477733
1.345236695678792
1.3452366956941224
1.3452366957074342
1.3452366957207362
1.3452366957342867
1.3452366957424624
1.3452366957535826
1.3452366957636914
1.3452366957702535
1.345236695774191
1.345236695778551
1.3452366957830773
1.3452366957865431
1.3452366957890214
1.3452366957897939
1.3452366957919208
1.3452366957932247
1.3452366957932247
1.3452366957932247
1.3452366957932247
1.3452366957936728
1.3452366957936728
1.3452366957936728
1.3452366957937745
1.345236695793902
1.3452366957939783
1.3452366957940278
1.3452366957941724
1.3452366957942454
1.3452366957943038
1.345236695794339
1.3452366957943696
1.3452366957944044
1.3452366957944277
1.3452366957944693
1.345236695794488
1.3452366957945014
1.3452366957945014
1.3452366957945014
1.3452366957945083
1.3452366957945083
1.3452366957945083
1.3452366957945083
1.3452366957945086
1.3452366957945088
1.3452366957945088
1.3452366957945088
1.345236695794509
1.345236695794509
1.345236695794509
1.345236695794509
1.3452366957945092
1.3452366957945094
1.3452366957945097
1.3452366957945097
1.3452366957945099
1.3452366957945099
1.3452366957945099
1.3452366957945099
1.3452366957945099
1.3452366957945099
1.3452366957945099
1.3452366957945099
1.3452366957945099
1.3452366957945099
1.3452366957945099
1.3452366957945099
1.3452366957945099
