1.6655084485086284
1.6655084485086284
1.6655084485086284
1.6655084485086284
1.6655084485086284
1.6655084485086284
1.6655084485086284
1.6655084485086284
1.6655084485086284
1.6655084485086284
1.6655084485086284
1.6655084485086284
1.6655084485086284
1.6655084485086284
1.6655084485086284
1.6655084485086284
1.6655084485086284
1.6655084485086284
1.6655084485086284
1.6655084485086284
1.6655084485086284
1.6655084485086284
1.6655084485086284
1.6655084485086284
1.6655084485086284
1.6655084485086284
1.6655084485086284
1.6655084485086284
1.6655084485086284
1.6655084485086284
1.6655084485086284
1.6655084485086284
1.6655084485086284
1.6655084485086284
1.6655084485086284
1.6655084485086284
1.6655084485086284
1.6655084485086284
1.6655084485086284
1.6655084485086284
1.6655084485086284
1.6655084485086284
1.6655084485086284
1.6655084485086284
1.6655084485086284
1.6655084485086284
1.6655084485086284
1.6655084485086284
1.6655084485086284
1.6655084485086284
1.6655084485086284
1.6655084485086284
1.6655084485086284
1.6655084485086284
1.6655084485086284
1.6655084485086284
1.6655084485086284
1.6655084485086284
1.6655112112237276
1.6655112112237276
1.6655112112237276
1.6655112112237276
1.6655130338221458
1.6655130338221458
1.6655130338221458
1.6655150319218464
1.6655150319218464
1.6655150319218464
1.6655156714712773
1.665516101775546
1.665516919066769
1.6655170514391728
1.6655174997665998
1.66551779343485
1.6655179904628186
1.6655182530180728
1.665518536337495
1.665518707209512
1.6655188097327207
1.66551890185352
1.665518971726827
1.6655190550697851
1.6655190989623694
1.665519143306382
1.6655191710728634
1.6655192022928054
1.665519221024771
1.665519235537041
1.6655192503973848
1.6655192598627295
1.6655192691371146
1.665519273740737
1.6655192762920465
1.6655192785184025
1.6655192818501088
1.6655192837382418
1.6655192851915825
1.6655192868269861
1.665519288064914
1.6655192884464487
1.6655192886019927
1.6655192886564965
1.665519288781273
1.6655192890796358
1.6655192892371173
1.6655192893783741
1.6655192896051367
1.665519289763844
1.6655192898164555
1.6655192898812903
1.6655192899403821
1.6655192899789055
1.665519290028889
1.6655192900689069
1.66551929010863
1.6655192901483535
1.6655192901609408
1.6655192901774023
1.6655192901869713
1.6655192902015628
1.6655192902108007
1.6655192902163434
1.6655192902210887
1.6655192902271274
1.6655192902373952
1.6655192902435558
1.6655192902472524
1.6655192902562226
1.6655192902624782
1.6655192902654112
1.665519290268476
1.6655192902692033
1.6655192902706595
1.6655192902712328
1.6655192902721125
1.6655192902721125
1.6655192902722864
1.6655192902724092
1.6655192902725349
1.6655192902726632
1.6655192902728129
1.6655192902729947
1.6655192902731089
1.6655192902732197
1.665519290273264
1.665519290273264
1.665519290273264
1.6655192902732827
1.6655192902732856
1.6655192902732856
1.6655192902732856
1.6655192902732856
1.6655192902732856
1.665519290273288
1.6655192902732914
1.6655192902732914
1.665519290273292
1.6655192902732925
1.665519290273293
1.665519290273293
1.665519290273293
1.665519290273293
1.665519290273293
1.665519290273293
1.6655192902732934
1.6655192902732943
1.665519290273295
1.6655192902732951
1.6655192902732956
1.6655192902732956
1.6655192902732956
1.6655192902732956
1.6655192902732956
1.6655192902732956
1.6655192902732956
1.6655192902732956
1.6655192902732956
1.6655192902732956
1.6655192902732956
1.6655192902732956
1.6655192902732956
1.6655192902732956
1.6655192902732956
1.6655192902732956
1.6655192902732956
1.6655192902732956
1.6655192902732956
1.6655192902732956
