2.3743960082774467
2.3743960082774467
2.3743960082774467
2.3743960082774467
2.3743960082774467
2.3743960082774467
2.3743960082774467
2.3743960082774467
2.3743960082774467
2.3743960082774467
2.3743960082774467
2.3743960082774467
2.3743960082774467
2.3743960082774467
2.3743960082774467
2.3743960082774467
2.3743960082774467
2.3743960082774467
2.3743960082774467
2.3743960082774467
2.3743960082774467
2.3743960082774467
2.3743960082774467
2.3743960082774467
2.3743960082774467
2.3743960082774467
2.3743960082774467
2.3743960082774467
2.3743960082774467
2.3743960082774467
2.3743960082774467
2.3743960082774467
2.3743960082774467
2.3743960082774467
2.3743960082774467
2.3743960082774467
2.3743960082774467
2.3743960082774467
2.3743960082774467
2.3743960082774467
2.3743960082774467
2.3743960082774467
2.3743960082774467
2.3743960082774467
2.3743960082774467
2.3743960082774467
2.3743960082774467
2.3743960082774467
2.3743960082774467
2.3743960082774467
2.3743960082774467
2.3743960082774467
2.3743960082774467
2.3743960082774467
2.3743960082774467
2.3743960082774467
2.3743960082774467
2.3743960082774467
2.3743960082774467
2.3743970250582076
2.3743970250582076
2.3743970250582076
2.3743970250582076
2.3743970250582076
2.3743970250582076
2.3743970250582076
2.3743974180094725
2.3743985860242764
2.37439949083208
2.37440003371682
2.374400359447685
2.3744007093887642
2.3744011641117595
2.374401797866886
2.3744028112411604
2.374402972579503
2.3744033644046443
2.3744040585903465
2.3744045592792555
2.374404859692589
2.3744051462052824
2.3744055363280547
2.3744059338380734
2.374406101057346
2.3744064043788473
2.374406606270036
2.374406828594538
2.3744068683498094
2.3744069271322594
2.3744070190900026
2.374407093841148
2.3744071386918346
2.3744071656022463
2.3744071817484937
2.3744072081060703
2.3744072268392418
2.3744072385552335
2.374407250713863
2.37440725991539
2.3744072655706985
2.374407270474778
2.3744072743900753
2.37440727518706
2.3744072770457434
2.3744072788027117
2.37440727980188
2.37440728085002
2.3744072813128394
2.3744072824152638
2.3744072827025517
2.3744072832098313
2.3744072832314065
2.374407283689927
2.3744072838623302
2.3744072838978694
2.3744072840447448
2.3744072842292256
2.3744072842292256
2.374407284292082
2.374407284304591
2.374407284304591
2.3744072843171735
2.3744072843190254
2.3744072843190254
2.3744072843600286
2.3744072843627406
2.374407284364368
2.3744072843710216
2.3744072843790147
2.374407284385803
2.374407284389652
2.374407284391325
2.3744072843914426
2.3744072843960145
2.3744072843961352
2.374407284397322
2.3744072843979214
2.3744072843994357
2.374407284400318
2.3744072844012027
2.3744072844019595
2.3744072844024355
2.374407284402562
2.3744072844026882
2.3744072844028556
2.3744072844029644
2.3744072844030293
2.374407284403089
2.3744072844031443
2.3744072844031767
2.3744072844031967
2.374407284403209
2.3744072844033015
2.374407284403327
2.374407284403327
2.374407284403327
2.374407284403339
2.374407284403339
2.3744072844033424
2.3744072844033424
2.3744072844033424
2.37440728440335
2.3744072844033535
2.3744072844033535
2.374407284403357
2.3744072844033575
2.3744072844033584
2.3744072844033584
2.3744072844033584
2.374407284403359
2.3744072844033592
2.3744072844033592
2.3744072844033592
2.3744072844033592
2.3744072844033592
2.3744072844033592
2.3744072844033592
2.3744072844033592
2.3744072844033592
2.3744072844033592
2.3744072844033592
2.3744072844033592
2.3744072844033592
2.3744072844033592
2.3744072844033592
2.3744072844033592
2.3744072844033592
2.3744072844033592
2.3744072844033592
2.3744072844033592
2.3744072844033592
2.3744072844033592
2.3744072844033592
2.3744072844033592
2.3744072844033592
2.3744072844033592
2.3744072844033592
