1.3668234314588232
1.3668234314588232
1.3668234314588232
1.3668234314588232
1.3668234314588232
1.3668234314588232
1.3668234314588232
1.3668234314588232
1.3668234314588232
1.3668234314588232
1.3668234314588232
1.3668234314588232
1.3668234314588232
1.3668234314588232
1.3668234314588232
1.3668234314588232
1.3668234314588232
1.3668234314588232
1.3668234314588232
1.3668234314588232
1.3668234314588232
1.3668234314588232
1.3668234314588232
1.3668234314588232
1.3668234314588232
1.3668234314588232
1.3668234314588232
1.3668234314588232
1.3668234314588232
1.3668234314588232
1.3668234314588232
1.3668234314588232
1.3668234314588232
1.3668234314588232
1.3668234314588232
1.3668234314588232
1.3668234314588232
1.3668234314588232
1.3668234314588232
1.3668234314588232
1.3668234314588232
1.3668234314588232
1.3668234314588232
1.3668234314588232
1.3668234314588232
1.3668234314588232
1.3668234314588232
1.3668234314588232
1.3668234314588232
1.3668234314588232
1.3668234314588232
1.3668281517266312
1.3668281517266312
1.3668281517266312
1.3668281517266312
1.366828195855299
1.3668307877301589
1.3668307877301589
1.3668307877301589
1.366831290634196
1.3668321283706883
1.3668328798827414
1.3668338564481781
1.3668343829568093
1.3668348132924388
1.3668350920087857
1.3668352317550228
1.366835436442851
1.366835560136936
1.3668356343533952
1.3668356865803615
1.3668357229978998
1.3668357502694488
1.366835820611296
1.366835859135663
1.366835888654097
1.3668358964112959
1.3668359056683803
1.3668359381674318
1.366835964467805
1.366835980248029
1.3668359897161635
1.3668360062528166
1.366836024323509
1.366836035165924
1.3668360416713734
1.3668360533027542
1.366836061237123
1.3668360661343133
1.3668360690726271
1.366836070835615
1.3668360718934083
1.3668360736330736
1.3668360758635556
1.3668360772018453
1.3668360780048188
1.3668360784866034
1.3668360789916263
1.3668360795669283
1.3668360799266923
1.3668360801425496
1.3668360802992252
1.3668360805330118
1.3668360806816695
1.3668360807708637
1.3668360808243805
1.3668360808564906
1.3668360809007845
1.3668360809418074
1.3668360809665134
1.366836080981337
1.3668360809987874
1.3668360810127556
1.3668360810211366
1.3668360810261653
1.3668360810301672
1.3668360810364244
1.3668360810403288
1.366836081042671
1.3668360810442204
1.3668360810466398
1.3668360810482223
1.3668360810491726
1.3668360810497662
1.3668360810505673
1.3668360810510896
1.366836081051403
1.366836081051591
1.3668360810517353
1.366836081051958
1.3668360810520948
1.3668360810521778
1.366836081052241
1.3668360810523323
1.366836081052389
1.366836081052423
1.3668360810524427
1.366836081052457
1.3668360810524716
1.3668360810524824
1.3668360810524895
1.3668360810524933
1.3668360810524967
1.3668360810525004
1.3668360810525033
1.3668360810525049
1.366836081052506
1.3668360810525075
1.3668360810525098
1.3668360810525113
1.3668360810525122
1.366836081052513
1.3668360810525133
1.3668360810525144
1.3668360810525144
1.3668360810525144
1.3668360810525144
1.3668360810525144
1.3668360810525144
1.3668360810525144
1.3668360810525144
1.3668360810525144
1.3668360810525144
1.3668360810525144
1.3668360810525144
1.3668360810525144
1.3668360810525144
1.3668360810525144
1.3668360810525144
1.3668360810525144
1.3668360810525144
1.3668360810525144
1.3668360810525144
1.3668360810525144
1.3668360810525144
1.3668360810525144
1.3668360810525144
1.3668360810525144
1.3668360810525144
1.3668360810525144
1.3668360810525144
1.3668360810525144
1.3668360810525144
1.3668360810525144
1.3668360810525144
1.3668360810525144
