1.6920264015758661
1.6920264015758661
1.6920264015758661
1.6920264015758661
1.6920264015758661
1.6920264015758661
1.6920264015758661
1.6920264015758661
1.6920264015758661
1.6920264015758661
1.6920264015758661
1.6920264015758661
1.6920264015758661
1.6920264015758661
1.6920264015758661
1.6920264015758661
1.6920264015758661
1.6920264015758661
1.6920264015758661
1.6920264015758661
1.6920264015758661
1.6920264015758661
1.6920264015758661
1.6920264015758661
1.6920264015758661
1.6920264015758661
1.6920264015758661
1.6920264015758661
1.6920264015758661
1.6920264015758661
1.6920264015758661
1.6920264015758661
1.6920264015758661
1.6920264015758661
1.6920264015758661
1.6920264015758661
1.6920264015758661
1.6920264015758661
1.6920264015758661
1.6920264015758661
1.6920264015758661
1.6920264015758661
1.6920555561529562
1.6920555561529562
1.6920555561529562
1.6920555561529562
1.6920628869720586
1.6920807178005228
1.6920885882119796
1.692093310422542
1.6920961437358084
1.6920978437190632
1.6920988637073209
1.6920994756996663
1.6920998428948542
1.6921008284924057
1.6921008284924057
1.6921008284924057
1.6921008284924057
1.6921011068985496
1.6921011068985496
1.6921032559265023
1.692105538638685
1.692106908264513
1.6921078490085657
1.6921097708528212
1.692111163012074
1.6921122468103604
1.6921127105719018
1.6921133376231874
1.6921139423547134
1.6921142558537834
1.6921144749820412
1.6921146064589958
1.6921147023730267
1.6921149088317184
1.6921150556915274
1.6921151643723098
1.692115260490534
1.6921153606270851
1.6921154306480162
1.6921154820682927
1.6921155418795308
1.6921155829299273
1.6921156075601649
1.6921156255952041
1.692115636146407
1.6921156483437532
1.6921156566190683
1.6921156633425873
1.6921156679951148
1.6921156730842342
1.6921156762136251
1.6921156778501738
1.692115679334856
1.692115680635417
1.6921156818418628
1.6921156825657304
1.692115683000051
1.6921156833741593
1.692115683874986
1.692115684300086
1.6921156846185437
1.6921156848113417
1.6921156850213235
1.6921156851837753
1.6921156852812471
1.6921156853286596
1.6921156854347912
1.6921156855321682
1.6921156855905937
1.6921156856520985
1.692115685740334
1.6921156857932753
1.6921156858250397
1.6921156858440989
1.6921156858832087
1.6921156859287398
1.692115685956058
1.6921156859724489
1.6921156859822828
1.6921156859881838
1.6921156859994115
1.6921156860096207
1.6921156860157458
1.6921156860194742
1.6921156860239062
1.692115686027189
1.6921156860291588
1.692115686030998
1.6921156860327096
1.6921156860337367
1.6921156860343534
1.6921156860350315
1.6921156860358144
1.692115686036284
1.6921156860365658
1.6921156860370132
1.6921156860372994
1.6921156860374713
1.6921156860376123
1.6921156860377893
1.6921156860378952
1.6921156860379594
1.6921156860380193
1.6921156860380806
1.6921156860381175
1.6921156860381397
1.692115686038153
1.692115686038173
1.692115686038187
1.692115686038195
1.6921156860382005
1.6921156860382032
1.6921156860382076
1.6921156860382123
1.6921156860382147
1.6921156860382165
1.692115686038219
1.6921156860382207
1.6921156860382218
1.6921156860382223
1.6921156860382227
1.692115686038223
1.6921156860382232
1.6921156860382232
1.6921156860382232
1.6921156860382232
1.6921156860382234
1.6921156860382236
1.6921156860382236
1.6921156860382236
1.6921156860382236
1.6921156860382236
1.6921156860382236
1.6921156860382236
1.6921156860382236
1.6921156860382236
1.6921156860382236
1.6921156860382236
1.6921156860382236
1.6921156860382236
1.6921156860382236
1.6921156860382236
1.6921156860382236
1.6921156860382236
1.6921156860382236
