1.5113959783386577
1.5113959783386577
1.5113959783386577
1.5113959783386577
1.5113959783386577
1.5113959783386577
1.5113959783386577
1.5113959783386577
1.5113959783386577
1.5113959783386577
1.5113959783386577
1.5113959783386577
1.5113959783386577
1.5113959783386577
1.5113959783386577
1.5113959783386577
1.5113959783386577
1.5113959783386577
1.5113959783386577
1.5113959783386577
1.5113959783386577
1.5113959783386577
1.5113959783386577
1.5113959783386577
1.5113959783386577
1.5113959783386577
1.5113959783386577
1.5113959783386577
1.5113959783386577
1.5113959783386577
1.5113959783386577
1.5113959783386577
1.5113959783386577
1.5113959783386577
1.5113959783386577
1.5113959783386577
1.5113959783386577
1.5113959783386577
1.5113959783386577
1.5113959783386577
1.5113959783386577
1.5113959783386577
1.5113959783386577
1.5113959783386577
1.5113959783386577
1.5113959783386577
1.5113959783386577
1.5113959783386577
1.5113959783386577
1.5113959783386577
1.5113959783386577
1.5113959783386577
1.5113959783386577
1.5113963405647828
1.5113963405647828
1.5113980451600268
1.5113980451600268
1.5113980451600268
1.5113980451600268
1.5113984406551257
1.5113987923428123
1.511399024018806
1.5113992022841398
1.5113994025328537
1.5113995226821082
1.511399649268015
1.5113996598014947
1.5113998179774566
1.5113998704796745
1.5113999467890342
1.5114000036592266
1.5114000470249067
1.5114000833405439
1.511400105129927
1.5114001254397778
1.511400135403198
1.5114001497894547
1.5114001598853546
1.5114001708587794
1.5114001818376521
1.511400189709361
1.511400194432387
1.5114001957782772
1.5114002018348898
1.511400203822181
1.511400205014556
1.511400205729981
1.5114002071146393
1.5114002087396403
1.511400209866128
1.5114002105420208
1.5114002118600256
1.511400212913142
1.5114002135309441
1.511400214132354
1.511400214668795
1.5114002153178718
1.5114002155459736
1.511400215797209
1.511400215999587
1.511400216214066
1.5114002163427531
1.5114002164199656
1.511400216466293
1.5114002164940892
1.5114002165758267
1.5114002166305245
1.5114002166674614
1.5114002166995977
1.5114002167318035
1.5114002167630558
1.5114002167830431
1.5114002167975047
1.5114002168177683
1.5114002168303495
1.5114002168391723
1.5114002168480913
1.5114002168558467
1.5114002168605
1.5114002168632923
1.5114002168649674
1.5114002168669
1.5114002168692684
1.51140021687073
1.5114002168717073
1.5114002168723781
1.5114002168729372
1.5114002168733955
1.5114002168736704
1.5114002168738352
1.5114002168739342
1.511400216874141
1.5114002168742937
1.5114002168743863
1.5114002168744416
1.5114002168745133
1.5114002168745917
1.5114002168746388
1.5114002168746667
1.511400216874684
1.5114002168747038
1.5114002168747198
1.5114002168747296
1.5114002168747356
1.5114002168747394
1.5114002168747414
1.5114002168747431
1.5114002168747456
1.5114002168747476
1.5114002168747491
1.51140021687475
1.5114002168747507
1.5114002168747513
1.5114002168747518
1.5114002168747518
1.5114002168747527
1.5114002168747527
1.511400216874753
1.511400216874753
1.5114002168747531
1.5114002168747531
1.5114002168747531
1.5114002168747531
1.5114002168747531
1.5114002168747531
1.5114002168747531
1.5114002168747531
1.5114002168747531
1.5114002168747531
1.5114002168747531
1.5114002168747531
1.5114002168747531
1.5114002168747531
1.5114002168747531
1.5114002168747531
1.5114002168747531
1.5114002168747531
1.5114002168747531
1.5114002168747531
