1.4092035884642
1.4092035884642
1.4092035884642
1.4092035884642
1.4092035884642
1.4092035884642
1.4092035884642
1.4092035884642
1.4092035884642
1.4092035884642
1.4092035884642
1.4092035884642
1.4092035884642
1.4092035884642
1.4092035884642
1.4092035884642
1.4092035884642
1.4092035884642
1.4092035884642
1.4092035884642
1.4092035884642
1.4092035884642
1.4092035884642
1.4092035884642
1.4092035884642
1.4092035884642
1.4092035884642
1.4092035884642
1.4092035884642
1.4092035884642
1.4092035884642
1.4092035884642
1.4092035884642
1.4092035884642
1.4092035884642
1.4092035884642
1.4092035884642
1.4092035884642
1.4092035884642
1.4092035884642
1.4092035884642
1.4092035884642
1.4092035884642
1.4092035884642
1.4092035884642
1.4092035884642
1.4092035884642
1.4092035884642
1.4092035884642
1.4092035884642
1.4092035884642
1.4092054915565573
1.4092054915565573
1.4092054915565573
1.4092080771313602
1.4092080771313602
1.4092080771313602
1.4092108912727837
1.4092114266085307
1.4092120465419837
1.40921216543399
1.4092124322724338
1.4092128189960482
1.4092128189960482
1.409212897610642
1.4092129747220674
1.4092130211886718
1.4092133197185357
1.4092135877765186
1.4092137486113303
1.4092138451122254
1.4092139114411402
1.4092139409127815
1.4092139869198022
1.4092140158114124
1.4092140402894595
1.4092140624536975
1.4092140648946339
1.4092140795350445
1.4092140982266659
1.409214109441638
1.4092141161706213
1.4092141202080115
1.4092141270703862
1.4092141324058898
1.4092141372997262
1.409214140236028
1.409214142070433
1.4092141433866463
1.4092141445549382
1.4092141455668872
1.4092141461740566
1.40921414717516
1.409214148271257
1.4092141489289156
1.4092141489289156
1.4092141489289156
1.4092141492305386
1.4092141492305386
1.4092141492305386
1.4092141492305386
1.4092141492562402
1.4092141492844663
1.4092141493176242
1.409214149346621
1.4092141493619688
1.4092141493773676
1.4092141493773676
1.4092141493783252
1.4092141493793697
1.4092141493932844
1.4092141493973491
1.4092141493997878
1.4092141494012513
1.4092141494039998
1.4092141494073334
1.4092141494093344
1.4092141494105344
1.4092141494120998
1.4092141494122286
1.4092141494126031
1.4092141494134058
1.40921414941496
1.4092141494151615
1.4092141494152828
1.4092141494160986
1.4092141494168005
1.409214149416947
1.4092141494173083
1.4092141494175012
1.4092141494177903
1.4092141494179644
1.4092141494180923
1.40921414941818
1.4092141494182857
1.4092141494183084
1.4092141494183537
1.409214149418398
1.409214149418405
1.4092141494184363
1.409214149418459
1.409214149418473
1.4092141494184829
1.409214149418497
1.4092141494185062
1.40921414941851
1.409214149418515
1.4092141494185177
1.4092141494185206
1.409214149418522
1.409214149418523
1.4092141494185233
1.4092141494185244
1.409214149418525
1.4092141494185257
1.4092141494185264
1.4092141494185266
1.409214149418527
1.4092141494185273
1.4092141494185273
1.4092141494185275
1.409214149418528
1.409214149418528
1.409214149418528
1.409214149418528
1.409214149418528
1.409214149418528
1.409214149418528
1.409214149418528
1.409214149418528
1.409214149418528
1.409214149418528
1.409214149418528
1.409214149418528
1.409214149418528
1.409214149418528
1.409214149418528
1.409214149418528
1.409214149418528
1.409214149418528
