1.6499323700151987
1.6499323700151987
1.6499323700151987
1.6499323700151987
1.6499323700151987
1.6499323700151987
1.6499323700151987
1.6499323700151987
1.6499323700151987
1.6499323700151987
1.6499323700151987
1.6499323700151987
1.6499323700151987
1.6499323700151987
1.6499323700151987
1.6499323700151987
1.6499323700151987
1.6499323700151987
1.6499323700151987
1.6499323700151987
1.6499323700151987
1.6499323700151987
1.6499323700151987
1.6499323700151987
1.6499323700151987
1.6499323700151987
1.6499323700151987
1.6499323700151987
1.6499323700151987
1.6499323700151987
1.6499323700151987
1.6499323700151987
1.6499323700151987
1.6499323700151987
1.6499323700151987
1.6499323700151987
1.6499323700151987
1.6499323700151987
1.6499323700151987
1.6499323700151987
1.6499323700151987
1.6499323700151987
1.6499323700151987
1.6499323700151987
1.6499465191869995
1.6499465191869995
1.6499465191869995
1.6499465191869995
1.6499465191869995
1.6499465191869995
1.6499465191869995
1.6499465191869995
1.6499465191869995
1.6499465191869995
1.6499465191869995
1.6499465191869995
1.6499465191869995
1.649947129404082
1.649947551881195
1.6499478709009379
1.6499495097318269
1.6499495097318269
1.6499496699851461
1.6499499190115792
1.6499504302723536
1.649950878170783
1.6499511075384077
1.6499513299926714
1.6499514256710852
1.6499515842481802
1.6499517832105153
1.64995181313565
1.6499518306720768
1.6499520115183997
1.649952131679041
1.6499522037754266
1.6499522589968127
1.6499522589968127
1.6499522589968127
1.6499522589968127
1.6499522589968127
1.6499522589968127
1.6499522589968127
1.6499522589968127
1.6499522589968127
1.6499522589968127
1.6499522621762341
1.6499522621762341
1.6499522621762341
1.64995226406509
1.64995226406509
1.64995226406509
1.64995226406509
1.64995226406509
1.64995226406509
1.6499522644151836
1.6499522648668594
1.6499522648668594
1.6499522648668594
1.6499522648668594
1.6499522649063336
1.6499522649063336
1.6499522649063336
1.6499522649942384
1.6499522649942384
1.6499522649942384
1.6499522649969809
1.6499522650177936
1.6499522650177936
1.6499522650177936
1.6499522650177936
1.6499522650177936
1.6499522650375391
1.6499522650592757
1.6499522650592757
1.6499522650592757
1.6499522650614489
1.649952265066136
1.6499522650740988
1.6499522650758889
1.649952265076963
1.649952265081303
1.649952265082348
1.6499522650859788
1.6499522650859788
1.6499522650859788
1.6499522650861886
1.6499522650867906
1.6499522650870024
1.649952265087026
1.6499522650870395
1.6499522650873215
1.6499522650883562
1.6499522650891953
1.649952265089699
1.649952265090102
1.6499522650905905
1.649952265090916
1.649952265091113
1.6499522650912508
1.6499522650914322
1.6499522650915412
1.649952265091607
1.6499522650916758
1.649952265091734
1.649952265091796
1.64995226509182
1.6499522650918546
1.6499522650918745
1.6499522650918976
1.6499522650919027
1.6499522650919145
1.6499522650919223
1.6499522650919307
1.6499522650919334
1.6499522650919414
1.649952265091947
1.6499522650919487
1.649952265091951
1.6499522650919527
1.6499522650919538
1.6499522650919547
1.6499522650919556
1.6499522650919558
1.6499522650919565
1.649952265091957
1.6499522650919574
1.6499522650919578
1.6499522650919578
1.6499522650919585
1.6499522650919587
1.6499522650919587
1.6499522650919587
1.6499522650919587
1.6499522650919587
1.6499522650919587
