1.7949991453531413
1.7949991453531413
1.7949991453531413
1.7949991453531413
1.7949991453531413
1.7949991453531413
1.7949991453531413
1.7949991453531413
1.7949991453531413
1.7949991453531413
1.7949991453531413
1.7949991453531413
1.7949991453531413
1.7949991453531413
1.7949991453531413
1.7949991453531413
1.7949991453531413
1.7949991453531413
1.7949991453531413
1.7949991453531413
1.7949991453531413
1.7949991453531413
1.7949991453531413
1.7949991453531413
1.7949991453531413
1.7949991453531413
1.7949991453531413
1.7949991453531413
1.7949991453531413
1.7949991453531413
1.7949991453531413
1.7949991453531413
1.7949991453531413
1.7949991453531413
1.7949991453531413
1.7949991453531413
1.7949991453531413
1.7949991453531413
1.7949991453531413
1.7949991453531413
1.7949991453531413
1.7949991453531413
1.7949991453531413
1.7949991453531413
1.7949991453531413
1.7949991453531413
1.7949991453531413
1.7949991453531413
1.7949991453531413
1.7949991453531413
1.7949991453531413
1.7949991453531413
1.7949991453531413
1.7949991453531413
1.7949997838775362
1.7949997838775362
1.7949997838775362
1.7949997838775362
1.7950000447838164
1.7950000447838164
1.7950000447838164
1.7950000719610677
1.7950000872139067
1.7950002190868841
1.7950006488666532
1.7950006488666532
1.7950009073007593
1.7950011173469278
1.7950012433746476
1.7950013920624952
1.7950014233733715
1.7950015384055331
1.7950015971310722
1.79500160330861
1.7950016372448876
1.7950016372448876
1.7950016372448876
1.7950016477975825
1.7950016487123235
1.7950016498712755
1.7950016581252133
1.7950016680730312
1.7950016680730312
1.795001670177721
1.7950016744102506
1.7950016764204808
1.7950016795507742
1.795001682151341
1.7950016846258816
1.7950016855513469
1.7950016861066265
1.795001686439794
1.7950016878914963
1.7950016889226497
1.7950016901876065
1.7950016908257727
1.7950016915527156
1.795001691970034
1.7950016923290757
1.7950016925422783
1.7950016926783705
1.7950016927600259
1.7950016928174575
1.7950016929611603
1.7950016929611603
1.7950016931162183
1.795001693191624
1.7950016932494965
1.7950016932986042
1.7950016933089636
1.7950016933930744
1.795001693447094
1.7950016934505866
1.7950016934956101
1.7950016935282358
1.7950016935589552
1.7950016935735356
1.7950016935884687
1.795001693602985
1.7950016936129773
1.7950016936217692
1.795001693622783
1.7950016936264632
1.795001693630966
1.7950016936340927
1.7950016936361675
1.7950016936374127
1.7950016936408713
1.795001693644307
1.7950016936457402
1.7950016936457402
1.7950016936457402
1.7950016936457402
1.7950016936464672
1.7950016936464672
1.7950016936464672
1.7950016936464672
1.7950016936464672
1.7950016936464672
1.7950016936464672
1.7950016936465836
1.7950016936465836
1.7950016936465836
1.7950016936465836
1.7950016936465836
1.7950016936465836
1.7950016936465836
1.7950016936465836
1.7950016936465842
1.7950016936465842
1.7950016936465842
1.7950016936465842
1.7950016936465916
1.7950016936465916
1.7950016936465916
1.795001693646595
1.7950016936465951
1.7950016936465951
1.7950016936465951
1.7950016936465951
1.7950016936465956
1.7950016936465956
1.7950016936465956
1.7950016936465956
1.7950016936465956
1.7950016936465956
1.7950016936465956
1.7950016936465956
1.7950016936465956
1.7950016936465956
1.7950016936465956
1.7950016936465956
1.7950016936465956
1.7950016936465956
1.7950016936465956
1.7950016936465956
1.7950016936465956
