3.6519494746704204
3.6519494746704204
3.6519494746704204
3.6519494746704204
3.6519494746704204
3.6519494746704204
3.6519494746704204
3.6519494746704204
3.6519494746704204
3.6519494746704204
3.6519494746704204
3.6519494746704204
3.6519494746704204
3.6519494746704204
3.6519494746704204
3.6519494746704204
3.6519494746704204
3.6519494746704204
3.6519494746704204
3.6519494746704204
3.6519494746704204
3.6519494746704204
3.6519494746704204
3.6519494746704204
3.6519494746704204
3.6519494746704204
3.6519494746704204
3.6519494746704204
3.6519494746704204
3.6519494746704204
3.6519494746704204
3.6519494746704204
3.6519494746704204
3.6519494746704204
3.6519494746704204
3.6519494746704204
3.6519494746704204
3.6519494746704204
3.6519494746704204
3.6519494746704204
3.6519494746704204
3.6519494746704204
3.6519494746704204
3.6519494746704204
3.6519494746704204
3.6519494746704204
3.6519494746704204
3.6519494746704204
3.6519494746704204
3.6519494746704204
3.6519494746704204
3.6519494746704204
3.6519494746704204
3.6519581083525794
3.6519581083525794
3.6519581083525794
3.6519581083525794
3.6519581083525794
3.6519581083525794
3.6519581083525794
3.6519581083525794
3.6519581083525794
3.6519581083525794
3.6519581083525794
3.6519581083525794
3.6519581083525794
3.6519593073536645
3.6519593073536645
3.6519593073536645
3.6519593073536645
3.6519619882837615
3.6519619882837615
3.6519628557815853
3.6519642711465545
3.6519652391226214
3.651966860314043
3.6519679675851213
3.651969669046014
3.651970292257812
3.651970778477856
3.6519721773013867
3.651973216507388
3.65197418728884
3.6519748661579787
3.6519758814180965
3.651976490574316
3.6519768560681025
3.6519771447107634
3.6519774289969473
3.6519777872571675
3.651978010606188
3.6519781446156085
3.6519782201043722
3.651978386096922
3.6519784862747864
3.6519785463815055
3.65197858367141
3.6519786537778005
3.65197871603957
3.65197876050009
3.6519787898864347
3.6519788033277414
3.6519788137903824
3.651978829074384
3.6519788413451058
3.6519788457651434
3.6519788508001
3.6519788575148207
3.6519788600388696
3.6519788619584537
3.651978864088513
3.6519788663323927
3.6519788678506804
3.6519788686089
3.6519788693002067
3.6519788703628584
3.651978870668563
3.65197887125361
3.6519788714264783
3.651978871907364
3.6519788719441446
3.651978872031534
3.6519788721716577
3.6519788722681334
3.651978872344499
3.651978872377789
3.651978872437964
3.6519788724837854
3.651978872512264
3.651978872550129
3.6519788725764237
3.6519788725947357
3.651978872602655
3.651978872612623
3.6519788726193188
3.6519788726221463
3.651978872624181
3.6519788726290647
3.6519788726294036
3.651978872631107
3.651978872631844
3.651978872632909
3.651978872632909
3.6519788726333275
3.6519788726337756
3.651978872633978
3.6519788726343356
3.65197887263455
3.651978872634679
3.651978872634756
3.6519788726348144
3.6519788726348574
3.651978872634885
3.651978872634968
3.6519788726350795
3.651978872635147
3.6519788726351874
3.651978872635237
3.6519788726352886
3.651978872635324
3.6519788726353455
3.651978872635359
3.651978872635383
3.651978872635383
3.6519788726353886
3.6519788726353934
3.651978872635396
3.651978872635401
3.6519788726354063
3.65197887263541
3.651978872635411
3.6519788726354143
3.651978872635418
3.65197887263542
3.6519788726354228
3.6519788726354245
3.6519788726354268
3.651978872635428
3.651978872635429
3.651978872635429
3.651978872635429
3.6519788726354303
3.6519788726354308
3.6519788726354308
3.6519788726354308
3.6519788726354308
3.6519788726354316
3.651978872635432
3.651978872635432
3.651978872635432
3.651978872635432
3.651978872635432
3.651978872635432
3.651978872635432
3.651978872635432
3.651978872635432
3.651978872635432
3.651978872635432
3.651978872635432
3.651978872635432
3.651978872635432
3.651978872635432
3.651978872635432
3.651978872635432
