2.0079459024753317
2.0079459024753317
2.0079459024753317
2.0079459024753317
2.0079459024753317
2.0079459024753317
2.0079459024753317
2.0079459024753317
2.0079459024753317
2.0079459024753317
2.0079459024753317
2.0079459024753317
2.0079459024753317
2.0079459024753317
2.0079459024753317
2.0079459024753317
2.0079459024753317
2.0079459024753317
2.0079459024753317
2.0079459024753317
2.0079459024753317
2.0079459024753317
2.0079459024753317
2.0079459024753317
2.0079459024753317
2.0079459024753317
2.0079459024753317
2.0079459024753317
2.0079459024753317
2.0079459024753317
2.0079459024753317
2.0079459024753317
2.0079459024753317
2.0079459024753317
2.0079459024753317
2.0079459024753317
2.0079459024753317
2.0079459024753317
2.0079459024753317
2.0079459024753317
2.0079459024753317
2.0079459024753317
2.0079459024753317
2.0079459024753317
2.0079459024753317
2.0079459024753317
2.0079459024753317
2.0079459024753317
2.0079459024753317
2.0079459024753317
2.0079459024753317
2.0079459024753317
2.0079459024753317
2.0079459024753317
2.0079459024753317
2.0079459024753317
2.0079459024753317
2.0079459024753317
2.007946050295914
2.007946050295914
2.007946050295914
2.0079514078118015
2.0079514078118015
2.0079514078118015
2.0079514078118015
2.007952789627361
2.007953149164368
2.0079565575840426
2.0079586026406955
2.007959829676433
2.007959829676433
2.007961442628677
2.007962910852165
2.0079637371983905
2.0079642504426434
2.007964956923363
2.0079655407282084
2.0079659846906632
2.0079663865151662
2.0079666276099317
2.007966930447408
2.007967148311184
2.00796727902947
2.007967369758781
2.007967478015313
2.0079675766897385
2.007967638114233
2.0079676831344977
2.007967710146657
2.0079677263539533
2.0079677569104506
2.007967785587589
2.007967802793873
2.007967822439888
2.007967835527199
2.0079678452967977
2.007967854671298
2.0079678599774247
2.0079678652565467
2.0079678652565467
2.0079678683495152
2.0079678695737093
2.0079678709114726
2.0079678710843507
2.0079678718327947
2.0079678721733694
2.007967872639752
2.0079678728263035
2.0079678730442554
2.007967873167536
2.0079678733558692
2.007967873446448
2.007967873537905
2.007967873614853
2.007967873683443
2.007967873717827
2.007967873754026
2.0079678738112827
2.007967873823804
2.0079678738482096
2.0079678738616997
2.0079678738774764
2.007967873886943
2.007967873897001
2.007967873906806
2.0079678739126883
2.0079678739162183
2.0079678739162183
2.007967873917397
2.007967873919152
2.007967873921104
2.0079678739222753
2.007967873922978
2.0079678739233993
2.0079678739241373
2.007967873924596
2.0079678739248714
2.007967873925048
2.0079678739253564
2.0079678739255407
2.0079678739256024
2.0079678739256845
2.007967873925709
2.0079678739257476
2.0079678739258244
2.0079678739258884
2.0079678739259412
2.007967873925993
2.007967873926032
2.0079678739260673
2.007967873926084
2.007967873926096
2.007967873926104
2.0079678739261126
2.0079678739261184
2.007967873926126
2.007967873926126
2.0079678739261286
2.007967873926131
2.007967873926132
2.0079678739261326
2.0079678739261335
2.0079678739261344
2.007967873926135
2.007967873926135
2.0079678739261353
2.0079678739261353
2.0079678739261357
2.0079678739261357
2.0079678739261357
2.0079678739261357
2.0079678739261357
2.0079678739261357
2.0079678739261357
2.0079678739261357
2.0079678739261357
2.0079678739261357
2.0079678739261357
2.0079678739261357
2.0079678739261357
2.0079678739261357
2.0079678739261357
2.0079678739261357
2.0079678739261357
2.0079678739261357
2.0079678739261357
2.0079678739261357
2.0079678739261357
2.0079678739261357
2.0079678739261357
2.0079678739261357
2.0079678739261357
2.0079678739261357
2.0079678739261357
