2.422844743343678
2.422844743343678
2.422844743343678
2.422844743343678
2.422844743343678
2.422844743343678
2.422844743343678
2.422844743343678
2.422844743343678
2.422844743343678
2.422844743343678
2.422844743343678
2.422844743343678
2.422844743343678
2.422844743343678
2.422844743343678
2.422844743343678
2.422844743343678
2.422844743343678
2.422844743343678
2.422844743343678
2.422844743343678
2.422844743343678
2.422844743343678
2.422844743343678
2.422844743343678
2.422844743343678
2.422844743343678
2.422844743343678
2.422844743343678
2.422844743343678
2.422844743343678
2.422844743343678
2.422844743343678
2.422844743343678
2.422844743343678
2.422844743343678
2.422844743343678
2.422844743343678
2.422844743343678
2.422844743343678
2.4228571843038225
2.4228571843038225
2.4228571843038225
2.422863181903264
2.422863181903264
2.422863181903264
2.422863181903264
2.4228705700056667
2.4228705700056667
2.4228705700056667
2.4228845950533584
2.4228845950533584
2.4228845950533584
2.4228845950533584
2.4228845950533584
2.422886175324922
2.422887297318607
2.4228879705144695
2.4228919178284016
2.422892556962495
2.4228939572672115
2.422897568607891
2.422898446840361
2.4229019205366447
2.422903196405911
2.4229050012131825
2.4229057716731996
2.4229063449307984
2.42290736769946
2.4229080043224958
2.422908396340694
2.422908654462101
2.4229088269640804
2.4229091476981255
2.422909362172291
2.4229095223830956
2.422909618509577
2.42290977479158
2.422909860648052
2.4229099091665853
2.422909939693256
2.422909978396492
2.422910030238674
2.422910063568256
2.422910083566005
2.4229100955646548
2.422910110070864
2.42291012364162
2.422910131967471
2.4229101371347195
2.4229101419187598
2.4229101460600315
2.422910149056988
2.4229101508876694
2.422910152418816
2.4229101540574773
2.422910155093398
2.4229101558149146
2.4229101566695537
2.4229101572977267
2.4229101576746306
2.422910157900773
2.422910158036458
2.422910158118365
2.422910158209374
2.422910158330267
2.4229101584045134
2.4229101584490613
2.42291015847671
2.422910158527828
2.4229101585738912
2.422910158601529
2.4229101586196955
2.4229101586489907
2.4229101586673294
2.4229101586783335
2.4229101586850184
2.4229101586920065
2.422910158699379
2.422910158703802
2.4229101587064563
2.4229101587083988
2.4229101587114674
2.42291015871332
2.4229101587144317
2.4229101587150987
2.422910158716681
2.422910158718047
2.4229101587188673
2.4229101587193593
2.422910158720178
2.4229101587206974
2.422910158721009
2.422910158721245
2.4229101587215585
2.422910158721747
2.4229101587218604
2.4229101587219604
2.422910158722105
2.4229101587221926
2.4229101587222446
2.4229101587222766
2.4229101587223028
2.422910158722372
2.4229101587224138
2.422910158722438
2.4229101587224533
2.422910158722462
2.4229101587224737
2.4229101587224924
2.4229101587225026
2.422910158722509
2.422910158722514
2.4229101587225235
2.4229101587225292
2.422910158722533
2.4229101587225346
2.4229101587225363
2.4229101587225386
2.42291015872254
2.4229101587225403
2.4229101587225412
2.4229101587225417
2.422910158722542
2.4229101587225426
2.4229101587225426
2.422910158722543
2.4229101587225434
2.4229101587225434
2.4229101587225434
2.4229101587225434
2.422910158722544
2.422910158722544
2.422910158722544
2.422910158722544
2.422910158722544
2.422910158722544
2.422910158722544
2.422910158722544
2.422910158722544
2.422910158722544
2.422910158722544
2.422910158722544
2.422910158722544
2.422910158722544
2.422910158722544
2.422910158722544
