1.4155973031499807
1.4155973031499807
1.4155973031499807
1.4155973031499807
1.4155973031499807
1.4155973031499807
1.4155973031499807
1.4155973031499807
1.4155973031499807
1.4155973031499807
1.4155973031499807
1.4155973031499807
1.4155973031499807
1.4155973031499807
1.4155973031499807
1.4155973031499807
1.4155973031499807
1.4155973031499807
1.4155973031499807
1.4155973031499807
1.4155973031499807
1.4155973031499807
1.4155973031499807
1.4155973031499807
1.4155973031499807
1.4155973031499807
1.4155973031499807
1.4155973031499807
1.4155973031499807
1.4155973031499807
1.4155973031499807
1.4155973031499807
1.4155973031499807
1.4155973031499807
1.4155973031499807
1.4155973031499807
1.4155973031499807
1.4155973031499807
1.4155973031499807
1.4155973031499807
1.4155973031499807
1.4155973031499807
1.4155973031499807
1.4155973031499807
1.4155973031499807
1.4155973031499807
1.4155973031499807
1.4155973031499807
1.4155973031499807
1.4155973031499807
1.4155981029956588
1.4155981029956588
1.4155981029956588
1.415601016202712
1.415601016202712
1.415601016202712
1.4156043768012583
1.4156043768012583
1.4156052943023492
1.4156072757035847
1.4156084645430052
1.4156094381137168
1.415610759949475
1.4156111587203226
1.4156117357913796
1.4156123103002483
1.4156123923108554
1.4156129908522732
1.4156136041571872
1.415613972140284
1.4156143402588088
1.4156147737699898
1.415615458165517
1.4156157001204213
1.4156157001204213
1.4156159111567823
1.415616026679197
1.415616026679197
1.415616026679197
1.4156160545385383
1.415616067027195
1.4156160679971734
1.4156160679971734
1.4156160679971734
1.4156160679971734
1.4156160700988571
1.4156160700988571
1.4156160700988571
1.4156160700988571
1.4156160711093795
1.4156160736895083
1.4156160746714281
1.4156160746714281
1.4156160746714281
1.41561607587449
1.415616076145701
1.415616076145701
1.415616076997575
1.4156160780058071
1.4156160786107466
1.41561607897371
1.4156160791914878
1.4156160793221555
1.4156160798294803
1.4156160807940028
1.4156160812549086
1.4156160812549086
1.4156160816093706
1.4156160817255952
1.4156160817889456
1.4156160817930596
1.4156160819096137
1.415616081935434
1.4156160819997008
1.4156160820117938
1.4156160820190502
1.415616082027181
1.4156160820502903
1.4156160820862735
1.4156160820901336
1.415616082095905
1.4156160821031432
1.4156160821074866
1.4156160821117318
1.415616082126575
1.4156160821358295
1.4156160821423156
1.4156160821473256
1.415616082152044
1.415616082155175
1.4156160821570538
1.4156160821570845
1.4156160821582942
1.4156160821589892
1.415616082160244
1.415616082160997
1.4156160821614487
1.4156160821617196
1.4156160821618824
1.4156160821621002
1.4156160821623902
1.4156160821625736
1.415616082162684
1.4156160821627641
1.4156160821628507
1.4156160821629005
1.4156160821629673
1.4156160821629948
1.415616082163037
1.4156160821630617
1.415616082163077
1.4156160821630859
1.415616082163108
1.4156160821631323
1.415616082163147
1.4156160821631532
1.41561608216316
1.4156160821631651
1.4156160821631685
1.4156160821631711
1.4156160821631734
1.415616082163175
1.415616082163176
1.4156160821631771
1.4156160821631774
1.4156160821631778
1.415616082163178
1.415616082163178
1.4156160821631785
1.4156160821631785
1.4156160821631785
1.4156160821631787
1.4156160821631787
1.4156160821631787
1.4156160821631787
1.4156160821631787
1.4156160821631787
1.4156160821631787
1.4156160821631787
1.4156160821631787
