1.4627123927224466
1.4627123927224466
1.4627123927224466
1.4627123927224466
1.4627123927224466
1.4627123927224466
1.4627123927224466
1.4627123927224466
1.4627123927224466
1.4627123927224466
1.4627123927224466
1.4627123927224466
1.4627123927224466
1.4627123927224466
1.4627123927224466
1.4627123927224466
1.4627123927224466
1.4627123927224466
1.4627123927224466
1.4627123927224466
1.4627123927224466
1.4627123927224466
1.4627123927224466
1.4627123927224466
1.4627123927224466
1.4627123927224466
1.4627123927224466
1.4627123927224466
1.4627123927224466
1.4627123927224466
1.4627123927224466
1.4627123927224466
1.4627123927224466
1.4627123927224466
1.4627123927224466
1.4627123927224466
1.4627123927224466
1.4627123927224466
1.4627123927224466
1.4627123927224466
1.4627123927224466
1.4627123927224466
1.4627123927224466
1.4627123927224466
1.4627123927224466
1.4627123927224466
1.4627385655288325
1.4627688676194193
1.4627688676194193
1.4627688676194193
1.4627688676194193
1.4627688676194193
1.4627688676194193
1.4627688676194193
1.4627688676194193
1.4627688676194193
1.4627709727441747
1.4627723063840574
1.4627731065683918
1.4627753797534357
1.462775963512395
1.4627785854212576
1.4627795861253996
1.4627819580852188
1.46278338125997
1.4627842351644087
1.4627848033247146
1.462786337511287
1.462787556943801
1.4627880752987745
1.462788386311707
1.4627888460398266
1.4627894771724566
1.4627898628989096
1.46278989634727
1.4627900859362335
1.462790236809829
1.4627903776258873
1.4627904411505763
1.462790479265391
1.462790585317067
1.462790682708486
1.4627907411433396
1.4627907762042525
1.4627907972407994
1.4627908232519036
1.4627908600496613
1.462790882839091
1.4627908965127494
1.462790902704226
1.4627909073839211
1.4627909157907146
1.4627909221055018
1.4627909256169371
1.4627909277237992
1.462790929732651
1.4627909332686395
1.462790935437105
1.4627909369558203
1.46279093812339
1.462790938812019
1.462790939454289
1.4627909399005137
1.4627909399005137
1.462790939935519
1.4627909401941148
1.4627909402541894
1.4627909402541894
1.4627909402922497
1.4627909403314576
1.4627909403549815
1.4627909403864066
1.4627909404108814
1.462790940430677
1.4627909404433546
1.46279094046072
1.4627909404711392
1.462790940477791
1.4627909404832302
1.4627909404932447
1.4627909404981723
1.462790940502047
1.4627909405037778
1.4627909405070247
1.4627909405102644
1.4627909405129824
1.4627909405140442
1.4627909405166772
1.4627909405187598
1.462790940520144
1.46279094052111
1.4627909405223904
1.462790940523159
1.4627909405236201
1.4627909405240274
1.4627909405246113
1.462790940524962
1.462790940525227
1.4627909405254986
1.4627909405257147
1.4627909405258148
1.4627909405258819
1.4627909405259578
1.4627909405260089
1.462790940526033
1.46279094052606
1.4627909405260804
1.4627909405261046
1.4627909405261104
1.4627909405261161
1.4627909405261208
1.4627909405261281
1.462790940526131
1.4627909405261348
1.4627909405261375
1.4627909405261403
1.462790940526141
1.4627909405261421
1.462790940526143
1.4627909405261441
1.4627909405261446
1.4627909405261446
1.4627909405261452
1.4627909405261454
1.4627909405261454
1.4627909405261454
1.4627909405261454
1.4627909405261454
1.4627909405261454
1.4627909405261454
1.4627909405261454
1.4627909405261454
1.4627909405261454
1.4627909405261454
1.4627909405261454
1.4627909405261454
1.4627909405261454
1.4627909405261454
1.4627909405261454
1.4627909405261454
1.4627909405261454
1.4627909405261454
1.4627909405261454
1.4627909405261454
1.4627909405261454
1.4627909405261454
1.4627909405261454
1.4627909405261454
