2.2786944056561187
2.2786944056561187
2.2786944056561187
2.2786944056561187
2.2786944056561187
2.2786944056561187
2.2786944056561187
2.2786944056561187
2.2786944056561187
2.2786944056561187
2.2786944056561187
2.2786944056561187
2.2786944056561187
2.2786944056561187
2.2786944056561187
2.2786944056561187
2.2786944056561187
2.2786944056561187
2.2786944056561187
2.2786944056561187
2.2786944056561187
2.2786944056561187
2.2786944056561187
2.2786944056561187
2.2786944056561187
2.2786944056561187
2.2786944056561187
2.2786944056561187
2.2786944056561187
2.2786944056561187
2.2786944056561187
2.2786944056561187
2.2786944056561187
2.2786944056561187
2.2786944056561187
2.2786944056561187
2.2786944056561187
2.2786944056561187
2.2786944056561187
2.2786944056561187
2.2786944056561187
2.2786944056561187
2.2786944056561187
2.2786944056561187
2.2786944056561187
2.2786944056561187
2.2786944056561187
2.2786944056561187
2.2786944056561187
2.2786944056561187
2.2786944056561187
2.2786944056561187
2.2786944056561187
2.2786944056561187
2.2786944056561187
2.2786944056561187
2.2786944056561187
2.2786944056561187
2.2786944056561187
2.2786944056561187
2.278698005591624
2.278698005591624
2.278698005591624
2.278700220029253
2.278700220029253
2.278700220029253
2.278702920720966
2.278702920720966
2.2787039720934654
2.278705203198053
2.278706215514649
2.2787073861866136
2.2787080885898328
2.278708510031777
2.278708762896949
2.2787089146160544
2.278709005647518
2.2787094320137524
2.2787099354694353
2.278710385560558
2.2787106556152334
2.2787108176480393
2.2787111220041862
2.278711508404341
2.2787118374100244
2.2787119695661753
2.2787120582661737
2.2787121879361103
2.2787122508398987
2.2787123127477824
2.278712352348918
2.2787124057988293
2.2787124392817812
2.2787124593715515
2.278712495195402
2.278712512017611
2.2787125300309214
2.278712540838908
2.2787125473236998
2.2787125568574473
2.2787125647195015
2.2787125695512924
2.2787125724503663
2.2787125741898118
2.2787125761631684
2.2787125783384923
2.2787125789848868
2.2787125802863595
2.2787125810916153
2.278712582091789
2.278712582696862
2.278712583059906
2.278712583277732
2.2787125834084274
2.2787125837233786
2.278712584025016
2.2787125842496723
2.2787125843897558
2.278712584567755
2.2787125846969514
2.27871258477447
2.2787125849029715
2.2787125849932326
2.2787125850540493
2.278712585093019
2.2787125851458385
2.2787125851813737
2.278712585203939
2.2787125852174785
2.278712585225602
2.2787125852427343
2.278712585253516
2.2787125852599854
2.2787125852676784
2.278712585275413
2.278712585280055
2.278712585282938
2.2787125852847474
2.278712585285833
2.278712585286776
2.2787125852880763
2.2787125852888566
2.2787125852893246
2.278712585289627
2.2787125852900347
2.2787125852903993
2.2787125852906316
2.278712585290771
2.2787125852909553
2.278712585291007
2.2787125852910766
2.2787125852911188
2.2787125852911845
2.2787125852911845
2.278712585291189
2.2787125852912027
2.278712585291219
2.27871258529123
2.278712585291237
2.2787125852912404
2.2787125852912458
2.2787125852912506
2.2787125852912524
2.2787125852912538
2.2787125852912546
2.2787125852912564
2.2787125852912573
2.2787125852912586
2.2787125852912595
2.27871258529126
2.2787125852912613
2.2787125852912617
2.278712585291262
2.278712585291262
2.2787125852912635
2.2787125852912635
2.2787125852912635
2.2787125852912635
2.2787125852912635
2.2787125852912635
2.2787125852912635
2.2787125852912635
2.2787125852912635
2.2787125852912635
2.2787125852912635
2.2787125852912635
2.2787125852912635
2.2787125852912635
2.2787125852912635
2.2787125852912635
2.2787125852912635
2.2787125852912635
2.2787125852912635
2.2787125852912635
2.2787125852912635
2.2787125852912635
2.2787125852912635
