2.203152593627868
2.203152593627868
2.203152593627868
2.203152593627868
2.203152593627868
2.203152593627868
2.203152593627868
2.203152593627868
2.203152593627868
2.203152593627868
2.203152593627868
2.203152593627868
2.203152593627868
2.203152593627868
2.203152593627868
2.203152593627868
2.203152593627868
2.203152593627868
2.203152593627868
2.203152593627868
2.203152593627868
2.203152593627868
2.203152593627868
2.203152593627868
2.203152593627868
2.203152593627868
2.203152593627868
2.203152593627868
2.203152593627868
2.203152593627868
2.203152593627868
2.203152593627868
2.203152593627868
2.203152593627868
2.203152593627868
2.203152593627868
2.203152593627868
2.203152593627868
2.203152593627868
2.203152593627868
2.203152593627868
2.203152593627868
2.203152593627868
2.203152593627868
2.203152593627868
2.203152593627868
2.203152593627868
2.203152593627868
2.203152593627868
2.203152593627868
2.203152593627868
2.203153344441276
2.203153344441276
2.203153344441276
2.203153344441276
2.203153344441276
2.203153344441276
2.203153344441276
2.203153344441276
2.203153344441276
2.2031539043477406
2.203155856941856
2.203157371247923
2.2031584283410197
2.2031592858915587
2.2031602900223346
2.2031610667419197
2.203161532773886
2.203161812393144
2.2031619801647264
2.2031621359456888
2.20316238137773
2.203162798974459
2.203163049532555
2.2031631998674337
2.203163305659428
2.2031634140790035
2.203163537639997
2.2031636624762796
2.203163690951131
2.2031637319630457
2.2031637783715614
2.2031638159397873
2.2031638473537196
2.2031638649557452
2.2031638886172265
2.203163904059881
2.20316390907363
2.2031639153022207
2.203163922762677
2.20316392800786
2.203163932600187
2.203163936367124
2.203163939903734
2.2031639425900917
2.203163944697753
2.2031639464585577
2.2031639475400846
2.2031639484705536
2.203163948992853
2.203163949366542
2.2031639499432414
2.203163950306831
2.203163950553736
2.203163950787895
2.2031639511042735
2.2031639512941013
2.2031639514079973
2.203163951449993
2.2031639515041603
2.203163951520856
2.2031639515926664
2.2031639515926664
2.2031639515926664
2.2031639516031913
2.203163951631244
2.203163951654999
2.2031639516658004
2.203163951672874
2.203163951682235
2.203163951685924
2.2031639516893953
2.2031639516918355
2.2031639516930785
2.2031639516960064
2.203163951698133
2.20316395169941
2.2031639517007218
2.2031639517017854
2.203163951702661
2.2031639517033708
2.2031639517037966
2.203163951704053
2.203163951704233
2.203163951704415
2.203163951704606
2.203163951704771
2.2031639517048704
2.2031639517049295
2.203163951705026
2.2031639517051143
2.203163951705168
2.2031639517052
2.203163951705219
2.2031639517052346
2.203163951705249
2.2031639517052635
2.2031639517052755
2.2031639517052826
2.203163951705288
2.203163951705294
2.2031639517052994
2.203163951705304
2.203163951705307
2.203163951705309
2.2031639517053114
2.2031639517053128
2.2031639517053137
2.2031639517053145
2.203163951705315
2.2031639517053154
2.203163951705316
2.203163951705316
2.2031639517053163
2.2031639517053163
2.2031639517053163
2.2031639517053163
2.2031639517053163
2.2031639517053163
2.2031639517053163
2.2031639517053163
2.2031639517053163
2.2031639517053163
2.2031639517053163
2.2031639517053163
2.2031639517053163
2.2031639517053163
2.2031639517053163
2.2031639517053163
2.2031639517053163
2.2031639517053163
2.2031639517053163
2.2031639517053163
2.2031639517053163
2.2031639517053163
2.2031639517053163
