1.3269995282718627
1.3269995282718627
1.3269995282718627
1.3269995282718627
1.3269995282718627
1.3269995282718627
1.3269995282718627
1.3269995282718627
1.3269995282718627
1.3269995282718627
1.3269995282718627
1.3269995282718627
1.3269995282718627
1.3269995282718627
1.3269995282718627
1.3269995282718627
1.3269995282718627
1.3269995282718627
1.3269995282718627
1.3269995282718627
1.3269995282718627
1.3269995282718627
1.3269995282718627
1.3269995282718627
1.3269995282718627
1.3269995282718627
1.3269995282718627
1.3269995282718627
1.3269995282718627
1.3269995282718627
1.3269995282718627
1.3269995282718627
1.3269995282718627
1.3269995282718627
1.3269995282718627
1.3269995282718627
1.3269995282718627
1.3269995282718627
1.3269995282718627
1.3269995282718627
1.3269995282718627
1.3269995282718627
1.3269995282718627
1.3269995282718627
1.3269995282718627
1.3269995282718627
1.3269995282718627
1.3269995282718627
1.3269995282718627
1.3269995282718627
1.3269995282718627
1.3269995282718627
1.3269995282718627
1.3269995282718627
1.3269995282718627
1.3269995282718627
1.3269995282718627
1.3269995282718627
1.3269995282718627
1.3269995282718627
1.3269995282718627
1.3269995282718627
1.3269995282718627
1.3269995282718627
1.3269995282718627
1.3270015596847033
1.3270015596847033
1.3270015596847033
1.3270015596847033
1.327001895886147
1.3270021737656605
1.3270025378864407
1.3270032728414063
1.3270037542262485
1.3270040430572143
1.327004216355815
1.3270043332129922
1.3270043888038106
1.3270044624369193
1.3270046122317982
1.3270049358762375
1.3270051325351235
1.3270053130559427
1.3270054807830582
1.3270054830014728
1.3270055641969831
1.3270057811125824
1.3270058369449544
1.3270059083686017
1.327005951222788
1.3270059769353002
1.3270059908691545
1.3270060438982063
1.3270060438982063
1.3270060438982063
1.3270060503037087
1.3270060581680678
1.3270060628866833
1.3270060692505792
1.3270060740494962
1.3270060749153103
1.3270060776783839
1.3270060794182346
1.3270060804677677
1.32700608116632
1.3270060817416014
1.3270060821327772
1.3270060824625447
1.327006082660405
1.3270060828359518
1.3270060830992398
1.327006083353423
1.3270060834623794
1.327006083545598
1.327006083545598
1.327006083545598
1.3270060835925226
1.3270060835925226
1.3270060836211834
1.327006083645408
1.327006083666105
1.3270060836878474
1.3270060837178432
1.3270060837358402
1.3270060837416715
1.3270060837580557
1.3270060837580557
1.3270060837649074
1.3270060837666866
1.3270060837696984
1.3270060837715065
1.327006083775087
1.3270060837770097
1.3270060837795317
1.327006083781206
1.3270060837822106
1.327006083782943
1.3270060837845463
1.3270060837849806
1.3270060837854882
1.3270060837859425
1.3270060837859823
1.3270060837860969
1.3270060837861712
1.3270060837863589
1.3270060837865134
1.3270060837865134
1.3270060837865134
1.3270060837865558
1.327006083786587
1.3270060837865958
1.327006083786609
1.3270060837866502
1.3270060837866968
1.327006083786706
1.3270060837867332
1.327006083786738
1.3270060837867492
1.3270060837867588
1.3270060837867639
1.3270060837867668
1.3270060837867725
1.3270060837867768
1.32700608378678
1.3270060837867832
1.3270060837867832
1.3270060837867852
1.3270060837867865
1.3270060837867872
1.327006083786788
1.327006083786788
1.3270060837867885
1.327006083786789
1.3270060837867892
1.3270060837867892
1.3270060837867892
1.3270060837867892
1.3270060837867892
1.3270060837867892
1.3270060837867892
1.3270060837867892
1.3270060837867892
1.3270060837867892
1.3270060837867892
1.3270060837867892
1.3270060837867892
1.3270060837867892
1.3270060837867892
1.3270060837867892
1.3270060837867892
1.3270060837867892
1.3270060837867892
