1.6341210049547792
1.6341210049547792
1.6341210049547792
1.6341210049547792
1.6341210049547792
1.6341210049547792
1.6341210049547792
1.6341210049547792
1.6341210049547792
1.6341210049547792
1.6341210049547792
1.6341210049547792
1.6341210049547792
1.6341210049547792
1.6341210049547792
1.6341210049547792
1.6341210049547792
1.6341210049547792
1.6341210049547792
1.6341210049547792
1.6341210049547792
1.6341210049547792
1.6341210049547792
1.6341210049547792
1.6341210049547792
1.6341210049547792
1.6341210049547792
1.6341210049547792
1.6341210049547792
1.6341210049547792
1.6341210049547792
1.6341210049547792
1.6341210049547792
1.6341210049547792
1.6341210049547792
1.6341210049547792
1.6341210049547792
1.6341210049547792
1.6341210049547792
1.6341210049547792
1.6341210049547792
1.6341210049547792
1.6341210049547792
1.6341210049547792
1.6341210049547792
1.6342157754056024
1.6342157754056024
1.6342157754056024
1.6342430221246822
1.6342430221246822
1.6342430221246822
1.6342430221246822
1.6342430221246822
1.6342768489753392
1.6343396442617113
1.6343773233489651
1.6343825465960082
1.6344091214692056
1.634459719181669
1.6344900783440124
1.634508294033982
1.6345222993384556
1.6345475285967987
1.6345727702460955
1.6345790954216384
1.6345892688170707
1.6345945119665055
1.6345988019519204
1.6346029191206477
1.6346057116304047
1.6346087783482537
1.6346106183786067
1.6346117786737067
1.6346125586568714
1.6346134525710654
1.6346141879198677
1.6346148210104585
1.6346154368349133
1.6346158204045056
1.634616068080376
1.6346163481310856
1.6346167453808917
1.6346169837307774
1.6346171484169925
1.634617319141084
1.6346174782430756
1.6346175741658187
1.6346176337256488
1.6346177013354475
1.634617777639101
1.634617823421283
1.6346178508906004
1.6346178673721898
1.6346178840914811
1.6346179059052401
1.6346179189934888
1.6346179268464398
1.6346179315582077
1.6346179344647116
1.6346179432933485
1.6346179493645914
1.6346179530073344
1.6346179578627775
1.634617961371502
1.6346179634767357
1.634617964847411
1.6346179665055363
1.6346179675004078
1.634617968097339
1.6346179684554893
1.634617969015737
1.6346179694613558
1.634617969728727
1.6346179698891516
1.6346179699854104
1.6346179700545804
1.6346179701955956
1.634617970280206
1.6346179703309731
1.6346179703614352
1.6346179703797075
1.634617970399909
1.6346179704334332
1.634617970453542
1.6346179704656054
1.6346179704738169
1.634617970486338
1.6346179704938497
1.6346179704983632
1.6346179705010666
1.6346179705026924
1.634617970503665
1.6346179705063786
1.6346179705081416
1.6346179705091919
1.6346179705098252
1.6346179705113184
1.6346179705125206
1.6346179705132438
1.6346179705141348
1.6346179705150692
1.634617970515624
1.634617970515959
1.6346179705161625
1.6346179705162838
1.634617970516358
1.6346179705165473
1.6346179705167352
1.6346179705168467
1.6346179705169155
1.6346179705169503
1.6346179705170079
1.6346179705170605
1.6346179705170938
1.6346179705171122
1.6346179705171338
1.634617970517153
1.6346179705171615
1.6346179705171686
1.634617970517178
1.6346179705171815
1.6346179705171822
1.6346179705171862
1.6346179705171866
1.6346179705171868
1.634617970517187
1.6346179705171873
1.6346179705171873
1.6346179705171873
1.6346179705171873
1.6346179705171873
1.6346179705171873
1.6346179705171873
1.6346179705171873
1.6346179705171873
1.6346179705171873
1.6346179705171873
1.6346179705171873
1.6346179705171873
1.6346179705171873
1.6346179705171873
1.6346179705171873
1.6346179705171873
1.6346179705171873
1.6346179705171873
1.6346179705171873
1.6346179705171873
1.6346179705171873
1.6346179705171873
1.6346179705171873
1.6346179705171873
1.6346179705171873
1.6346179705171873
1.6346179705171873
1.6346179705171873
