2.1657668156273293
2.1657668156273293
2.1657668156273293
2.1657668156273293
2.1657668156273293
2.1657668156273293
2.1657668156273293
2.1657668156273293
2.1657668156273293
2.1657668156273293
2.1657668156273293
2.1657668156273293
2.1657668156273293
2.1657668156273293
2.1657668156273293
2.1657668156273293
2.1657668156273293
2.1657668156273293
2.1657668156273293
2.1657668156273293
2.1657668156273293
2.1657668156273293
2.1657668156273293
2.1657668156273293
2.1657668156273293
2.1657668156273293
2.1657668156273293
2.1657668156273293
2.1657668156273293
2.1657668156273293
2.1657668156273293
2.1657668156273293
2.1657668156273293
2.1657668156273293
2.1657668156273293
2.1657668156273293
2.1657668156273293
2.1657668156273293
2.1657668156273293
2.1657668156273293
2.1657668156273293
2.1657668156273293
2.1657668156273293
2.1657668156273293
2.1657668156273293
2.1657668156273293
2.1657668156273293
2.1657668156273293
2.1657668156273293
2.1657668156273293
2.1657668156273293
2.1657668156273293
2.1657668156273293
2.1657668156273293
2.1657668156273293
2.1657668156273293
2.1657668156273293
2.1657668156273293
2.1657668156273293
2.1657668156273293
2.165768236337044
2.165768236337044
2.165768236337044
2.165768236337044
2.165769149279698
2.165770483384407
2.1657710618007187
2.1657722953482095
2.165773125563582
2.165773824704233
2.1657746093820043
2.165775268643645
2.165775794114517
2.165776403814468
2.1657767324929433
2.165777084969752
2.165777358730496
2.165777644962454
2.1657777733070924
2.165777877801138
2.1657779404975677
2.165778062763667
2.1657781891743686
2.165778265148848
2.165778310733538
2.165778338084353
2.1657783544948415
2.1657783661918657
2.165778402680929
2.16577843166762
2.1657784500855026
2.165778461136232
2.1657784677666694
2.165778479706806
2.1657784897452883
2.1657784958921065
2.16577850124531
2.165778508844829
2.165778513642188
2.1657785165515375
2.1657785182971474
2.165778519344513
2.1657785200049213
2.165778522347127
2.165778523780042
2.165778524639791
2.165778525155641
2.165778525473556
2.1657785263444618
2.165778526909245
2.165778527248116
2.165778527451438
2.1657785275734316
2.1657785276466273
2.165778527690545
2.165778527800024
2.165778527896855
2.165778527954954
2.1657785279898127
2.1657785280563715
2.1657785281084054
2.1657785281396262
2.1657785281700077
2.165778528200795
2.1657785282192674
2.1657785282303506
2.165778528237001
2.1657785282437017
2.1657785282530075
2.1657785282585906
2.165778528261941
2.1657785282662805
2.165778528272082
2.1657785282755633
2.1657785282776523
2.165778528279063
2.1657785282823214
2.165778528284276
2.1657785282854487
2.1657785282861526
2.1657785282871456
2.1657785282878446
2.1657785282882642
2.165778528288612
2.165778528288968
2.1657785282891813
2.16577852828931
2.165778528289395
2.165778528289516
2.1657785282895894
2.165778528289633
2.1657785282896596
2.1657785282896747
2.1657785282897133
2.165778528289744
2.1657785282897617
2.165778528289773
2.1657785282897852
2.1657785282898026
2.1657785282898123
2.1657785282898185
2.1657785282898265
2.165778528289834
2.165778528289839
2.165778528289842
2.1657785282898434
2.1657785282898447
2.165778528289847
2.1657785282898483
2.165778528289849
2.1657785282898496
2.1657785282898496
2.1657785282898505
2.1657785282898505
2.165778528289851
2.1657785282898514
2.1657785282898514
2.1657785282898514
2.1657785282898514
2.1657785282898514
2.1657785282898514
2.1657785282898514
2.1657785282898514
2.1657785282898514
2.1657785282898514
2.1657785282898514
2.1657785282898514
2.1657785282898514
2.1657785282898514
2.1657785282898514
2.1657785282898514
2.1657785282898514
2.1657785282898514
2.1657785282898514
