1.9033181968098791
1.9033181968098791
1.9033181968098791
1.9033181968098791
1.9033181968098791
1.9033181968098791
1.9033181968098791
1.9033181968098791
1.9033181968098791
1.9033181968098791
1.9033181968098791
1.9033181968098791
1.9033181968098791
1.9033181968098791
1.9033181968098791
1.9033181968098791
1.9033181968098791
1.9033181968098791
1.9033181968098791
1.9033181968098791
1.9033181968098791
1.9033181968098791
1.9033181968098791
1.9033181968098791
1.9033181968098791
1.9033181968098791
1.9033181968098791
1.9033181968098791
1.9033181968098791
1.9033181968098791
1.9033181968098791
1.9033181968098791
1.9033181968098791
1.9033181968098791
1.9033181968098791
1.9033181968098791
1.9033181968098791
1.9033181968098791
1.9033181968098791
1.9033181968098791
1.9033181968098791
1.9033181968098791
1.9033181968098791
1.9033181968098791
1.903336855276263
1.903336855276263
1.903336855276263
1.9033373728887297
1.9033373728887297
1.9033373728887297
1.9033373728887297
1.9033373728887297
1.9033373728887297
1.9033373728887297
1.9033373728887297
1.903342747311278
1.903342747311278
1.903342747311278
1.9033587521458737
1.9033587521458737
1.9033587521458737
1.9033587521458737
1.903362792194586
1.9033659801660234
1.903372860508318
1.9033771244603308
1.9033809917589248
1.903382714967907
1.9033843746732395
1.903386717119945
1.903388268412422
1.9033891991881227
1.9033897576536194
1.903390466379425
1.903391156195437
1.9033916272602969
1.9033919197768596
1.9033921959704114
1.90339246921062
1.9033926428789396
1.9033927470799328
1.9033928096005295
1.9033929206373505
1.903393074624793
1.903393167017259
1.9033932309287296
1.9033933050794873
1.903393353978811
1.9033933847213536
1.9033934031668798
1.9033934142341953
1.9033934208745849
1.9033934377458324
1.903393454103136
1.9033934639175176
1.9033934714219742
1.9033934808103217
1.9033934866990787
1.9033934902323335
1.903393492352286
1.9033934947606739
1.9033934971225963
1.9033934985397498
1.9033934993900417
1.9033935001741005
1.9033935007612781
1.9033935011135836
1.9033935013249672
1.9033935015579346
1.9033935018426915
1.9033935020195634
1.9033935021287414
1.9033935023152175
1.903393502427104
1.9033935024942357
1.9033935025345152
1.9033935025617783
1.903393502581829
1.9033935026006363
1.9033935026119222
1.9033935026186926
1.9033935026231634
1.9033935026314868
1.9033935026396562
1.9033935026445583
1.9033935026481048
1.9033935026535167
1.903393502656763
1.903393502658712
1.9033935026599127
1.9033935026621382
1.9033935026637683
1.9033935026647448
1.9033935026653321
1.9033935026656836
1.903393502666759
1.9033935026677031
1.9033935026682698
1.903393502668849
1.9033935026694415
1.9033935026697975
1.9033935026700108
1.903393502670139
1.9033935026702768
1.9033935026705047
1.9033935026706426
1.9033935026707245
1.9033935026707742
1.9033935026708642
1.903393502670929
1.9033935026709679
1.9033935026709916
1.9033935026710054
1.903393502671014
1.9033935026710191
1.903393502671022
1.903393502671023
1.9033935026710367
1.9033935026710478
1.9033935026710536
1.9033935026710576
1.9033935026710618
1.9033935026710715
1.9033935026710764
1.9033935026710802
1.9033935026710849
1.9033935026710882
1.9033935026710904
1.9033935026710918
1.903393502671093
1.9033935026710935
1.9033935026710942
1.9033935026710944
1.9033935026710949
1.9033935026710953
1.9033935026710955
1.9033935026710955
1.9033935026710955
1.9033935026710957
1.9033935026710957
1.9033935026710962
1.9033935026710962
1.9033935026710964
1.9033935026710964
1.9033935026710964
1.9033935026710964
1.9033935026710964
1.9033935026710964
1.9033935026710964
1.9033935026710964
1.9033935026710964
1.9033935026710964
1.9033935026710964
