1.8818225182506336
1.8818225182506336
1.8818225182506336
1.8818225182506336
1.8818225182506336
1.8818225182506336
1.8818225182506336
1.8818225182506336
1.8818225182506336
1.8818225182506336
1.8818225182506336
1.8818225182506336
1.8818225182506336
1.8818225182506336
1.8818225182506336
1.8818225182506336
1.8818225182506336
1.8818225182506336
1.8818225182506336
1.8818225182506336
1.8818225182506336
1.8818225182506336
1.8818225182506336
1.8818225182506336
1.8818225182506336
1.8818225182506336
1.8818225182506336
1.8818225182506336
1.8818225182506336
1.8818225182506336
1.8818225182506336
1.8818225182506336
1.8818225182506336
1.8818225182506336
1.8818225182506336
1.8818225182506336
1.8818225182506336
1.8818225182506336
1.8818225182506336
1.8818225182506336
1.8818225182506336
1.8818225182506336
1.8818225182506336
1.8818225182506336
1.8818225182506336
1.8818225182506336
1.8818225182506336
1.8818225182506336
1.8818225182506336
1.8818225182506336
1.8818225182506336
1.8818225182506336
1.8818225182506336
1.8818225182506336
1.8818225182506336
1.8818241757184826
1.8818241757184826
1.8818241757184826
1.8818251541549025
1.881825429457653
1.8818264945434529
1.8818264945434529
1.8818264945434529
1.8818275627801893
1.8818275627801893
1.8818280468173827
1.881829404337735
1.8818294550548897
1.881829808345717
1.881830038019182
1.8818303952705315
1.8818306326594845
1.8818307750928784
1.8818308605529226
1.8818311351393793
1.8818313482226483
1.8818314760726338
1.8818315527826348
1.8818316339994148
1.8818317279489334
1.881831784318649
1.8818318181404807
1.8818318384335804
1.8818318642388467
1.8818318844241089
1.881831893521952
1.881831900200876
1.8818319042082308
1.8818319094927214
1.8818319174566314
1.8818319220947024
1.8818319249685698
1.881831928514143
1.8818319315109047
1.881831933271372
1.88183193434625
1.8818319361361253
1.8818319374872354
1.881831938297902
1.8818319388285905
1.8818319397631835
1.881831940570711
1.8818319410127322
1.8818319411086328
1.8818319413582865
1.8818319414546183
1.8818319418313814
1.8818319418754723
1.8818319419209912
1.8818319420308485
1.8818319422141774
1.8818319423093373
1.8818319424021606
1.8818319424021606
1.8818319424408434
1.8818319424756835
1.8818319424849843
1.8818319424906809
1.881831942502046
1.8818319425090166
1.8818319425224725
1.881831942540855
1.8818319425412704
1.881831942542965
1.881831942548006
1.8818319425526275
1.8818319425561536
1.8818319425592065
1.8818319425605237
1.8818319425615262
1.8818319425639933
1.8818319425658077
1.8818319425664627
1.8818319425669163
1.8818319425675645
1.88183194256867
1.8818319425688323
1.8818319425692664
1.8818319425693968
1.8818319425696661
1.8818319425698378
1.881831942569957
1.8818319425700096
1.8818319425701504
1.881831942570249
1.8818319425703074
1.8818319425704129
1.8818319425704435
1.8818319425704435
1.8818319425704435
1.8818319425704737
1.8818319425704744
1.8818319425704744
1.8818319425704744
1.8818319425704744
1.8818319425704835
1.8818319425704852
1.8818319425704852
1.8818319425704877
1.88183194257049
1.881831942570491
1.881831942570491
1.8818319425704917
1.8818319425704924
1.8818319425704935
1.8818319425704937
1.8818319425704944
1.8818319425704946
1.8818319425704946
1.8818319425704946
1.8818319425704946
1.8818319425704946
1.8818319425704946
1.8818319425704946
1.8818319425704946
1.8818319425704946
1.8818319425704946
1.8818319425704946
1.8818319425704946
1.8818319425704946
1.8818319425704946
1.8818319425704946
1.8818319425704946
1.8818319425704946
