2.084434567701933
2.084434567701933
2.084434567701933
2.084434567701933
2.084434567701933
2.084434567701933
2.084434567701933
2.084434567701933
2.084434567701933
2.084434567701933
2.084434567701933
2.084434567701933
2.084434567701933
2.084434567701933
2.084434567701933
2.084434567701933
2.084434567701933
2.084434567701933
2.084434567701933
2.084434567701933
2.084434567701933
2.084434567701933
2.084434567701933
2.084434567701933
2.084434567701933
2.084434567701933
2.084434567701933
2.084434567701933
2.084434567701933
2.084434567701933
2.084434567701933
2.084434567701933
2.084434567701933
2.084434567701933
2.084434567701933
2.084434567701933
2.084434567701933
2.084434567701933
2.084434567701933
2.084434567701933
2.084434567701933
2.084453366239215
2.084453366239215
2.084453366239215
2.084453366239215
2.084453366239215
2.084453366239215
2.084453366239215
2.084453366239215
2.084453366239215
2.084453366239215
2.0844558591075866
2.0844558591075866
2.0844558591075866
2.0844558591075866
2.084457993411369
2.084457993411369
2.084457993411369
2.0844592014137393
2.0844592014137393
2.0844592014137393
2.0844592014137393
2.0844592014137393
2.084459789537888
2.084459789537888
2.0844604849175457
2.0844611105921937
2.0844616714599398
2.08446226368813
2.0844629912477695
2.084463590280662
2.084463880539963
2.0844643183837164
2.0844645716692
2.0844645716692
2.084464803716277
2.0844648392848084
2.0844649151199643
2.0844649698497113
2.084465044918908
2.0844650937406066
2.084465158389785
2.084465158389785
2.084465159065479
2.084465170340577
2.084465178977867
2.0844651815628295
2.084465184811664
2.0844651862842163
2.0844651875124582
2.0844651875124582
2.0844651875124582
2.0844651882838816
2.0844651882838816
2.0844651882838816
2.0844651882838816
2.0844651883367504
2.0844651883367504
2.0844651883367504
2.0844651883367504
2.0844651883367504
2.0844651883367504
2.0844651883367504
2.0844651883367504
2.0844651883417042
2.084465188353617
2.084465188360764
2.084465188360764
2.084465188360764
2.084465188360764
2.084465188361154
2.0844651883746317
2.0844651883746317
2.0844651883746317
2.0844651883748244
2.0844651883772207
2.0844651883786587
2.0844651883795215
2.084465188382729
2.084465188382729
2.0844651883836294
2.0844651883858605
2.0844651883860648
2.0844651883860896
2.084465188386778
2.0844651883880334
2.0844651883891845
2.084465188389386
2.0844651883899648
2.084465188390212
2.0844651883908782
2.084465188391278
2.0844651883915177
2.0844651883918313
2.0844651883921466
2.0844651883923486
2.084465188392435
2.0844651883925445
2.0844651883926573
2.084465188392686
2.08446518839274
2.0844651883927887
2.0844651883928256
2.084465188392848
2.0844651883928615
2.084465188392877
2.0844651883928886
2.0844651883928957
2.0844651883928997
2.0844651883929064
2.0844651883929113
2.084465188392915
2.0844651883929197
2.0844651883929237
2.084465188392926
2.0844651883929277
2.0844651883929286
2.084465188392931
2.0844651883929326
2.084465188392933
2.084465188392934
2.084465188392935
2.0844651883929353
2.0844651883929357
2.084465188392936
2.0844651883929366
2.0844651883929366
2.0844651883929366
2.0844651883929366
2.0844651883929366
2.0844651883929366
2.0844651883929366
2.0844651883929366
2.0844651883929366
2.0844651883929366
2.0844651883929366
2.0844651883929366
2.0844651883929366
2.0844651883929366
2.0844651883929366
2.0844651883929366
2.0844651883929366
2.0844651883929366
2.0844651883929366
