1.4109022915412675
1.4109022915412675
1.4109022915412675
1.4109022915412675
1.4109022915412675
1.4109022915412675
1.4109022915412675
1.4109022915412675
1.4109022915412675
1.4109022915412675
1.4109022915412675
1.4109022915412675
1.4109022915412675
1.4109022915412675
1.4109022915412675
1.4109022915412675
1.4109022915412675
1.4109022915412675
1.4109022915412675
1.4109022915412675
1.4109022915412675
1.4109022915412675
1.4109022915412675
1.4109022915412675
1.4109022915412675
1.4109022915412675
1.4109022915412675
1.4109022915412675
1.4109022915412675
1.4109022915412675
1.4109022915412675
1.4109022915412675
1.4109022915412675
1.4109022915412675
1.4109022915412675
1.4109022915412675
1.4109022915412675
1.4109022915412675
1.4109022915412675
1.4109022915412675
1.4109022915412675
1.4109022915412675
1.4109022915412675
1.4109022915412675
1.4109022915412675
1.4109022915412675
1.4109022915412675
1.4109022915412675
1.4109022915412675
1.4109022915412675
1.4109022915412675
1.4109022915412675
1.4109022915412675
1.4109022915412675
1.4109022915412675
1.4109022915412675
1.410902673088301
1.4109069024651604
1.4109069024651604
1.4109069024651604
1.4109097699622526
1.4109099123024242
1.4109111386797473
1.410911629440808
1.4109119238974084
1.4109125403014884
1.4109131611390535
1.4109135674723186
1.4109138185131418
1.4109142201437426
1.4109146768753624
1.410914841528439
1.410914841528439
1.4109149655654274
1.410915069160175
1.410915142663892
1.4109151645219375
1.4109152332755572
1.4109153169495328
1.4109153380312207
1.4109153667230634
1.410915378005469
1.4109154203747092
1.410915447217251
1.4109154583295584
1.4109154668829709
1.4109154808590747
1.4109154918965277
1.4109154988775015
1.4109155030660852
1.4109155063277519
1.410915513052653
1.4109155161530522
1.4109155185244957
1.4109155194861775
1.410915520778162
1.4109155221782432
1.4109155230652028
1.4109155236869522
1.4109155243221858
1.4109155249696992
1.4109155253602081
1.4109155255945136
1.410915525735096
1.4109155258822699
1.4109155260782609
1.410915526247539
1.4109155262854394
1.4109155263802515
1.4109155264650963
1.4109155265160032
1.4109155265465474
1.4109155265845388
1.4109155266556854
1.4109155266991233
1.4109155267251858
1.410915526740824
1.4109155267581501
1.4109155267760807
1.4109155267812423
1.4109155267812423
1.4109155267812423
1.410915526786019
1.410915526786019
1.410915526786019
1.410915526786019
1.4109155267865805
1.4109155267877347
1.4109155267877347
1.4109155267877347
1.4109155267881233
1.4109155267881233
1.4109155267881233
1.4109155267881233
1.4109155267882383
1.4109155267882383
1.4109155267882383
1.4109155267882383
1.410915526788295
1.410915526788295
1.410915526788295
1.4109155267883113
1.4109155267883162
1.4109155267883382
1.4109155267883382
1.4109155267883382
1.410915526788353
1.4109155267883544
1.410915526788356
1.4109155267883595
1.410915526788363
1.4109155267883684
1.410915526788371
1.4109155267883733
1.4109155267883753
1.410915526788377
1.4109155267883782
1.410915526788379
1.4109155267883795
1.41091552678838
1.4109155267883804
1.4109155267883804
1.4109155267883804
1.4109155267883806
1.4109155267883806
1.4109155267883806
1.4109155267883806
1.4109155267883806
1.4109155267883806
1.4109155267883806
1.4109155267883806
1.4109155267883806
1.4109155267883806
1.4109155267883806
1.4109155267883806
1.4109155267883806
1.4109155267883806
1.4109155267883806
1.4109155267883806
1.4109155267883806
1.4109155267883806
1.4109155267883806
1.4109155267883806
1.4109155267883806
1.4109155267883806
1.4109155267883806
1.4109155267883806
