2.668163867761594
2.668163867761594
2.668163867761594
2.668163867761594
2.668163867761594
2.668163867761594
2.668163867761594
2.668163867761594
2.668163867761594
2.668163867761594
2.668163867761594
2.668163867761594
2.668163867761594
2.668163867761594
2.668163867761594
2.668163867761594
2.668163867761594
2.668163867761594
2.668163867761594
2.668163867761594
2.668163867761594
2.668163867761594
2.668163867761594
2.668163867761594
2.668163867761594
2.668163867761594
2.668163867761594
2.668163867761594
2.668163867761594
2.668163867761594
2.668163867761594
2.668163867761594
2.668163867761594
2.668163867761594
2.668163867761594
2.668163867761594
2.668163867761594
2.668163867761594
2.668163867761594
2.668163867761594
2.668163867761594
2.668163867761594
2.668163867761594
2.668163867761594
2.668163867761594
2.668163867761594
2.668163867761594
2.668163867761594
2.668163867761594
2.668163867761594
2.668163867761594
2.668163867761594
2.668163867761594
2.668163867761594
2.668163867761594
2.668163867761594
2.668163867761594
2.668163867761594
2.668163867761594
2.668163867761594
2.668163867761594
2.668163867761594
2.668164817771604
2.668164817771604
2.6681663896128898
2.6681663896128898
2.6681664092181583
2.668166830673957
2.6681675693423683
2.6681679153641067
2.66817003006052
2.6681706178944378
2.6681709705948204
2.6681713323014216
2.6681720930637716
2.6681726164050916
2.668173461298965
2.6681735588033373
2.668173637378472
2.668174168626906
2.668174496624455
2.6681745918861512
2.6681745918861512
2.668174729554803
2.6681748188234797
2.6681748878806886
2.6681749006689413
2.668174959798383
2.6681750052949322
2.668175032592863
2.668175078009478
2.6681751143116608
2.6681751440466472
2.6681751440466472
2.668175173847137
2.668175179428148
2.6681751848009814
2.668175193869036
2.668175199895693
2.668175203833361
2.6681752089960877
2.6681752128868492
2.6681752151210256
2.6681752151210256
2.668175216721393
2.6681752172295563
2.6681752174690674
2.6681752175662568
2.668175217936812
2.668175218211
2.6681752183894063
2.668175218643496
2.6681752186765504
2.668175218773194
2.668175218773194
2.668175218773194
2.668175218822719
2.668175218822719
2.668175218822719
2.6681752188283734
2.6681752188471637
2.668175218861797
2.668175218866428
2.668175218870313
2.668175218870313
2.668175218875113
2.6681752188763963
2.668175218877434
2.6681752188780576
2.6681752188802847
2.6681752188816303
2.668175218882749
2.6681752188835888
2.6681752188842762
2.668175218885005
2.668175218885501
2.6681752188858
2.6681752188861867
2.6681752188865717
2.6681752188868026
2.6681752188869488
2.6681752188870513
2.6681752188871135
2.6681752188871637
2.6681752188872174
2.668175218887253
2.668175218887284
2.668175218887305
2.6681752188873182
2.668175218887334
2.6681752188873578
2.668175218887376
2.668175218887387
2.6681752188873937
2.6681752188873995
2.6681752188874057
2.6681752188874097
2.668175218887413
2.6681752188874164
2.6681752188874186
2.66817521888742
2.6681752188874217
2.6681752188874217
2.6681752188874226
2.668175218887423
2.6681752188874235
2.6681752188874235
2.6681752188874235
2.6681752188874235
2.6681752188874235
2.6681752188874235
2.6681752188874235
2.6681752188874235
2.6681752188874235
2.6681752188874235
2.6681752188874235
2.6681752188874235
2.6681752188874235
2.6681752188874235
2.6681752188874235
2.6681752188874235
2.6681752188874235
2.6681752188874235
2.6681752188874235
2.6681752188874235
2.6681752188874235
2.6681752188874235
2.6681752188874235
2.6681752188874235
2.6681752188874235
2.6681752188874235
2.6681752188874235
2.6681752188874235
2.6681752188874235
