1.875577447739969
1.875577447739969
1.875577447739969
1.875577447739969
1.875577447739969
1.875577447739969
1.875577447739969
1.875577447739969
1.875577447739969
1.875577447739969
1.875577447739969
1.875577447739969
1.875577447739969
1.875577447739969
1.875577447739969
1.875577447739969
1.875577447739969
1.875577447739969
1.875577447739969
1.875577447739969
1.875577447739969
1.875577447739969
1.875577447739969
1.875577447739969
1.875577447739969
1.875577447739969
1.875577447739969
1.875577447739969
1.875577447739969
1.875577447739969
1.875577447739969
1.875577447739969
1.875577447739969
1.875577447739969
1.875577447739969
1.8756146267880174
1.8756146267880174
1.8756146267880174
1.8756146267880174
1.8756146267880174
1.8756146267880174
1.8756146267880174
1.8756146267880174
1.8756146267880174
1.8756146267880174
1.8756146267880174
1.8756146267880174
1.8756146267880174
1.8756146267880174
1.8756192590592982
1.8756192590592982
1.8756192590592982
1.8756192590592982
1.8756192590592982
1.8756192590592982
1.8756192590592982
1.8756192590592982
1.8756192590592982
1.8756192590592982
1.8756192590592982
1.8756192590592982
1.8756241618198837
1.8756241618198837
1.8756270863576772
1.8756309659884192
1.8756309659884192
1.87563315127566
1.875634781283593
1.8756363439799517
1.8756375424913119
1.8756386282240465
1.8756398385467
1.8756409486031467
1.8756416146374073
1.8756420142581047
1.875642261755607
1.8756424285112596
1.8756425804579382
1.8756430300245288
1.8756433131770773
1.8756435034358565
1.8756437885410298
1.8756440146034252
1.8756441568165383
1.8756442403132922
1.875644371697707
1.8756445311195022
1.875644637228544
1.8756447055036836
1.8756448009415598
1.8756448696214951
1.8756449109425688
1.8756449356107474
1.8756449571412024
1.875644976846381
1.8756449930372827
1.8756450042903978
1.8756450088079424
1.8756450174943604
1.8756450239629074
1.8756450281144805
1.8756450313044521
1.8756450403508094
1.8756450470651598
1.875645048357015
1.8756450516200633
1.8756450516200633
1.8756450516200633
1.875645052447448
1.8756450539759562
1.8756450539759562
1.8756450539759562
1.8756450539759562
1.8756450539997684
1.8756450546982426
1.8756450546982426
1.8756450546982426
1.8756450546982426
1.8756450549381416
1.8756450549381416
1.8756450549381416
1.8756450549381416
1.8756450549381416
1.8756450549381416
1.8756450549649524
1.8756450549649524
1.8756450549649524
1.8756450549928265
1.875645054995791
1.8756450549965666
1.8756450549986068
1.8756450550001165
1.8756450550028205
1.8756450550067183
1.875645055009137
1.875645055010589
1.8756450550125612
1.8756450550141182
1.8756450550151573
1.8756450550158443
1.8756450550164157
1.8756450550167902
1.875645055017118
1.8756450550173192
1.875645055017544
1.8756450550176977
1.8756450550177939
1.8756450550178743
1.8756450550179395
1.875645055017993
1.8756450550180275
1.875645055018054
1.875645055018072
1.8756450550180932
1.8756450550181105
1.875645055018122
1.8756450550181352
1.8756450550181447
1.87564505501815
1.8756450550181536
1.8756450550181558
1.8756450550181591
1.8756450550181623
1.8756450550181643
1.8756450550181654
1.875645055018166
1.8756450550181667
1.8756450550181678
1.8756450550181683
1.875645055018169
1.8756450550181691
1.8756450550181694
1.8756450550181694
1.8756450550181696
1.8756450550181698
1.8756450550181702
1.8756450550181705
1.8756450550181705
1.8756450550181705
1.8756450550181705
1.8756450550181705
1.8756450550181705
1.8756450550181705
1.8756450550181705
1.8756450550181705
1.8756450550181705
1.8756450550181705
1.8756450550181705
1.8756450550181705
1.8756450550181705
1.8756450550181705
1.8756450550181705
1.8756450550181705
1.8756450550181705
1.8756450550181705
1.8756450550181705
