1.9654710470323098
1.9654710470323098
1.9654710470323098
1.9654710470323098
1.9654710470323098
1.9654710470323098
1.9654710470323098
1.9654710470323098
1.9654710470323098
1.9654710470323098
1.9654710470323098
1.9654710470323098
1.9654710470323098
1.9654710470323098
1.9654710470323098
1.9654710470323098
1.9654710470323098
1.9654710470323098
1.9654710470323098
1.9654710470323098
1.9654710470323098
1.9654710470323098
1.9654710470323098
1.9654710470323098
1.9654710470323098
1.9654710470323098
1.9654710470323098
1.9654710470323098
1.9654710470323098
1.9654710470323098
1.9654710470323098
1.9654710470323098
1.9654710470323098
1.9654710470323098
1.9654710470323098
1.9654710470323098
1.9654710470323098
1.9654710470323098
1.9654710470323098
1.9654710470323098
1.9654710470323098
1.9655140449746007
1.9655140449746007
1.9655140449746007
1.9655140449746007
1.9655206771679652
1.9655206771679652
1.9655206771679652
1.9655206771679652
1.9655319973861358
1.9655319973861358
1.9655319973861358
1.9655319973861358
1.9655474296337048
1.965554782641424
1.965559730604905
1.9655657986367794
1.965570727936044
1.965575751610301
1.9655776599032522
1.9655800228351539
1.9655826854627025
1.965584283038929
1.9655852415845552
1.9655858167118916
1.965586161788279
1.9655864260034897
1.965587043583456
1.9655876264193721
1.965587976120894
1.965588196214775
1.965588705710153
1.9655890257506003
1.9655892177748586
1.9655893329894103
1.9655894074430886
1.9655895882984522
1.9655897007167156
1.9655897681676722
1.965589808638245
1.9655898329205894
1.9655898866235217
1.9655899246339437
1.9655899474401977
1.9655899664172123
1.9655899878369876
1.9655900006888518
1.9655900083999707
1.9655900183485138
1.965590025492231
1.9655900297784612
1.965590032413595
1.9655900362790004
1.965590038729848
1.9655900402003568
1.9655900410826612
1.9655900423475603
1.9655900432044147
1.9655900437185265
1.9655900440269944
1.9655900443104968
1.9655900445800236
1.9655900447417403
1.9655900448387702
1.9655900448969876
1.9655900449942632
1.9655900451000166
1.9655900451634687
1.9655900452015405
1.9655900452253854
1.9655900452506212
1.9655900452686719
1.965590045279503
1.965590045286002
1.9655900452899002
1.9655900452932888
1.965590045296689
1.9655900452989945
1.9655900453003785
1.965590045301208
1.9655900453019175
1.9655900453025452
1.9655900453029207
1.965590045303147
1.965590045303282
1.9655900453033883
1.9655900453034578
1.9655900453035502
1.9655900453036508
1.965590045303712
1.965590045303748
1.9655900453037882
1.965590045303817
1.9655900453038375
1.9655900453038568
1.9655900453038713
1.9655900453038813
1.965590045303888
1.965590045303894
1.9655900453039001
1.9655900453039046
1.9655900453039066
1.96559004530391
1.9655900453039126
1.9655900453039143
1.9655900453039152
1.9655900453039157
1.9655900453039161
1.9655900453039163
1.9655900453039172
1.9655900453039175
1.9655900453039177
1.9655900453039177
1.9655900453039177
1.9655900453039177
1.9655900453039177
1.9655900453039177
1.9655900453039177
1.9655900453039177
1.9655900453039177
1.9655900453039177
1.9655900453039177
1.9655900453039177
1.9655900453039177
1.9655900453039177
1.9655900453039177
1.9655900453039177
1.9655900453039177
1.9655900453039177
1.9655900453039177
1.9655900453039177
1.9655900453039177
1.9655900453039177
1.9655900453039177
1.9655900453039177
1.9655900453039177
1.9655900453039177
1.9655900453039177
1.9655900453039177
1.9655900453039177
1.9655900453039177
1.9655900453039177
1.9655900453039177
1.9655900453039177
1.9655900453039177
1.9655900453039177
