3.6051949067339586
3.6051949067339586
3.6051949067339586
3.6051949067339586
3.6051949067339586
3.6051949067339586
3.6051949067339586
3.6051949067339586
3.6051949067339586
3.6051949067339586
3.6051949067339586
3.6051949067339586
3.6051949067339586
3.6051949067339586
3.6051949067339586
3.6051949067339586
3.6051949067339586
3.6051949067339586
3.6051949067339586
3.6051949067339586
3.6051949067339586
3.6051949067339586
3.6051949067339586
3.6051949067339586
3.6051949067339586
3.6051949067339586
3.6051949067339586
3.6051949067339586
3.6051949067339586
3.6051949067339586
3.6051949067339586
3.6051949067339586
3.6051949067339586
3.6051949067339586
3.6051949067339586
3.6051949067339586
3.6051949067339586
3.6051949067339586
3.6051949067339586
3.6051949067339586
3.6051949067339586
3.6051949067339586
3.6051949067339586
3.6051949067339586
3.6051949067339586
3.6051949067339586
3.6051949067339586
3.6051949067339586
3.6051949067339586
3.6051949067339586
3.6051949067339586
3.6051949067339586
3.6052108555658124
3.6052108555658124
3.6052108555658124
3.6052185326820303
3.605222605008938
3.605225048398107
3.6052259890114957
3.605230269120062
3.6052338976083234
3.6052360747008003
3.6052378253392616
3.605239190585746
3.6052398483797634
3.6052409992074232
3.605242093242714
3.6052427496638773
3.6052433548148652
3.605244293524542
3.6052450779446823
3.6052457012408206
3.605246252962687
3.605246792077495
3.605247246083712
3.6052475206455963
3.605247820043771
3.605247979222043
3.6052481309672086
3.6052482399322847
3.6052483062086775
3.6052483478871995
3.60524840264002
3.6052484588945024
3.6052484946882233
3.6052485161644547
3.6052485348664436
3.6052485624790718
3.605248580560791
3.605248591409823
3.605248595896886
3.6052486016880296
3.6052486105879566
3.6052486169744054
3.605248623413935
3.6052486278962066
3.6052486345943073
3.605248639134801
3.60524864161737
3.6052486433164064
3.605248645311524
3.6052486466315012
3.605248647279485
3.605248647912039
3.605248648792743
3.605248649393134
3.605248649753369
3.6052486499695098
3.6052486502198064
3.6052486504637287
3.605248650610084
3.6052486507314603
3.6052486508274284
3.60524865090778
3.6052486509559922
3.605248650984918
3.6052486510231474
3.605248651061165
3.605248651083976
3.605248651103455
3.605248651117824
3.6052486511265327
3.605248651133886
3.6052486511391
3.6052486511418014
3.6052486511449997
3.605248651147299
3.60524865114868
3.605248651149507
3.605248651150593
3.60524865115195
3.605248651152989
3.6052486511536106
3.6052486511539974
3.6052486511543256
3.6052486511545903
3.605248651154792
3.605248651154915
3.6052486511549886
3.6052486511550317
3.605248651155105
3.605248651155187
3.6052486511552475
3.6052486511552884
3.605248651155338
3.6052486511553714
3.605248651155392
3.605248651155404
3.605248651155411
3.605248651155432
3.6052486511554487
3.605248651155458
3.6052486511554656
3.605248651155478
3.605248651155485
3.605248651155489
3.6052486511554935
3.6052486511554975
3.6052486511555006
3.605248651155502
3.6052486511555033
3.605248651155505
3.6052486511555064
3.605248651155507
3.605248651155507
3.6052486511555073
3.6052486511555077
3.6052486511555077
3.6052486511555077
3.6052486511555077
3.6052486511555077
3.6052486511555077
3.6052486511555077
3.6052486511555077
3.6052486511555077
3.6052486511555077
3.6052486511555077
3.6052486511555077
3.6052486511555077
3.6052486511555077
3.6052486511555077
3.6052486511555077
3.6052486511555077
3.6052486511555077
3.6052486511555077
3.6052486511555077
3.6052486511555077
3.6052486511555077
3.6052486511555077
