1.2313942278433534
1.2313942278433534
1.2313942278433534
1.2313942278433534
1.2313942278433534
1.2313942278433534
1.2313942278433534
1.2313942278433534
1.2313942278433534
1.2313942278433534
1.2313942278433534
1.2313942278433534
1.2313942278433534
1.2313942278433534
1.2313942278433534
1.2313942278433534
1.2313942278433534
1.2313942278433534
1.2313942278433534
1.2313942278433534
1.2313942278433534
1.2313942278433534
1.2313942278433534
1.2313942278433534
1.2313942278433534
1.2313942278433534
1.2313942278433534
1.2313942278433534
1.2313942278433534
1.2313942278433534
1.2313942278433534
1.2313942278433534
1.2313942278433534
1.2313942278433534
1.2313942278433534
1.2313942278433534
1.2313942278433534
1.2313942278433534
1.2313942278433534
1.2313942278433534
1.2313942278433534
1.2313942278433534
1.2313942278433534
1.2313942278433534
1.2313942278433534
1.2313942278433534
1.2313942278433534
1.2313942278433534
1.2313942278433534
1.2313942278433534
1.2313942278433534
1.2313942278433534
1.2313942278433534
1.2313942278433534
1.2313942278433534
1.2313942278433534
1.2313942278433534
1.2313942278433534
1.2313942278433534
1.2313943729913472
1.2313943729913472
1.2313943729913472
1.2313946415581465
1.2313946415581465
1.2313946415581465
1.231394702974029
1.231394854274137
1.2313948764185387
1.2313949491733116
1.231394998527144
1.2313950302879824
1.2313950601980452
1.2313950708581565
1.2313951053341314
1.2313951059914747
1.2313951499800286
1.2313951526185616
1.2313951847039057
1.2313951975468738
1.2313952089572537
1.231395214541681
1.231395218637516
1.231395223372378
1.231395223443403
1.2313952274360742
1.2313952288111003
1.231395230319228
1.231395230319228
1.2313952307998721
1.2313952311716105
1.2313952311716105
1.2313952316740264
1.2313952320366621
1.2313952322542436
1.2313952324159216
1.2313952326847108
1.2313952326847108
1.2313952327622955
1.231395232807803
1.231395232807803
1.231395232807803
1.2313952328084266
1.231395232816568
1.2313952328400748
1.2313952328502198
1.2313952328505993
1.231395232854097
1.231395232854849
1.2313952328553004
1.2313952328585436
1.2313952328606736
1.2313952328606736
1.2313952328637188
1.2313952328651572
1.2313952328651572
1.2313952328662858
1.2313952328666704
1.2313952328667022
1.2313952328668618
1.2313952328669575
1.2313952328669804
1.2313952328671967
1.2313952328675226
1.2313952328675226
1.2313952328675226
1.2313952328675226
1.2313952328676097
1.231395232867619
1.231395232867704
1.2313952328677333
1.2313952328677782
1.231395232867799
1.2313952328678075
1.2313952328678184
1.2313952328678286
1.23139523286783
1.231395232867837
1.231395232867837
1.231395232867845
1.2313952328678472
1.2313952328678472
1.2313952328678472
1.23139523286785
1.23139523286785
1.2313952328678504
1.2313952328678508
1.2313952328678508
1.2313952328678508
1.2313952328678508
1.2313952328678515
1.2313952328678517
1.2313952328678517
1.231395232867852
1.231395232867852
1.2313952328678521
1.2313952328678521
1.2313952328678521
1.2313952328678521
1.2313952328678521
1.2313952328678521
1.2313952328678521
1.2313952328678521
1.2313952328678521
1.2313952328678521
1.2313952328678521
1.2313952328678521
1.2313952328678521
1.2313952328678521
1.2313952328678521
1.2313952328678521
1.2313952328678521
1.2313952328678521
1.2313952328678521
1.2313952328678521
1.2313952328678521
1.2313952328678521
1.2313952328678521
1.2313952328678521
1.2313952328678521
