1.7682384439233076
1.7682384439233076
1.7682384439233076
1.7682384439233076
1.7682384439233076
1.7682384439233076
1.7682384439233076
1.7682384439233076
1.7682384439233076
1.7682384439233076
1.7682384439233076
1.7682384439233076
1.7682384439233076
1.7682384439233076
1.7682384439233076
1.7682384439233076
1.7682384439233076
1.7682384439233076
1.7682384439233076
1.7682384439233076
1.7682384439233076
1.7682384439233076
1.7682384439233076
1.7682384439233076
1.7682384439233076
1.7682384439233076
1.7682384439233076
1.7682384439233076
1.7682384439233076
1.7682384439233076
1.7682384439233076
1.7682384439233076
1.7682384439233076
1.7682384439233076
1.7682384439233076
1.7682384439233076
1.7682384439233076
1.7682384439233076
1.7682384439233076
1.7682384439233076
1.7682384439233076
1.7682384439233076
1.7682384439233076
1.7682384439233076
1.7682384439233076
1.7682384439233076
1.7682384439233076
1.7682384439233076
1.7682384439233076
1.7682384439233076
1.7682384439233076
1.7682384439233076
1.7682384439233076
1.7682384439233076
1.7682384439233076
1.7682384439233076
1.7682384439233076
1.7682384439233076
1.7682384439233076
1.7682384439233076
1.768239440537819
1.768239440537819
1.768239440537819
1.768239440537819
1.768239440537819
1.768239440537819
1.768239440537819
1.768239440537819
1.7682398302814297
1.7682407835515233
1.7682407835515233
1.7682426144777685
1.7682426144777685
1.7682432096271619
1.7682447581909393
1.768245687329412
1.7682462448125693
1.7682468941586402
1.7682477724139571
1.7682482993672144
1.7682486160689492
1.7682491028708618
1.7682495940018146
1.7682498886804106
1.7682500654875775
1.7682501858687139
1.7682503880749838
1.7682505519149674
1.7682506185140636
1.7682507507648342
1.7682507997430759
1.7682508371720744
1.7682508707881284
1.7682509002893851
1.7682509095468386
1.768250958980321
1.7682509876589503
1.7682509909589437
1.7682510013297403
1.7682510075615323
1.76825103122285
1.7682510406253764
1.7682510526323505
1.7682510587089413
1.7682510675751395
1.7682510726801866
1.7682510757240062
1.768251078051022
1.7682510819071693
1.768251083526689
1.7682510858791987
1.7682510862645646
1.768251086495784
1.7682510866345165
1.7682510868487529
1.768251087347593
1.7682510878303013
1.7682510882348805
1.7682510884776286
1.768251088654804
1.768251088945678
1.768251089147004
1.7682510892677992
1.7682510893402767
1.7682510893905732
1.76825108943318
1.76825108947477
1.7682510894997243
1.7682510895164012
1.7682510895304324
1.7682510895388512
1.768251089543902
1.7682510895521335
1.7682510895592984
1.7682510895648074
1.7682510895691328
1.7682510895728105
1.7682510895752874
1.768251089577995
1.7682510895796195
1.768251089580594
1.7682510895811794
1.7682510895816064
1.768251089582454
1.768251089583113
1.7682510895835084
1.7682510895837462
1.7682510895841212
1.768251089584718
1.7682510895850763
1.7682510895852914
1.768251089585653
1.7682510895859125
1.768251089586068
1.7682510895861612
1.7682510895862171
1.7682510895862509
1.7682510895862709
1.7682510895862833
1.7682510895864136
1.7682510895864931
1.7682510895865404
1.7682510895865695
1.768251089586586
1.7682510895865966
1.7682510895866026
1.7682510895866068
1.7682510895866208
1.7682510895866306
1.7682510895866368
1.7682510895866406
1.7682510895866448
1.768251089586652
1.768251089586656
1.7682510895866583
1.768251089586661
1.7682510895866634
1.7682510895866652
1.768251089586666
1.7682510895866672
1.7682510895866683
1.7682510895866688
1.768251089586669
1.7682510895866692
1.7682510895866697
1.7682510895866697
1.7682510895866699
1.7682510895866699
1.7682510895866699
1.7682510895866699
1.7682510895866699
1.7682510895866699
1.7682510895866699
1.7682510895866699
1.7682510895866699
1.7682510895866699
1.7682510895866699
1.7682510895866699
1.7682510895866699
1.7682510895866699
1.7682510895866699
1.7682510895866699
