1.5911387248322142
1.5911387248322142
1.5911387248322142
1.5911387248322142
1.5911387248322142
1.5911387248322142
1.5911387248322142
1.5911387248322142
1.5911387248322142
1.5911387248322142
1.5911387248322142
1.5911387248322142
1.5911387248322142
1.5911387248322142
1.5911387248322142
1.5911387248322142
1.5911387248322142
1.5911387248322142
1.5911387248322142
1.5911387248322142
1.5911387248322142
1.5911387248322142
1.5911387248322142
1.5911387248322142
1.5911387248322142
1.5911387248322142
1.5911387248322142
1.5911387248322142
1.5911387248322142
1.5911387248322142
1.5911387248322142
1.5911387248322142
1.5911387248322142
1.5911387248322142
1.5911387248322142
1.5911387248322142
1.5911387248322142
1.5911387248322142
1.5911387248322142
1.5911387248322142
1.5911387248322142
1.5911387248322142
1.5911387248322142
1.5911387248322142
1.5911387248322142
1.5911387248322142
1.5911387248322142
1.5911387248322142
1.5911387248322142
1.5911387248322142
1.5911387248322142
1.5911387248322142
1.5911387248322142
1.5911395800833845
1.5911406510689585
1.5911412936635645
1.5911416792215016
1.5911416792215016
1.5911423774416358
1.5911423774416358
1.5911423774416358
1.5911423774416358
1.591142542166502
1.5911426922835976
1.5911426922835976
1.5911428768968883
1.5911428768968883
1.5911428768968883
1.591143196919878
1.5911435636206592
1.5911435636206592
1.5911435636206592
1.5911435880061529
1.5911436499770706
1.591143742002139
1.591143963431713
1.59114422900443
1.5911444261525893
1.5911446132584095
1.5911448861659254
1.5911449202631476
1.5911450564144107
1.5911451400168923
1.5911452271612148
1.5911452882504264
1.5911453402888007
1.5911453402888007
1.591145352056467
1.5911453852309676
1.591145393034808
1.591145405920829
1.591145405920829
1.591145405920829
1.5911454094243405
1.5911454112939554
1.5911454126312017
1.5911454134981304
1.5911454140182872
1.5911454173141215
1.591145420466887
1.5911454223585464
1.5911454238374665
1.5911454271864032
1.5911454294434801
1.5911454307977257
1.591145431610273
1.5911454320978016
1.5911454323903191
1.5911454330088892
1.5911454336608206
1.5911454338185451
1.5911454338185451
1.5911454338185451
1.5911454338185451
1.5911454339965623
1.5911454339965623
1.5911454339965623
1.5911454339965623
1.5911454339965623
1.5911454340634266
1.5911454341034226
1.5911454341034226
1.5911454341034226
1.5911454341147606
1.5911454341173805
1.5911454341173805
1.5911454341173805
1.5911454341228997
1.5911454341265678
1.5911454341287685
1.5911454341305482
1.5911454341323008
1.5911454341354714
1.5911454341371412
1.5911454341382538
1.5911454341389553
1.59114543413998
1.59114543414081
1.591145434141367
1.5911454341414988
1.5911454341417726
1.591145434141987
1.591145434142198
1.5911454341422289
1.5911454341422522
1.5911454341422975
1.5911454341423334
1.5911454341423548
1.5911454341423732
1.5911454341423836
1.5911454341423907
1.5911454341423952
1.5911454341424045
1.5911454341424045
1.5911454341424045
1.5911454341424198
1.5911454341424198
1.59114543414242
1.5911454341424274
1.591145434142429
1.5911454341424298
1.5911454341424305
1.5911454341424323
1.5911454341424343
1.5911454341424354
1.5911454341424365
1.5911454341424367
1.5911454341424378
1.5911454341424385
1.591145434142439
1.591145434142439
1.591145434142439
1.5911454341424391
1.5911454341424394
1.5911454341424394
1.5911454341424394
1.5911454341424394
1.5911454341424394
1.5911454341424394
1.5911454341424394
1.5911454341424394
1.5911454341424394
1.5911454341424394
1.5911454341424394
1.5911454341424394
1.5911454341424394
1.5911454341424394
1.5911454341424394
1.5911454341424394
1.5911454341424394
