2.017820573556423
2.017820573556423
2.017820573556423
2.017820573556423
2.017820573556423
2.017820573556423
2.017820573556423
2.017820573556423
2.017820573556423
2.017820573556423
2.017820573556423
2.017820573556423
2.017820573556423
2.017820573556423
2.017820573556423
2.017820573556423
2.017820573556423
2.017820573556423
2.017820573556423
2.017820573556423
2.017820573556423
2.017820573556423
2.017820573556423
2.017820573556423
2.017820573556423
2.017820573556423
2.017820573556423
2.017820573556423
2.017820573556423
2.017820573556423
2.017820573556423
2.017820573556423
2.017820573556423
2.017820573556423
2.017820573556423
2.017820573556423
2.017820573556423
2.017820573556423
2.017820573556423
2.017820573556423
2.017820573556423
2.017820573556423
2.017820573556423
2.017820573556423
2.017820573556423
2.017820573556423
2.017820573556423
2.017820573556423
2.017820573556423
2.017820573556423
2.017820573556423
2.017820573556423
2.017823261605994
2.017823261605994
2.017823261605994
2.017823261605994
2.017823261605994
2.017823261605994
2.017823261605994
2.017823261605994
2.017823261605994
2.017823261605994
2.0178251827330627
2.0178251827330627
2.0178251827330627
2.017826488485835
2.017826488485835
2.017826488485835
2.0178266328225516
2.0178266328225516
2.0178269401948516
2.0178272293342108
2.017827407769614
2.0178277023868145
2.017827730660197
2.017827926457671
2.017827997222847
2.017828112639225
2.017828181889052
2.017828184135787
2.0178282570469466
2.017828278649789
2.0178283336232234
2.0178283580124576
2.0178283655871763
2.0178283655871763
2.0178283789469686
2.0178283789469686
2.0178283789469686
2.0178283789469686
2.0178283789469686
2.0178283810390103
2.0178283810390103
2.0178283810390103
2.0178283812170847
2.0178283812170847
2.0178283812170847
2.0178283812170847
2.0178283812170847
2.0178283814612095
2.0178283814612095
2.0178283816556415
2.0178283816556415
2.0178283816609244
2.0178283817759906
2.0178283817759906
2.0178283817759906
2.017828381834164
2.0178283818517673
2.0178283818517673
2.0178283818921168
2.0178283819023606
2.0178283819097818
2.0178283819152107
2.0178283819187817
2.017828381930963
2.0178283819442577
2.0178283819495966
2.0178283819495966
2.0178283819495966
2.0178283819504785
2.0178283819536906
2.0178283819536906
2.0178283819536906
2.0178283819552236
2.0178283819566705
2.0178283819575387
2.0178283819581146
2.017828381958932
2.017828381958932
2.017828381958932
2.017828381958932
2.017828381958932
2.017828381958932
2.017828381958932
2.017828381958932
2.017828381958932
2.017828381958932
2.017828381958932
2.017828381958932
2.017828381958932
2.017828381958935
2.017828381958935
2.017828381958935
2.017828381958935
2.017828381958946
2.017828381958946
2.017828381958946
2.0178283819589486
2.0178283819589513
2.0178283819589526
2.0178283819589535
2.017828381958954
2.0178283819589575
2.0178283819589615
2.0178283819589615
2.0178283819589633
2.017828381958964
2.0178283819589664
2.0178283819589673
2.0178283819589677
2.017828381958968
2.017828381958969
2.01782838195897
2.0178283819589704
2.017828381958971
2.0178283819589713
2.0178283819589717
2.017828381958972
2.017828381958972
2.0178283819589726
2.0178283819589726
2.0178283819589726
2.0178283819589726
2.0178283819589726
2.0178283819589726
2.0178283819589726
2.0178283819589726
2.0178283819589726
2.0178283819589726
2.0178283819589726
2.0178283819589726
2.0178283819589726
2.0178283819589726
2.0178283819589726
2.0178283819589726
