2.5160725045817633
2.5160725045817633
2.5160725045817633
2.5160725045817633
2.5160725045817633
2.5160725045817633
2.5160725045817633
2.5160725045817633
2.5160725045817633
2.5160725045817633
2.5160725045817633
2.5160725045817633
2.5160725045817633
2.5160725045817633
2.5160725045817633
2.5160725045817633
2.5160725045817633
2.5160725045817633
2.5160725045817633
2.5160725045817633
2.5160725045817633
2.5160725045817633
2.5160725045817633
2.5160725045817633
2.5160725045817633
2.5160725045817633
2.5160725045817633
2.5160725045817633
2.5160725045817633
2.5160725045817633
2.5160725045817633
2.5160725045817633
2.5160725045817633
2.5160725045817633
2.5160725045817633
2.5160725045817633
2.5160725045817633
2.5160725045817633
2.5160725045817633
2.5160725045817633
2.5160725045817633
2.5160725045817633
2.5160725045817633
2.5160725045817633
2.5160725045817633
2.5160725045817633
2.5160725045817633
2.5160725045817633
2.5160725045817633
2.5160725045817633
2.5160725045817633
2.5160725045817633
2.5160725045817633
2.5160725045817633
2.5160725045817633
2.516072871713546
2.516072871713546
2.516072871713546
2.516072871713546
2.5160735466634803
2.5160735466634803
2.5160735466634803
2.5160735466634803
2.516074127215815
2.516074841233645
2.516074841233645
2.5160793133954167
2.5160793133954167
2.516079625545048
2.5160817356214302
2.5160831934961148
2.516084790665469
2.5160854375183446
2.5160866697581294
2.516086673451608
2.5160871817690658
2.5160874875923778
2.5160875884187766
2.516087817092061
2.5160880374126307
2.516088106951309
2.516088309991531
2.5160884248372963
2.5160884992416936
2.5160885749065893
2.516088621972003
2.5160886840643246
2.5160887270832353
2.5160887270832353
2.5160887523884488
2.5160887595733543
2.5160887661286258
2.5160887803023635
2.516088788806605
2.5160887939091503
2.516088799978386
2.516088806106097
2.5160888110047552
2.5160888139439495
2.516088815986723
2.5160888190868844
2.5160888216305755
2.5160888231567924
2.5160888240725208
2.516088824759037
2.5160888256321154
2.5160888261759435
2.5160888265717625
2.516088826809253
2.516088827105284
2.516088827437096
2.5160888275716804
2.5160888276368523
2.516088827725623
2.5160888278461306
2.5160888279184346
2.5160888279832783
2.5160888280471174
2.5160888280499503
2.5160888280499503
2.5160888280579066
2.516088828062437
2.5160888280628764
2.5160888280628764
2.5160888280711973
2.5160888280760227
2.5160888280760227
2.5160888280760227
2.5160888280835634
2.5160888280837215
2.516088828087389
2.516088828089133
2.5160888280904703
2.5160888280923084
2.516088828094329
2.5160888280955427
2.516088828096274
2.516088828096743
2.516088828097157
2.5160888280974625
2.5160888280977285
2.516088828097833
2.5160888280980025
2.5160888280981073
2.516088828098173
2.5160888280982645
2.5160888280983436
2.5160888280983555
2.516088828098391
2.5160888280984124
2.5160888280984417
2.516088828098457
2.516088828098466
2.5160888280984803
2.51608882809849
2.516088828098497
2.5160888280985017
2.516088828098507
2.516088828098509
2.5160888280985128
2.5160888280985145
2.5160888280985154
2.5160888280985194
2.5160888280985203
2.516088828098521
2.516088828098523
2.5160888280985247
2.516088828098527
2.516088828098527
2.5160888280985274
2.5160888280985283
2.5160888280985287
2.5160888280985287
2.5160888280985287
2.5160888280985287
2.5160888280985287
2.5160888280985287
2.5160888280985287
2.5160888280985287
2.5160888280985287
2.5160888280985287
2.5160888280985287
2.5160888280985287
2.5160888280985287
2.5160888280985287
2.5160888280985287
2.5160888280985287
2.5160888280985287
2.5160888280985287
2.5160888280985287
2.5160888280985287
2.5160888280985287
