2.420746385844546
2.420746385844546
2.420746385844546
2.420746385844546
2.420746385844546
2.420746385844546
2.420746385844546
2.420746385844546
2.420746385844546
2.420746385844546
2.420746385844546
2.420746385844546
2.420746385844546
2.420746385844546
2.420746385844546
2.420746385844546
2.420746385844546
2.420746385844546
2.420746385844546
2.420746385844546
2.420746385844546
2.420746385844546
2.420746385844546
2.420746385844546
2.420746385844546
2.420746385844546
2.420746385844546
2.420746385844546
2.420746385844546
2.420746385844546
2.420746385844546
2.420746385844546
2.420746385844546
2.420746385844546
2.420746385844546
2.420746385844546
2.420746385844546
2.420746385844546
2.420746385844546
2.420746385844546
2.420746385844546
2.420746385844546
2.420746385844546
2.420746385844546
2.420746385844546
2.420746385844546
2.420746385844546
2.420746385844546
2.420746385844546
2.420746385844546
2.420746385844546
2.420746385844546
2.420746385844546
2.420746385844546
2.420746385844546
2.420746385844546
2.420746385844546
2.420746385844546
2.420746385844546
2.420746385844546
2.420746385844546
2.4207465903145895
2.4207465903145895
2.4207465903145895
2.4207465903145895
2.4207477168913907
2.4207477168913907
2.420748786852016
2.4207495981077325
2.4207506390703286
2.420752115364701
2.4207523660182555
2.4207530307738225
2.4207538915291376
2.420754441245047
2.4207548828352428
2.420755206354866
2.4207555631507365
2.4207559016542564
2.4207560292006782
2.4207561798663972
2.4207563108514396
2.4207564075002215
2.4207564075002215
2.4207564587862778
2.420756476844654
2.420756489638853
2.420756500327531
2.4207565038691574
2.4207565128102373
2.420756517087112
2.4207565207622985
2.4207565237636923
2.4207565243791214
2.4207565257176724
2.4207565259534873
2.4207565277866285
2.42075652869522
2.42075652869522
2.420756528873222
2.420756529636458
2.420756529636458
2.420756529947818
2.4207565301421416
2.4207565301421416
2.4207565301909924
2.4207565302604923
2.4207565303021923
2.4207565303467975
2.4207565303467975
2.420756530354111
2.4207565303609333
2.4207565303722234
2.4207565303722234
2.4207565303722234
2.4207565303737444
2.420756530384091
2.420756530384091
2.420756530384091
2.4207565303908085
2.4207565303908085
2.4207565303908085
2.4207565303911394
2.420756530392103
2.4207565303960474
2.4207565303960474
2.4207565303980894
2.4207565303984
2.4207565303984
2.4207565303993293
2.4207565303994145
2.4207565303994922
2.42075653039952
2.4207565303998186
2.4207565303999896
2.4207565304000798
2.420756530400199
2.4207565304003347
2.420756530400427
2.420756530400506
2.4207565304005536
2.420756530400605
2.420756530400609
2.420756530400643
2.420756530400668
2.4207565304006966
2.420756530400713
2.420756530400725
2.420756530400744
2.4207565304007557
2.4207565304007637
2.4207565304007677
2.4207565304007845
2.4207565304007956
2.420756530400802
2.420756530400802
2.420756530400802
2.420756530400802
2.420756530400802
2.420756530400802
2.4207565304008036
2.4207565304008036
2.4207565304008036
2.4207565304008036
2.4207565304008036
2.4207565304008036
2.4207565304008036
2.4207565304008036
2.4207565304008036
2.4207565304008036
2.4207565304008036
2.4207565304008036
2.4207565304008036
2.4207565304008036
2.4207565304008036
2.4207565304008036
2.4207565304008036
2.4207565304008036
2.4207565304008036
2.4207565304008036
2.4207565304008036
2.4207565304008036
2.4207565304008036
2.4207565304008036
2.4207565304008036
2.4207565304008036
2.4207565304008036
