2.3396507356166687
2.3396507356166687
2.3396507356166687
2.3396507356166687
2.3396507356166687
2.3396507356166687
2.3396507356166687
2.3396507356166687
2.3396507356166687
2.3396507356166687
2.3396507356166687
2.3396507356166687
2.3396507356166687
2.3396507356166687
2.3396507356166687
2.3396507356166687
2.3396507356166687
2.3396507356166687
2.3396507356166687
2.3396507356166687
2.3396507356166687
2.3396507356166687
2.3396507356166687
2.3396507356166687
2.3396507356166687
2.3396507356166687
2.3396507356166687
2.3396507356166687
2.3396507356166687
2.3396507356166687
2.3396507356166687
2.3396507356166687
2.3396507356166687
2.3396507356166687
2.3396507356166687
2.3396507356166687
2.3396507356166687
2.3396507356166687
2.3396507356166687
2.3396507356166687
2.3396507356166687
2.3396507356166687
2.3396507356166687
2.3396507356166687
2.3396507356166687
2.3396507356166687
2.3396507356166687
2.3396507356166687
2.3396507356166687
2.3396507356166687
2.3396507356166687
2.3396507356166687
2.339652585082523
2.339652585082523
2.339652585082523
2.339652585082523
2.339652585082523
2.339652585082523
2.339652585082523
2.339652585082523
2.339653291656037
2.339653291656037
2.3396544342228878
2.3396544342228878
2.3396550464255395
2.3396555118609337
2.3396562276019823
2.3396567300830564
2.3396575921149765
2.3396579251337495
2.339657936779666
2.339658267465655
2.3396583297168028
2.339658533022614
2.3396587103399042
2.339658826215982
2.3396590184594808
2.339659146297248
2.3396592078109757
2.339659292086451
2.339659368605952
2.339659411490546
2.3396594179630257
2.339659445591164
2.3396594843923624
2.339659485658817
2.3396595005581515
2.33965950745253
2.339659516387258
2.3396595208413253
2.3396595268814866
2.3396595355406076
2.339659542138509
2.339659542138509
2.339659542138509
2.339659542138509
2.3396595450134976
2.3396595450134976
2.3396595465002794
2.339659547881726
2.3396595487105936
2.3396595505654583
2.3396595520647328
2.3396595527639357
2.3396595527639357
2.3396595527639357
2.3396595529870003
2.3396595529870003
2.3396595529870003
2.3396595529870003
2.3396595529870003
2.3396595529870003
2.3396595529870003
2.3396595529870003
2.3396595529870003
2.3396595529870003
2.3396595529870003
2.3396595529870003
2.339659552990281
2.339659552990281
2.339659552990281
2.339659552990281
2.339659552990281
2.339659552990281
2.339659552990281
2.339659552990281
2.339659552990281
2.3396595529921176
2.3396595529935453
2.3396595529935453
2.3396595529948248
2.339659552995022
2.339659552995022
2.3396595529952218
2.3396595529960735
2.339659552996324
2.339659552996324
2.339659552996607
2.339659552996721
2.339659552996721
2.339659552996721
2.339659552996768
2.3396595529968494
2.3396595529968973
2.33965955299694
2.3396595529970146
2.339659552997067
2.339659552997067
2.339659552997075
2.339659552997089
2.3396595529971087
2.3396595529971176
2.339659552997122
2.3396595529971296
2.3396595529971402
2.3396595529971465
2.339659552997151
2.3396595529971576
2.3396595529971616
2.3396595529971624
2.3396595529971647
2.3396595529971664
2.339659552997168
2.339659552997169
2.3396595529971695
2.33965955299717
2.339659552997171
2.3396595529971713
2.3396595529971713
2.3396595529971727
2.3396595529971727
2.3396595529971727
2.339659552997173
2.339659552997173
2.339659552997173
2.339659552997173
2.339659552997173
2.339659552997173
2.339659552997173
2.339659552997173
2.339659552997173
2.339659552997173
2.339659552997173
2.339659552997173
2.339659552997173
2.339659552997173
