1.5186397703731047
1.5186397703731047
1.5186397703731047
1.5186397703731047
1.5186397703731047
1.5186397703731047
1.5186397703731047
1.5186397703731047
1.5186397703731047
1.5186397703731047
1.5186397703731047
1.5186397703731047
1.5186397703731047
1.5186397703731047
1.5186397703731047
1.5186397703731047
1.5186397703731047
1.5186397703731047
1.5186397703731047
1.5186397703731047
1.5186397703731047
1.5186397703731047
1.5186397703731047
1.5186397703731047
1.5186397703731047
1.5186397703731047
1.5186397703731047
1.5186397703731047
1.5186397703731047
1.5186397703731047
1.5186397703731047
1.5186397703731047
1.5186397703731047
1.5186397703731047
1.5186397703731047
1.5186397703731047
1.5186397703731047
1.5186397703731047
1.5186397703731047
1.5186397703731047
1.5186397703731047
1.5186397703731047
1.5186397703731047
1.5186397703731047
1.5186397703731047
1.5186397703731047
1.5186397703731047
1.5186397703731047
1.5186397703731047
1.5186397703731047
1.5186397703731047
1.5186397703731047
1.518640690161847
1.518640690161847
1.518640690161847
1.518640690161847
1.5186410903860483
1.5186411616289484
1.5186412043745605
1.5186412300218814
1.5186414311604022
1.5186417124351619
1.518642183689445
1.518642466442024
1.5186426901120744
1.518642832531467
1.5186431426505098
1.5186432451564003
1.5186435087219772
1.518643545824543
1.5186436162996078
1.5186437259285075
1.5186438148343588
1.5186438148343588
1.5186438402186675
1.5186438751383753
1.5186438834076421
1.5186438890301235
1.5186439004919658
1.5186439281089898
1.5186439477720333
1.5186439606700055
1.5186439717070894
1.5186439792474822
1.5186439877518771
1.5186439942672714
1.5186439976095543
1.518643999580941
1.5186440006783397
1.5186440031773245
1.5186440048115748
1.5186440057921253
1.5186440063804554
1.5186440068128477
1.518644007751589
1.5186440083277852
1.518644008673503
1.518644008891391
1.5186440092292004
1.518644009483735
1.5186440096533376
1.5186440097550995
1.5186440098161567
1.5186440098778513
1.5186440099642355
1.518644010016066
1.5186440100471652
1.518644010067005
1.5186440100893495
1.5186440101099854
1.5186440101194354
1.5186440101237808
1.5186440101237808
1.5186440101237808
1.5186440101296899
1.5186440101301657
1.5186440101306418
1.5186440101309846
1.5186440101314695
1.5186440101317598
1.518644010131934
1.5186440101328116
1.5186440101340763
1.5186440101345684
1.5186440101349128
1.5186440101353358
1.518644010135674
1.5186440101359584
1.5186440101361278
1.518644010136401
1.5186440101365648
1.518644010136663
1.5186440101367509
1.5186440101369278
1.5186440101370342
1.5186440101370982
1.5186440101371366
1.5186440101371599
1.5186440101371736
1.5186440101372276
1.5186440101372736
1.518644010137301
1.5186440101373042
1.5186440101373164
1.518644010137336
1.518644010137346
1.5186440101373526
1.518644010137356
1.5186440101373586
1.5186440101373602
1.518644010137361
1.5186440101373644
1.5186440101373664
1.5186440101373677
1.518644010137369
1.5186440101373702
1.5186440101373715
1.5186440101373728
1.5186440101373735
1.518644010137374
1.5186440101373744
1.5186440101373748
1.5186440101373753
1.5186440101373757
1.518644010137376
1.5186440101373762
1.5186440101373762
1.5186440101373762
1.5186440101373762
1.5186440101373762
1.5186440101373762
1.5186440101373762
1.5186440101373762
1.5186440101373762
1.5186440101373762
1.5186440101373762
1.5186440101373762
1.5186440101373762
1.5186440101373762
1.5186440101373762
1.5186440101373762
1.5186440101373762
