1.234196544874053
1.234196544874053
1.234196544874053
1.234196544874053
1.234196544874053
1.234196544874053
1.234196544874053
1.234196544874053
1.234196544874053
1.234196544874053
1.234196544874053
1.234196544874053
1.234196544874053
1.234196544874053
1.234196544874053
1.234196544874053
1.234196544874053
1.234196544874053
1.234196544874053
1.234196544874053
1.234196544874053
1.234196544874053
1.234196544874053
1.234196544874053
1.234196544874053
1.234196544874053
1.234196544874053
1.234196544874053
1.234196544874053
1.234196544874053
1.234196544874053
1.234196544874053
1.234196544874053
1.234196544874053
1.234196544874053
1.234196544874053
1.234196544874053
1.234196544874053
1.234196544874053
1.234196544874053
1.234196544874053
1.234196544874053
1.234196544874053
1.234196544874053
1.234196544874053
1.234196544874053
1.234196544874053
1.234196544874053
1.234196544874053
1.234196544874053
1.234196544874053
1.234196544874053
1.2341972590987889
1.2341972590987889
1.2341972590987889
1.2341972590987889
1.2341974353158351
1.2341974353158351
1.2341974353158351
1.2341974353158351
1.2341974353158351
1.2341974353158351
1.2341974353158351
1.2341974353158351
1.2341974353158351
1.2341974353158351
1.2341974353158351
1.2341974353158351
1.2341974353158351
1.2341976449161616
1.2341976449161616
1.2341976449161616
1.234197720287425
1.2341978168955587
1.2341980480459631
1.2341981394760846
1.2341982046108009
1.2341982317375273
1.2341983341502585
1.2341983820090197
1.2341984385067142
1.2341984679929048
1.2341985030317837
1.234198530877568
1.2341985404551616
1.234198548995837
1.2341985820637564
1.234198603960753
1.2341986170989516
1.2341986170989516
1.2341986170989516
1.2341986281998063
1.2341986281998063
1.2341986281998063
1.2341986290231415
1.2341986307056567
1.2341986317151659
1.2341986323208713
1.2341986364574455
1.2341986394187272
1.2341986413164832
1.2341986424778917
1.23419864362451
1.234198645034435
1.23419864588039
1.2341986463630255
1.2341986465529842
1.2341986470052109
1.2341986472005453
1.2341986473500237
1.2341986474034774
1.2341986474700217
1.2341986475764937
1.2341986476160332
1.2341986476641225
1.2341986476981581
1.2341986477023386
1.234198647726508
1.2341986477444542
1.2341986477553986
1.2341986477649485
1.2341986477678841
1.2341986477791658
1.2341986477889395
1.234198647795698
1.234198647799753
1.2341986478021862
1.2341986478099782
1.2341986478160714
1.2341986478202298
1.2341986478223608
1.2341986478250129
1.234198647827217
1.2341986478281333
1.2341986478283948
1.2341986478290652
1.2341986478296643
1.2341986478300235
1.234198647830284
1.234198647830496
1.234198647830496
1.234198647830496
1.2341986478305724
1.234198647830576
1.2341986478305955
1.2341986478305966
1.234198647830636
1.23419864783064
1.2341986478306615
1.2341986478306741
1.2341986478306741
1.2341986478306741
1.234198647830679
1.2341986478306894
1.2341986478306977
1.2341986478307025
1.234198647830708
1.2341986478307188
1.2341986478307254
1.2341986478307294
1.2341986478307365
1.2341986478307445
1.2341986478307494
1.2341986478307525
1.2341986478307565
1.2341986478307598
1.234198647830762
1.2341986478307632
1.2341986478307638
1.2341986478307643
1.234198647830765
1.2341986478307658
1.234198647830766
1.2341986478307663
1.234198647830767
1.2341986478307672
1.2341986478307672
1.2341986478307674
1.2341986478307674
1.2341986478307674
1.2341986478307674
1.2341986478307674
1.2341986478307674
1.2341986478307674
1.2341986478307674
1.2341986478307674
1.2341986478307674
1.2341986478307674
1.2341986478307674
1.2341986478307674
1.2341986478307674
