1.464587874894626
1.464587874894626
1.464587874894626
1.464587874894626
1.464587874894626
1.464587874894626
1.464587874894626
1.464587874894626
1.464587874894626
1.464587874894626
1.464587874894626
1.464587874894626
1.464587874894626
1.464587874894626
1.464587874894626
1.464587874894626
1.464587874894626
1.464587874894626
1.464587874894626
1.464587874894626
1.464587874894626
1.464587874894626
1.464587874894626
1.464587874894626
1.464587874894626
1.464587874894626
1.464587874894626
1.464587874894626
1.464587874894626
1.464587874894626
1.464587874894626
1.464587874894626
1.464587874894626
1.464587874894626
1.464587874894626
1.464587874894626
1.464587874894626
1.464587874894626
1.464587874894626
1.464587874894626
1.464587874894626
1.464587874894626
1.464587874894626
1.464587874894626
1.464587874894626
1.464587874894626
1.464587874894626
1.464587874894626
1.464587874894626
1.464587874894626
1.464587874894626
1.464587874894626
1.464587874894626
1.464587874894626
1.464587874894626
1.464587874894626
1.464587874894626
1.464588173444811
1.464588173444811
1.464588173444811
1.464588173444811
1.4645883812624056
1.4645888765123505
1.4645888765123505
1.4645888765123505
1.4645890420910115
1.4645890420910115
1.4645890420910115
1.4645896476858569
1.4645896476858569
1.4645896476858569
1.4645899169362464
1.4645901256551013
1.464590250886272
1.464590336129585
1.4645904452445935
1.4645905522711173
1.46459068131285
1.464590760294562
1.4645908076835839
1.4645908985712839
1.4645909428263943
1.46459099101363
1.4645910253005234
1.4645910572599008
1.4645910951336107
1.4645911287143312
1.4645911499537407
1.4645911529724152
1.4645911746717741
1.4645911849602655
1.4645912036271531
1.4645912119265034
1.4645912193994524
1.4645912264092062
1.4645912286082021
1.4645912318774197
1.4645912343709626
1.4645912366689378
1.464591236970652
1.4645912391112992
1.4645912394891656
1.4645912403538373
1.4645912403538373
1.4645912404175703
1.4645912409453359
1.4645912409453359
1.464591241017047
1.464591241190929
1.4645912412952582
1.4645912413578555
1.4645912414820972
1.464591241596009
1.4645912416601228
1.4645912416601228
1.464591241700181
1.464591241707394
1.4645912417157334
1.4645912417157334
1.4645912417178628
1.4645912417363183
1.4645912417473919
1.464591241754778
1.464591241754778
1.4645912417609908
1.4645912417636087
1.464591241765126
1.4645912417663844
1.4645912417663844
1.4645912417668565
1.4645912417677869
1.464591241768345
1.4645912417686802
1.464591241769032
1.4645912417694833
1.4645912417698352
1.4645912417700635
1.4645912417702183
1.4645912417704527
1.4645912417705933
1.4645912417706783
1.464591241770843
1.464591241770963
1.4645912417710352
1.4645912417710787
1.4645912417711098
1.4645912417711215
1.4645912417711655
1.4645912417711737
1.464591241771179
1.4645912417711848
1.464591241771197
1.4645912417712077
1.4645912417712161
1.4645912417712208
1.4645912417712246
1.4645912417712328
1.464591241771238
1.4645912417712414
1.464591241771243
1.4645912417712441
1.4645912417712466
1.4645912417712472
1.464591241771248
1.4645912417712483
1.464591241771249
1.4645912417712494
1.4645912417712497
1.4645912417712499
1.4645912417712503
1.4645912417712506
1.464591241771251
1.4645912417712512
1.4645912417712512
1.4645912417712512
1.4645912417712512
1.4645912417712512
1.4645912417712512
1.4645912417712512
1.4645912417712512
1.4645912417712512
1.4645912417712512
1.4645912417712512
1.4645912417712512
1.4645912417712512
1.4645912417712512
1.4645912417712512
1.4645912417712512
1.4645912417712512
1.4645912417712512
1.4645912417712512
