1.550450980338084
1.550450980338084
1.550450980338084
1.550450980338084
1.550450980338084
1.550450980338084
1.550450980338084
1.550450980338084
1.550450980338084
1.550450980338084
1.550450980338084
1.550450980338084
1.550450980338084
1.550450980338084
1.550450980338084
1.550450980338084
1.550450980338084
1.550450980338084
1.550450980338084
1.550450980338084
1.550450980338084
1.550450980338084
1.550450980338084
1.550450980338084
1.550450980338084
1.550450980338084
1.550450980338084
1.550450980338084
1.550450980338084
1.550450980338084
1.550450980338084
1.550450980338084
1.550450980338084
1.550450980338084
1.550450980338084
1.550450980338084
1.550450980338084
1.550450980338084
1.550450980338084
1.550450980338084
1.550450980338084
1.550450980338084
1.550450980338084
1.550450980338084
1.550450980338084
1.550450980338084
1.550450980338084
1.550450980338084
1.550450980338084
1.550450980338084
1.5504533300120016
1.5504533300120016
1.5504533300120016
1.5504570041828163
1.5504570041828163
1.5504570041828163
1.5504570041828163
1.550458087895504
1.5504596381635543
1.5504596381635543
1.5504596381635543
1.5504603635153653
1.5504605178953161
1.5504608169884317
1.5504610813474775
1.5504612266074527
1.5504625968712018
1.5504634955525252
1.5504640347618461
1.5504643582876276
1.5504647846211312
1.5504652957178249
1.5504656023758296
1.5504659134468894
1.5504660220389865
1.550466344844154
1.5504665872767
1.5504667456275965
1.5504669550155867
1.550467197867999
1.5504673007472178
1.5504674132533731
1.5504675129419474
1.550467592304319
1.550467619890545
1.5504676842432374
1.550467727159546
1.5504677534157223
1.5504677697405367
1.5504677833653686
1.5504677894505612
1.550467793172506
1.550467796588641
1.550467798547218
1.550467799174751
1.550467800090906
1.5504678006405994
1.5504678009704151
1.5504678011683053
1.5504678032795722
1.5504678056826313
1.5504678066285755
1.5504678074396943
1.5504678079329246
1.5504678079974623
1.5504678084445922
1.5504678087415071
1.5504678089053685
1.55046780902736
1.550467809197553
1.5504678093507098
1.5504678094767312
1.550467809561932
1.5504678096920836
1.5504678097689129
1.5504678098235543
1.5504678098268845
1.5504678098429236
1.5504678098658444
1.5504678098764688
1.5504678098819469
1.550467809888928
1.55046780989129
1.5504678099033442
1.5504678099084346
1.5504678099136608
1.5504678099167977
1.5504678099228184
1.5504678099260525
1.5504678099297764
1.5504678099304012
1.5504678099316
1.550467809933751
1.550467809934188
1.55046780993445
1.5504678099348304
1.5504678099362579
1.5504678099370048
1.5504678099375688
1.5504678099375688
1.5504678099378755
1.550467809937981
1.5504678099380045
1.5504678099380915
1.5504678099381428
1.5504678099381741
1.5504678099381934
1.5504678099382039
1.5504678099383573
1.5504678099383908
1.550467809938426
1.550467809938426
1.5504678099384401
1.55046780993845
1.55046780993845
1.55046780993845
1.550467809938459
1.550467809938459
1.5504678099384592
1.5504678099384621
1.550467809938464
1.5504678099384648
1.550467809938466
1.5504678099384663
1.5504678099384663
1.550467809938468
1.5504678099384699
1.5504678099384699
1.5504678099384703
1.5504678099384708
1.5504678099384719
1.5504678099384728
1.5504678099384728
1.5504678099384728
1.5504678099384728
1.550467809938473
1.5504678099384732
1.5504678099384732
1.5504678099384732
1.5504678099384732
1.5504678099384732
1.5504678099384732
1.5504678099384732
1.5504678099384732
1.5504678099384732
1.5504678099384732
1.5504678099384732
1.5504678099384732
1.5504678099384732
