1.1522208283220967
1.1522208283220967
1.1522208283220967
1.1522208283220967
1.1522208283220967
1.1522208283220967
1.1522208283220967
1.1522208283220967
1.1522208283220967
1.1522208283220967
1.1522208283220967
1.1522208283220967
1.1522208283220967
1.1522208283220967
1.1522208283220967
1.1522208283220967
1.1522208283220967
1.1522208283220967
1.1522208283220967
1.1522208283220967
1.1522208283220967
1.1522208283220967
1.1522208283220967
1.1522208283220967
1.1522208283220967
1.1522208283220967
1.1522208283220967
1.1522208283220967
1.1522208283220967
1.1522208283220967
1.1522208283220967
1.1522208283220967
1.1522208283220967
1.1522208283220967
1.1522208283220967
1.1522208283220967
1.1522208283220967
1.1522208283220967
1.1522208283220967
1.1522208283220967
1.1522208283220967
1.1522208283220967
1.1522208283220967
1.1522208283220967
1.1522208283220967
1.1522237794885728
1.1522237794885728
1.1522237794885728
1.1522237794885728
1.15222884760089
1.15222884760089
1.15222884760089
1.15222884760089
1.15222884760089
1.1522305605971788
1.1522305605971788
1.1522305605971788
1.1522305605971788
1.1522305605971788
1.1522305605971788
1.1522305605971788
1.1522313086896074
1.152232000472995
1.1522328068713916
1.152233290710233
1.152233581013467
1.152233755195382
1.1522347551767211
1.1522347551767211
1.152235120719119
1.1522354596044142
1.1522356629356791
1.1522357854604754
1.1522358813322697
1.1522360095074746
1.1522360652743084
1.1522361307505222
1.1522361815236308
1.1522362354065905
1.1522362692468373
1.1522362978484213
1.152236310729387
1.1522363370882907
1.1522363444241839
1.1522363498325736
1.1522363611373043
1.1522363692238617
1.1522363692238617
1.152236373910027
1.1522363759057335
1.152236377045567
1.152236377729467
1.1522363797756823
1.1522363802283697
1.1522363810890375
1.1522363816722265
1.1522363825158777
1.1522363828854485
1.1522363829793782
1.1522363829793782
1.1522363831918472
1.1522363832149212
1.1522363833013196
1.1522363833013196
1.1522363833013196
1.1522363833285847
1.1522363833285847
1.1522363833285847
1.1522363833285847
1.1522363833285847
1.1522363833285847
1.1522363833285847
1.1522363833285847
1.1522363833411937
1.1522363833552467
1.1522363833552467
1.1522363833605545
1.1522363833627025
1.1522363833661193
1.1522363833729976
1.1522363833782248
1.1522363833821048
1.1522363833920348
1.1522363834008262
1.1522363834061264
1.1522363834093572
1.1522363834118867
1.152236383415753
1.1522363834185456
1.1522363834190634
1.1522363834190634
1.1522363834201335
1.1522363834207623
1.1522363834209621
1.1522363834209621
1.1522363834212148
1.1522363834216247
1.1522363834216869
1.152236383421813
1.1522363834218885
1.1522363834219487
1.152236383422045
1.152236383422045
1.1522363834220515
1.15223638342208
1.152236383422123
1.1522363834221487
1.152236383422164
1.1522363834221734
1.1522363834221787
1.1522363834221836
1.1522363834222027
1.1522363834222162
1.1522363834222251
1.152236383422229
1.1522363834222313
1.1522363834222347
1.1522363834222367
1.1522363834222382
1.1522363834222389
1.1522363834222396
1.15223638342224
1.1522363834222404
1.152236383422241
1.1522363834222418
1.1522363834222418
1.1522363834222422
1.1522363834222424
1.1522363834222424
1.1522363834222424
1.1522363834222424
1.1522363834222424
1.1522363834222424
1.1522363834222424
1.1522363834222424
1.1522363834222424
1.1522363834222424
1.1522363834222424
1.1522363834222424
1.1522363834222424
1.1522363834222424
1.1522363834222424
1.1522363834222424
1.1522363834222424
1.1522363834222424
