1.8268690041131448
1.8268690041131448
1.8268690041131448
1.8268690041131448
1.8268690041131448
1.8268690041131448
1.8268690041131448
1.8268690041131448
1.8268690041131448
1.8268690041131448
1.8268690041131448
1.8268690041131448
1.8268690041131448
1.8268690041131448
1.8268690041131448
1.8268690041131448
1.8268690041131448
1.8268690041131448
1.8268690041131448
1.8268690041131448
1.8268690041131448
1.8268690041131448
1.8268690041131448
1.8268690041131448
1.8268690041131448
1.8268690041131448
1.8268690041131448
1.8268690041131448
1.8268690041131448
1.8268690041131448
1.8268690041131448
1.8268690041131448
1.8268690041131448
1.8268690041131448
1.8268690041131448
1.8268690041131448
1.8268690041131448
1.8268690041131448
1.8268690041131448
1.8268690041131448
1.8268690041131448
1.8268690041131448
1.8268690041131448
1.8268690041131448
1.8268690041131448
1.8268690041131448
1.8268690041131448
1.8268690041131448
1.8268690041131448
1.8268690041131448
1.8268690041131448
1.8268690041131448
1.8268690041131448
1.8268737997852689
1.826883286149356
1.826883286149356
1.826883286149356
1.8268882508112525
1.8268912113998288
1.8268912113998288
1.8268912113998288
1.8268912113998288
1.8268917881551832
1.8268919936193213
1.8268929725430525
1.8268933359297475
1.8268939183555184
1.8268947093899415
1.8268951578653072
1.826895415513143
1.8268958228583208
1.8268960931985212
1.8268962584535422
1.8268963576065638
1.826896439087611
1.8268965247474163
1.8268966124608563
1.8268966207008963
1.8268966397884776
1.8268966915285632
1.8268967041575417
1.8268967324761158
1.8268967409580856
1.8268967547502637
1.8268967618405643
1.826896773688252
1.8268967759512469
1.8268967773090443
1.8268967837972405
1.8268967923535964
1.826896795558934
1.826896796662026
1.8268967987788596
1.8268968010277253
1.8268968023499896
1.8268968029043096
1.8268968033292932
1.8268968053384895
1.8268968074883345
1.8268968087782413
1.8268968095521856
1.826896810091724
1.826896810591787
1.8268968110576305
1.826896811363248
1.8268968115839834
1.8268968118599347
1.8268968120418987
1.8268968121584954
1.8268968122284535
1.8268968122721974
1.826896812360532
1.8268968124297593
1.8268968124712959
1.8268968124969354
1.8268968125126632
1.8268968125270812
1.8268968125491003
1.8268968125628269
1.826896812571063
1.826896812579329
1.8268968125872258
1.826896812591964
1.8268968125948069
1.8268968125969922
1.826896812601207
1.8268968126037446
1.8268968126053002
1.8268968126062417
1.826896812606967
1.8268968126081926
1.826896812608932
1.8268968126093996
1.8268968126100587
1.8268968126104714
1.826896812610718
1.8268968126108664
1.8268968126111176
1.8268968126113247
1.8268968126114493
1.8268968126115246
1.826896812611637
1.8268968126117395
1.826896812611801
1.8268968126118381
1.8268968126118603
1.8268968126118736
1.826896812611894
1.8268968126119172
1.826896812611931
1.8268968126119394
1.8268968126119496
1.826896812611962
1.8268968126119687
1.8268968126119733
1.8268968126119784
1.8268968126119831
1.826896812611986
1.8268968126119878
1.8268968126119887
1.82689681261199
1.8268968126119909
1.8268968126119915
1.8268968126119915
1.8268968126119922
1.8268968126119927
1.826896812611993
1.826896812611993
1.826896812611993
1.826896812611993
1.826896812611993
1.826896812611993
1.826896812611993
1.826896812611993
1.826896812611993
1.826896812611993
1.826896812611993
1.826896812611993
1.826896812611993
1.826896812611993
1.826896812611993
1.826896812611993
1.826896812611993
1.826896812611993
1.826896812611993
