2.297516203884477
2.297516203884477
2.297516203884477
2.297516203884477
2.297516203884477
2.297516203884477
2.297516203884477
2.297516203884477
2.297516203884477
2.297516203884477
2.297516203884477
2.297516203884477
2.297516203884477
2.297516203884477
2.297516203884477
2.297516203884477
2.297516203884477
2.297516203884477
2.297516203884477
2.297516203884477
2.297516203884477
2.297516203884477
2.297516203884477
2.297516203884477
2.297516203884477
2.297516203884477
2.297516203884477
2.297516203884477
2.297516203884477
2.297516203884477
2.297516203884477
2.297516203884477
2.297516203884477
2.297516203884477
2.297516203884477
2.297516203884477
2.297516203884477
2.297516203884477
2.297516203884477
2.297516203884477
2.297516203884477
2.297516203884477
2.297516203884477
2.297516203884477
2.297516203884477
2.2975219126717956
2.2975219126717956
2.2975219126717956
2.2975219126717956
2.2975219126717956
2.2975219126717956
2.2975219126717956
2.2975231519180173
2.2975231519180173
2.2975231519180173
2.2975231519180173
2.2975231519180173
2.297523693144633
2.297523693144633
2.2975246144569037
2.2975260320907
2.2975288270190446
2.297532227305545
2.2975342674778396
2.2975354915813573
2.297536226043518
2.297538026230454
2.297539832965465
2.2975411919807414
2.2975423651310782
2.297543330595624
2.2975441877477905
2.297544767694055
2.297545152008812
2.2975454463863003
2.2975457400572563
2.297545875662252
2.2975461880093175
2.2975464710186166
2.297546640824203
2.2975467322872567
2.2975467322872567
2.2975467322872567
2.297546805309082
2.297546840007749
2.297546840007749
2.297546840007749
2.297546867760862
2.2975468888413855
2.2975469014896994
2.297546911629478
2.2975469157629442
2.2975469207197983
2.2975469219053477
2.297546926071151
2.297546926371057
2.2975469276418043
2.297546928798607
2.2975469292106636
2.297546929532577
2.297546930142071
2.2975469305402365
2.297546930829466
2.297546931070536
2.2975469313387142
2.297546931576922
2.2975469317472528
2.2975469318172035
2.297546932079862
2.297546932240551
2.297546932336965
2.297546932394813
2.297546932429522
2.297546932516167
2.2975469325982902
2.2975469326486455
2.29754693267886
2.2975469327512217
2.297546932809157
2.297546932843918
2.297546932870169
2.2975469329105236
2.297546932934932
2.297546932949576
2.2975469329672733
2.2975469329818394
2.297546932990579
2.297546932995824
2.297546933002901
2.2975469330116423
2.297546933016886
2.2975469330200324
2.2975469330223106
2.2975469330249756
2.2975469330265734
2.2975469330275327
2.2975469330281078
2.2975469330284533
2.2975469330289044
2.297546933029624
2.297546933030054
2.2975469330303135
2.297546933030599
2.2975469330310223
2.297546933031275
2.2975469330314273
2.297546933031518
2.2975469330316343
2.2975469330318665
2.2975469330320046
2.2975469330320872
2.2975469330321387
2.297546933032167
2.2975469330322045
2.2975469330322347
2.2975469330322533
2.297546933032265
2.2975469330322706
2.2975469330322813
2.2975469330322893
2.2975469330322946
2.2975469330322973
2.2975469330323004
2.2975469330323035
2.2975469330323053
2.297546933032306
2.2975469330323066
2.2975469330323084
2.2975469330323093
2.2975469330323106
2.297546933032311
2.2975469330323115
2.2975469330323124
2.2975469330323124
2.297546933032313
2.2975469330323133
2.2975469330323133
2.2975469330323133
2.2975469330323133
2.2975469330323133
2.2975469330323133
2.2975469330323133
2.2975469330323133
2.2975469330323133
2.2975469330323133
2.2975469330323133
2.2975469330323133
2.2975469330323133
2.2975469330323133
2.2975469330323133
