2.093137088058087
2.093137088058087
2.093137088058087
2.093137088058087
2.093137088058087
2.093137088058087
2.093137088058087
2.093137088058087
2.093137088058087
2.093137088058087
2.093137088058087
2.093137088058087
2.093137088058087
2.093137088058087
2.093137088058087
2.093137088058087
2.093137088058087
2.093137088058087
2.093137088058087
2.093137088058087
2.093137088058087
2.093137088058087
2.093137088058087
2.093137088058087
2.093137088058087
2.093137088058087
2.093137088058087
2.093137088058087
2.093137088058087
2.093137088058087
2.093137088058087
2.093137088058087
2.093137088058087
2.093137088058087
2.093137088058087
2.093137088058087
2.093137088058087
2.093137088058087
2.093137088058087
2.093148647635188
2.093148647635188
2.093148647635188
2.093148647635188
2.093148647635188
2.093148647635188
2.093148647635188
2.093148647635188
2.093148647635188
2.093148647635188
2.093148647635188
2.093148647635188
2.093148647635188
2.093148647635188
2.093148647635188
2.0931505788788765
2.0931535246951305
2.0931552921772907
2.0931570885981747
2.09315737584741
2.093157989757441
2.0931583581034228
2.0931600535965957
2.0931600535965957
2.0931600535965957
2.0931609650980403
2.0931611758849598
2.0931625251932506
2.0931633839654085
2.0931633839654085
2.093163671323633
2.093163900457397
2.0931639400658453
2.093164269654841
2.0931643494550296
2.093164374889711
2.0931645280891273
2.0931647133862987
2.0931648056068264
2.093164833447585
2.0931649095777867
2.093164964818525
2.0931650120933276
2.0931650253076586
2.093165048409148
2.093165063801739
2.093165078003599
2.093165086524716
2.093165092877962
2.0931651029661524
2.093165112195951
2.093165112195951
2.093165117979992
2.093165119963027
2.093165122142905
2.093165122812163
2.0931651238015716
2.093165124395217
2.0931651247514043
2.0931651249651164
2.093165125197126
2.09316512575866
2.0931651258095796
2.0931651260051503
2.093165126189771
2.0931651263728677
2.0931651264699545
2.093165126512405
2.0931651265938758
2.0931651266229947
2.0931651266633176
2.0931651266772104
2.093165126702079
2.093165126702079
2.0931651267218934
2.093165126728811
2.0931651267383455
2.0931651267448945
2.0931651267574782
2.0931651267660576
2.093165126770301
2.093165126774214
2.0931651267759044
2.0931651267787625
2.09316512677933
2.0931651267807347
2.093165126782486
2.093165126783537
2.0931651267839286
2.0931651267844167
2.0931651267846405
2.0931651267852214
2.0931651267852844
2.093165126785455
2.093165126785612
2.093165126785732
2.0931651267858205
2.093165126785872
2.0931651267859928
2.0931651267860434
2.0931651267861064
2.093165126786144
2.0931651267861624
2.0931651267861824
2.093165126786199
2.093165126786214
2.0931651267862166
2.0931651267862326
2.093165126786233
2.093165126786238
2.093165126786238
2.0931651267862397
2.093165126786242
2.093165126786243
2.093165126786244
2.0931651267862446
2.093165126786245
2.093165126786247
2.093165126786247
2.093165126786247
2.0931651267862477
2.093165126786248
2.093165126786248
2.093165126786248
2.093165126786248
2.093165126786248
2.093165126786248
2.093165126786248
2.093165126786248
2.093165126786248
2.093165126786248
2.093165126786248
2.093165126786248
2.093165126786248
2.093165126786248
2.093165126786248
2.093165126786248
2.093165126786248
2.093165126786248
2.093165126786248
2.093165126786248
2.093165126786248
2.093165126786248
2.093165126786248
2.093165126786248
2.093165126786248
2.093165126786248
2.093165126786248
2.093165126786248
