1.8956295492880353
1.8956295492880353
1.8956295492880353
1.8956295492880353
1.8956295492880353
1.8956295492880353
1.8956295492880353
1.8956295492880353
1.8956295492880353
1.8956295492880353
1.8956295492880353
1.8956295492880353
1.8956295492880353
1.8956295492880353
1.8956295492880353
1.8956295492880353
1.8956295492880353
1.8956295492880353
1.8956295492880353
1.8956295492880353
1.8956295492880353
1.8956295492880353
1.8956295492880353
1.8956295492880353
1.8956295492880353
1.8956295492880353
1.8956295492880353
1.8956295492880353
1.8956295492880353
1.8956295492880353
1.8956295492880353
1.8956295492880353
1.8956295492880353
1.8956295492880353
1.8956295492880353
1.8956295492880353
1.8956295492880353
1.8956295492880353
1.8956295492880353
1.8956295492880353
1.8956295492880353
1.8956295492880353
1.8956295492880353
1.8956295492880353
1.8956295492880353
1.8956295492880353
1.8956295492880353
1.8956295492880353
1.8956312205890027
1.8956312205890027
1.8956312205890027
1.8956312205890027
1.8956312205890027
1.8956312205890027
1.8956312205890027
1.8956312205890027
1.89563346368259
1.89563346368259
1.89563346368259
1.89563346368259
1.895633846006659
1.895633846006659
1.895633846006659
1.895633846006659
1.895633846006659
1.8956341150147107
1.8956344768159503
1.895634933298338
1.8956352477934792
1.8956356420908311
1.8956359535831626
1.8956361905130825
1.895636344257124
1.8956365015875245
1.895636595985765
1.8956366349251856
1.8956366987558484
1.8956367400532514
1.895636779516396
1.895636827115877
1.8956368478292105
1.895636860257211
1.8956368749838244
1.8956368941550104
1.8956369078941786
1.8956369161376798
1.8956369266252753
1.8956369384382772
1.895636946402627
1.8956369485399096
1.8956369485399096
1.8956369538699325
1.8956369556571262
1.8956369566901428
1.8956369577207113
1.8956369594998954
1.895636960328091
1.89563696096932
1.89563696096932
1.89563696123767
1.8956369615054756
1.8956369615054756
1.8956369616318354
1.8956369616682822
1.8956369617840636
1.8956369617840636
1.895636961814437
1.8956369618215438
1.8956369618571358
1.895636961865809
1.8956369618668552
1.8956369618745978
1.89563696188
1.8956369618883182
1.8956369618901876
1.8956369618964717
1.8956369618964717
1.8956369618972988
1.8956369618992424
1.8956369619004088
1.8956369619023001
1.8956369619035536
1.8956369619043054
1.8956369619047988
1.895636961905034
1.8956369619052003
1.8956369619053
1.8956369619053652
1.8956369619053977
1.895636961905421
1.8956369619054605
1.8956369619054787
1.8956369619054887
1.8956369619055253
1.8956369619055828
1.8956369619055828
1.895636961905595
1.8956369619056452
1.8956369619056774
1.8956369619056876
1.8956369619056876
1.8956369619057138
1.8956369619057227
1.8956369619057227
1.8956369619057356
1.8956369619057378
1.8956369619057398
1.8956369619057436
1.8956369619057454
1.8956369619057454
1.8956369619057454
1.8956369619057465
1.8956369619057465
1.8956369619057465
1.8956369619057472
1.8956369619057478
1.8956369619057478
1.8956369619057485
1.895636961905749
1.895636961905749
1.8956369619057492
1.8956369619057496
1.8956369619057496
1.8956369619057496
1.8956369619057496
1.8956369619057496
1.8956369619057496
1.8956369619057496
1.8956369619057496
1.8956369619057496
1.8956369619057496
1.8956369619057496
1.8956369619057496
1.8956369619057496
1.8956369619057496
1.8956369619057496
1.8956369619057496
1.8956369619057496
1.8956369619057496
1.8956369619057496
1.8956369619057496
1.8956369619057496
1.8956369619057496
1.8956369619057496
1.8956369619057496
1.8956369619057496
1.8956369619057496
