1.4045566557691547
1.4045566557691547
1.4045566557691547
1.4045566557691547
1.4045566557691547
1.4045566557691547
1.4045566557691547
1.4045566557691547
1.4045566557691547
1.4045566557691547
1.4045566557691547
1.4045566557691547
1.4045566557691547
1.4045566557691547
1.4045566557691547
1.4045566557691547
1.4045566557691547
1.4045566557691547
1.4045566557691547
1.4045566557691547
1.4045566557691547
1.4045566557691547
1.4045566557691547
1.4045566557691547
1.4045566557691547
1.4045566557691547
1.4045566557691547
1.4045566557691547
1.4045566557691547
1.4045566557691547
1.4045566557691547
1.4045566557691547
1.4045566557691547
1.4045566557691547
1.4045566557691547
1.4045566557691547
1.4045566557691547
1.4045566557691547
1.4045566557691547
1.4045566557691547
1.4045566557691547
1.4045566557691547
1.4045566557691547
1.4045566557691547
1.4045566557691547
1.4045566557691547
1.4045566557691547
1.4045566557691547
1.4045566557691547
1.4045566557691547
1.4045566557691547
1.4045566557691547
1.4045566557691547
1.4045566557691547
1.4045566557691547
1.4045566557691547
1.4045570256311863
1.4045570256311863
1.4045570256311863
1.4045570256311863
1.4045571769744574
1.4045576909870472
1.4045581424816818
1.4045581424816818
1.4045582390803253
1.4045583985672108
1.4045586771684
1.4045587189952948
1.4045589741600768
1.4045590513456925
1.4045591208180843
1.404559274839601
1.4045592908853468
1.4045594107029582
1.404559510531035
1.4045595704278804
1.4045596517320535
1.4045597093015758
1.4045597103590939
1.4045597530745986
1.4045597530745986
1.404559767069002
1.4045597791275797
1.4045597863627257
1.4045597907038139
1.4045597933084666
1.4045597951657218
1.4045598020173442
1.4045598061883733
1.4045598086909907
1.4045598101925612
1.404559812190457
1.4045598135770248
1.4045598146402931
1.4045598152573397
1.404559815585987
1.4045598160614123
1.4045598163604214
1.4045598165398265
1.4045598166924134
1.404559816755346
1.4045598168495088
1.4045598169097826
1.4045598169097826
1.4045598169421911
1.4045598169655649
1.404559816968903
1.4045598169836366
1.4045598169914661
1.404559816997449
1.404559816997449
1.4045598170003442
1.404559817000391
1.404559817004909
1.404559817004909
1.404559817004909
1.404559817004909
1.404559817004909
1.4045598170050684
1.4045598170050684
1.4045598170050684
1.4045598170050684
1.4045598170050684
1.4045598170050764
1.4045598170052234
1.4045598170052234
1.4045598170052447
1.4045598170053135
1.4045598170053135
1.4045598170053135
1.4045598170053135
1.4045598170053202
1.4045598170053588
1.4045598170053588
1.4045598170053588
1.4045598170053621
1.4045598170053821
1.4045598170053821
1.4045598170053992
1.4045598170054014
1.4045598170054117
1.404559817005415
1.404559817005415
1.404559817005417
1.4045598170054192
1.4045598170054214
1.4045598170054214
1.404559817005422
1.404559817005422
1.404559817005422
1.404559817005422
1.404559817005422
1.404559817005422
1.4045598170054228
1.4045598170054228
1.4045598170054228
1.4045598170054232
1.4045598170054232
1.4045598170054232
1.4045598170054232
1.4045598170054234
1.4045598170054234
1.4045598170054234
1.4045598170054234
1.4045598170054234
1.4045598170054234
1.4045598170054234
1.4045598170054234
1.4045598170054234
1.4045598170054234
1.4045598170054234
1.4045598170054234
1.4045598170054234
1.4045598170054234
1.4045598170054234
1.4045598170054234
1.4045598170054234
1.4045598170054234
1.4045598170054234
1.4045598170054234
1.4045598170054234
1.4045598170054234
