2.1397177273003756
2.1397177273003756
2.1397177273003756
2.1397177273003756
2.1397177273003756
2.1397177273003756
2.1397177273003756
2.1397177273003756
2.1397177273003756
2.1397177273003756
2.1397177273003756
2.1397177273003756
2.1397177273003756
2.1397177273003756
2.1397177273003756
2.1397177273003756
2.1397177273003756
2.1397177273003756
2.1397177273003756
2.1397177273003756
2.1397177273003756
2.1397177273003756
2.1397177273003756
2.1397177273003756
2.1397177273003756
2.1397177273003756
2.1397177273003756
2.1397177273003756
2.1397177273003756
2.1397177273003756
2.1397177273003756
2.1397177273003756
2.1397177273003756
2.1397177273003756
2.1397177273003756
2.1397177273003756
2.1397177273003756
2.1397177273003756
2.1397177273003756
2.1397177273003756
2.1397177273003756
2.1397177273003756
2.1397177273003756
2.1397177273003756
2.1397177273003756
2.1397177273003756
2.139723892784301
2.139723892784301
2.139723892784301
2.139723892784301
2.139723892784301
2.139723892784301
2.139723892784301
2.139723892784301
2.1397240394887644
2.1397240394887644
2.1397240394887644
2.1397240394887644
2.139724152059637
2.139724152059637
2.1397248718189226
2.1397251248188516
2.1397258918879074
2.139725899406259
2.139726944071781
2.139726944071781
2.1397271788799257
2.1397276240584935
2.1397281703121
2.139728498064234
2.1397285504656596
2.1397287382224466
2.1397290142926124
2.139729145021427
2.139729246302134
2.139729279385191
2.139729337459196
2.1397294104078943
2.139729430276307
2.1397294497567874
2.1397294713147654
2.139729492921529
2.1397295049632423
2.13972951335201
2.1397295242318695
2.139729534957179
2.139729549733592
2.139729553051683
2.139729560694636
2.1397295670307392
2.139729570990365
2.1397295732738075
2.139729576251699
2.139729578295177
2.1397295795212647
2.139729580514437
2.139729581590527
2.1397295823593554
2.139729582789758
2.139729583245341
2.1397295837465338
2.1397295838237387
2.1397295839657677
2.1397295840509862
2.1397295841701505
2.139729584281328
2.1397295843168638
2.1397295843730824
2.139729584391497
2.139729584439518
2.1397295844545017
2.139729584472963
2.1397295844900337
2.1397295844974464
2.139729584506278
2.139729584510507
2.1397295845132818
2.1397295845170285
2.139729584522144
2.139729584522144
2.1397295845237703
2.1397295845256683
2.1397295845268425
2.1397295845268425
2.1397295845273643
2.1397295845275637
2.139729584528375
2.139729584528375
2.1397295845286055
2.139729584528878
2.1397295845291016
2.139729584529224
2.13972958452931
2.139729584529373
2.1397295845294115
2.1397295845294595
2.1397295845294595
2.139729584529471
2.1397295845294875
2.1397295845295132
2.139729584529528
2.1397295845295323
2.139729584529539
2.1397295845295403
2.1397295845295456
2.139729584529549
2.13972958452955
2.139729584529551
2.1397295845295514
2.139729584529555
2.139729584529557
2.1397295845295576
2.1397295845295585
2.139729584529559
2.139729584529559
2.1397295845295594
2.1397295845295594
2.13972958452956
2.13972958452956
2.13972958452956
2.13972958452956
2.1397295845295603
2.1397295845295603
2.1397295845295603
2.1397295845295603
2.1397295845295603
2.1397295845295603
2.1397295845295603
2.1397295845295603
2.1397295845295603
2.1397295845295603
2.1397295845295603
2.1397295845295603
2.1397295845295603
2.1397295845295603
2.1397295845295603
2.1397295845295603
2.1397295845295603
2.1397295845295603
2.1397295845295603
2.1397295845295603
2.1397295845295603
2.1397295845295603
2.1397295845295603
2.1397295845295603
2.1397295845295603
