2.214805121524706
2.214805121524706
2.214805121524706
2.214805121524706
2.214805121524706
2.214805121524706
2.214805121524706
2.214805121524706
2.214805121524706
2.214805121524706
2.214805121524706
2.214805121524706
2.214805121524706
2.214805121524706
2.214805121524706
2.214805121524706
2.214805121524706
2.214805121524706
2.214805121524706
2.214805121524706
2.214805121524706
2.214805121524706
2.214805121524706
2.214805121524706
2.214805121524706
2.214805121524706
2.214805121524706
2.214805121524706
2.214805121524706
2.214805121524706
2.214805121524706
2.214805121524706
2.214805121524706
2.214805121524706
2.214805121524706
2.214805121524706
2.214805121524706
2.214805121524706
2.214805121524706
2.214805121524706
2.214805121524706
2.214805121524706
2.214805121524706
2.214805121524706
2.214805121524706
2.214805121524706
2.214805121524706
2.214805121524706
2.214805121524706
2.214805121524706
2.214805121524706
2.214805121524706
2.214805121524706
2.214805121524706
2.2148056185339247
2.2148056185339247
2.2148056185339247
2.214805670698725
2.214806264841763
2.214806264841763
2.2148073591974216
2.2148073591974216
2.214808137999421
2.2148085172200567
2.214809093307274
2.2148092421414
2.214809453729933
2.2148097021997297
2.2148098843498194
2.2148101731461973
2.214810276994594
2.2148104811779676
2.2148105991933797
2.214810681368239
2.21481077302284
2.2148108503025297
2.2148108864325993
2.214810929601531
2.2148109310633823
2.2148109575168866
2.2148109744498807
2.2148109878567377
2.2148109923180086
2.214810994994772
2.214811003135528
2.214811017632065
2.2148110270971992
2.21481103277628
2.2148110361837285
2.2148110401450682
2.214811043791999
2.214811045931217
2.214811047464209
2.2148110475979648
2.2148110484369807
2.214811048821222
2.214811049657463
2.214811050267725
2.2148110506423557
2.2148110508671346
2.21481105108925
2.2148110512434336
2.21481105130462
2.2148110513919868
2.214811051420021
2.2148110514674735
2.2148110514962434
2.214811051513505
2.2148110515294137
2.2148110515580224
2.2148110515719397
2.214811051581804
2.214811051587878
2.214811051594817
2.2148110516055217
2.214811051608352
2.2148110516100497
2.2148110516121498
2.2148110516211186
2.2148110516264996
2.214811051629729
2.214811051632671
2.21481105163544
2.2148110516374357
2.2148110516387267
2.2148110516401758
2.214811051641391
2.2148110516421204
2.2148110516427484
2.2148110516434567
2.2148110516439883
2.2148110516443076
2.2148110516444985
2.2148110516446136
2.214811051644923
2.214811051645147
2.214811051645281
2.214811051645361
2.2148110516455892
2.2148110516456736
2.2148110516458073
2.2148110516458392
2.214811051645886
2.214811051645963
2.2148110516460093
2.214811051646038
2.214811051646071
2.214811051646092
2.2148110516461084
2.214811051646121
2.2148110516461252
2.2148110516461337
2.2148110516461403
2.2148110516461443
2.214811051646146
2.214811051646148
2.214811051646151
2.2148110516461528
2.2148110516461537
2.2148110516461545
2.214811051646156
2.214811051646156
2.214811051646156
2.2148110516461568
2.2148110516461568
2.2148110516461568
2.2148110516461568
2.2148110516461568
2.2148110516461568
2.2148110516461568
2.2148110516461568
2.2148110516461568
2.2148110516461568
2.2148110516461568
2.2148110516461568
2.2148110516461568
2.2148110516461568
2.2148110516461568
2.2148110516461568
2.2148110516461568
2.2148110516461568
2.2148110516461568
2.2148110516461568
2.2148110516461568
2.2148110516461568
