1.5029299709172648
1.5029299709172648
1.5029299709172648
1.5029299709172648
1.5029299709172648
1.5029299709172648
1.5029299709172648
1.5029299709172648
1.5029299709172648
1.5029299709172648
1.5029299709172648
1.5029299709172648
1.5029299709172648
1.5029299709172648
1.5029299709172648
1.5029299709172648
1.5029299709172648
1.5029299709172648
1.5029299709172648
1.5029299709172648
1.5029299709172648
1.5029299709172648
1.5029299709172648
1.5029299709172648
1.5029299709172648
1.5029299709172648
1.5029299709172648
1.5029299709172648
1.5029299709172648
1.5029299709172648
1.5029299709172648
1.5029299709172648
1.5029299709172648
1.5029299709172648
1.5029299709172648
1.5029299709172648
1.5029299709172648
1.5029299709172648
1.5029299709172648
1.5029299709172648
1.5029299709172648
1.5029299709172648
1.5029299709172648
1.5029299709172648
1.5029299709172648
1.5029299709172648
1.5029299709172648
1.5029299709172648
1.5029299709172648
1.5029299709172648
1.5029299709172648
1.5029299709172648
1.5029378836685212
1.5029378836685212
1.5029378836685212
1.5029386484720901
1.5029386484720901
1.5029386484720901
1.5029386484720901
1.5029394877258215
1.5029395444895257
1.5029398300298766
1.502940283856004
1.5029406317964948
1.502940840560783
1.5029409658193533
1.5029413816254689
1.5029417117635482
1.50294188034387
1.5029419515374487
1.5029421822804387
1.502942284951911
1.5029423384787444
1.5029424057439627
1.5029424718058333
1.502942476556394
1.5029425043150249
1.50294252707675
1.50294252707675
1.5029425350110226
1.502942536424307
1.5029425511504133
1.5029425537018517
1.502942555455885
1.5029425622356087
1.5029425679999369
1.5029425714585332
1.5029425747560197
1.502942578280682
1.502942581203237
1.502942582644563
1.5029425838156534
1.5029425847614868
1.5029425864616641
1.5029425874985058
1.502942587882867
1.5029425883215441
1.502942588809691
1.5029425893719874
1.5029425897555941
1.5029425899857576
1.502942590123856
1.5029425902612508
1.502942590474305
1.5029425906050176
1.50294259073924
1.5029425908468055
1.5029425909145524
1.502942590955933
1.5029425909846938
1.5029425910219274
1.502942591049447
1.5029425910597654
1.5029425910737513
1.5029425910837797
1.5029425910936274
1.5029425911006284
1.502942591109845
1.5029425911179397
1.502942591122797
1.5029425911249004
1.502942591127275
1.5029425911314
1.5029425911332321
1.5029425911343317
1.5029425911353091
1.5029425911358356
1.5029425911371683
1.5029425911380112
1.5029425911385164
1.5029425911388195
1.5029425911390015
1.5029425911391106
1.5029425911391763
1.5029425911392365
1.5029425911392824
1.5029425911394128
1.50294259113942
1.5029425911394798
1.502942591139525
1.5029425911395522
1.5029425911395815
1.5029425911396133
1.5029425911396406
1.5029425911396548
1.5029425911396648
1.5029425911396728
1.5029425911396808
1.5029425911396856
1.5029425911396892
1.5029425911396916
1.502942591139694
1.5029425911396965
1.5029425911396972
1.5029425911396994
1.5029425911397007
1.5029425911397019
1.5029425911397027
1.5029425911397036
1.5029425911397045
1.502942591139705
1.5029425911397054
1.5029425911397056
1.5029425911397056
1.502942591139706
1.502942591139706
1.502942591139706
1.502942591139706
1.502942591139706
1.502942591139706
1.502942591139706
1.502942591139706
1.502942591139706
1.502942591139706
1.502942591139706
1.502942591139706
1.502942591139706
1.502942591139706
1.502942591139706
1.502942591139706
1.502942591139706
