2.324607382450624
2.324607382450624
2.324607382450624
2.324607382450624
2.324607382450624
2.324607382450624
2.324607382450624
2.324607382450624
2.324607382450624
2.324607382450624
2.324607382450624
2.324607382450624
2.324607382450624
2.324607382450624
2.324607382450624
2.324607382450624
2.324607382450624
2.324607382450624
2.324607382450624
2.324607382450624
2.324607382450624
2.324607382450624
2.324607382450624
2.324607382450624
2.324607382450624
2.324607382450624
2.324607382450624
2.324607382450624
2.324607382450624
2.324607382450624
2.324607382450624
2.324607382450624
2.324607382450624
2.324607382450624
2.324607382450624
2.324607382450624
2.324607382450624
2.324607382450624
2.324607382450624
2.324607382450624
2.324607382450624
2.324607382450624
2.324607382450624
2.324607382450624
2.324607382450624
2.324607382450624
2.324607382450624
2.324607382450624
2.324607382450624
2.3246084372919533
2.3246084372919533
2.3246084372919533
2.3246084372919533
2.3246084372919533
2.3246089558476637
2.3246154431386628
2.3246154431386628
2.3246154431386628
2.3246154431386628
2.3246179298500063
2.32461892972026
2.324620678908755
2.324621819201126
2.324622825263611
2.324625136826306
2.324626523764764
2.324627574394332
2.324628882109393
2.32462956977691
2.324630208493422
2.324631007434076
2.324631273078144
2.324631818129728
2.324632428190649
2.32463267391076
2.3246328213428287
2.32463290980207
2.3246329628776157
2.3246331563788973
2.3246333289791794
2.324633462261603
2.324633523763576
2.3246336030393415
2.3246336276387196
2.324633686904426
2.324633712175191
2.3246337123425866
2.324633726668165
2.3246337366455356
2.324633744721836
2.324633749401527
2.3246337560992427
2.324633760205481
2.32463376333127
2.3246337659955647
2.3246337675941415
2.3246337688933454
2.3246337718988856
2.3246337747160633
2.324633776745945
2.324633777772038
2.3246337783577737
2.324633778891398
2.3246337797391092
2.3246337801069448
2.3246337803515136
2.3246337805331208
2.324633780759505
2.3246337808953346
2.3246337809768325
2.3246337810257316
2.3246337810787794
2.3246337811299105
2.324633781184594
2.3246337811862996
2.324633781216317
2.3246337812390454
2.324633781252683
2.3246337812634112
2.3246337812824103
2.3246337812970053
2.3246337812994584
2.3246337812994584
2.3246337813047058
2.3246337813068347
2.324633781308909
2.324633781309243
2.324633781311128
2.3246337813122033
2.3246337813134983
2.3246337813138664
2.324633781314237
2.3246337813147364
2.324633781314946
2.3246337813150113
2.3246337813150753
2.3246337813152658
2.3246337813154208
2.324633781315502
2.3246337813155447
2.3246337813155447
2.3246337813155695
2.324633781315606
2.324633781315606
2.324633781315606
2.3246337813156095
2.324633781315627
2.324633781315627
2.324633781315627
2.3246337813156304
2.324633781315632
2.324633781315632
2.324633781315632
2.324633781315632
2.324633781315632
2.324633781315637
2.32463378131564
2.32463378131564
2.32463378131564
2.32463378131564
2.324633781315641
2.324633781315641
2.324633781315641
2.324633781315641
2.324633781315642
2.324633781315642
2.324633781315642
2.324633781315642
2.324633781315642
2.324633781315642
2.324633781315642
2.324633781315642
2.324633781315642
2.324633781315642
2.324633781315642
2.324633781315642
2.324633781315642
2.324633781315642
2.324633781315642
2.324633781315642
2.324633781315642
2.324633781315642
2.324633781315642
2.324633781315642
2.324633781315642
2.324633781315642
2.324633781315642
