2.8463770559119075
2.8463770559119075
2.8463770559119075
2.8463770559119075
2.8463770559119075
2.8463770559119075
2.8463770559119075
2.8463770559119075
2.8463770559119075
2.8463770559119075
2.8463770559119075
2.8463770559119075
2.8463770559119075
2.8463770559119075
2.8463770559119075
2.8463770559119075
2.8463770559119075
2.8463770559119075
2.8463770559119075
2.8463770559119075
2.8463770559119075
2.8463770559119075
2.8463770559119075
2.8463770559119075
2.8463770559119075
2.8463770559119075
2.8463770559119075
2.8463770559119075
2.8463770559119075
2.8463770559119075
2.8463770559119075
2.8463770559119075
2.8463770559119075
2.8463770559119075
2.8463770559119075
2.8463770559119075
2.8463770559119075
2.8463770559119075
2.8463770559119075
2.8463770559119075
2.8463770559119075
2.8463770559119075
2.8463770559119075
2.8463770559119075
2.8463770559119075
2.8463770559119075
2.8463770559119075
2.8463770559119075
2.8463770559119075
2.8463770559119075
2.8463770559119075
2.8463770559119075
2.8463770559119075
2.8463770559119075
2.8463770559119075
2.8463770559119075
2.8463770559119075
2.8463770559119075
2.8463770559119075
2.8463770559119075
2.8463770559119075
2.8463779601224912
2.8463779601224912
2.846380199422573
2.846380975488271
2.8463812943776854
2.8463824760114247
2.846383184991977
2.8463836103804208
2.8463843024676607
2.8463850097190444
2.8463855676067475
2.8463857682724676
2.8463859925021793
2.846386295216974
2.846386476845866
2.8463866895768235
2.846386705366707
2.846386705366707
2.846386705366707
2.8463867200791544
2.8463867200791544
2.8463867200791544
2.8463867200791544
2.8463867200791544
2.8463867200791544
2.8463867237641804
2.846386739006252
2.846386749525475
2.846386749525475
2.84638675465275
2.8463867570538763
2.8463867579821693
2.846386758423926
2.846386759513481
2.8463867602185813
2.846386760787397
2.8463867619146397
2.846386762508618
2.8463867627239363
2.8463867627239363
2.8463867627239363
2.8463867627239363
2.846386762932504
2.846386762932504
2.846386762932504
2.846386762932504
2.846386762932504
2.846386762932504
2.846386762932504
2.846386762961985
2.846386762961985
2.846386762961985
2.84638676296244
2.8463867629737085
2.846386762980469
2.846386762985061
2.846386762988328
2.8463867629925206
2.846386762995339
2.846386762995339
2.846386762995339
2.846386762995339
2.846386762996766
2.846386762996766
2.84638676299679
2.846386762996981
2.8463867629972204
2.846386762997449
2.8463867629977773
2.846386762998009
2.846386762998148
2.846386762998231
2.846386762998281
2.8463867629983675
2.8463867629983675
2.8463867629984607
2.8463867629984607
2.8463867629984754
2.8463867629984954
2.846386762998506
2.846386762998516
2.846386762998529
2.846386762998538
2.8463867629985438
2.8463867629985473
2.8463867629985526
2.8463867629985553
2.846386762998557
2.846386762998559
2.84638676299856
2.846386762998562
2.846386762998563
2.8463867629985633
2.846386762998564
2.8463867629985646
2.8463867629985646
2.846386762998565
2.846386762998565
2.846386762998565
2.846386762998565
2.846386762998566
2.846386762998566
2.846386762998566
2.846386762998566
2.846386762998566
2.846386762998566
2.846386762998566
2.846386762998566
2.846386762998566
2.846386762998566
2.846386762998566
2.846386762998566
2.846386762998566
2.846386762998566
2.846386762998566
2.846386762998566
2.846386762998566
2.846386762998566
2.846386762998566
2.846386762998566
2.846386762998566
2.846386762998566
2.846386762998566
2.846386762998566
2.846386762998566
2.846386762998566
2.846386762998566
