1.932470096466843
1.932470096466843
1.932470096466843
1.932470096466843
1.932470096466843
1.932470096466843
1.932470096466843
1.932470096466843
1.932470096466843
1.932470096466843
1.932470096466843
1.932470096466843
1.932470096466843
1.932470096466843
1.932470096466843
1.932470096466843
1.932470096466843
1.932470096466843
1.932470096466843
1.932470096466843
1.932470096466843
1.932470096466843
1.932470096466843
1.932470096466843
1.932470096466843
1.932470096466843
1.932470096466843
1.932470096466843
1.932470096466843
1.932470096466843
1.932470096466843
1.932470096466843
1.932470096466843
1.932470096466843
1.932470096466843
1.932470096466843
1.932470096466843
1.932470096466843
1.932470096466843
1.932470096466843
1.932470096466843
1.932470096466843
1.932470096466843
1.932470096466843
1.932470096466843
1.932470096466843
1.932470096466843
1.932470096466843
1.932470096466843
1.932470096466843
1.932470096466843
1.932470096466843
1.932470096466843
1.932470096466843
1.932470096466843
1.932470096466843
1.932470486589152
1.9324714504166307
1.9324723079576211
1.9324728224682977
1.9324731491350033
1.9324736625716337
1.932475022500476
1.9324753800067866
1.9324757453324717
1.9324762560026254
1.932477160894356
1.9324778685537016
1.9324782931482234
1.932478656752955
1.9324788965577386
1.932479163844567
1.9324792705153075
1.9324794087383046
1.932479583837345
1.9324797426756795
1.9324798679310684
1.9324799603782303
1.9324801144106816
1.9324801154702023
1.9324802206838496
1.93248023165016
1.932480284775733
1.932480284775733
1.9324803244429845
1.9324803244429845
1.9324803244429845
1.9324803315945862
1.9324803395375707
1.9324803458018682
1.932480349590708
1.9324803546652047
1.9324803577099023
1.9324803595762197
1.9324803624446043
1.9324803645770348
1.9324803661070298
1.9324803669952857
1.9324803689020218
1.9324803697046697
1.9324803705434361
1.9324803709920413
1.9324803714725487
1.9324803717331465
1.9324803719713386
1.9324803721083728
1.9324803722588737
1.9324803723084394
1.9324803723720794
1.9324803724629844
1.932480372501902
1.9324803725337811
1.9324803725533604
1.932480372577821
1.9324803726184945
1.932480372645923
1.9324803726623803
1.9324803726661488
1.9324803726936945
1.9324803727047275
1.9324803727080206
1.9324803727160669
1.9324803727185442
1.9324803727232054
1.9324803727249324
1.9324803727281168
1.932480372729463
1.9324803727306594
1.9324803727306594
1.9324803727306594
1.9324803727312414
1.9324803727314281
1.9324803727315403
1.9324803727319178
1.9324803727329627
1.9324803727336728
1.9324803727342994
1.9324803727342994
1.932480372734346
1.9324803727345614
1.9324803727345614
1.9324803727345614
1.932480372734596
1.932480372734685
1.9324803727347615
1.9324803727348736
1.9324803727349058
1.9324803727349058
1.9324803727349058
1.9324803727349114
1.9324803727349114
1.9324803727349114
1.9324803727349114
1.9324803727349114
1.932480372734912
1.932480372734912
1.932480372734912
1.9324803727349125
1.9324803727349125
1.9324803727349125
1.9324803727349125
1.9324803727349125
1.9324803727349125
1.9324803727349125
1.9324803727349125
1.9324803727349125
1.9324803727349125
1.9324803727349125
1.9324803727349125
1.9324803727349125
1.9324803727349125
1.9324803727349125
1.9324803727349125
1.9324803727349125
1.9324803727349125
1.9324803727349125
1.9324803727349125
1.9324803727349125
1.9324803727349125
1.9324803727349125
1.9324803727349125
1.9324803727349125
1.9324803727349125
1.9324803727349125
