1.6883165721903914
1.6883165721903914
1.6883165721903914
1.6883165721903914
1.6883165721903914
1.6883165721903914
1.6883165721903914
1.6883165721903914
1.6883165721903914
1.6883165721903914
1.6883165721903914
1.6883165721903914
1.6883165721903914
1.6883165721903914
1.6883165721903914
1.6883165721903914
1.6883165721903914
1.6883165721903914
1.6883165721903914
1.6883165721903914
1.6883165721903914
1.6883165721903914
1.6883165721903914
1.6883165721903914
1.6883165721903914
1.6883165721903914
1.6883165721903914
1.6883165721903914
1.6883165721903914
1.6883165721903914
1.6883165721903914
1.6883165721903914
1.6883165721903914
1.6883165721903914
1.6883165721903914
1.6883165721903914
1.6883165721903914
1.6883165721903914
1.6883165721903914
1.6883165721903914
1.6883165721903914
1.6883165721903914
1.6883165721903914
1.6883165721903914
1.6883165721903914
1.6883165721903914
1.6883165721903914
1.6883165721903914
1.6883165721903914
1.6883165721903914
1.6883165721903914
1.6883206927316552
1.6883220282675768
1.6883227236383953
1.6883231878305194
1.6883272658021635
1.6883274568880555
1.6883284807655647
1.6883298781562597
1.688330709285609
1.6883315207584193
1.6883322741639113
1.68833308936636
1.6883335784869804
1.6883341639026261
1.6883349115873476
1.688335373272056
1.6883357492341753
1.6883362310735652
1.6883365720951027
1.688336713334194
1.688336713334194
1.688336713334194
1.688336713334194
1.6883367607057809
1.6883367607057809
1.6883367607057809
1.6883367607057809
1.6883367887020215
1.6883367887020215
1.6883368187815886
1.688336828075296
1.688336832031645
1.688336832031645
1.688336833321131
1.6883368380977597
1.6883368409637367
1.6883368438575745
1.6883368493643374
1.6883368498262623
1.6883368498262623
1.6883368520865096
1.6883368533916019
1.6883368540084005
1.68833685450496
1.6883368557497023
1.6883368567628947
1.6883368573708102
1.6883368577514901
1.688336858442762
1.6883368589041776
1.6883368592071915
1.688336859388999
1.6883368596081294
1.6883368597712358
1.6883368598691004
1.688336859939376
1.6883368600227595
1.6883368600735738
1.6883368601040627
1.688336860130939
1.6883368601529196
1.688336860173688
1.6883368601862714
1.6883368601961002
1.6883368602055873
1.6883368602113586
1.688336860215289
1.6883368602181463
1.6883368602199744
1.6883368602229265
1.6883368602248308
1.6883368602259736
1.6883368602266593
1.6883368602280981
1.6883368602295226
1.6883368602303814
1.6883368602308957
1.6883368602313638
1.6883368602324789
1.6883368602331474
1.6883368602335491
1.6883368602337894
1.688336860233934
1.688336860234219
1.6883368602344326
1.6883368602345599
1.688336860234637
1.6883368602347906
1.6883368602349262
1.688336860235007
1.6883368602350637
1.6883368602351538
1.6883368602352087
1.6883368602352407
1.68833686023526
1.688336860235271
1.6883368602352797
1.6883368602352964
1.6883368602353062
1.688336860235313
1.688336860235317
1.6883368602353244
1.6883368602353306
1.6883368602353341
1.6883368602353368
1.6883368602353384
1.6883368602353401
1.6883368602353412
1.6883368602353421
1.6883368602353428
1.6883368602353437
1.6883368602353441
1.6883368602353441
1.6883368602353441
1.6883368602353441
1.6883368602353441
1.6883368602353441
1.6883368602353441
1.6883368602353441
1.6883368602353441
1.6883368602353441
1.6883368602353441
1.6883368602353441
1.6883368602353441
1.6883368602353441
1.6883368602353441
1.6883368602353441
1.6883368602353441
1.6883368602353441
