1.3980027807196014
1.3980027807196014
1.3980027807196014
1.3980027807196014
1.3980027807196014
1.3980027807196014
1.3980027807196014
1.3980027807196014
1.3980027807196014
1.3980027807196014
1.3980027807196014
1.3980027807196014
1.3980027807196014
1.3980027807196014
1.3980027807196014
1.3980027807196014
1.3980027807196014
1.3980027807196014
1.3980027807196014
1.3980027807196014
1.3980027807196014
1.3980027807196014
1.3980027807196014
1.3980027807196014
1.3980027807196014
1.3980027807196014
1.3980027807196014
1.3980027807196014
1.3980027807196014
1.3980027807196014
1.3980027807196014
1.3980027807196014
1.3980027807196014
1.3980027807196014
1.3980027807196014
1.3980027807196014
1.3980027807196014
1.3980027807196014
1.3980027807196014
1.3980027807196014
1.3980027807196014
1.3980027807196014
1.3980027807196014
1.3980027807196014
1.3980027807196014
1.3980027807196014
1.3980027807196014
1.3980027807196014
1.3980032069518833
1.3980032069518833
1.3980032069518833
1.3980032069518833
1.3980032069518833
1.3980032069518833
1.3980032069518833
1.398005441659497
1.398005441659497
1.398005441659497
1.398005441659497
1.398005441659497
1.398005598728843
1.398007327254067
1.398007444605809
1.3980084713268541
1.398009309300153
1.3980103510189683
1.398010750606392
1.3980118391068546
1.3980119952998513
1.3980130208581345
1.39801344507642
1.3980140119832274
1.3980144393282221
1.3980148730095459
1.3980151731378843
1.3980153970549198
1.3980155670706584
1.3980156927713119
1.3980158085074625
1.3980158543690113
1.3980158665014197
1.3980159026522274
1.3980159665043912
1.3980159943206238
1.398016016476512
1.3980160186653965
1.3980160257996532
1.3980160427109993
1.398016043636098
1.3980160474805392
1.3980160539775348
1.3980160578757321
1.3980160613437647
1.3980160640696109
1.3980160669395651
1.3980160702465194
1.3980160707057119
1.3980160712710337
1.3980160723436066
1.3980160731172355
1.3980160735814136
1.3980160739474297
1.3980160743273864
1.3980160746361117
1.3980160747569232
1.398016074820584
1.3980160749270545
1.3980160749622024
1.3980160750024182
1.3980160750024182
1.3980160750024182
1.3980160750140542
1.3980160750140542
1.3980160750140542
1.3980160750140542
1.3980160750140542
1.3980160750190178
1.398016075021827
1.3980160750240347
1.398016075025359
1.3980160750261539
1.3980160750266308
1.3980160750269168
1.3980160750349038
1.3980160750349038
1.3980160750349038
1.3980160750349038
1.3980160750373014
1.3980160750444055
1.398016075046438
1.3980160750483104
1.3980160750501394
1.3980160750508788
1.398016075051267
1.3980160750519166
1.3980160750519166
1.3980160750522503
1.3980160750525326
1.3980160750529596
1.3980160750529596
1.398016075053151
1.3980160750531692
1.3980160750532156
1.3980160750532766
1.3980160750533797
1.3980160750534156
1.3980160750535462
1.3980160750536124
1.3980160750536124
1.398016075053645
1.398016075053645
1.3980160750536514
1.3980160750536526
1.3980160750536526
1.3980160750536526
1.3980160750536526
1.3980160750536672
1.3980160750536685
1.3980160750536685
1.3980160750536685
1.3980160750536732
1.3980160750536736
1.3980160750536736
1.3980160750536736
1.398016075053677
1.3980160750536776
1.3980160750536776
1.3980160750536792
1.39801607505368
1.3980160750536816
1.3980160750536825
1.3980160750536836
1.3980160750536865
1.3980160750536876
1.3980160750536887
1.3980160750536894
1.3980160750536912
1.3980160750536925
1.398016075053693
1.3980160750536934
1.398016075053694
1.3980160750536945
1.398016075053695
1.3980160750536954
1.3980160750536956
1.398016075053696
1.398016075053696
