1.9397877569771247
1.9397877569771247
1.9397877569771247
1.9397877569771247
1.9397877569771247
1.9397877569771247
1.9397877569771247
1.9397877569771247
1.9397877569771247
1.9397877569771247
1.9397877569771247
1.9397877569771247
1.9397877569771247
1.9397877569771247
1.9397877569771247
1.9397877569771247
1.9397877569771247
1.9397877569771247
1.9397877569771247
1.9397877569771247
1.9397877569771247
1.9397877569771247
1.9397877569771247
1.9397877569771247
1.9397877569771247
1.9397877569771247
1.9397877569771247
1.9397877569771247
1.9397877569771247
1.9397877569771247
1.9397877569771247
1.9397877569771247
1.9397877569771247
1.9397877569771247
1.9397877569771247
1.9397877569771247
1.9397877569771247
1.9397877569771247
1.9397877569771247
1.9397877569771247
1.9397877569771247
1.9397877569771247
1.9397877569771247
1.9397877569771247
1.9397877569771247
1.9397877569771247
1.9397877569771247
1.9397877569771247
1.9397877569771247
1.9397877569771247
1.9397877569771247
1.9397877569771247
1.9397877569771247
1.9397888912466796
1.9397888912466796
1.9397888912466796
1.9397888912466796
1.9397915453937333
1.9397915453937333
1.9397915453937333
1.939792968942362
1.939796430872032
1.939798508028598
1.9397997543220922
1.9398005020980291
1.9398009507635334
1.939803009189594
1.9398043225374915
1.939805110545881
1.9398056466078777
1.939806109103181
1.939806881328484
1.9398073446635413
1.9398076226645304
1.9398078002146482
1.9398083160926978
1.9398087517964213
1.9398090132186248
1.9398091700719358
1.9398092641839186
1.9398093206511067
1.9398093827075522
1.9398095387567207
1.9398095569651927
1.9398095569651927
1.9398095569651927
1.9398096000040035
1.9398096252212642
1.9398096403516205
1.939809649429834
1.9398096942855638
1.939809729888602
1.9398097512504244
1.9398097640675183
1.939809786005306
1.9398098117182503
1.9398098271460165
1.939809836402676
1.9398098419566723
1.939809852040497
1.939809859672788
1.9398098642521622
1.9398098669997865
1.9398098694175954
1.9398098720519998
1.9398098736326428
1.9398098745810282
1.9398098755594249
1.9398098769309289
1.9398098771845953
1.9398098776828683
1.9398098779818322
1.9398098782126025
1.9398098785638336
1.9398098787745721
1.9398098789010154
1.9398098789852567
1.939809879098303
1.9398098791862877
1.9398098792849778
1.9398098793289922
1.9398098793924963
1.9398098794546415
1.939809879491929
1.9398098795141312
1.9398098795304468
1.9398098795433938
1.939809879562771
1.939809879576459
1.9398098795846719
1.9398098795895997
1.9398098795925562
1.9398098795943302
1.9398098795954686
1.939809879596165
1.9398098795994145
1.9398098796055534
1.9398098796092367
1.9398098796114465
1.9398098796127723
1.9398098796159278
1.9398098796182706
1.939809879619679
1.9398098796205236
1.9398098796217642
1.9398098796227887
1.9398098796234033
1.939809879623772
1.9398098796244216
1.9398098796248446
1.9398098796250987
1.939809879625251
1.9398098796254102
1.9398098796255905
1.9398098796256988
1.9398098796257635
1.939809879625803
1.9398098796258607
1.939809879625896
1.939809879625917
1.9398098796259298
1.9398098796259513
1.939809879625968
1.9398098796259786
1.939809879625987
1.939809879625996
1.9398098796260017
1.9398098796260048
1.9398098796260068
1.9398098796260095
1.9398098796260115
1.9398098796260126
1.9398098796260133
1.939809879626014
1.9398098796260146
1.939809879626015
1.9398098796260153
1.9398098796260157
1.9398098796260157
1.9398098796260157
1.939809879626016
1.939809879626016
1.9398098796260161
1.9398098796260161
1.9398098796260161
1.9398098796260161
1.9398098796260161
1.9398098796260161
1.9398098796260161
1.9398098796260161
1.9398098796260161
1.9398098796260161
1.9398098796260161
1.9398098796260161
1.9398098796260161
1.9398098796260161
1.9398098796260161
1.9398098796260161
1.9398098796260161
