2.3050546996952557
2.3050546996952557
2.3050546996952557
2.3050546996952557
2.3050546996952557
2.3050546996952557
2.3050546996952557
2.3050546996952557
2.3050546996952557
2.3050546996952557
2.3050546996952557
2.3050546996952557
2.3050546996952557
2.3050546996952557
2.3050546996952557
2.3050546996952557
2.3050546996952557
2.3050546996952557
2.3050546996952557
2.3050546996952557
2.3050546996952557
2.3050546996952557
2.3050546996952557
2.3050546996952557
2.3050546996952557
2.3050546996952557
2.3050546996952557
2.3050546996952557
2.3050546996952557
2.3050546996952557
2.3050546996952557
2.3050546996952557
2.3050546996952557
2.3050546996952557
2.3050546996952557
2.3050546996952557
2.3050546996952557
2.3050546996952557
2.3050546996952557
2.3050546996952557
2.3050546996952557
2.3050546996952557
2.3050546996952557
2.3050546996952557
2.3050546996952557
2.3050546996952557
2.3050546996952557
2.3050546996952557
2.3050546996952557
2.3050546996952557
2.3050546996952557
2.3050546996952557
2.3050546996952557
2.3050546996952557
2.3050546996952557
2.305055121390527
2.305055121390527
2.305055121390527
2.3050556600512726
2.3050556600512726
2.3050556600512726
2.305055728619668
2.3050566219857767
2.3050566219857767
2.3050581808814243
2.3050581808814243
2.3050583129121662
2.3050588480447116
2.30505951792799
2.305060006292849
2.3050602993117733
2.3050607361154536
2.3050612145541294
2.3050615602544346
2.305061802217263
2.3050620840540597
2.305062328650677
2.3050624892699547
2.3050626198205233
2.305062769939549
2.3050628738438785
2.305062899188415
2.305062942950603
2.305062969207916
2.3050629851151827
2.3050630011781807
2.305063013695455
2.3050630237091223
2.3050630308566227
2.305063037229309
2.305063043288473
2.305063043829674
2.3050630466752042
2.305063048336541
2.3050630506255296
2.3050630524701483
2.30506305357692
2.3050630542409825
2.3050630546394197
2.3050630556524063
2.30506305649824
2.3050630570057393
2.3050630573906794
2.305063057806425
2.3050630581234124
2.305063058313604
2.30506305852933
2.305063058662465
2.3050630587589476
2.3050630587589476
2.305063058863019
2.305063058878569
2.3050630588958083
2.305063058923145
2.3050630589441448
2.305063058956744
2.3050630589643037
2.3050630589688392
2.3050630589859584
2.3050630589969967
2.3050630590036825
2.305063059011484
2.3050630590225163
2.305063059029136
2.3050630590331074
2.3050630590377974
2.3050630590417422
2.3050630590441092
2.3050630590455294
2.305063059046382
2.3050630590468932
2.3050630590472
2.3050630590480785
2.3050630590489534
2.305063059049479
2.3050630590497945
2.3050630590499837
2.3050630590500965
2.3050630590501653
2.305063059050206
2.305063059050263
2.305063059050477
2.305063059050605
2.305063059050682
2.3050630590507724
2.305063059050868
2.3050630590509256
2.3050630590509753
2.3050630590510273
2.3050630590510592
2.305063059051079
2.3050630590511063
2.3050630590511236
2.3050630590511343
2.3050630590511405
2.305063059051152
2.3050630590511596
2.3050630590511645
2.3050630590511676
2.3050630590511716
2.3050630590511756
2.305063059051178
2.3050630590511796
2.305063059051182
2.3050630590511836
2.305063059051185
2.305063059051186
2.305063059051186
2.3050630590511867
2.3050630590511876
2.3050630590511876
2.3050630590511876
2.3050630590511885
2.3050630590511885
2.3050630590511885
2.3050630590511885
2.3050630590511885
2.3050630590511885
2.3050630590511885
2.3050630590511885
2.3050630590511885
2.3050630590511885
2.3050630590511885
2.3050630590511885
2.3050630590511885
2.3050630590511885
2.3050630590511885
