1.8257934738577974
1.8257934738577974
1.8257934738577974
1.8257934738577974
1.8257934738577974
1.8257934738577974
1.8257934738577974
1.8257934738577974
1.8257934738577974
1.8257934738577974
1.8257934738577974
1.8257934738577974
1.8257934738577974
1.8257934738577974
1.8257934738577974
1.8257934738577974
1.8257934738577974
1.8257934738577974
1.8257934738577974
1.8257934738577974
1.8257934738577974
1.8257934738577974
1.8257934738577974
1.8257934738577974
1.8257934738577974
1.8257934738577974
1.8257934738577974
1.8257934738577974
1.8257934738577974
1.8257934738577974
1.8257934738577974
1.8257934738577974
1.8257934738577974
1.8257934738577974
1.8257934738577974
1.8257934738577974
1.8257934738577974
1.8257934738577974
1.8257934738577974
1.8257934738577974
1.8257934738577974
1.8257934738577974
1.8257934738577974
1.8257934738577974
1.8257934738577974
1.8257934738577974
1.8257934738577974
1.8257934738577974
1.8257934738577974
1.8257934738577974
1.8257934738577974
1.8257934738577974
1.8257934738577974
1.8257934738577974
1.8257934738577974
1.825794026665885
1.825794026665885
1.825794026665885
1.825794026665885
1.8257945603215264
1.8257945603215264
1.8257945603215264
1.8257954620464345
1.825795469681153
1.825795469681153
1.825795469681153
1.8257956802686979
1.8257958347641803
1.8257959274614617
1.8257960108433524
1.8257960347949374
1.8257960658240022
1.8257960844414407
1.8257960844414407
1.8257960844414407
1.8257960847419434
1.8257960847419434
1.8257960847419434
1.8257960847419434
1.8257960847419434
1.8257960923603604
1.8257960995270002
1.8257960999027127
1.8257961054275536
1.8257961101162128
1.8257961133582472
1.8257961164807301
1.8257961183542208
1.825796122005751
1.8257961237215703
1.8257961251939085
1.825796125752628
1.8257961270137555
1.8257961276438495
1.8257961280173722
1.8257961285684112
1.8257961290600309
1.8257961293388516
1.825796129512968
1.8257961296473417
1.8257961297626646
1.8257961298476877
1.8257961299260013
1.825796129936107
1.8257961299702845
1.8257961300028143
1.8257961300479535
1.8257961300543308
1.8257961300762546
1.825796130087708
1.8257961301003434
1.8257961301061205
1.8257961301089254
1.825796130112047
1.825796130118263
1.825796130119781
1.8257961301223924
1.8257961301239596
1.8257961301239596
1.8257961301239596
1.8257961301239596
1.8257961301242966
1.8257961301242966
1.8257961301250611
1.8257961301253072
1.8257961301254548
1.8257961301260084
1.8257961301265588
1.8257961301268901
1.8257961301268901
1.8257961301270813
1.8257961301271268
1.8257961301273433
1.8257961301274053
1.8257961301274432
1.8257961301275367
1.8257961301276049
1.8257961301276753
1.8257961301277363
1.8257961301277539
1.825796130127794
1.825796130127842
1.825796130127856
1.825796130127877
1.825796130127892
1.8257961301279073
1.8257961301279144
1.8257961301279224
1.8257961301279275
1.825796130127935
1.8257961301279366
1.8257961301279366
1.8257961301279382
1.8257961301279426
1.8257961301279437
1.8257961301279453
1.8257961301279457
1.8257961301279466
1.8257961301279466
1.8257961301279466
1.8257961301279466
1.8257961301279466
1.8257961301279475
1.8257961301279475
1.8257961301279475
1.8257961301279477
1.8257961301279477
1.8257961301279477
1.8257961301279486
1.8257961301279486
1.8257961301279488
1.8257961301279488
