1.8430945118428854
1.8430945118428854
1.8430945118428854
1.8430945118428854
1.8430945118428854
1.8430945118428854
1.8430945118428854
1.8430945118428854
1.8430945118428854
1.8430945118428854
1.8430945118428854
1.8430945118428854
1.8430945118428854
1.8430945118428854
1.8430945118428854
1.8430945118428854
1.8430945118428854
1.8430945118428854
1.8430945118428854
1.8430945118428854
1.8430945118428854
1.8430945118428854
1.8430945118428854
1.8430945118428854
1.8430945118428854
1.8430945118428854
1.8430945118428854
1.8430945118428854
1.8430945118428854
1.8430945118428854
1.8430945118428854
1.8430945118428854
1.8430945118428854
1.8430945118428854
1.8430945118428854
1.8430945118428854
1.8430945118428854
1.8430945118428854
1.8430945118428854
1.8430945118428854
1.8430945118428854
1.8430945118428854
1.8430945118428854
1.8430945118428854
1.8430945118428854
1.8430945118428854
1.8430945118428854
1.8430945118428854
1.8430945118428854
1.8430945118428854
1.8430945118428854
1.8430945118428854
1.8430967105438303
1.8430974770078528
1.843097541823252
1.8430989231744108
1.8430998484718977
1.843100403650647
1.843100736757989
1.8431015410828764
1.8431017981958036
1.8431022861801825
1.8431025427405308
1.8431032845080306
1.8431034069330292
1.8431035818704262
1.843103860178436
1.8431040951164823
1.8431042272947384
1.8431043495855042
1.8431044853418743
1.843104588102018
1.8431046710811123
1.8431047208685705
1.8431047559239269
1.8431048021551926
1.8431048329968573
1.843104857789392
1.843104876440835
1.8431048951855054
1.843104909919833
1.843104919368114
1.8431049259037722
1.84310493625366
1.8431049425886812
1.8431049462672227
1.8431049476299803
1.8431049492450975
1.843104950214167
1.8431049513642193
1.8431049514608036
1.8431049520279852
1.8431049523993144
1.843104952622111
1.843104953712282
1.8431049544777787
1.8431049545840472
1.843104954883467
1.8431049550520477
1.8431049551599097
1.8431049552919156
1.8431049553668235
1.8431049554630645
1.8431049554718788
1.8431049554824912
1.843104955578903
1.8431049555956631
1.8431049556282786
1.8431049556472188
1.8431049556810952
1.8431049556810952
1.843104955681796
1.8431049556977828
1.843104955706999
1.8431049557129375
1.8431049557129375
1.843104955718054
1.8431049557199473
1.8431049557217363
1.8431049557229267
1.843104955723493
1.8431049557244525
1.843104955726076
1.843104955727727
1.843104955727986
1.8431049557286676
1.8431049557291674
1.843104955729861
1.8431049557301025
1.8431049557304342
1.843104955730721
1.8431049557311057
1.843104955731212
1.8431049557312755
1.8431049557314994
1.8431049557316233
1.8431049557317387
1.8431049557317487
1.843104955731804
1.8431049557318588
1.8431049557319072
1.8431049557319361
1.8431049557319463
1.8431049557319634
1.843104955731976
1.8431049557319836
1.8431049557319878
1.8431049557319907
1.8431049557319925
1.8431049557319967
1.8431049557320032
1.8431049557320065
1.8431049557320092
1.8431049557320116
1.843104955732012
1.8431049557320127
1.8431049557320134
1.8431049557320134
1.8431049557320134
1.8431049557320134
1.8431049557320134
1.8431049557320134
1.8431049557320134
1.8431049557320134
1.8431049557320134
1.8431049557320134
1.8431049557320134
1.8431049557320134
1.8431049557320134
1.8431049557320134
1.8431049557320134
1.8431049557320134
1.8431049557320134
1.8431049557320134
1.8431049557320134
1.8431049557320134
1.8431049557320134
1.8431049557320134
1.8431049557320134
1.8431049557320134
1.8431049557320134
1.8431049557320134
1.8431049557320134
