1.1545986283623328
1.1545986283623328
1.1545986283623328
1.1545986283623328
1.1545986283623328
1.1545986283623328
1.1545986283623328
1.1545986283623328
1.1545986283623328
1.1545986283623328
1.1545986283623328
1.1545986283623328
1.1545986283623328
1.1545986283623328
1.1545986283623328
1.1545986283623328
1.1545986283623328
1.1545986283623328
1.1545986283623328
1.1545986283623328
1.1545986283623328
1.1545986283623328
1.1545986283623328
1.1545986283623328
1.1545986283623328
1.1545986283623328
1.1545986283623328
1.1545986283623328
1.1545986283623328
1.1545986283623328
1.1545986283623328
1.1545986283623328
1.1545986283623328
1.1545986283623328
1.1545986283623328
1.1545986283623328
1.1545986283623328
1.1545986283623328
1.1545986283623328
1.1545986283623328
1.1545986283623328
1.1545986283623328
1.1545986283623328
1.1545986283623328
1.1548100596588065
1.1548100596588065
1.1548100596588065
1.1548100596588065
1.1548100596588065
1.1548100596588065
1.1548100596588065
1.1548100596588065
1.1548148908962739
1.1548148908962739
1.1548148908962739
1.1548157180106065
1.1548204494654815
1.1548321980318477
1.1548321980318477
1.1548423216815809
1.1548441880784914
1.154848844392519
1.1548520603995742
1.154854896566391
1.1548568822746146
1.1548592296773124
1.1548606381211053
1.154861483188164
1.1548622937178792
1.1548628025812602
1.1548633790172766
1.1548637248790168
1.1548639323961079
1.1548640824686314
1.1548644098065617
1.1548646124893984
1.1548647340991252
1.1548648070649703
1.1548649483639182
1.1548651170225563
1.1548652182177557
1.1548653080076325
1.1548654066437856
1.1548654658254844
1.1548655013345053
1.154865530120137
1.1548655572897744
1.1548655735915574
1.1548655833726276
1.154865589241269
1.154865592820619
1.1548655965149688
1.1548655993249783
1.1548656010109837
1.1548656020225878
1.1548656026295494
1.1548656030393603
1.1548656039664913
1.1548656046672992
1.1548656050877844
1.1548656053400754
1.154865605495373
1.1548656057443436
1.1548656059218048
1.1548656060282805
1.1548656060921667
1.1548656061308797
1.154865606214785
1.1548656062803726
1.154865606319725
1.1548656063438056
1.1548656063751486
1.1548656063966043
1.154865606409478
1.1548656064177119
1.1548656064247986
1.154865606431235
1.1548656064355438
1.154865606438473
1.1548656064414389
1.154865606443423
1.154865606444614
1.1548656064453553
1.154865606446406
1.154865606447269
1.154865606447786
1.1548656064480964
1.154865606448283
1.154865606448395
1.154865606448552
1.154865606448786
1.1548656064489264
1.1548656064490104
1.1548656064490663
1.154865606449121
1.1548656064491716
1.1548656064492024
1.154865606449221
1.1548656064492322
1.1548656064492386
1.1548656064492449
1.15486560644927
1.1548656064492855
1.1548656064492946
1.154865606449308
1.1548656064493197
1.1548656064493263
1.1548656064493303
1.154865606449336
1.1548656064493403
1.1548656064493426
1.1548656064493437
1.1548656064493448
1.1548656064493459
1.1548656064493465
1.154865606449347
1.154865606449347
1.154865606449347
1.154865606449347
1.154865606449347
1.154865606449347
1.154865606449347
1.154865606449347
1.154865606449347
1.154865606449347
1.154865606449347
1.154865606449347
1.154865606449347
1.154865606449347
1.154865606449347
1.154865606449347
1.154865606449347
1.154865606449347
1.154865606449347
1.154865606449347
1.154865606449347
1.154865606449347
1.154865606449347
1.154865606449347
1.154865606449347
1.154865606449347
1.154865606449347
1.154865606449347
1.154865606449347
1.154865606449347
1.154865606449347
1.154865606449347
