2.1322123029460656
2.1322123029460656
2.1322123029460656
2.1322123029460656
2.1322123029460656
2.1322123029460656
2.1322123029460656
2.1322123029460656
2.1322123029460656
2.1322123029460656
2.1322123029460656
2.1322123029460656
2.1322123029460656
2.1322123029460656
2.1322123029460656
2.1322123029460656
2.1322123029460656
2.1322123029460656
2.1322123029460656
2.1322123029460656
2.1322123029460656
2.1322123029460656
2.1322123029460656
2.1322123029460656
2.1322123029460656
2.1322123029460656
2.1322123029460656
2.1322123029460656
2.1322123029460656
2.1322123029460656
2.1322123029460656
2.1322123029460656
2.1322123029460656
2.1322123029460656
2.1322123029460656
2.1322123029460656
2.1322123029460656
2.1322123029460656
2.1322123029460656
2.1322123029460656
2.1322123029460656
2.1322123029460656
2.1322123029460656
2.1322123029460656
2.1322123029460656
2.1322123029460656
2.1322123029460656
2.1322123029460656
2.1322123029460656
2.1322123029460656
2.1322123029460656
2.1322123029460656
2.1322123029460656
2.1322123029460656
2.1322123029460656
2.1322133414471915
2.1322133414471915
2.1322133414471915
2.1322133414471915
2.1322133414471915
2.13221355688191
2.13221355688191
2.132213789649244
2.132213831179214
2.1322138560971955
2.1322139179591013
2.132213959498916
2.132213984422808
2.1322140359683677
2.132214073287001
2.1322140956781785
2.1322142162816413
2.1322142162816413
2.1322142408709737
2.132214280412028
2.132214333840588
2.1322144099829234
2.1322144116417223
2.132214462176723
2.132214494500526
2.1322145257005123
2.132214547120081
2.1322145630583504
2.132214576093543
2.132214584297329
2.132214588662546
2.1322145946527824
2.1322145973653277
2.132214600743737
2.1322146060308813
2.1322146100668076
2.1322146174731853
2.1322146184948916
2.1322146221590734
2.1322146240460467
2.1322146240460467
2.132214625352558
2.1322146259101364
2.13221462609625
2.1322146267183903
2.1322146272748186
2.132214627688273
2.132214628155994
2.132214628719626
2.13221462914847
2.1322146294057767
2.1322146294781925
2.132214629586596
2.13221462963183
2.1322146297084625
2.132214629754441
2.1322146298206466
2.132214629833693
2.1322146298881406
2.1322146299405467
2.1322146299719904
2.132214629992481
2.1322146300204117
2.1322146300437317
2.1322146300640625
2.1322146300669598
2.1322146300787024
2.132214630087486
2.1322146300904605
2.1322146300949756
2.1322146300952647
2.132214630096352
2.132214630096352
2.1322146300967453
2.1322146300973266
2.1322146300973266
2.13221463009741
2.1322146300975118
2.1322146300975726
2.132214630097609
2.132214630097977
2.132214630098073
2.1322146300981295
2.1322146300982747
2.1322146300983507
2.132214630098394
2.1322146300984173
2.1322146300984524
2.132214630098501
2.132214630098531
2.132214630098561
2.1322146300985922
2.1322146300986087
2.132214630098624
2.1322146300986327
2.1322146300986367
2.132214630098639
2.1322146300986424
2.132214630098644
2.1322146300986473
2.1322146300986473
2.1322146300986486
2.1322146300986495
2.1322146300986504
2.132214630098652
2.132214630098653
2.132214630098653
2.132214630098654
2.132214630098655
2.1322146300986553
2.1322146300986557
2.1322146300986557
2.1322146300986557
2.132214630098656
2.1322146300986566
2.1322146300986566
2.1322146300986566
2.1322146300986566
2.132214630098657
2.132214630098657
2.132214630098657
2.132214630098657
2.132214630098657
2.132214630098657
2.132214630098657
2.132214630098657
2.132214630098657
2.132214630098657
