1.6864278662011214
1.6864278662011214
1.6864278662011214
1.6864278662011214
1.6864278662011214
1.6864278662011214
1.6864278662011214
1.6864278662011214
1.6864278662011214
1.6864278662011214
1.6864278662011214
1.6864278662011214
1.6864278662011214
1.6864278662011214
1.6864278662011214
1.6864278662011214
1.6864278662011214
1.6864278662011214
1.6864278662011214
1.6864278662011214
1.6864278662011214
1.6864278662011214
1.6864278662011214
1.6864278662011214
1.6864278662011214
1.6864278662011214
1.6864278662011214
1.6864278662011214
1.6864278662011214
1.6864278662011214
1.6864278662011214
1.6864278662011214
1.6864278662011214
1.6864278662011214
1.6864278662011214
1.6864278662011214
1.6864278662011214
1.6864278662011214
1.6864278662011214
1.6864278662011214
1.6864278662011214
1.6864424498871478
1.6864424498871478
1.6864424498871478
1.6864565608450293
1.6864565608450293
1.6864565608450293
1.6864565608450293
1.6864687442791828
1.6864687442791828
1.6864687442791828
1.6864687442791828
1.6864687442791828
1.6864687442791828
1.6864687442791828
1.6864687442791828
1.6864688962006282
1.6864688962006282
1.6864688962006282
1.6864722706380848
1.6864736338393997
1.6864736338393997
1.6864736338393997
1.6864755299034122
1.6864755299034122
1.686475890524071
1.6864763637067777
1.6864768168035114
1.6864775984405274
1.6864775984405274
1.6864777373896573
1.6864779969694645
1.6864781700108544
1.686478357495087
1.686478473468944
1.686478473468944
1.6864785531145152
1.6864785810194938
1.6864786311946725
1.6864786736978807
1.6864787047247152
1.6864787233408154
1.6864787542520614
1.6864787816661913
1.6864787987704402
1.6864788090329899
1.6864788090329899
1.686478811546907
1.6864788145857559
1.6864788210415351
1.6864788324871265
1.6864788327699458
1.6864788343670531
1.6864788362371332
1.6864788379464102
1.6864788395286667
1.686478840809629
1.6864788416010383
1.6864788425405464
1.6864788431937423
1.6864788432154694
1.6864788434860953
1.6864788437557134
1.6864788439174838
1.6864788443398961
1.6864788446209276
1.6864788446966839
1.6864788446966839
1.6864788448041796
1.6864788448322037
1.686478844855967
1.686478844855967
1.686478844855967
1.6864788448585244
1.6864788448795027
1.68647884489209
1.6864788449018415
1.68647884492102
1.6864788449254644
1.6864788449308317
1.686478844932535
1.686478844937485
1.686478844941308
1.6864788449436021
1.6864788449449781
1.6864788449486374
1.6864788449519719
1.68647884495398
1.6864788449551937
1.6864788449562098
1.686478844957107
1.6864788449582242
1.6864788449590493
1.686478844959562
1.6864788449598695
1.6864788449600543
1.6864788449603645
1.6864788449605659
1.6864788449607158
1.686478844960844
1.6864788449609542
1.6864788449610204
1.6864788449610661
1.6864788449611188
1.6864788449611672
1.686478844961196
1.6864788449612218
1.686478844961252
1.68647884496127
1.6864788449612804
1.6864788449612873
1.6864788449612909
1.6864788449612933
1.6864788449612944
1.6864788449612989
1.6864788449613022
1.6864788449613046
1.686478844961306
1.6864788449613064
1.6864788449613077
1.6864788449613093
1.6864788449613104
1.686478844961311
1.6864788449613117
1.6864788449613124
1.6864788449613126
1.686478844961313
1.686478844961313
1.686478844961313
1.686478844961313
1.686478844961313
1.686478844961313
1.686478844961313
1.686478844961313
1.686478844961313
1.686478844961313
1.686478844961313
1.686478844961313
1.686478844961313
1.686478844961313
1.686478844961313
1.686478844961313
1.686478844961313
1.686478844961313
1.686478844961313
1.686478844961313
1.686478844961313
1.686478844961313
1.686478844961313
1.686478844961313
