2.0285299666228194
2.0285299666228194
2.0285299666228194
2.0285299666228194
2.0285299666228194
2.0285299666228194
2.0285299666228194
2.0285299666228194
2.0285299666228194
2.0285299666228194
2.0285299666228194
2.0285299666228194
2.0285299666228194
2.0285299666228194
2.0285299666228194
2.0285299666228194
2.0285299666228194
2.0285299666228194
2.0285299666228194
2.0285299666228194
2.0285299666228194
2.0285299666228194
2.0285299666228194
2.0285299666228194
2.0285299666228194
2.0285299666228194
2.0285299666228194
2.0285299666228194
2.0285299666228194
2.0285299666228194
2.0285299666228194
2.0285299666228194
2.0285299666228194
2.0285299666228194
2.0285299666228194
2.0285299666228194
2.0285299666228194
2.0285299666228194
2.0285299666228194
2.0285299666228194
2.0285299666228194
2.0285299666228194
2.0285299666228194
2.0285299666228194
2.0285299666228194
2.0285841440571577
2.0287179061229743
2.028798156263638
2.0288463037925966
2.0288463037925966
2.0288463037925966
2.0288589048086925
2.0288589048086925
2.0288589048086925
2.0288589048086925
2.0288589048086925
2.0288589048086925
2.0288589048086925
2.028867719527367
2.028867719527367
2.028867719527367
2.028867719527367
2.0288701323705407
2.0288701323705407
2.0288701323705407
2.0288712030275193
2.0288715599678517
2.028871997550406
2.028872648188183
2.0288730385707376
2.02887353334871
2.0288742429622064
2.028874921680516
2.0288752575986226
2.0288752575986226
2.0288754741793915
2.0288754742218655
2.0288754742218655
2.028875643059166
2.0288756898798206
2.0288757358141156
2.0288757861951745
2.028875791397229
2.028875851942037
2.0288758767204516
2.0288758915874987
2.028875921014201
2.0288759346716017
2.0288759512022505
2.02887595716306
2.0288759677062846
2.028875977096107
2.028875981959858
2.0288759872633677
2.028875989081176
2.02887599301168
2.0288759950815813
2.028875997187676
2.028875998451333
2.0288759995578225
2.0288760007229847
2.028876000850185
2.0288760015214824
2.028876001972483
2.0288760023972623
2.028876002728131
2.0288760029266526
2.0288760034046422
2.0288760037175004
2.0288760039412845
2.028876004075553
2.028876004191638
2.0288760042531746
2.028876004317999
2.0288760044398435
2.0288760044461944
2.028876004450006
2.028876004452375
2.028876004481791
2.0288760045159284
2.0288760045364125
2.028876004541898
2.028876004541898
2.0288760045673113
2.028876004572236
2.0288760045751904
2.028876004582375
2.028876004590488
2.028876004595355
2.028876004598275
2.028876004600846
2.0288760046086183
2.0288760046109737
2.0288760046137106
2.028876004616877
2.0288760046174854
2.0288760046201713
2.0288760046222647
2.02887600462379
2.0288760046248764
2.0288760046256886
2.0288760046264094
2.0288760046272105
2.028876004627368
2.0288760046280565
2.0288760046288252
2.028876004628911
2.0288760046293572
2.02887600462963
2.028876004630116
2.0288760046302987
2.028876004630511
2.0288760046306886
2.0288760046308596
2.028876004630995
2.028876004631096
2.028876004631217
2.028876004631294
2.0288760046313388
2.028876004631351
2.028876004631378
2.0288760046313934
2.028876004631415
2.028876004631436
2.0288760046314414
2.0288760046314507
2.028876004631459
2.0288760046314653
2.0288760046314707
2.028876004631472
2.0288760046314773
2.028876004631479
2.028876004631481
2.0288760046314818
2.028876004631482
2.028876004631483
2.028876004631483
2.0288760046314835
2.0288760046314835
2.028876004631484
2.028876004631484
2.028876004631484
2.028876004631484
2.028876004631484
2.028876004631484
2.028876004631484
2.028876004631484
2.028876004631484
2.028876004631484
2.028876004631484
