1.0382187391090334
1.0382187391090334
1.0382187391090334
1.0382187391090334
1.0382187391090334
1.0382187391090334
1.0382187391090334
1.0382187391090334
1.0382187391090334
1.0382187391090334
1.0382187391090334
1.0382187391090334
1.0382187391090334
1.0382187391090334
1.0382187391090334
1.0382187391090334
1.0382187391090334
1.0382187391090334
1.0382187391090334
1.0382187391090334
1.0382187391090334
1.0382187391090334
1.0382187391090334
1.0382187391090334
1.0382187391090334
1.0382187391090334
1.0382187391090334
1.0382187391090334
1.0382187391090334
1.0382187391090334
1.0382187391090334
1.0382187391090334
1.0382187391090334
1.0382187391090334
1.0382187391090334
1.0382187391090334
1.0382187391090334
1.0382187391090334
1.0382187391090334
1.0382187391090334
1.0382187391090334
1.0382187391090334
1.0382187391090334
1.0382187391090334
1.0382187391090334
1.0382187391090334
1.0382187391090334
1.0382187391090334
1.0382187391090334
1.0382187391090334
1.0382187391090334
1.0382187391090334
1.0382187391090334
1.0382187391090334
1.0382188171115492
1.0382195107354732
1.0382195107354732
1.0382195107354732
1.0382196783850526
1.0382196783850526
1.0382196783850526
1.0382196783850526
1.0382197336605015
1.038219886682741
1.0382199843689894
1.0382200439234692
1.0382201163819518
1.0382202364313677
1.0382203292476753
1.03822037035736
1.0382204237742896
1.0382204818167988
1.0382205234796873
1.0382205510139144
1.038220592422167
1.0382206219935748
1.0382206463469794
1.0382206558560314
1.038220671572209
1.0382206888566732
1.0382206997882446
1.0382207106781587
1.038220721374853
1.0382207277928694
1.0382207319091794
1.0382207354721864
1.038220739117905
1.0382207401473795
1.0382207411173963
1.0382207425872971
1.0382207425872971
1.0382207432402326
1.0382207440588607
1.038220744242543
1.0382207443527527
1.0382207444763756
1.038220744772715
1.038220744967091
1.038220745092719
1.038220745092719
1.0382207452030883
1.0382207452067045
1.0382207452522596
1.038220745276134
1.0382207453288135
1.0382207453551062
1.0382207453551062
1.0382207453829355
1.0382207453829355
1.0382207453829355
1.0382207453835495
1.038220745391306
1.0382207453959598
1.0382207453987522
1.0382207453987522
1.0382207454004386
1.038220745402452
1.0382207454036596
1.0382207454051142
1.0382207454056491
1.0382207454059171
1.03822074540729
1.038220745407621
1.038220745408263
1.0382207454083583
1.0382207454086503
1.0382207454090104
1.0382207454090104
1.0382207454091605
1.0382207454093264
1.0382207454093264
1.0382207454093717
1.0382207454093868
1.0382207454094146
1.0382207454094374
1.0382207454094696
1.0382207454094696
1.038220745409493
1.0382207454095105
1.0382207454095211
1.0382207454095411
1.0382207454095496
1.0382207454095498
1.0382207454095573
1.038220745409561
1.038220745409561
1.0382207454095658
1.0382207454095664
1.0382207454095667
1.0382207454095669
1.038220745409567
1.0382207454095684
1.0382207454095684
1.0382207454095687
1.0382207454095687
1.038220745409569
1.038220745409569
1.038220745409569
1.038220745409569
1.038220745409569
1.038220745409569
1.038220745409569
1.038220745409569
1.038220745409569
1.038220745409569
1.038220745409569
1.038220745409569
1.038220745409569
1.038220745409569
1.038220745409569
1.0382207454095693
1.0382207454095693
1.0382207454095693
1.0382207454095693
1.0382207454095693
1.0382207454095693
1.0382207454095693
1.0382207454095693
1.0382207454095693
1.0382207454095693
1.0382207454095693
1.0382207454095693
