2.8670733807317936
2.8670733807317936
2.8670733807317936
2.8670733807317936
2.8670733807317936
2.8670733807317936
2.8670733807317936
2.8670733807317936
2.8670733807317936
2.8670733807317936
2.8670733807317936
2.8670733807317936
2.8670733807317936
2.8670733807317936
2.8670733807317936
2.8670733807317936
2.8670733807317936
2.8670733807317936
2.8670733807317936
2.8670733807317936
2.8670733807317936
2.8670733807317936
2.8670733807317936
2.8670733807317936
2.8670733807317936
2.8670733807317936
2.8670733807317936
2.8670733807317936
2.8670733807317936
2.8670733807317936
2.8670733807317936
2.8670733807317936
2.8670733807317936
2.8670733807317936
2.8670733807317936
2.8670733807317936
2.8670733807317936
2.8670733807317936
2.8670733807317936
2.8670733807317936
2.8670733807317936
2.8670733807317936
2.8670733807317936
2.8670733807317936
2.8670733807317936
2.8670733807317936
2.8670733807317936
2.8670733807317936
2.8670733807317936
2.8670733807317936
2.8670733807317936
2.8670733807317936
2.8670733807317936
2.8670733807317936
2.8670733807317936
2.8670733807317936
2.8670733807317936
2.8670733807317936
2.8670733807317936
2.8670733807317936
2.8670733807317936
2.8670733807317936
2.8670733807317936
2.8670747974905177
2.8670766997443273
2.8670782635284158
2.8670793661768275
2.8670798368778807
2.8670802179264454
2.8670804465555637
2.8670818954545276
2.8670818954545276
2.8670822740352238
2.8670827826722824
2.8670830968585084
2.867083544478644
2.8670838134927132
2.867083979660008
2.8670841850095203
2.867084354882927
2.8670844898404777
2.867084575065115
2.8670846834282955
2.8670847564552986
2.867084791879966
2.8670848190673506
2.8670848414327867
2.8670848532829187
2.8670848713891806
2.8670848820098223
2.8670848924881733
2.86708489973859
2.867084906410915
2.8670849109049965
2.8670849119070665
2.8670849134801224
2.8670849158072125
2.867084918153615
2.8670849196199475
2.867084920625883
2.867084921229444
2.867084921591581
2.867084922208415
2.867084922632711
2.8670849229042883
2.8670849231225235
2.8670849234451334
2.867084923636751
2.8670849237079548
2.8670849238125498
2.8670849238853857
2.86708492394016
2.8670849239891116
2.867084924000982
2.867084924015417
2.8670849240471585
2.867084924078444
2.8670849240972167
2.8670849241084797
2.867084924126518
2.867084924143072
2.867084924143566
2.8670849241560776
2.867084924157282
2.8670849241628646
2.8670849241719067
2.8670849241773326
2.8670849241773326
2.8670849241773326
2.8670849241773326
2.8670849241793896
2.8670849241793896
2.8670849241793896
2.8670849241793896
2.8670849241793896
2.8670849241793896
2.867084924180135
2.867084924181084
2.8670849241815333
2.8670849241815333
2.8670849241815333
2.8670849241818286
2.867084924181846
2.867084924181863
2.8670849241819267
2.8670849241820133
2.8670849241820653
2.8670849241821004
2.8670849241821266
2.8670849241821856
2.867084924182221
2.867084924182243
2.867084924182258
2.867084924182272
2.8670849241822816
2.867084924182291
2.867084924182296
2.8670849241823015
2.867084924182308
2.8670849241823126
2.8670849241823144
2.867084924182317
2.8670849241823197
2.867084924182322
2.8670849241823224
2.8670849241823237
2.8670849241823237
2.867084924182325
2.867084924182325
2.8670849241823255
2.8670849241823255
2.867084924182326
2.867084924182326
2.867084924182326
2.867084924182326
2.867084924182326
2.867084924182326
2.867084924182326
2.867084924182326
2.867084924182326
2.867084924182326
2.867084924182326
2.867084924182326
2.867084924182326
2.867084924182326
2.867084924182326
2.867084924182326
2.867084924182326
2.867084924182326
2.867084924182326
