2.0826609566608636
2.0826609566608636
2.0826609566608636
2.0826609566608636
2.0826609566608636
2.0826609566608636
2.0826609566608636
2.0826609566608636
2.0826609566608636
2.0826609566608636
2.0826609566608636
2.0826609566608636
2.0826609566608636
2.0826609566608636
2.0826609566608636
2.0826609566608636
2.0826609566608636
2.0826609566608636
2.0826609566608636
2.0826609566608636
2.0826609566608636
2.0826609566608636
2.0826609566608636
2.0826609566608636
2.0826609566608636
2.0826609566608636
2.0826609566608636
2.0826609566608636
2.0826609566608636
2.0826609566608636
2.0826609566608636
2.0826609566608636
2.0826609566608636
2.0826609566608636
2.0826609566608636
2.0826609566608636
2.0826609566608636
2.0826609566608636
2.0826609566608636
2.0826609566608636
2.0826609566608636
2.0826609566608636
2.0826609566608636
2.0826609566608636
2.0826609566608636
2.0826609566608636
2.0826609566608636
2.0826609566608636
2.0826609566608636
2.0826609566608636
2.0826609566608636
2.0826609566608636
2.0826609566608636
2.0826723581363935
2.0826723581363935
2.0826723581363935
2.082674336351519
2.0826771925128784
2.0826792890408785
2.0826806682210384
2.082681495727964
2.0826845260878755
2.0826846530401784
2.0826863634193806
2.082688020083624
2.08268921894175
2.0826899923441653
2.0826913613900304
2.082692485579992
2.0826931600935863
2.0826935648016054
2.0826938076263675
2.082694511720034
2.0826950621848215
2.082695392463637
2.082695590630906
2.082695890231625
2.082696332766031
2.082696598286641
2.082696757598995
2.0826968531864036
2.082696966411954
2.0826970753948055
2.0826971407845143
2.08269718001834
2.0826972127043457
2.082697265128846
2.0826972965835457
2.0826973154563655
2.0826973267800577
2.0826973335742727
2.082697341053963
2.0826973489112772
2.082697353625666
2.0826973564542994
2.0826973581514796
2.0826973610034765
2.0826973642129993
2.0826973661387127
2.0826973672941413
2.0826973679873984
2.0826973685253622
2.082697369716579
2.082697370431309
2.082697370860147
2.08269737111745
2.082697371276136
2.0826973716203256
2.08269737183102
2.0826973719574373
2.0826973720525452
2.0826973721633815
2.082697372229883
2.082697372269784
2.0826973723182167
2.0826973723524445
2.082697372372981
2.0826973723886666
2.0826973724136066
2.0826973724285707
2.0826973724375506
2.082697372451742
2.0826973724606406
2.0826973724659803
2.082697372472291
2.0826973724775426
2.082697372480694
2.0826973724825844
2.082697372483718
2.082697372485123
2.082697372486423
2.0826973724872033
2.082697372487671
2.0826973724881546
2.0826973724888775
2.082697372489311
2.082697372489571
2.0826973724897275
2.0826973724898217
2.0826973724901032
2.082697372490359
2.082697372490513
2.082697372490605
2.0826973724907316
2.0826973724909212
2.082697372491034
2.0826973724911024
2.0826973724911433
2.0826973724912117
2.082697372491324
2.0826973724913906
2.0826973724914306
2.0826973724914546
2.082697372491525
2.082697372491578
2.082697372491609
2.082697372491632
2.0826973724916615
2.0826973724916793
2.0826973724916904
2.082697372491697
2.082697372491703
2.0826973724917086
2.0826973724917117
2.082697372491714
2.082697372491716
2.0826973724917175
2.082697372491719
2.0826973724917193
2.0826973724917197
2.08269737249172
2.08269737249172
2.0826973724917206
2.0826973724917206
2.0826973724917206
2.0826973724917206
2.0826973724917206
2.0826973724917206
2.0826973724917206
2.0826973724917206
2.0826973724917206
2.0826973724917206
2.0826973724917206
2.0826973724917206
2.0826973724917206
2.0826973724917206
2.0826973724917206
2.0826973724917206
2.0826973724917206
