1.4444768067489804
1.4444768067489804
1.4444768067489804
1.4444768067489804
1.4444768067489804
1.4444768067489804
1.4444768067489804
1.4444768067489804
1.4444768067489804
1.4444768067489804
1.4444768067489804
1.4444768067489804
1.4444768067489804
1.4444768067489804
1.4444768067489804
1.4444768067489804
1.4444768067489804
1.4444768067489804
1.4444768067489804
1.4444768067489804
1.4444768067489804
1.4444768067489804
1.4444768067489804
1.4444768067489804
1.4444768067489804
1.4444768067489804
1.4444768067489804
1.4444768067489804
1.4444768067489804
1.4444768067489804
1.4444768067489804
1.4444768067489804
1.4444768067489804
1.4444768067489804
1.4444768067489804
1.4444768067489804
1.4444768067489804
1.4444768067489804
1.4444768067489804
1.4444768067489804
1.4444768067489804
1.4444768067489804
1.4444768067489804
1.4444768067489804
1.4444768067489804
1.4444799568327864
1.4444799568327864
1.4444929351446856
1.4444937186314772
1.4444941887236373
1.4444944707789644
1.4444946400121714
1.4444947415521
1.4444948024760584
1.4444955724179616
1.4444955724179616
1.4444955724179616
1.4444957203853093
1.4444961928134503
1.4444963306718148
1.4444976018301168
1.4444983447019974
1.4444983447019974
1.4444996895186686
1.4445008070692467
1.4445014775999439
1.444502402672106
1.4445028794566717
1.4445033397125158
1.444503676357014
1.4445038257897163
1.4445039419391492
1.4445041097616458
1.4445043580537416
1.4445045077561338
1.4445045975775768
1.4445046591581479
1.444504754951866
1.4445048204230135
1.4445048602734745
1.444504886148062
1.4445049149824136
1.4445049349799297
1.4445049469784397
1.444504962216676
1.4445049723869345
1.444504979403495
1.4445049870812048
1.4445049911411674
1.4445049953399456
1.444504998047262
1.4445050004970537
1.4445050030233006
1.4445050039316605
1.444505005007074
1.4445050058094044
1.4445050067779985
1.444505007377197
1.4445050078959571
1.4445050085577291
1.444505009041547
1.4445050093318377
1.4445050094170728
1.4445050095491636
1.444505009683597
1.4445050098887666
1.4445050100118686
1.44450501008573
1.4445050101300467
1.4445050102120545
1.4445050102973553
1.4445050103489216
1.4445050103830026
1.4445050104243555
1.4445050104576318
1.4445050104856014
1.4445050105060642
1.444505010518342
1.4445050105257087
1.4445050105301287
1.4445050105384163
1.4445050105436432
1.4445050105469825
1.444505010549023
1.4445050105510588
1.444505010552814
1.444505010554734
1.4445050105560073
1.4445050105567718
1.444505010557742
1.4445050105585866
1.44450501055911
1.444505010559424
1.4445050105596333
1.4445050105599748
1.4445050105602606
1.4445050105604322
1.444505010560535
1.4445050105606163
1.444505010560844
1.444505010560981
1.4445050105610635
1.444505010561179
1.4445050105612651
1.444505010561317
1.4445050105613482
1.4445050105613912
1.4445050105614263
1.4445050105614472
1.4445050105614616
1.4445050105614776
1.4445050105614874
1.4445050105614932
1.4445050105614985
1.4445050105615036
1.444505010561507
1.4445050105615087
1.4445050105615098
1.4445050105615118
1.4445050105615134
1.4445050105615143
1.4445050105615154
1.4445050105615163
1.4445050105615171
1.4445050105615176
1.4445050105615178
1.4445050105615183
1.4445050105615185
1.4445050105615187
1.4445050105615191
1.4445050105615191
1.4445050105615191
1.4445050105615191
1.4445050105615191
1.4445050105615191
1.4445050105615191
1.4445050105615191
1.4445050105615191
1.4445050105615191
1.4445050105615191
1.4445050105615191
1.4445050105615191
1.4445050105615191
1.4445050105615191
1.4445050105615191
