1.923829280740502
1.923829280740502
1.923829280740502
1.923829280740502
1.923829280740502
1.923829280740502
1.923829280740502
1.923829280740502
1.923829280740502
1.923829280740502
1.923829280740502
1.923829280740502
1.923829280740502
1.923829280740502
1.923829280740502
1.923829280740502
1.923829280740502
1.923829280740502
1.923829280740502
1.923829280740502
1.923829280740502
1.923829280740502
1.923829280740502
1.923829280740502
1.923829280740502
1.923829280740502
1.923829280740502
1.923829280740502
1.923829280740502
1.923829280740502
1.923829280740502
1.923829280740502
1.923829280740502
1.923829280740502
1.923829280740502
1.923829280740502
1.923829280740502
1.923829280740502
1.923829280740502
1.923829280740502
1.923829280740502
1.923829280740502
1.9239389796701256
1.9239389796701256
1.9239389796701256
1.9239389796701256
1.9239681459104208
1.9239681459104208
1.9239681459104208
1.9239681459104208
1.9239779927965086
1.9239948792864299
1.9239948792864299
1.9239948792864299
1.924000009010892
1.924000009010892
1.924000009010892
1.9240067423510603
1.9240067423510603
1.9240122332798266
1.9240185723555814
1.9240223887901735
1.9240264101242062
1.9240323532170256
1.9240356802556178
1.9240376764768903
1.9240394829468839
1.9240424961941243
1.9240444672338846
1.924045657765556
1.924047128167574
1.9240484004244536
1.9240491266345123
1.924049605336129
1.9240502024179242
1.9240507177142505
1.9240510268920277
1.9240512123986864
1.9240515690961129
1.9240518387952195
1.9240520066268356
1.924052099477002
1.924052166381512
1.9240522328088538
1.9240523171915112
1.9240523792766349
1.924052416527707
1.9240524584210839
1.9240524948342315
1.92405251668212
1.9240525311395473
1.9240525600274285
1.9240526093814607
1.924052638993879
1.9240526567613294
1.9240526801646343
1.9240527040910373
1.9240527195337978
1.9240527272972145
1.924052733017764
1.9240527407565076
1.924052747098784
1.9240527505125578
1.9240527527079914
1.9240527547855133
1.9240527577695787
1.9240527596231638
1.9240527607796538
1.9240527624461936
1.9240527637855085
1.924052763915094
1.9240527644076995
1.92405276492479
1.924052765329404
1.92405276549604
1.9240527655784383
1.9240527656399982
1.9240527658011783
1.9240527659490392
1.9240527660408202
1.924052766096539
1.92405276617426
1.9240527662262157
1.9240527662577713
1.9240527662771096
1.9240527662896636
1.924052766311765
1.9240527663310256
1.9240527663427642
1.924052766349808
1.9240527663540334
1.9240527663565683
1.9240527663588782
1.9240527663622358
1.9240527663643954
1.9240527663657307
1.9240527663665703
1.9240527663670894
1.924052766368278
1.9240527663690785
1.924052766369561
1.9240527663698501
1.924052766370023
1.9240527663703633
1.9240527663706828
1.9240527663708784
1.9240527663709954
1.9240527663710665
1.9240527663711084
1.924052766371212
1.9240527663713092
1.924052766371369
1.9240527663714027
1.9240527663714238
1.924052766371477
1.9240527663715146
1.9240527663715359
1.9240527663715572
1.9240527663715803
1.9240527663715943
1.9240527663716036
1.9240527663716112
1.9240527663716216
1.9240527663716278
1.9240527663716318
1.9240527663716336
1.924052766371638
1.9240527663716396
1.9240527663716416
1.9240527663716422
1.9240527663716434
1.9240527663716454
1.9240527663716454
1.9240527663716454
1.9240527663716454
1.9240527663716454
1.9240527663716454
1.9240527663716454
1.9240527663716454
1.9240527663716454
1.9240527663716454
1.9240527663716454
1.9240527663716454
1.9240527663716454
1.9240527663716454
1.9240527663716454
1.9240527663716454
1.9240527663716454
1.9240527663716454
1.9240527663716454
1.9240527663716454
1.9240527663716454
1.9240527663716454
1.9240527663716454
1.9240527663716454
1.9240527663716454
1.9240527663716454
