1.7801443534935113
1.7801443534935113
1.7801443534935113
1.7801443534935113
1.7801443534935113
1.7801443534935113
1.7801443534935113
1.7801443534935113
1.7801443534935113
1.7801443534935113
1.7801443534935113
1.7801443534935113
1.7801443534935113
1.7801443534935113
1.7801443534935113
1.7801443534935113
1.7801443534935113
1.7801443534935113
1.7801443534935113
1.7801443534935113
1.7801443534935113
1.7801443534935113
1.7801443534935113
1.7801443534935113
1.7801443534935113
1.7801443534935113
1.7801443534935113
1.7801443534935113
1.7801443534935113
1.7801443534935113
1.7801443534935113
1.7801443534935113
1.7801443534935113
1.7801443534935113
1.7801443534935113
1.7801443534935113
1.7801443534935113
1.7801443534935113
1.7801443534935113
1.7801443534935113
1.7801443534935113
1.7801443534935113
1.7801443534935113
1.7801443534935113
1.7801443534935113
1.7801443534935113
1.7801443534935113
1.7801443534935113
1.7801443534935113
1.780162999802059
1.780162999802059
1.780162999802059
1.780162999802059
1.780162999802059
1.7801660624249294
1.780167093650196
1.780173107975985
1.780179274802987
1.7801838219108412
1.7801865501825036
1.7801881871480036
1.7801929251732953
1.7801974142051495
1.780199286468748
1.7802017871988487
1.7802041770881865
1.7802058869281654
1.7802069128332636
1.780207846402309
1.7802085915436887
1.7802096508431218
1.7802103096546043
1.7802107049416558
1.7802109421139451
1.7802110844173396
1.780211476592535
1.780211855977045
1.7802120836078088
1.7802122201862878
1.7802123198439355
1.7802124805114512
1.7802125781604135
1.7802126367497946
1.780212689715932
1.7802127431472625
1.780212775206062
1.7802127944413422
1.780212815403717
1.7802128495222107
1.7802128699933075
1.7802128832334503
1.780212904550984
1.7802129173415047
1.7802129250158172
1.7802129296204046
1.7802129343583248
1.780212938160795
1.780212940442277
1.780212941811166
1.7802129426325
1.7802129442566275
1.7802129453713202
1.780212946040136
1.7802129466279772
1.7802129471814967
1.7802129475136081
1.7802129477128752
1.780212947999664
1.780212948212342
1.7802129483399491
1.7802129484705442
1.7802129485964868
1.7802129486720522
1.7802129487173914
1.7802129487508593
1.7802129488057634
1.7802129488387057
1.780212948858471
1.7802129488703302
1.7802129488841283
1.7802129488970002
1.7802129489047234
1.7802129489093572
1.7802129489149334
1.7802129489201317
1.7802129489232503
1.780212948925122
1.7802129489262448
1.78021294892708
1.7802129489283351
1.7802129489290883
1.7802129489295402
1.780212948929867
1.7802129489302982
1.7802129489305567
1.780212948930712
1.7802129489308067
1.7802129489309464
1.7802129489310372
1.7802129489310918
1.780212948931125
1.7802129489311445
1.7802129489311729
1.7802129489311926
1.7802129489312046
1.7802129489312128
1.7802129489312213
1.7802129489312273
1.7802129489312308
1.7802129489312328
1.780212948931234
1.780212948931235
1.7802129489312362
1.7802129489312368
1.7802129489312373
1.780212948931238
1.780212948931238
1.7802129489312382
1.7802129489312384
1.7802129489312384
1.7802129489312384
1.7802129489312384
1.7802129489312384
1.7802129489312384
1.7802129489312384
1.7802129489312384
1.7802129489312384
1.7802129489312384
1.7802129489312384
1.7802129489312384
1.7802129489312384
1.7802129489312384
1.7802129489312384
1.7802129489312384
1.7802129489312384
1.7802129489312384
1.7802129489312384
1.7802129489312384
1.7802129489312384
1.7802129489312384
1.7802129489312384
1.7802129489312384
1.7802129489312384
1.7802129489312384
1.7802129489312384
1.7802129489312384
1.7802129489312384
1.7802129489312384
1.7802129489312384
1.7802129489312384
1.7802129489312384
1.7802129489312384
