1.624272309749204
1.624272309749204
1.624272309749204
1.624272309749204
1.624272309749204
1.624272309749204
1.624272309749204
1.624272309749204
1.624272309749204
1.624272309749204
1.624272309749204
1.624272309749204
1.624272309749204
1.624272309749204
1.624272309749204
1.624272309749204
1.624272309749204
1.624272309749204
1.624272309749204
1.624272309749204
1.624272309749204
1.624272309749204
1.624272309749204
1.624272309749204
1.624272309749204
1.624272309749204
1.624272309749204
1.624272309749204
1.624272309749204
1.624272309749204
1.624272309749204
1.624272309749204
1.624272309749204
1.624272309749204
1.624272309749204
1.624272309749204
1.624272309749204
1.624272309749204
1.624272309749204
1.624272309749204
1.624272309749204
1.624272309749204
1.624272309749204
1.624272309749204
1.624272309749204
1.624272309749204
1.624272309749204
1.624272309749204
1.6242727770954712
1.6242727770954712
1.6242727770954712
1.6242727770954712
1.6242727770954712
1.6242727770954712
1.6242727770954712
1.6242727770954712
1.6242727770954712
1.6242727770954712
1.6242727770954712
1.6242727770954712
1.6242727770954712
1.6242727770954712
1.6242728256225394
1.624272833800174
1.6242729375514817
1.6242732082882718
1.6242732383953848
1.624273361776361
1.624273619269857
1.6242737880213276
1.6242738968447805
1.6242738968447805
1.6242740439219445
1.6242741551158049
1.624274221832125
1.6242742618619188
1.6242743533379973
1.6242743956828092
1.6242744692115898
1.6242744897435144
1.6242745020626688
1.6242745264057674
1.6242745325369015
1.6242745325369015
1.6242745332364337
1.624274538046259
1.6242745409321542
1.6242745409321542
1.6242745409321542
1.6242745417245588
1.6242745417245588
1.6242745417245588
1.6242745417245588
1.6242745417457496
1.6242745418484783
1.6242745419101157
1.624274541947098
1.6242745419692874
1.624274541982601
1.6242745419905895
1.6242745419953823
1.624274541998258
1.6242745419999836
1.624274542008378
1.624274542008378
1.624274542008378
1.624274542008378
1.6242745420102476
1.6242745420102476
1.6242745420102476
1.6242745420102476
1.6242745420102476
1.6242745420102476
1.6242745420102476
1.6242745420102476
1.6242745420102476
1.6242745420103148
1.6242745420107318
1.6242745420107318
1.6242745420107318
1.6242745420107318
1.6242745420107625
1.6242745420107625
1.6242745420107625
1.624274542011922
1.624274542011922
1.6242745420122804
1.6242745420126976
1.6242745420129479
1.6242745420130982
1.624274542013188
1.6242745420135887
1.6242745420135887
1.6242745420135887
1.6242745420135887
1.6242745420137654
1.6242745420137654
1.6242745420137654
1.6242745420137654
1.6242745420137654
1.6242745420137654
1.6242745420137654
1.6242745420137654
1.6242745420137654
1.624274542013779
1.624274542013783
1.6242745420138178
1.624274542013824
1.6242745420138394
1.6242745420138394
1.6242745420138436
1.6242745420138585
1.6242745420138691
1.6242745420138733
1.6242745420138773
1.6242745420138787
1.624274542013883
1.624274542013885
1.624274542013885
1.624274542013885
1.6242745420138862
1.6242745420138875
1.6242745420138898
1.6242745420138898
1.6242745420138902
1.6242745420138902
1.6242745420138907
1.6242745420138907
1.624274542013891
1.6242745420138913
1.6242745420138918
1.6242745420138922
1.6242745420138927
1.624274542013893
1.6242745420138933
1.6242745420138933
1.6242745420138933
1.6242745420138933
1.6242745420138933
1.6242745420138935
1.6242745420138935
