1.863348556046179
1.863348556046179
1.863348556046179
1.863348556046179
1.863348556046179
1.863348556046179
1.863348556046179
1.863348556046179
1.863348556046179
1.863348556046179
1.863348556046179
1.863348556046179
1.863348556046179
1.863348556046179
1.863348556046179
1.863348556046179
1.863348556046179
1.863348556046179
1.863348556046179
1.863348556046179
1.863348556046179
1.863348556046179
1.863348556046179
1.863348556046179
1.863348556046179
1.863348556046179
1.863348556046179
1.863348556046179
1.863348556046179
1.863348556046179
1.863348556046179
1.863348556046179
1.863348556046179
1.863348556046179
1.863348556046179
1.863348556046179
1.863348556046179
1.863348556046179
1.863348556046179
1.863348556046179
1.863348556046179
1.863348556046179
1.863348556046179
1.863348556046179
1.863348556046179
1.863348556046179
1.863348556046179
1.863348556046179
1.863348556046179
1.863348556046179
1.863348556046179
1.863348556046179
1.8633540809071794
1.8633561039979492
1.8633561039979492
1.8633561039979492
1.8633626384860722
1.8633653441169684
1.8633669674981368
1.8633679415277848
1.8633689516883447
1.8633706489652082
1.8633723503668411
1.8633729950645996
1.8633733818834384
1.8633736139748078
1.8633740857270977
1.8633744208519758
1.8633746219269454
1.8633748033259896
1.8633749854979178
1.8633751190953063
1.8633752015876965
1.8633752571813407
1.8633752999615358
1.8633753789615601
1.863375430654388
1.8633754616700862
1.8633754802795046
1.8633755138519221
1.8633755456651615
1.863375564753105
1.863375576947153
1.8633755856052354
1.8633755933854226
1.863375598939396
1.8633756024401893
1.8633756050944883
1.8633756078423678
1.8633756097185272
1.8633756108442232
1.8633756120346947
1.8633756130591184
1.8633756137208062
1.8633756141178188
1.8633756143749247
1.863375614690527
1.8633756148936678
1.8633756150323948
1.8633756151581566
1.863375615287881
1.8633756153657157
1.8633756154194767
1.8633756154536745
1.8633756155168508
1.8633756155676273
1.8633756155980936
1.8633756156173202
1.8633756156292973
1.8633756156446275
1.8633756156567298
1.8633756156643437
1.863375615668912
1.863375615671653
1.8633756156773393
1.8633756156815202
1.8633756156841077
1.86337561568566
1.8633756156865917
1.863375615687874
1.8633756156892598
1.8633756156900914
1.86337561569059
1.8633756156910812
1.8633756156919175
1.863375615692419
1.8633756156927201
1.8633756156929713
1.8633756156935017
1.8633756156938202
1.863375615694011
1.8633756156941257
1.8633756156943027
1.8633756156944405
1.863375615694523
1.863375615694588
1.8633756156946788
1.8633756156947332
1.8633756156947658
1.8633756156947854
1.863375615694797
1.8633756156948345
1.8633756156948609
1.8633756156948764
1.863375615694886
1.863375615694892
1.863375615694905
1.8633756156949135
1.8633756156949186
1.8633756156949213
1.863375615694924
1.863375615694928
1.8633756156949304
1.863375615694932
1.8633756156949335
1.8633756156949361
1.8633756156949375
1.8633756156949384
1.8633756156949397
1.8633756156949404
1.863375615694941
1.863375615694942
1.8633756156949424
1.8633756156949428
1.8633756156949433
1.8633756156949433
1.8633756156949435
1.8633756156949437
1.8633756156949437
1.8633756156949437
1.8633756156949437
1.8633756156949437
1.8633756156949437
1.8633756156949437
1.8633756156949437
1.8633756156949437
1.8633756156949437
1.8633756156949437
1.8633756156949437
1.8633756156949437
1.8633756156949437
1.8633756156949437
