1.9126344178350967
1.9126344178350967
1.9126344178350967
1.9126344178350967
1.9126344178350967
1.9126344178350967
1.9126344178350967
1.9126344178350967
1.9126344178350967
1.9126344178350967
1.9126344178350967
1.9126344178350967
1.9126344178350967
1.9126344178350967
1.9126344178350967
1.9126344178350967
1.9126344178350967
1.9126344178350967
1.9126344178350967
1.9126344178350967
1.9126344178350967
1.9126344178350967
1.9126344178350967
1.9126344178350967
1.9126344178350967
1.9126344178350967
1.9126344178350967
1.9126344178350967
1.9126344178350967
1.9126344178350967
1.9126344178350967
1.9126344178350967
1.9126344178350967
1.9126344178350967
1.9126344178350967
1.9126344178350967
1.9126344178350967
1.9126344178350967
1.9126344178350967
1.9126344178350967
1.9126344178350967
1.9126344178350967
1.9126344178350967
1.9126344178350967
1.9126344178350967
1.9126344178350967
1.9126344178350967
1.9126344178350967
1.9126344178350967
1.9126344178350967
1.9126344178350967
1.9126344178350967
1.9126344178350967
1.9126356543369663
1.9126356543369663
1.9126356543369663
1.9126356543369663
1.912636860647434
1.912637360504014
1.912639964625494
1.9126402046699023
1.9126408169384916
1.9126421895384371
1.912643280114542
1.9126439344604513
1.912644327068086
1.9126446252408134
1.9126453725252799
1.9126459807258487
1.9126464089826831
1.912646682506226
1.9126470200822243
1.9126472226278581
1.9126473589694388
1.9126475035303456
1.9126476222637794
1.9126476970964998
1.9126477678777105
1.912647829912697
1.912647862631549
1.912647867647489
1.912647894212683
1.9126479069017435
1.912647917513956
1.9126479218636339
1.9126479246387733
1.9126479271585213
1.9126479319532814
1.9126479388325668
1.9126479426361873
1.9126479426361873
1.9126479426361873
1.9126479447663522
1.9126479447663522
1.9126479447663522
1.9126479447663522
1.9126479447663522
1.912647945672515
1.912647945672515
1.912647945672515
1.9126479460922288
1.9126479461687595
1.912647946214677
1.9126479462422283
1.9126479462880097
1.9126479464676764
1.9126479465908062
1.9126479466646844
1.9126479467090107
1.9126479467420128
1.9126479468378523
1.912647946897387
1.9126479469331077
1.9126479469545403
1.9126479469855466
1.9126479470313753
1.912647947058872
1.9126479470753712
1.9126479470852695
1.9126479470912372
1.9126479471125755
1.912647947125902
1.9126479471338973
1.9126479471386946
1.9126479471415727
1.912647947146492
1.9126479471504523
1.9126479471528288
1.9126479471547622
1.9126479471576778
1.9126479471594278
1.9126479471604774
1.9126479471611073
1.9126479471614852
1.9126479471626412
1.9126479471634643
1.912647947163958
1.912647947164254
1.9126479471645816
1.9126479471653588
1.9126479471658242
1.9126479471661038
1.9126479471662716
1.912647947166626
1.9126479471668492
1.9126479471669835
1.912647947167063
1.912647947167167
1.9126479471672593
1.9126479471673146
1.9126479471673477
1.9126479471673998
1.9126479471674318
1.9126479471674505
1.912647947167462
1.9126479471674784
1.9126479471674895
1.912647947167496
1.9126479471674995
1.9126479471675035
1.9126479471675104
1.912647947167514
1.9126479471675166
1.9126479471675204
1.9126479471675228
1.9126479471675244
1.9126479471675253
1.9126479471675266
1.912647947167527
1.9126479471675277
1.912647947167528
1.9126479471675288
1.9126479471675288
1.9126479471675288
1.9126479471675288
1.9126479471675288
1.9126479471675288
1.9126479471675288
1.9126479471675288
1.9126479471675288
1.9126479471675288
1.9126479471675288
1.9126479471675288
