1.7392085994190798
1.7392085994190798
1.7392085994190798
1.7392085994190798
1.7392085994190798
1.7392085994190798
1.7392085994190798
1.7392085994190798
1.7392085994190798
1.7392085994190798
1.7392085994190798
1.7392085994190798
1.7392085994190798
1.7392085994190798
1.7392085994190798
1.7392085994190798
1.7392085994190798
1.7392085994190798
1.7392085994190798
1.7392085994190798
1.7392085994190798
1.7392085994190798
1.7392085994190798
1.7392085994190798
1.7392085994190798
1.7392085994190798
1.7392085994190798
1.7392085994190798
1.7392085994190798
1.7392085994190798
1.7392085994190798
1.7392085994190798
1.7392085994190798
1.7392085994190798
1.7392085994190798
1.7392085994190798
1.7392085994190798
1.7392085994190798
1.7392085994190798
1.7392085994190798
1.7392085994190798
1.7392085994190798
1.7392085994190798
1.7392085994190798
1.7392085994190798
1.7392085994190798
1.7392085994190798
1.7392085994190798
1.7392085994190798
1.7392085994190798
1.7392101791061212
1.7392101791061212
1.7392101791061212
1.7392101791061212
1.7392101791061212
1.7392127488320115
1.7392127488320115
1.7392127488320115
1.7392127488320115
1.7392127488320115
1.739213220355039
1.73921951713427
1.7392232952193378
1.73922556207669
1.7392288876340194
1.739232989017752
1.7392362152705327
1.7392379992002882
1.739240577203381
1.7392425244808307
1.7392436928479706
1.739244393868493
1.7392449789614957
1.739245581990696
1.7392460856423309
1.7392464440711863
1.739246623493577
1.7392468539206978
1.7392470671451197
1.7392471115204657
1.73924731400202
1.7392473599712963
1.7392473999528053
1.7392473999528053
1.7392474384200602
1.739247452979454
1.7392474530750532
1.7392474530750532
1.7392474725573357
1.7392474826112578
1.739247487113899
1.739247487113899
1.7392474900852377
1.7392474951746346
1.7392474975459047
1.7392474984649067
1.7392474992111469
1.7392475000404113
1.7392475029882744
1.7392475058345944
1.7392475075423879
1.7392475088264152
1.7392475106744985
1.7392475126558538
1.7392475138572057
1.739247514578017
1.7392475150738504
1.73924751600038
1.7392475165943215
1.7392475169506887
1.739247517224881
1.7392475176171331
1.7392475178601525
1.7392475180059654
1.7392475180934535
1.7392475181459455
1.7392475181774405
1.7392475182518876
1.7392475183337266
1.739247518382829
1.7392475184122915
1.7392475184371845
1.7392475184945069
1.7392475185289
1.7392475185495357
1.739247518561917
1.7392475185693466
1.7392475185864615
1.7392475185978191
1.7392475186046346
1.7392475186087553
1.7392475186152832
1.739247518620093
1.7392475186229788
1.7392475186247107
1.7392475186265985
1.7392475186283538
1.7392475186294072
1.7392475186300387
1.7392475186304182
1.7392475186310172
1.7392475186316267
1.7392475186319913
1.7392475186322107
1.7392475186323437
1.7392475186324223
1.7392475186325531
1.7392475186327692
1.7392475186328995
1.7392475186329783
1.739247518633066
1.7392475186331606
1.7392475186332175
1.7392475186332523
1.739247518633282
1.739247518633319
1.7392475186333414
1.7392475186333558
1.7392475186333651
1.7392475186333738
1.7392475186333798
1.7392475186333827
1.7392475186333862
1.7392475186333878
1.7392475186333909
1.7392475186333929
1.739247518633394
1.7392475186333944
1.7392475186333944
1.7392475186333944
1.7392475186333944
1.7392475186333947
1.7392475186333947
1.7392475186333949
1.7392475186333949
1.7392475186333949
1.7392475186333949
1.7392475186333949
1.7392475186333949
1.7392475186333949
1.7392475186333949
1.7392475186333949
1.7392475186333949
1.7392475186333949
1.7392475186333949
1.7392475186333949
1.7392475186333949
1.7392475186333949
1.7392475186333949
