1.9248308125595197
1.9248308125595197
1.9248308125595197
1.9248308125595197
1.9248308125595197
1.9248308125595197
1.9248308125595197
1.9248308125595197
1.9248308125595197
1.9248308125595197
1.9248308125595197
1.9248308125595197
1.9248308125595197
1.9248308125595197
1.9248308125595197
1.9248308125595197
1.9248308125595197
1.9248308125595197
1.9248308125595197
1.9248308125595197
1.9248308125595197
1.9248308125595197
1.9248308125595197
1.9248308125595197
1.9248308125595197
1.9248308125595197
1.9248308125595197
1.9248308125595197
1.9248308125595197
1.9248308125595197
1.9248308125595197
1.9248308125595197
1.9248308125595197
1.9248308125595197
1.9248308125595197
1.9248308125595197
1.9248308125595197
1.9248308125595197
1.9248308125595197
1.9248308125595197
1.9248308125595197
1.9248308125595197
1.9248308125595197
1.9248308125595197
1.9248308125595197
1.9248308125595197
1.9248308125595197
1.9248317817849678
1.9248317817849678
1.9248317817849678
1.9248317817849678
1.9248375248431264
1.9248375248431264
1.9248375248431264
1.924838854151419
1.924838854151419
1.924840458840118
1.924840458840118
1.9248405638596697
1.9248412849755663
1.9248424603762282
1.9248431656165357
1.9248440780762246
1.9248441914994177
1.924844752553332
1.9248450943069724
1.9248450943069724
1.9248452797289082
1.9248455686657386
1.9248457559726744
1.9248458960119568
1.9248459826606064
1.924846128555485
1.924846227618125
1.9248462870557101
1.9248463227182615
1.9248463441157921
1.9248463656578447
1.924846389962906
1.9248464141756303
1.9248464289369942
1.9248464381861943
1.9248464438896997
1.924846456519026
1.9248464593828671
1.9248464611011722
1.9248464621321553
1.9248464643737009
1.9248464663183211
1.9248464683590756
1.9248464703332118
1.924846471670078
1.9248464724509597
1.9248464724509597
1.9248464729127284
1.9248464729729218
1.9248464730059147
1.924846473068542
1.924846473068542
1.9248464731586892
1.9248464732156376
1.9248464732544863
1.9248464732879522
1.924846473308032
1.92484647332008
1.9248464733709083
1.9248464734020012
1.9248464734206565
1.9248464734318498
1.924846473440789
1.9248464734570983
1.9248464734796988
1.9248464734933384
1.924846473501522
1.9248464735111088
1.9248464735234285
1.924846473529647
1.9248464735341202
1.924846473537552
1.9248464735399347
1.924846473541674
1.9248464735439774
1.9248464735453086
1.9248464735453086
1.9248464735464579
1.9248464735474882
1.9248464735481114
1.9248464735484858
1.9248464735487099
1.9248464735488446
1.9248464735489252
1.9248464735489739
1.9248464735493918
1.9248464735497333
1.9248464735499378
1.9248464735500606
1.924846473550134
1.9248464735502493
1.9248464735503916
1.9248464735504769
1.9248464735504875
1.9248464735504875
1.9248464735504875
1.9248464735505137
1.9248464735505137
1.9248464735505137
1.9248464735505137
1.9248464735505317
1.9248464735505317
1.9248464735505317
1.924846473550544
1.9248464735505448
1.9248464735505448
1.9248464735505448
1.9248464735505448
1.9248464735505464
1.9248464735505473
1.9248464735505475
1.924846473550548
1.9248464735505484
1.9248464735505484
1.9248464735505486
1.9248464735505486
1.9248464735505486
1.9248464735505486
1.9248464735505486
1.9248464735505486
1.9248464735505486
1.9248464735505486
1.9248464735505486
1.9248464735505486
1.9248464735505486
1.9248464735505486
1.9248464735505486
1.9248464735505486
1.9248464735505486
1.9248464735505486
1.9248464735505486
1.9248464735505486
1.9248464735505486
1.9248464735505486
1.9248464735505486
1.9248464735505486
