2.485664570168132
2.485664570168132
2.485664570168132
2.485664570168132
2.485664570168132
2.485664570168132
2.485664570168132
2.485664570168132
2.485664570168132
2.485664570168132
2.485664570168132
2.485664570168132
2.485664570168132
2.485664570168132
2.485664570168132
2.485664570168132
2.485664570168132
2.485664570168132
2.485664570168132
2.485664570168132
2.485664570168132
2.485664570168132
2.485664570168132
2.485664570168132
2.485664570168132
2.485664570168132
2.485664570168132
2.485664570168132
2.485664570168132
2.485664570168132
2.485664570168132
2.4859104324727697
2.4859104324727697
2.4859104324727697
2.4859104324727697
2.4859104324727697
2.4859104324727697
2.4859104324727697
2.4859104324727697
2.4859104324727697
2.4859104324727697
2.48609919245053
2.48609919245053
2.48609919245053
2.48609919245053
2.4861932510510747
2.4861932510510747
2.4862092211095703
2.48623301843833
2.486257414804261
2.4862723574576324
2.4862949472949647
2.486310530710276
2.486319880734714
2.486334864474024
2.486347026532155
2.4863543237489467
2.48635973939737
2.4863679148782034
2.4863723910034303
2.4863753972167815
2.4863794424102648
2.4863819024971767
2.486383646253204
2.4863850295224807
2.4863865363236286
2.486387609148791
2.4863883409982988
2.4863887984778805
2.4863891475914888
2.4863897757647204
2.486390159192553
2.486390425399656
2.4863905532323107
2.4863906780768428
2.4863908543085746
2.4863909924131584
2.486391081345035
2.486391170971443
2.4863912647974895
2.4863913237358495
2.486391357489507
2.4863913831600413
2.4863914033753582
2.4863914228396786
2.486391435638632
2.486391444410347
2.486391455586823
2.4863914630437223
2.486391467705002
2.4863914711281416
2.4863914751787783
2.486391478163352
2.4863914799540954
2.48639148110058
2.4863914831475515
2.4863914848392676
2.4863914858542966
2.4863914864633143
2.4863914871923627
2.4863914883338376
2.486391489018722
2.486391489429653
2.48639148967623
2.4863914900676725
2.486391490390082
2.4863914905835283
2.48639149069961
2.486391490856267
2.4863914909746008
2.4863914910456018
2.4863914910882023
2.4863914911137623
2.4863914911504827
2.4863914911941527
2.486391491220354
2.486391491236076
2.486391491245508
2.486391491251168
2.4863914912687712
2.486391491282047
2.486391491290012
2.4863914912947913
2.48639149130472
2.486391491312259
2.486391491316783
2.4863914913194964
2.4863914913233853
2.4863914913268608
2.4863914913289458
2.486391491330198
2.4863914913318754
2.486391491333179
2.486391491333961
2.48639149133443
2.486391491334712
2.4863914913353184
2.4863914913356995
2.4863914913359273
2.486391491336064
2.486391491336189
2.4863914913364003
2.4863914913365264
2.4863914913366036
2.486391491336649
2.4863914913367067
2.486391491336754
2.4863914913367826
2.486391491336804
2.4863914913368372
2.4863914913368568
2.486391491336869
2.4863914913368763
2.486391491336887
2.4863914913368967
2.4863914913369034
2.4863914913369065
2.4863914913369087
2.4863914913369127
2.4863914913369154
2.4863914913369167
2.486391491336917
2.486391491336918
2.486391491336918
2.4863914913369185
2.486391491336919
2.486391491336919
2.486391491336919
2.486391491336919
2.4863914913369194
2.4863914913369194
2.4863914913369194
2.4863914913369194
2.4863914913369194
2.4863914913369194
2.4863914913369194
2.4863914913369194
2.4863914913369194
2.4863914913369194
2.4863914913369194
2.4863914913369194
2.4863914913369194
2.4863914913369194
2.4863914913369194
2.4863914913369194
2.4863914913369194
2.4863914913369194
