1.7350512043865256
1.7350512043865256
1.7350512043865256
1.7350512043865256
1.7350512043865256
1.7350512043865256
1.7350512043865256
1.7350512043865256
1.7350512043865256
1.7350512043865256
1.7350512043865256
1.7350512043865256
1.7350512043865256
1.7350512043865256
1.7350512043865256
1.7350512043865256
1.7350512043865256
1.7350512043865256
1.7350512043865256
1.7350512043865256
1.7350512043865256
1.7350512043865256
1.7350512043865256
1.7350512043865256
1.7350512043865256
1.7350512043865256
1.7350512043865256
1.7350512043865256
1.7350512043865256
1.7350512043865256
1.7350512043865256
1.7350512043865256
1.7350512043865256
1.7350512043865256
1.7350512043865256
1.7350512043865256
1.7350512043865256
1.7350512043865256
1.7350512043865256
1.7350512043865256
1.7350512043865256
1.7350512043865256
1.7350512043865256
1.7350512043865256
1.7350512043865256
1.7350512043865256
1.7350512043865256
1.7350512043865256
1.7350512043865256
1.7350512043865256
1.7350512043865256
1.7350512043865256
1.7350512043865256
1.7350512043865256
1.7350512043865256
1.7350512043865256
1.7350512043865256
1.7350512043865256
1.735051402373382
1.7350531671114868
1.7350545712572223
1.7350554766863355
1.7350560952678014
1.7350572009703715
1.7350578817712474
1.7350582919470463
1.7350585353819545
1.735058783796919
1.7350588915057328
1.7350591171270733
1.7350592494852768
1.735059330131774
1.7350593785196733
1.7350594262447618
1.7350594983768
1.7350595651710157
1.735059586646718
1.7350596067164337
1.735059627375892
1.7350596582784958
1.735059683253997
1.7350596982392978
1.7350597072304779
1.7350597156596586
1.7350597368718021
1.7350597500555078
1.7350597568949178
1.735059762259635
1.7350597648359782
1.735059768353951
1.7350597742751719
1.7350597774462917
1.7350597793489637
1.7350597811070432
1.7350597834273496
1.7350597848407752
1.7350597857656462
1.7350597864207526
1.7350597868705113
1.7350597873636369
1.7350597876573424
1.7350597878813339
1.7350597881454373
1.7350597882630383
1.7350597883492103
1.7350597884109857
1.7350597884416514
1.7350597884742887
1.7350597885065828
1.7350597885266028
1.7350597885398638
1.7350597885628956
1.7350597885785481
1.7350597885905286
1.7350597885987054
1.7350597886054433
1.7350597886119639
1.7350597886163728
1.7350597886180747
1.735059788619096
1.7350597886202752
1.7350597886220755
1.7350597886233627
1.7350597886241343
1.7350597886251913
1.7350597886261583
1.7350597886265775
1.7350597886265775
1.7350597886269268
1.7350597886272436
1.7350597886274226
1.7350597886275299
1.7350597886276327
1.7350597886278363
1.735059788627914
1.7350597886279875
1.7350597886280112
1.7350597886280639
1.735059788628103
1.7350597886281138
1.7350597886281385
1.7350597886281571
1.7350597886281571
1.7350597886281696
1.7350597886281731
1.735059788628176
1.7350597886281796
1.7350597886281816
1.7350597886281827
1.7350597886281856
1.7350597886281856
1.7350597886281873
1.735059788628189
1.7350597886281907
1.735059788628192
1.735059788628193
1.7350597886281944
1.735059788628195
1.7350597886281962
1.7350597886281969
1.7350597886281975
1.7350597886281975
1.7350597886281978
1.7350597886281978
1.7350597886281982
1.7350597886281982
1.7350597886281982
1.7350597886281982
1.7350597886281987
1.7350597886281989
1.7350597886281989
1.7350597886281989
1.7350597886281989
1.7350597886281989
1.7350597886281989
1.7350597886281989
1.7350597886281989
1.7350597886281989
1.7350597886281989
1.7350597886281989
1.7350597886281989
1.7350597886281989
1.7350597886281989
1.7350597886281989
1.7350597886281989
