1.5990770491789834
1.5990770491789834
1.5990770491789834
1.5990770491789834
1.5990770491789834
1.5990770491789834
1.5990770491789834
1.5990770491789834
1.5990770491789834
1.5990770491789834
1.5990770491789834
1.5990770491789834
1.5990770491789834
1.5990770491789834
1.5990770491789834
1.5990770491789834
1.5990770491789834
1.5990770491789834
1.5990770491789834
1.5990770491789834
1.5990770491789834
1.5990770491789834
1.5990770491789834
1.5990770491789834
1.5990770491789834
1.5990770491789834
1.5990770491789834
1.5990770491789834
1.5990770491789834
1.5990770491789834
1.5990770491789834
1.5990770491789834
1.5990770491789834
1.5990770491789834
1.5990770491789834
1.5990770491789834
1.5990770491789834
1.5990770491789834
1.5990770491789834
1.5990770491789834
1.5990770491789834
1.5990770491789834
1.5990770491789834
1.5990770491789834
1.5990770491789834
1.5990770491789834
1.5990770491789834
1.5990770491789834
1.5990770491789834
1.5990770491789834
1.5990770491789834
1.5990770491789834
1.5990770491789834
1.5990770491789834
1.5990770491789834
1.5990770491789834
1.5990770491789834
1.5990770491789834
1.5990770491789834
1.5990770491789834
1.5990770491789834
1.5990770491789834
1.5990771795948269
1.5990771795948269
1.5990771795948269
1.5990783833517601
1.5990783833517601
1.599078704967788
1.599079656611565
1.5990797116058297
1.5990804436235524
1.599080918248683
1.5990813734679779
1.5990822214759939
1.5990826415663248
1.5990832517985927
1.5990834844326982
1.5990836646907942
1.5990838419081952
1.599084104407864
1.5990841422260833
1.5990841649170147
1.5990842315524547
1.5990842315524547
1.5990843171760205
1.5990843422674805
1.5990843929653216
1.599084399539271
1.5990844253128695
1.5990844285028347
1.5990844388559498
1.5990844452682833
1.5990844498223882
1.5990844537267996
1.5990844571630003
1.5990844582392945
1.5990844604871184
1.5990844621190277
1.599084462545434
1.5990844637358699
1.5990844642103985
1.599084464742409
1.5990844651598843
1.599084465410369
1.5990844656245813
1.5990844658458356
1.5990844659815453
1.5990844660629715
1.5990844661118266
1.5990844661411399
1.599084466260096
1.5990844663342543
1.5990844664171922
1.5990844664878754
1.5990844665021473
1.5990844665186263
1.5990844665435524
1.5990844665664612
1.5990844665664612
1.5990844665832495
1.5990844665954767
1.599084466599101
1.599084466599101
1.599084466602891
1.599084466604201
1.5990844666063853
1.599084466609653
1.599084466610828
1.599084466610828
1.599084466610828
1.599084466610828
1.5990844666113244
1.5990844666118895
1.5990844666118895
1.5990844666118895
1.5990844666118895
1.599084466612042
1.5990844666121729
1.5990844666121729
1.5990844666121729
1.5990844666122366
1.599084466612252
1.599084466612252
1.599084466612252
1.5990844666122683
1.5990844666122683
1.5990844666122683
1.5990844666122683
1.5990844666122683
1.5990844666122697
1.5990844666122697
1.5990844666122697
1.5990844666122763
1.599084466612277
1.599084466612277
1.5990844666122783
1.5990844666122792
1.5990844666122812
1.5990844666122812
1.5990844666122812
1.599084466612282
1.5990844666122823
1.5990844666122825
1.5990844666122832
1.5990844666122832
1.5990844666122832
1.5990844666122832
1.5990844666122832
1.5990844666122832
1.5990844666122832
1.5990844666122832
1.5990844666122832
1.5990844666122832
1.5990844666122832
1.5990844666122832
1.5990844666122832
1.5990844666122832
1.5990844666122832
1.5990844666122832
1.5990844666122832
1.5990844666122832
1.5990844666122832
1.5990844666122832
1.5990844666122832
1.5990844666122832
1.5990844666122832
1.5990844666122832
1.5990844666122832
1.5990844666122832
1.5990844666122832
