1.8756523285715119
1.8756523285715119
1.8756523285715119
1.8756523285715119
1.8756523285715119
1.8756523285715119
1.8756523285715119
1.8756523285715119
1.8756523285715119
1.8756523285715119
1.8756523285715119
1.8756523285715119
1.8756523285715119
1.8756523285715119
1.8756523285715119
1.8756523285715119
1.8756523285715119
1.8756523285715119
1.8756523285715119
1.8756523285715119
1.8756523285715119
1.8756523285715119
1.8756523285715119
1.8756523285715119
1.8756523285715119
1.8756523285715119
1.8756523285715119
1.8756523285715119
1.8756523285715119
1.8756523285715119
1.8756523285715119
1.8756523285715119
1.8756523285715119
1.8756523285715119
1.8756523285715119
1.8756523285715119
1.8756523285715119
1.8756523285715119
1.8756523285715119
1.8756523285715119
1.8756523285715119
1.8756523285715119
1.8756523285715119
1.8756523285715119
1.8756523285715119
1.8756523285715119
1.8756523285715119
1.8756523285715119
1.8756523285715119
1.8756523285715119
1.8756523285715119
1.8756523285715119
1.8756578161168578
1.8756578161168578
1.8756578161168578
1.8756578161168578
1.8756598059922234
1.8756598059922234
1.8756598059922234
1.8756598059922234
1.8756613994043099
1.8756613994043099
1.8756615535970234
1.8756615535970234
1.8756618475766553
1.8756626398244511
1.8756643085323905
1.8756652772062843
1.8756654624599696
1.8756657856599996
1.8756660521110553
1.875666137959584
1.875666268993911
1.8756665496882412
1.8756667544229662
1.875666877263817
1.8756669415470653
1.8756669415470653
1.8756669415470653
1.8756669554334384
1.8756669944526536
1.8756669944526536
1.8756669944526536
1.8756670025395619
1.8756670135094635
1.8756670280427206
1.8756670419759918
1.8756670503156874
1.875667053674582
1.8756670556899213
1.875667061321744
1.8756670633404677
1.8756670633404677
1.8756670643294777
1.8756670653646992
1.8756670653646992
1.8756670653646992
1.8756670659405805
1.8756670659632075
1.8756670659632075
1.8756670659632075
1.8756670659632075
1.8756670659632075
1.875667066020809
1.8756670660475208
1.8756670660475208
1.8756670660475208
1.8756670660745653
1.875667066076461
1.875667066079196
1.8756670660819865
1.8756670660920942
1.875667066102204
1.875667066102204
1.8756670661047081
1.8756670661086696
1.8756670661090555
1.8756670661106958
1.8756670661150021
1.875667066117586
1.8756670661195607
1.875667066119667
1.875667066120983
1.8756670661219779
1.8756670661223307
1.8756670661227954
1.875667066122901
1.8756670661231472
1.8756670661238044
1.8756670661238044
1.8756670661238044
1.8756670661238044
1.8756670661241768
1.8756670661244592
1.875667066124629
1.875667066124734
1.875667066124801
1.8756670661248984
1.8756670661249284
1.8756670661249828
1.875667066125021
1.8756670661250412
1.8756670661250512
1.8756670661250625
1.875667066125069
1.8756670661250732
1.8756670661250778
1.8756670661250834
1.8756670661250836
1.8756670661250863
1.8756670661250867
1.8756670661250885
1.8756670661250885
1.8756670661250885
1.8756670661250885
1.8756670661250885
1.8756670661250885
1.8756670661250885
1.8756670661250885
1.8756670661250885
1.8756670661250885
1.8756670661250885
1.8756670661250885
1.8756670661250885
1.8756670661250885
1.8756670661250885
1.8756670661250885
1.8756670661250885
1.8756670661250885
1.8756670661250885
1.8756670661250885
1.8756670661250885
1.8756670661250885
1.8756670661250885
1.8756670661250885
1.8756670661250885
1.8756670661250885
1.8756670661250885
1.8756670661250885
1.8756670661250885
1.8756670661250885
1.8756670661250885
1.8756670661250885
1.8756670661250885
1.8756670661250885
1.8756670661250885
