2.1137808768868007
2.1137808768868007
2.1137808768868007
2.1137808768868007
2.1137808768868007
2.1137808768868007
2.1137808768868007
2.1137808768868007
2.1137808768868007
2.1137808768868007
2.1137808768868007
2.1137808768868007
2.1137808768868007
2.1137808768868007
2.1137808768868007
2.1137808768868007
2.1137808768868007
2.1137808768868007
2.1137808768868007
2.1137808768868007
2.1137808768868007
2.1137808768868007
2.1137808768868007
2.1137808768868007
2.1137808768868007
2.1137808768868007
2.1137808768868007
2.1137808768868007
2.1137808768868007
2.1137808768868007
2.1137808768868007
2.1137808768868007
2.1137808768868007
2.1137808768868007
2.1137808768868007
2.1137808768868007
2.1137808768868007
2.1137808768868007
2.1137808768868007
2.1137808768868007
2.1137808768868007
2.1137808768868007
2.1137808768868007
2.1137808768868007
2.1137808768868007
2.1137808768868007
2.1137808768868007
2.1137808768868007
2.1137808768868007
2.1137808768868007
2.1137808768868007
2.1137808768868007
2.1137808768868007
2.1137808768868007
2.1137808768868007
2.1137808768868007
2.1137808768868007
2.1137808768868007
2.1137808768868007
2.1137828675730312
2.1137828675730312
2.1137828675730312
2.1137828675730312
2.1137828675730312
2.1137828675730312
2.1137828675730312
2.1137828675730312
2.113784572103446
2.1137858415049275
2.1137858415049275
2.1137866606971016
2.1137898313070416
2.113792077758554
2.1137934256307616
2.113793864203076
2.1137949702059533
2.113796254184965
2.1137967336041497
2.1137971283785637
2.1137974591204536
2.1137978322156687
2.1137980849613993
2.1137982366088557
2.1137983275973338
2.113798382190423
2.113798512694859
2.1137986703929474
2.1137987627722583
2.113798821784589
2.113798918566524
2.113798987520946
2.1137990288936015
2.1137990673250795
2.1137991156223856
2.113799144600771
2.113799168422934
2.113799194686633
2.113799213100128
2.113799224148227
2.1137992307770874
2.1137992434317825
2.1137992551011275
2.1137992621027353
2.113799267001516
2.1137992735638904
2.113799279540777
2.1137992853312184
2.1137992869630464
2.1137992898238713
2.113799291991989
2.1137992934130994
2.113799294298853
2.1137992950262983
2.1137992961888368
2.1137992970001553
2.113799297486943
2.1137992977893276
2.1137992980362603
2.1137992985099228
2.1137992988050156
2.113799298987467
2.1137992991601013
2.113799299380649
2.113799299519308
2.113799299605345
2.113799299656967
2.1137992996996315
2.1137992997616504
2.113799299799487
2.113799299823557
2.1137992998406574
2.113799299857968
2.1137992998684636
2.113799299874844
2.1137992998793393
2.1137992998831234
2.1137992998866113
2.1137992998894743
2.1137992998912254
2.1137992998923645
2.11379929989364
2.1137992998949766
2.1137992998958834
2.1137992998964337
2.113799299896791
2.113799299897267
2.113799299897716
2.1137992998979915
2.113799299898162
2.1137992998982678
2.1137992998983757
2.1137992998984796
2.1137992998985475
2.113799299898594
2.1137992998986217
2.113799299898641
2.1137992998986674
2.1137992998986856
2.113799299898696
2.113799299898704
2.1137992998987105
2.1137992998987167
2.1137992998987216
2.113799299898726
2.113799299898729
2.1137992998987314
2.113799299898734
2.1137992998987345
2.113799299898736
2.1137992998987376
2.113799299898739
2.113799299898739
2.113799299898739
2.113799299898739
2.1137992998987403
2.1137992998987403
2.1137992998987403
2.1137992998987403
2.1137992998987403
2.1137992998987403
2.1137992998987403
2.1137992998987403
2.1137992998987403
2.1137992998987403
2.1137992998987403
2.1137992998987403
2.1137992998987403
2.1137992998987403
2.1137992998987403
2.1137992998987403
2.1137992998987403
2.1137992998987403
2.1137992998987403
2.1137992998987403
2.1137992998987403
2.1137992998987403
2.1137992998987403
2.1137992998987403
2.1137992998987403
2.1137992998987403
2.1137992998987403
