1.988149492503844
1.988149492503844
1.988149492503844
1.988149492503844
1.988149492503844
1.988149492503844
1.988149492503844
1.988149492503844
1.988149492503844
1.988149492503844
1.988149492503844
1.988149492503844
1.988149492503844
1.988149492503844
1.988149492503844
1.988149492503844
1.988149492503844
1.988149492503844
1.988149492503844
1.988149492503844
1.988149492503844
1.988149492503844
1.988149492503844
1.988149492503844
1.988149492503844
1.988149492503844
1.988149492503844
1.988149492503844
1.988149492503844
1.988149492503844
1.988149492503844
1.988149492503844
1.988149492503844
1.988149492503844
1.988149492503844
1.988149492503844
1.988149492503844
1.988149492503844
1.988149492503844
1.988149492503844
1.988149492503844
1.988149492503844
1.988149492503844
1.988149492503844
1.988149492503844
1.988149492503844
1.988149492503844
1.988149492503844
1.988149492503844
1.988149492503844
1.988149492503844
1.988149724476482
1.9881536647129656
1.9881536647129656
1.9881536647129656
1.9881544439512353
1.9881544439512353
1.9881544439512353
1.9881544439512353
1.9881544439512353
1.9881547018042218
1.9881548230410122
1.988155060979457
1.988155060979457
1.9881550957826795
1.9881551527789667
1.9881551869768201
1.988155349868402
1.988155349868402
1.9881554331653424
1.988155492497033
1.988155542126192
1.9881556199660482
1.9881557819995914
1.9881557898240867
1.9881558389132534
1.9881559171471075
1.9881559841925516
1.9881561264739216
1.9881561455675965
1.988156163806647
1.9881562473718457
1.9881563000170814
1.988156318608446
1.988156347950814
1.988156365609267
1.9881563807600169
1.9881563909685376
1.9881563970936504
1.988156412259438
1.9881564218510914
1.9881564276060835
1.9881564322440937
1.9881564322440937
1.9881564322440937
1.9881564322440937
1.9881564322440937
1.9881564322440937
1.9881564322440937
1.9881564322440937
1.9881564322440937
1.9881564322440937
1.9881564322669678
1.988156432659808
1.9881564328238734
1.9881564328238734
1.9881564328238734
1.9881564329162997
1.9881564329162997
1.9881564329162997
1.9881564329162997
1.9881564329312655
1.9881564329430799
1.9881564329501684
1.988156432966871
1.9881564329747394
1.9881564329814223
1.9881564329856216
1.9881564329932198
1.9881564329980732
1.9881564330009853
1.9881564330027321
1.9881564330058998
1.9881564330103938
1.9881564330126666
1.9881564330143653
1.9881564330149997
1.9881564330149997
1.9881564330155186
1.9881564330161907
1.9881564330167405
1.98815643301707
1.98815643301739
1.9881564330177275
1.9881564330182908
1.9881564330186285
1.9881564330188313
1.9881564330189587
1.988156433019027
1.9881564330191286
1.9881564330192287
1.9881564330193076
1.988156433019355
1.9881564330194077
1.9881564330194104
1.9881564330195138
1.9881564330195554
1.9881564330195978
1.9881564330195978
1.9881564330195978
1.988156433019625
1.9881564330196277
1.9881564330196317
1.9881564330196326
1.988156433019633
1.9881564330196346
1.9881564330196373
1.988156433019641
1.9881564330196435
1.9881564330196444
1.988156433019646
1.9881564330196482
1.988156433019649
1.9881564330196497
1.9881564330196506
1.9881564330196508
1.9881564330196508
1.9881564330196508
1.988156433019651
1.9881564330196517
1.9881564330196517
1.9881564330196517
1.9881564330196517
1.9881564330196517
1.9881564330196517
1.9881564330196517
1.9881564330196517
1.9881564330196517
1.9881564330196517
1.9881564330196517
1.9881564330196517
1.9881564330196517
1.9881564330196517
1.9881564330196517
1.9881564330196517
1.9881564330196517
1.9881564330196517
1.9881564330196517
1.9881564330196517
