1.3658186270215336
1.3658186270215336
1.3658186270215336
1.3658186270215336
1.3658186270215336
1.3658186270215336
1.3658186270215336
1.3658186270215336
1.3658186270215336
1.3658186270215336
1.3658186270215336
1.3658186270215336
1.3658186270215336
1.3658186270215336
1.3658186270215336
1.3658186270215336
1.3658186270215336
1.3658186270215336
1.3658186270215336
1.3658186270215336
1.3658186270215336
1.3658186270215336
1.3658186270215336
1.3658186270215336
1.3658186270215336
1.3658186270215336
1.3658186270215336
1.3658186270215336
1.3658186270215336
1.3658186270215336
1.3658186270215336
1.3658186270215336
1.3658186270215336
1.3658186270215336
1.3658186270215336
1.3658186270215336
1.3658186270215336
1.3658186270215336
1.3658186270215336
1.3658186270215336
1.3658186270215336
1.3658186270215336
1.3658186270215336
1.3658186270215336
1.3658186270215336
1.3658186270215336
1.3658186270215336
1.3658186270215336
1.3658186270215336
1.3658186270215336
1.3658186270215336
1.3658186270215336
1.3658186270215336
1.3658188766875834
1.3658189144937336
1.3658189371776603
1.3658189507881016
1.365818958954397
1.3658195137449123
1.3658195137449123
1.3658195137449123
1.3658195137449123
1.3658199779460687
1.3658199779460687
1.3658199876493982
1.3658200649715748
1.365820135714296
1.3658201546108082
1.3658202274846953
1.365820348033613
1.3658204696997125
1.365820507820675
1.3658205656285183
1.3658206042258243
1.3658206340976224
1.3658206540832705
1.3658206680557798
1.3658206814302414
1.3658206894549183
1.3658207013138102
1.3658207023308115
1.3658207162164475
1.3658207254925911
1.3658207313935096
1.3658207347884004
1.3658207388090327
1.3658207430447782
1.3658207449062862
1.365820747960106
1.3658207502357347
1.3658207517593488
1.3658207528329271
1.3658207534851754
1.3658207544350183
1.365820755004924
1.3658207553534671
1.3658207555555475
1.3658207559197582
1.3658207563768205
1.365820756509933
1.365820756675487
1.3658207567295648
1.3658207567895024
1.3658207569910386
1.3658207570309178
1.3658207570341592
1.3658207570866114
1.3658207571389513
1.3658207571703551
1.3658207572197092
1.3658207572473413
1.3658207572690064
1.3658207572690064
1.365820757297357
1.365820757297357
1.365820757297357
1.365820757298783
1.3658207573012617
1.3658207573047123
1.3658207573067827
1.365820757308025
1.3658207573091947
1.3658207573106766
1.3658207573116485
1.3658207573122862
1.3658207573132086
1.3658207573139518
1.3658207573145011
1.3658207573148473
1.3658207573150616
1.3658207573153383
1.3658207573155465
1.365820757315672
1.3658207573157473
1.3658207573157923
1.3658207573158516
1.365820757315948
1.3658207573160097
1.3658207573160464
1.3658207573160739
1.3658207573161156
1.3658207573161405
1.3658207573161558
1.3658207573161663
1.3658207573161807
1.365820757316191
1.3658207573161973
1.365820757316201
1.3658207573162038
1.3658207573162071
1.365820757316209
1.3658207573162102
1.3658207573162109
1.365820757316212
1.3658207573162127
1.365820757316213
1.3658207573162133
1.3658207573162136
1.3658207573162138
1.3658207573162138
1.3658207573162142
1.3658207573162142
1.3658207573162142
1.3658207573162142
1.3658207573162142
1.3658207573162142
1.3658207573162142
1.3658207573162142
1.3658207573162142
1.3658207573162142
1.3658207573162142
1.3658207573162142
1.3658207573162142
1.3658207573162142
1.3658207573162142
1.3658207573162142
1.3658207573162142
1.3658207573162142
1.3658207573162142
1.3658207573162142
1.3658207573162142
