1.4657393326022037
1.4657393326022037
1.4657393326022037
1.4657393326022037
1.4657393326022037
1.4657393326022037
1.4657393326022037
1.4657393326022037
1.4657393326022037
1.4657393326022037
1.4657393326022037
1.4657393326022037
1.4657393326022037
1.4657393326022037
1.4657393326022037
1.4657393326022037
1.4657393326022037
1.4657393326022037
1.4657393326022037
1.4657393326022037
1.4657393326022037
1.4657393326022037
1.4657393326022037
1.4657393326022037
1.4657393326022037
1.4657393326022037
1.4657393326022037
1.4657393326022037
1.4657393326022037
1.4657393326022037
1.4657393326022037
1.4657393326022037
1.4657393326022037
1.4657393326022037
1.4657393326022037
1.4657393326022037
1.4657393326022037
1.4657393326022037
1.4657393326022037
1.4657393326022037
1.4657393326022037
1.4657393326022037
1.4657393326022037
1.4657393326022037
1.4657393326022037
1.4657393326022037
1.4657393326022037
1.4657393326022037
1.4657393326022037
1.4657393326022037
1.4657393326022037
1.4657393326022037
1.4657393326022037
1.4657393326022037
1.4657393326022037
1.4657393326022037
1.4657393326022037
1.4657393326022037
1.465740878513547
1.4657413612980261
1.4657413612980261
1.4657413612980261
1.4657422853413367
1.4657422853413367
1.4657424824320717
1.465742612373393
1.4657426903381146
1.4657430676841632
1.4657430676841632
1.4657430676841632
1.4657431242511647
1.465743367458078
1.4657434837773
1.4657435261076535
1.465743618578171
1.4657437091672931
1.4657437381775404
1.4657438046005213
1.4657438547071997
1.4657438898563997
1.4657439178850487
1.4657439205777831
1.4657439293304333
1.4657439624458344
1.4657439624458344
1.4657439688145026
1.4657439814720201
1.4657439891809623
1.465743993806328
1.465743993806328
1.4657439962777428
1.4657439994261874
1.4657440028412447
1.465744004890279
1.4657440061196993
1.465744007464727
1.4657440083951163
1.465744008917388
1.4657440093611291
1.4657440098405026
1.4657440100611827
1.4657440102241759
1.465744010321972
1.4657440103806496
1.4657440104914512
1.465744010777134
1.465744010845247
1.465744010845247
1.4657440109248363
1.465744010956051
1.4657440109561277
1.4657440109561277
1.4657440109561277
1.4657440109746065
1.4657440109746065
1.4657440109806554
1.4657440109806554
1.4657440109806554
1.4657440109832245
1.4657440109847892
1.4657440109847892
1.4657440109886053
1.4657440109886053
1.4657440109886053
1.4657440109886053
1.465744010988877
1.465744010988877
1.465744010989064
1.465744010989064
1.4657440109892292
1.4657440109893562
1.4657440109893562
1.4657440109893562
1.46574401098942
1.46574401098942
1.46574401098942
1.46574401098942
1.4657440109894508
1.4657440109894615
1.4657440109894615
1.4657440109894615
1.4657440109894615
1.4657440109894615
1.4657440109894704
1.465744010989471
1.4657440109894713
1.4657440109894713
1.465744010989482
1.465744010989482
1.465744010989482
1.465744010989482
1.465744010989485
1.465744010989485
1.465744010989485
1.465744010989485
1.465744010989485
1.4657440109894861
1.4657440109894861
1.4657440109894861
1.4657440109894886
1.4657440109894886
1.4657440109894886
1.465744010989489
1.4657440109894893
1.4657440109894897
1.4657440109894897
1.46574401098949
1.46574401098949
1.4657440109894901
1.4657440109894901
1.4657440109894901
1.4657440109894901
1.4657440109894901
1.4657440109894901
1.4657440109894901
1.4657440109894901
1.4657440109894901
1.4657440109894901
1.4657440109894901
1.4657440109894901
1.4657440109894901
1.4657440109894901
1.4657440109894901
1.4657440109894901
1.4657440109894901
1.4657440109894901
