2.039002654156796
2.039002654156796
2.039002654156796
2.039002654156796
2.039002654156796
2.039002654156796
2.039002654156796
2.039002654156796
2.039002654156796
2.039002654156796
2.039002654156796
2.039002654156796
2.039002654156796
2.039002654156796
2.039002654156796
2.039002654156796
2.039002654156796
2.039002654156796
2.039002654156796
2.039002654156796
2.039002654156796
2.039002654156796
2.039002654156796
2.039002654156796
2.039002654156796
2.039002654156796
2.039002654156796
2.039002654156796
2.039002654156796
2.039002654156796
2.039002654156796
2.039002654156796
2.039002654156796
2.039002654156796
2.039002654156796
2.039002654156796
2.039002654156796
2.039002654156796
2.039002654156796
2.039002654156796
2.039002654156796
2.039002654156796
2.039002654156796
2.039002654156796
2.0390123803442908
2.0390237847118176
2.0390237847118176
2.039040588137342
2.039040588137342
2.039040588137342
2.039040588137342
2.0390416590283515
2.0390416590283515
2.0390416590283515
2.0390416590283515
2.0390416998390424
2.0390422007140767
2.039042649055052
2.0390434290234523
2.0390438693141753
2.0390448898481535
2.0390448898481535
2.0390456563898183
2.0390463252734614
2.0390471644329264
2.0390471644329264
2.039047409984901
2.039047663513798
2.039047794857249
2.0390478930228313
2.0390479938933352
2.039048058170863
2.03904813400147
2.0390481557838838
2.0390482550451567
2.0390482550451567
2.039048285704684
2.0390483269927953
2.0390483326988997
2.0390483432214666
2.0390483481670545
2.0390483573658016
2.0390483641118635
2.0390483681595017
2.0390483731620876
2.039048376582079
2.0390483800851924
2.039048385012132
2.0390483878103796
2.039048388569724
2.0390483914446373
2.039048392798066
2.039048394001496
2.039048394810042
2.0390483952951706
2.0390483964699677
2.03904839748306
2.039048398161874
2.039048399092177
2.0390483997209516
2.0390484001948175
2.039048400554953
2.039048400771035
2.0390484009632406
2.0390484011719434
2.0390484013009025
2.0390484013947767
2.0390484014721615
2.039048401518592
2.0390484015884276
2.0390484016398736
2.0390484016707413
2.039048401704505
2.039048401729109
2.039048401747652
2.039048401758778
2.0390484017656614
2.039048401775419
2.0390484017817245
2.039048401785508
2.039048401788105
2.039048401790035
2.039048401791193
2.039048401791888
2.039048401792881
2.0390484017940342
2.039048401794725
2.03904840179514
2.0390484017956845
2.039048401796252
2.0390484017965944
2.039048401796799
2.039048401796922
2.0390484017970816
2.0390484017972583
2.039048401797364
2.039048401797427
2.0390484017974653
2.039048401797512
2.0390484017975727
2.03904840179761
2.039048401797632
2.0390484017976465
2.0390484017976815
2.039048401797703
2.039048401797715
2.039048401797723
2.0390484017977277
2.0390484017977406
2.039048401797749
2.0390484017977544
2.039048401797761
2.0390484017977664
2.0390484017977695
2.0390484017977712
2.039048401797773
2.039048401797775
2.039048401797776
2.0390484017977766
2.0390484017977775
2.039048401797778
2.0390484017977784
2.039048401797779
2.0390484017977792
2.0390484017977792
2.0390484017977792
2.0390484017977792
2.0390484017977792
2.0390484017977792
2.0390484017977792
2.0390484017977792
2.0390484017977792
2.0390484017977792
2.0390484017977792
2.0390484017977792
2.0390484017977792
2.0390484017977792
2.0390484017977792
2.0390484017977792
