21.81791058792263
21.81791058792263
21.81791058792263
21.81791058792263
21.81791058792263
21.81791058792263
21.81791058792263
21.81791058792263
21.81791058792263
21.81791058792263
21.81791058792263
21.81791058792263
21.81791058792263
21.81791058792263
21.81791058792263
21.81791058792263
21.81791058792263
21.81791058792263
21.81791058792263
21.81791058792263
21.81791058792263
21.81791058792263
21.81791058792263
21.81791058792263
21.81791058792263
21.81791058792263
21.81791058792263
21.81791058792263
21.81791058792263
21.81791058792263
21.81791058792263
21.81791058792263
21.81791058792263
21.81791058792263
21.81791058792263
21.81791058792263
21.81791058792263
21.81791058792263
21.81791058792263
21.81791058792263
21.81791058792263
21.81791058792263
21.81791058792263
21.81791058792263
21.81791058792263
21.81791058792263
21.81791058792263
21.81791058792263
21.81791058792263
21.81791058792263
21.81791058792263
21.81791058792263
21.81791058792263
21.81791058792263
21.817976065388358
21.817976065388358
21.818078270717514
21.818091724403327
21.818100889566303
21.818105089066957
21.818108264538214
21.81811016982104
21.818111312990766
21.8181119988926
21.818117661846767
21.818128111709083
21.818136051825
21.818141130075187
21.81814710946646
21.8181562439223
21.818160088461337
21.81816420705802
21.818168486827993
21.818171646420225
21.81817371071495
21.818175047614975
21.818176419383576
21.81817780636149
21.818178909949776
21.818179925564806
21.81818059439939
21.81818159872817
21.818182509033413
21.818182789337957
21.81818309068488
21.818183703114133
21.81818413036508
21.81818438671564
21.818184552060586
21.81818483171958
21.81818506146409
21.818185220065274
21.818185220065274
21.818185364351553
21.818185443162754
21.818185492182067
21.81818552858123
21.8181855986945
21.818185649150497
21.818185679424086
21.818185699021072
21.818185712519316
21.81818573432826
21.818185753012532
21.818185764380264
21.8181857712009
21.818185780437158
21.818185788477354
21.818185793773083
21.81818579426704
21.81818579760868
21.818185799636897
21.818185801077156
21.818185801941308
21.818185802531577
21.818185803276734
21.81818580454174
21.818185805312815
21.81818580577544
21.818185806201498
21.818185806838308
21.81818580722438
21.81818580745602
21.818185807603008
21.81818580788527
21.8181858080834
21.818185808202283
21.81818580827361
21.818185808316407
21.818185808342076
21.81818580837073
21.818185808418285
21.818185808446817
21.818185808463934
21.818185808474343
21.818185808498498
21.818185808514507
21.818185808524106
21.81818580853122
21.818185808540964
21.818185808546808
21.818185808550314
21.81818580855242
21.818185808554066
21.818185808555825
21.818185808556898
21.818185808557523
21.818185808557914
21.81818580855814
21.818185808558283
21.81818580855836
21.818185808558606
21.818185808558862
21.81818580855901
21.818185808559097
21.81818580855917
21.818185808559274
21.81818580855933
21.818185808559377
21.81818580855941
21.818185808559434
21.818185808559452
21.818185808559463
21.818185808559477
21.818185808559488
21.818185808559495
21.8181858085595
21.818185808559505
21.818185808559512
21.818185808559516
21.818185808559516
21.818185808559516
21.818185808559523
21.818185808559523
21.818185808559523
21.818185808559523
21.818185808559523
21.818185808559523
21.818185808559523
21.818185808559523
21.818185808559523
21.818185808559523
21.818185808559523
21.818185808559523
21.818185808559523
21.818185808559523
21.818185808559523
21.818185808559523
21.818185808559523
21.818185808559523
21.818185808559523
21.818185808559523
21.818185808559523
21.818185808559523
21.818185808559523
21.818185808559523
21.818185808559523
21.818185808559523
21.818185808559523
21.818185808559523
21.818185808559523
21.818185808559523
21.818185808559523
21.818185808559523
