1.2503598260840494
1.2503598260840494
1.2503598260840494
1.2503598260840494
1.2503598260840494
1.2503598260840494
1.2503598260840494
1.2503598260840494
1.2503598260840494
1.2503598260840494
1.2503598260840494
1.2503598260840494
1.2503598260840494
1.2503598260840494
1.2503598260840494
1.2503598260840494
1.2503598260840494
1.2503598260840494
1.2503598260840494
1.2503598260840494
1.2503598260840494
1.2503598260840494
1.2503598260840494
1.2503598260840494
1.2503598260840494
1.2503598260840494
1.2503598260840494
1.2503598260840494
1.2503598260840494
1.2503598260840494
1.2503598260840494
1.2503598260840494
1.2503598260840494
1.2503598260840494
1.2503598260840494
1.2503598260840494
1.2503598260840494
1.2503598260840494
1.2503598260840494
1.2503598260840494
1.2503598260840494
1.2503598260840494
1.2503598260840494
1.2503598260840494
1.2503598260840494
1.2503598260840494
1.2503598260840494
1.2503598260840494
1.2503598260840494
1.2503598260840494
1.2503598260840494
1.2503598260840494
1.2503598260840494
1.2503598260840494
1.2503598260840494
1.2503598260840494
1.2503598260840494
1.2503598260840494
1.2503598260840494
1.2503598260840494
1.2503598260840494
1.2503598260840494
1.2503598260840494
1.2503598260840494
1.2503598260840494
1.2503598260840494
1.2503598260840494
1.2503598260840494
1.2503598260840494
1.2503620050044666
1.2503620050044666
1.2503620050044666
1.2503620050044666
1.2503620050044666
1.2503620050044666
1.2503620050044666
1.2503620050044666
1.2503622809218837
1.2503622809218837
1.250363374296304
1.250363374296304
1.2503634846294693
1.2503634846294693
1.2503634846294693
1.250363984768612
1.250363984768612
1.250364005861785
1.250364078728903
1.250364221541799
1.2503643030397067
1.2503644316376896
1.2503644867478945
1.2503645609048202
1.2503646053989754
1.2503646345363661
1.2503646625147211
1.250364690457887
1.2503647057581229
1.2503647149382646
1.2503647292093663
1.2503647453841282
1.2503647550889854
1.250364763060377
1.2503647651575367
1.2503647740479167
1.2503647822379635
1.250364787584592
1.250364787584592
1.2503647916155538
1.2503647950654757
1.2503647958988093
1.2503647963930011
1.2503647971755023
1.25036479835742
1.2503647993608418
1.2503647999628948
1.250364800477916
1.2503648005434596
1.2503648008408466
1.2503648008408466
1.2503648009243435
1.2503648009507478
1.2503648009665904
1.2503648009957682
1.2503648010335702
1.2503648010377713
1.2503648010538442
1.2503648010883792
1.2503648010938548
1.2503648010974686
1.2503648011106603
1.250364801120306
1.2503648011280994
1.250364801134584
1.250364801142589
1.2503648011449957
1.250364801148466
1.2503648011507147
1.2503648011519568
1.2503648011527022
1.2503648011537065
1.2503648011537065
1.2503648011542203
1.2503648011546231
1.2503648011548645
1.2503648011550095
1.2503648011551463
1.2503648011554618
1.2503648011557058
1.2503648011560395
1.2503648011561124
1.2503648011562105
1.2503648011562944
1.2503648011563668
1.2503648011564252
1.2503648011564665
1.2503648011564967
1.2503648011565152
1.2503648011565334
1.250364801156545
1.2503648011565502
1.2503648011565545
1.250364801156559
1.250364801156565
1.2503648011565698
1.2503648011565724
1.250364801156574
1.2503648011565764
1.2503648011565787
1.25036480115658
1.2503648011565809
1.2503648011565813
1.2503648011565827
1.2503648011565838
1.2503648011565849
1.2503648011565855
1.250364801156586
1.2503648011565864
1.2503648011565864
1.2503648011565864
1.2503648011565864
1.2503648011565864
1.2503648011565864
1.2503648011565864
1.2503648011565864
1.2503648011565864
1.2503648011565864
1.2503648011565864
1.2503648011565864
1.2503648011565864
1.2503648011565864
1.2503648011565864
1.2503648011565864
1.2503648011565864
1.2503648011565864
1.2503648011565864
1.2503648011565864
1.2503648011565864
1.2503648011565864
1.2503648011565864
