2.483375694207457
2.483375694207457
2.483375694207457
2.483375694207457
2.483375694207457
2.483375694207457
2.483375694207457
2.483375694207457
2.483375694207457
2.483375694207457
2.483375694207457
2.483375694207457
2.483375694207457
2.483375694207457
2.483375694207457
2.483375694207457
2.483375694207457
2.483375694207457
2.483375694207457
2.483375694207457
2.483375694207457
2.483375694207457
2.483375694207457
2.483375694207457
2.483375694207457
2.483375694207457
2.483375694207457
2.483375694207457
2.483375694207457
2.483375694207457
2.483375694207457
2.483375694207457
2.483375694207457
2.483375694207457
2.483375694207457
2.483375694207457
2.483375694207457
2.483375694207457
2.483375694207457
2.483375694207457
2.483375694207457
2.483375694207457
2.483375694207457
2.483375694207457
2.483375694207457
2.483375694207457
2.483375694207457
2.483375694207457
2.483375694207457
2.483375694207457
2.483375694207457
2.483375694207457
2.483375694207457
2.483375694207457
2.483375694207457
2.483375694207457
2.483375694207457
2.483375694207457
2.483375694207457
2.483375694207457
2.483375694207457
2.483377140515422
2.483377140515422
2.483377140515422
2.483377664834455
2.483378477397292
2.48337857095553
2.4833790295523284
2.4833796816114138
2.4833800761012874
2.4833803380806065
2.483380728822836
2.483381013500287
2.483381184306746
2.4833812867906158
2.4833813482809357
2.4833814422359084
2.4833814990281984
2.483381533210288
2.4833815701717548
2.4833815937066013
2.4833816163441886
2.483381630468015
2.4833816374911883
2.4833816492365344
2.4833816598170553
2.483381663421611
2.4833816668174484
2.4833816712022516
2.4833816746545057
2.4833816758645297
2.4833816759968443
2.483381676942581
2.483381677574703
2.483381678042643
2.483381678386423
2.4833816788467797
2.483381679000264
2.483381679482447
2.483381679880439
2.4833816801267425
2.4833816802883164
2.4833816805672653
2.4833816809012084
2.4833816810845195
2.4833816810845195
2.4833816810845195
2.483381681175413
2.483381681175413
2.483381681175413
2.483381681175413
2.4833816811867035
2.483381681204893
2.483381681204893
2.483381681204893
2.4833816812071974
2.4833816812089045
2.4833816812089045
2.4833816812089045
2.4833816812089045
2.4833816812089045
2.4833816812089045
2.4833816812092695
2.4833816812104823
2.483381681211714
2.483381681212612
2.4833816812133263
2.4833816812139697
2.4833816812143628
2.4833816812146
2.4833816812148948
2.4833816812151253
2.4833816812152714
2.483381681215415
2.4833816812155254
2.483381681215635
2.483381681215703
2.4833816812157656
2.4833816812158096
2.4833816812158362
2.4833816812158536
2.4833816812158642
2.4833816812158838
2.4833816812159024
2.483381681215913
2.48338168121592
2.4833816812159264
2.4833816812159313
2.4833816812159357
2.4833816812159375
2.48338168121594
2.483381681215942
2.4833816812159433
2.4833816812159437
2.483381681215944
2.483381681215945
2.483381681215946
2.4833816812159464
2.4833816812159464
2.483381681215947
2.4833816812159477
2.483381681215948
2.4833816812159486
2.483381681215949
2.483381681215949
2.483381681215949
2.483381681215949
2.48338168121595
2.48338168121595
2.48338168121595
2.48338168121595
2.48338168121595
2.48338168121595
2.48338168121595
2.48338168121595
2.48338168121595
2.48338168121595
2.48338168121595
2.48338168121595
2.48338168121595
2.48338168121595
2.48338168121595
2.48338168121595
2.48338168121595
2.48338168121595
