1.7915511579377597
1.7915511579377597
1.7915511579377597
1.7915511579377597
1.7915511579377597
1.7915511579377597
1.7915511579377597
1.7915511579377597
1.7915511579377597
1.7915511579377597
1.7915511579377597
1.7915511579377597
1.7915511579377597
1.7915511579377597
1.7915511579377597
1.7915511579377597
1.7915511579377597
1.7915511579377597
1.7915511579377597
1.7915511579377597
1.7915511579377597
1.7915511579377597
1.7915511579377597
1.7915511579377597
1.7915511579377597
1.7915511579377597
1.7915511579377597
1.7915511579377597
1.7915511579377597
1.7915511579377597
1.7915511579377597
1.7915511579377597
1.7915511579377597
1.7915511579377597
1.7915511579377597
1.7915511579377597
1.7915511579377597
1.7915511579377597
1.7915511579377597
1.7915511579377597
1.7915511579377597
1.7915511579377597
1.7915511579377597
1.7915511579377597
1.7915511579377597
1.7915511579377597
1.7915511579377597
1.7915511579377597
1.7915511579377597
1.7915511579377597
1.7915511579377597
1.7915511579377597
1.7915511579377597
1.7915511579377597
1.7915511579377597
1.7915511579377597
1.791551430054477
1.791551430054477
1.791551430054477
1.791551430054477
1.7915517393551759
1.7915517393551759
1.7915517393551759
1.7915517393551759
1.7915519453791522
1.7915519453791522
1.7915519453791522
1.7915519453791522
1.7915519453791522
1.791552092707323
1.791552459320509
1.791552965368535
1.791553169313686
1.7915534263962163
1.7915536388356978
1.7915540233119316
1.7915540264136942
1.79155455225833
1.7915546078252378
1.7915546411653829
1.7915546611694695
1.79155476257622
1.7915548288982839
1.7915548687758567
1.7915548886647503
1.791554911227939
1.7915549217869986
1.7915549283690047
1.791554947795362
1.7915549573782243
1.7915549573782243
1.7915549573782243
1.7915549573782243
1.7915549578917846
1.7915549578917846
1.7915549578917846
1.7915549592038762
1.7915549606882548
1.7915549616531243
1.7915549616531243
1.7915549616531243
1.7915549618010713
1.7915549618010713
1.7915549618010713
1.7915549618246518
1.7915549618246518
1.7915549618471431
1.7915549619803834
1.7915549619803834
1.7915549619803834
1.7915549619803834
1.791554962042694
1.791554962042694
1.791554962042694
1.791554962042694
1.791554962042694
1.7915549620453919
1.7915549620546818
1.7915549620605091
1.7915549620651052
1.7915549620682611
1.791554962070155
1.7915549620712912
1.7915549620726412
1.7915549620746118
1.7915549620758087
1.7915549620765272
1.791554962076958
1.7915549620789326
1.7915549620805746
1.7915549620812348
1.7915549620819602
1.7915549620819602
1.7915549620819602
1.7915549620819602
1.7915549620821374
1.7915549620821374
1.7915549620821374
1.7915549620821374
1.7915549620821374
1.7915549620822226
1.7915549620822226
1.7915549620822226
1.7915549620822226
1.7915549620822226
1.7915549620822322
1.7915549620822322
1.7915549620822322
1.7915549620822386
1.7915549620822386
1.7915549620822386
1.7915549620822386
1.7915549620822386
1.7915549620822386
1.7915549620822417
1.7915549620822417
1.7915549620822417
1.7915549620822429
1.7915549620822429
1.7915549620822435
1.7915549620822437
1.7915549620822437
1.791554962082244
1.791554962082244
1.7915549620822446
1.791554962082245
1.791554962082245
1.791554962082245
1.791554962082245
1.7915549620822455
1.7915549620822455
1.7915549620822455
1.7915549620822455
1.7915549620822455
1.7915549620822455
1.7915549620822455
1.7915549620822455
1.7915549620822455
1.7915549620822455
1.7915549620822455
1.7915549620822455
1.7915549620822455
1.7915549620822455
1.7915549620822455
1.7915549620822455
1.7915549620822455
1.7915549620822455
1.7915549620822455
