2.1006298783825366
2.1006298783825366
2.1006298783825366
2.1006298783825366
2.1006298783825366
2.1006298783825366
2.1006298783825366
2.1006298783825366
2.1006298783825366
2.1006298783825366
2.1006298783825366
2.1006298783825366
2.1006298783825366
2.1006298783825366
2.1006298783825366
2.1006298783825366
2.1006298783825366
2.1006298783825366
2.1006298783825366
2.1006298783825366
2.1006298783825366
2.1006298783825366
2.1006298783825366
2.1006298783825366
2.1006298783825366
2.1006298783825366
2.1006298783825366
2.1006298783825366
2.1006298783825366
2.1006298783825366
2.1006298783825366
2.1006298783825366
2.1006298783825366
2.1006298783825366
2.1006298783825366
2.1006298783825366
2.1006298783825366
2.1006298783825366
2.1006298783825366
2.1006298783825366
2.1006298783825366
2.1006298783825366
2.1006298783825366
2.1006298783825366
2.1006298783825366
2.1006298783825366
2.1006298783825366
2.1006298783825366
2.1006298783825366
2.1006298783825366
2.1006298783825366
2.1006298783825366
2.100635502811405
2.100635502811405
2.100635502811405
2.100635502811405
2.1006369013673316
2.100641093465176
2.1006457639072615
2.100648566169899
2.10064972740381
2.100653578303341
2.100655515151042
2.1006574834517497
2.100658586028945
2.100659853742687
2.100660102260381
2.1006609310457067
2.1006625183200813
2.1006625183200813
2.100662734721507
2.1006630650468816
2.1006634976337497
2.1006636281185083
2.1006639741594775
2.1006641120908136
2.1006642698003053
2.100664380390445
2.1006644965508188
2.100664531663654
2.100664619315134
2.100664703033936
2.100664753265218
2.1006648190908472
2.100664829463304
2.1006648646876345
2.100664956243897
2.100665013759987
2.1006650301455263
2.100665061216189
2.1006651189104013
2.100665157157364
2.1006651801055414
2.100665193874448
2.100665202239906
2.1006652213050008
2.1006652335135376
2.1006652420900127
2.1006652504034076
2.1006652582141103
2.1006652637322425
2.1006652670431216
2.1006652701561275
2.1006652739415115
2.10066527639496
2.100665277867029
2.1006652792850264
2.1006652805709183
2.100665281546902
2.1006652822785155
2.1006652829164336
2.1006652834542874
2.100665283790498
2.100665283992224
2.1006652841132603
2.1006652842332874
2.1006652842771776
2.1006652842771776
2.100665284321476
2.100665284336131
2.100665284337191
2.1006652843379663
2.100665284346002
2.1006652843495077
2.1006652843549953
2.1006652843583598
2.100665284360378
2.1006652843615896
2.1006652843624365
2.100665284363672
2.1006652843669893
2.1006652843692284
2.1006652843705718
2.1006652843713782
2.100665284371895
2.1006652843726497
2.100665284373278
2.100665284373762
2.1006652843740534
2.1006652843742484
2.100665284374372
2.1006652843744456
2.1006652843745424
2.1006652843746605
2.100665284374732
2.100665284374779
2.1006652843748195
2.100665284374845
2.1006652843748594
2.1006652843748683
2.1006652843748874
2.100665284374901
2.1006652843749127
2.1006652843749225
2.1006652843749296
2.1006652843749363
2.1006652843749407
2.1006652843749443
2.1006652843749474
2.100665284374949
2.100665284374951
2.1006652843749523
2.100665284374953
2.1006652843749536
2.100665284374954
2.1006652843749545
2.100665284374955
2.100665284374955
2.1006652843749554
2.1006652843749554
2.100665284374956
2.100665284374956
2.100665284374956
2.100665284374956
2.100665284374956
2.100665284374956
2.100665284374956
2.100665284374956
2.100665284374956
2.100665284374956
2.100665284374956
2.100665284374956
2.100665284374956
2.100665284374956
2.100665284374956
2.100665284374956
2.100665284374956
2.100665284374956
2.100665284374956
2.100665284374956
2.100665284374956
2.100665284374956
2.100665284374956
2.100665284374956
2.100665284374956
2.100665284374956
