1.6258165130767912
1.6258165130767912
1.6258165130767912
1.6258165130767912
1.6258165130767912
1.6258165130767912
1.6258165130767912
1.6258165130767912
1.6258165130767912
1.6258165130767912
1.6258165130767912
1.6258165130767912
1.6258165130767912
1.6258165130767912
1.6258165130767912
1.6258165130767912
1.6258165130767912
1.6258165130767912
1.6258165130767912
1.6258165130767912
1.6258165130767912
1.6258165130767912
1.6258165130767912
1.6258165130767912
1.6258165130767912
1.6258165130767912
1.6258165130767912
1.6258165130767912
1.6258165130767912
1.6258165130767912
1.6258165130767912
1.6258165130767912
1.6258165130767912
1.6258165130767912
1.6258165130767912
1.6258165130767912
1.6258165130767912
1.6258165130767912
1.6258165130767912
1.6258165130767912
1.6258165130767912
1.6258165130767912
1.6258165130767912
1.6258165130767912
1.6258165130767912
1.6258165130767912
1.6258165130767912
1.6258165130767912
1.6258165130767912
1.6258165130767912
1.6258222259923714
1.6258222259923714
1.6258253576917563
1.6258253576917563
1.6258253576917563
1.6258253576917563
1.6258253576917563
1.625826692432524
1.625826692432524
1.625826692432524
1.625826692432524
1.6258268305070909
1.6258270020217682
1.6258277069480556
1.6258281109277908
1.6258286520023595
1.6258289230197944
1.6258292251413218
1.6258295298048255
1.6258297287145649
1.625830072419902
1.625830526111923
1.6258307158359584
1.6258309980100216
1.6258313077484505
1.625831493591519
1.625831605097364
1.625831673660934
1.6258317318983373
1.6258318493147694
1.6258319204406573
1.625831981355738
1.6258320329048503
1.6258320849834926
1.625832116230679
1.6258321349789915
1.6258321462279792
1.6258321529773718
1.625832165154382
1.6258321756181282
1.6258321849753388
1.6258321933218347
1.6258321983297321
1.6258322030607242
1.625832205966376
1.6258322088014148
1.6258322109953478
1.6258322124672298
1.6258322136499568
1.625832214684059
1.6258322153045208
1.6258322156767977
1.625832216058458
1.6258322163497148
1.625832216614992
1.625832216795453
1.62583221690373
1.6258322170656834
1.6258322172511157
1.625832217362375
1.6258322174291306
1.6258322175161926
1.6258322175915385
1.6258322176384767
1.6258322176671196
1.6258322176843052
1.625832217703178
1.6258322177249667
1.6258322177380398
1.6258322177458833
1.6258322177505897
1.6258322177566664
1.6258322177620343
1.6258322177654807
1.6258322177675486
1.6258322177694298
1.625832217771285
1.625832217772398
1.625832217773066
1.6258322177734668
1.6258322177739477
1.6258322177744469
1.6258322177747593
1.625832217774947
1.6258322177751805
1.6258322177753457
1.625832217775445
1.6258322177755047
1.625832217775583
1.6258322177756548
1.6258322177756983
1.625832217775725
1.6258322177757605
1.6258322177757858
1.6258322177758011
1.6258322177758149
1.6258322177758302
1.6258322177758397
1.625832217775845
1.6258322177758489
1.6258322177758509
1.6258322177758542
1.6258322177758573
1.6258322177758586
1.6258322177758597
1.6258322177758606
1.6258322177758617
1.6258322177758624
1.6258322177758626
1.6258322177758633
1.6258322177758633
1.6258322177758637
1.6258322177758637
1.6258322177758637
1.6258322177758637
1.6258322177758637
1.6258322177758637
1.6258322177758637
1.6258322177758637
1.6258322177758637
1.6258322177758637
1.6258322177758637
1.6258322177758637
1.6258322177758637
1.6258322177758637
1.6258322177758637
1.6258322177758637
1.6258322177758637
1.6258322177758637
1.6258322177758637
1.6258322177758637
1.6258322177758637
1.6258322177758637
1.6258322177758637
1.6258322177758637
1.6258322177758637
1.6258322177758637
1.6258322177758637
1.6258322177758637
