1.6920810290388468
1.6920810290388468
1.6920810290388468
1.6920810290388468
1.6920810290388468
1.6920810290388468
1.6920810290388468
1.6920810290388468
1.6920810290388468
1.6920810290388468
1.6920810290388468
1.6920810290388468
1.6920810290388468
1.6920810290388468
1.6920810290388468
1.6920810290388468
1.6920810290388468
1.6920810290388468
1.6920810290388468
1.6920810290388468
1.6920810290388468
1.6920810290388468
1.6920810290388468
1.6920810290388468
1.6920810290388468
1.6920810290388468
1.6920810290388468
1.6920810290388468
1.6920810290388468
1.6920810290388468
1.6920810290388468
1.6920810290388468
1.6920810290388468
1.6920810290388468
1.6920810290388468
1.6920810290388468
1.6920810290388468
1.6920810290388468
1.6920810290388468
1.6920810290388468
1.6920810290388468
1.6920810290388468
1.6920862477442336
1.6920862477442336
1.6920862477442336
1.6920862477442336
1.6920862477442336
1.6920862477442336
1.6920862477442336
1.6920862477442336
1.6920862477442336
1.6920862477442336
1.6920862477442336
1.6920862477442336
1.6920862477442336
1.6920863931204693
1.6920863931204693
1.6920863931204693
1.6920863931204693
1.692090549323392
1.692090549323392
1.692090549323392
1.692090549323392
1.692092854287414
1.692092854287414
1.6920929053426215
1.692093247856914
1.692093858745358
1.692093858745358
1.692093858745358
1.692094146873517
1.692094442880013
1.6920946838088868
1.6920950661400351
1.6920956397014846
1.6920959838383314
1.692096190320432
1.6920963142096885
1.6920965412511324
1.6920969365888079
1.6920971339379955
1.6920972635466276
1.692097291209829
1.6920973884269062
1.6920974513197111
1.6920975204207769
1.6920975204207769
1.6920975484220497
1.692097586732705
1.6920976010790756
1.6920976187560777
1.6920976260858682
1.6920976430669252
1.69209765264506
1.6920976620169241
1.692097664597468
1.6920976719052292
1.6920976777940164
1.6920976810099642
1.6920976837291852
1.692097684559121
1.6920976854219831
1.6920976866338902
1.692097687484283
1.6920976879945184
1.6920976883806997
1.6920976888911476
1.6920976891633701
1.6920976893637065
1.6920976894932296
1.692097689590224
1.6920976897031335
1.692097689783255
1.692097689833321
1.6920976898587794
1.6920976899054092
1.6920976899342965
1.6920976899516287
1.6920976899620284
1.6920976899682676
1.6920976899682676
1.6920976899682676
1.692097689970064
1.692097689970064
1.692097689970064
1.692097689970064
1.692097689970064
1.692097689970064
1.692097689970064
1.692097689970691
1.692097689970691
1.692097689970691
1.692097689970691
1.692097689970691
1.692097689970691
1.692097689970691
1.6920976899707616
1.6920976899709264
1.6920976899709264
1.6920976899709776
1.6920976899710383
1.6920976899710667
1.69209768997109
1.6920976899710987
1.692097689971107
1.6920976899711386
1.6920976899711893
1.6920976899712294
1.6920976899712539
1.692097689971268
1.692097689971277
1.6920976899712823
1.6920976899712967
1.6920976899713165
1.6920976899713283
1.692097689971332
1.6920976899713385
1.6920976899713471
1.6920976899713533
1.6920976899713571
1.6920976899713602
1.692097689971365
1.6920976899713682
1.6920976899713702
1.6920976899713722
1.692097689971374
1.6920976899713749
1.6920976899713758
1.6920976899713764
1.6920976899713769
1.6920976899713773
1.6920976899713773
1.6920976899713778
1.6920976899713778
1.6920976899713782
1.6920976899713782
1.6920976899713782
1.6920976899713782
1.6920976899713782
1.6920976899713782
1.6920976899713782
1.6920976899713782
1.6920976899713782
1.6920976899713782
1.6920976899713782
1.6920976899713782
1.6920976899713782
1.6920976899713782
1.6920976899713782
1.6920976899713782
1.6920976899713782
1.6920976899713782
