1.4592378007039053
1.4592378007039053
1.4592378007039053
1.4592378007039053
1.4592378007039053
1.4592378007039053
1.4592378007039053
1.4592378007039053
1.4592378007039053
1.4592378007039053
1.4592378007039053
1.4592378007039053
1.4592378007039053
1.4592378007039053
1.4592378007039053
1.4592378007039053
1.4592378007039053
1.4592378007039053
1.4592378007039053
1.4592378007039053
1.4592378007039053
1.4592378007039053
1.4592378007039053
1.4592378007039053
1.4592378007039053
1.4592378007039053
1.4592378007039053
1.4592378007039053
1.4592378007039053
1.4592378007039053
1.4592378007039053
1.4592378007039053
1.4592378007039053
1.4592378007039053
1.4592378007039053
1.4592378007039053
1.4592378007039053
1.4592378007039053
1.4592378007039053
1.4592378007039053
1.4592378007039053
1.4592378007039053
1.4592378007039053
1.4592378007039053
1.4592378007039053
1.4592378007039053
1.4592378007039053
1.4592385636665424
1.4592385636665424
1.4592385636665424
1.4592385636665424
1.4592385636665424
1.4592385636665424
1.4592385636665424
1.4592385636665424
1.4592385636665424
1.4592385636665424
1.4592385636665424
1.4592385636665424
1.4592385636665424
1.4592385636665424
1.4592385636665424
1.4592385636665424
1.4592388697241627
1.4592388697241627
1.4592388697241627
1.4592396969200083
1.4592403194170342
1.4592403194170342
1.459241458918787
1.4592425519086276
1.459243315173683
1.459243638004347
1.4592441264498073
1.4592448611180753
1.4592453584611318
1.4592457831688592
1.4592462330813687
1.4592465071412044
1.4592466863215643
1.4592467391911017
1.4592468324217753
1.4592468711662043
1.4592469337358227
1.4592469660691567
1.4592469980880962
1.4592470053315638
1.4592470192813158
1.4592470524246004
1.4592470850137977
1.459247106443709
1.4592471194787242
1.4592471194787242
1.4592471257232353
1.4592471325641125
1.459247143245997
1.4592471496551287
1.4592471535355607
1.45924715957146
1.4592471634863928
1.4592471659457478
1.4592471680123207
1.459247169548456
1.4592471707675332
1.4592471714989794
1.4592471719342597
1.4592471723170601
1.4592471726705367
1.4592471729887537
1.4592471731302818
1.4592471733063408
1.4592471734651284
1.4592471735651948
1.459247173634102
1.459247173735395
1.4592471738240766
1.4592471738720054
1.4592471738955353
1.4592471738983626
1.4592471739272852
1.45924717394648
1.4592471739466473
1.459247173953909
1.459247173961008
1.459247173966346
1.4592471739708572
1.4592471739710187
1.4592471739724635
1.4592471739747785
1.4592471739747785
1.4592471739748942
1.4592471739753357
1.4592471739756288
1.4592471739764155
1.4592471739768875
1.4592471739771928
1.4592471739775401
1.4592471739779223
1.4592471739781512
1.4592471739783863
1.459247173978578
1.4592471739787642
1.4592471739788753
1.4592471739789643
1.4592471739790283
1.4592471739790822
1.459247173979135
1.459247173979168
1.4592471739791877
1.4592471739792117
1.4592471739792314
1.459247173979245
1.4592471739792527
1.4592471739792574
1.459247173979262
1.4592471739792656
1.4592471739792692
1.4592471739792716
1.4592471739792747
1.4592471739792772
1.4592471739792787
1.4592471739792798
1.45924717397928
1.4592471739792812
1.4592471739792816
1.459247173979282
1.4592471739792825
1.4592471739792825
1.4592471739792836
1.4592471739792836
1.4592471739792836
1.4592471739792836
1.4592471739792836
1.4592471739792836
1.4592471739792836
1.4592471739792836
1.4592471739792836
1.4592471739792836
1.4592471739792836
1.4592471739792836
1.4592471739792836
1.4592471739792836
1.4592471739792836
1.4592471739792836
1.4592471739792836
1.4592471739792836
1.4592471739792836
1.4592471739792836
1.4592471739792836
1.4592471739792836
1.4592471739792836
1.4592471739792836
1.4592471739792836
1.4592471739792836
1.4592471739792836
