1.7791889120989266
1.7791889120989266
1.7791889120989266
1.7791889120989266
1.7791889120989266
1.7791889120989266
1.7791889120989266
1.7791889120989266
1.7791889120989266
1.7791889120989266
1.7791889120989266
1.7791889120989266
1.7791889120989266
1.7791889120989266
1.7791889120989266
1.7791889120989266
1.7791889120989266
1.7791889120989266
1.7791889120989266
1.7791889120989266
1.7791889120989266
1.7791889120989266
1.7791889120989266
1.7791889120989266
1.7791889120989266
1.7791889120989266
1.7791889120989266
1.7793923737962225
1.7793923737962225
1.7793923737962225
1.7793923737962225
1.7793923737962225
1.7793923737962225
1.7793923737962225
1.7793923737962225
1.7793923737962225
1.7793923737962225
1.7793923737962225
1.7793923737962225
1.7793923737962225
1.7793923737962225
1.7793923737962225
1.7793923737962225
1.7793923737962225
1.7793923737962225
1.7793923737962225
1.7793923737962225
1.7793923737962225
1.7794336157552746
1.7794336157552746
1.7794336157552746
1.7794336157552746
1.7794382415362604
1.7794382415362604
1.7794382415362604
1.7794382415362604
1.7794382415362604
1.7794382415362604
1.7794382415362604
1.7794382415362604
1.7794382415362604
1.7794382415362604
1.7794382415362604
1.7794384617087664
1.7794384617087664
1.7794387921349537
1.779439135455378
1.7794394942125622
1.7794395556364746
1.7794396841498268
1.7794397861083222
1.7794399227156523
1.7794400017314753
1.7794403521757118
1.7794403521757118
1.7794406501827629
1.7794411331062767
1.7794411331062767
1.7794413404643084
1.7794414744602196
1.779441662005818
1.7794417745331794
1.779441842049597
1.7794418825594478
1.7794419275450235
1.7794419702039335
1.779442035183549
1.7794420584939883
1.7794420715500772
1.7794420879423265
1.779442104243007
1.7794421088146877
1.7794421155144808
1.7794421232036146
1.7794421259761692
1.7794421292035216
1.7794421310702395
1.7794421310702395
1.779442132363194
1.7794421330907395
1.7794421337916748
1.7794421342547118
1.7794421351232708
1.7794421353962195
1.7794421357809886
1.7794421360118502
1.7794421362973079
1.7794421365085216
1.7794421365085216
1.7794421365166868
1.7794421365355624
1.7794421366785556
1.7794421367333073
1.7794421367333073
1.7794421370905593
1.7794421371789042
1.7794421372023397
1.7794421373373839
1.7794421374699017
1.7794421376615537
1.779442137681899
1.7794421377469383
1.7794421378262375
1.7794421378738168
1.7794421378772642
1.779442137918111
1.7794421379386642
1.779442137960264
1.7794421379716492
1.7794421379752445
1.779442137992606
1.7794421379940828
1.7794421379960736
1.7794421380010066
1.7794421380041732
1.7794421380070458
1.779442138008005
1.7794421380114696
1.7794421380122571
1.7794421380129117
1.7794421380140544
1.7794421380149426
1.7794421380155203
1.7794421380161378
1.7794421380165766
1.7794421380171228
1.7794421380179433
1.7794421380184353
1.7794421380187306
1.7794421380193064
1.7794421380196792
1.779442138019915
1.7794421380200893
1.7794421380202308
1.7794421380203844
1.7794421380204046
1.779442138020434
1.7794421380204557
1.7794421380204757
1.7794421380204868
1.7794421380204928
1.7794421380205154
1.7794421380205199
1.7794421380205316
1.779442138020538
1.7794421380205439
1.7794421380205474
1.7794421380205496
1.779442138020551
1.779442138020553
1.779442138020555
1.7794421380205565
1.7794421380205585
1.7794421380205585
1.7794421380205596
1.7794421380205598
1.7794421380205607
1.7794421380205612
1.7794421380205612
1.7794421380205614
1.7794421380205614
1.7794421380205616
1.7794421380205616
1.7794421380205618
1.7794421380205618
1.7794421380205618
1.7794421380205618
1.7794421380205618
1.779442138020562
1.779442138020562
