1.5601193861107516
1.5601193861107516
1.5601193861107516
1.5601193861107516
1.5601193861107516
1.5601193861107516
1.5601193861107516
1.5601193861107516
1.5601193861107516
1.5601193861107516
1.5601193861107516
1.5601193861107516
1.5601193861107516
1.5601193861107516
1.5601193861107516
1.5601193861107516
1.5601193861107516
1.5601193861107516
1.5601193861107516
1.5601193861107516
1.5601193861107516
1.5601193861107516
1.5601193861107516
1.5601193861107516
1.5601193861107516
1.5601193861107516
1.5601193861107516
1.5601193861107516
1.5601193861107516
1.5601193861107516
1.5601193861107516
1.5601193861107516
1.5601193861107516
1.5601193861107516
1.5601193861107516
1.5601193861107516
1.5601193861107516
1.5601193861107516
1.5601193861107516
1.5601193861107516
1.5601193861107516
1.5601193861107516
1.5601193861107516
1.5601193861107516
1.5601193861107516
1.5601193861107516
1.5601193861107516
1.5601193861107516
1.5601193861107516
1.5601219799014152
1.560126081607249
1.560128542640766
1.560130019264482
1.56013090524001
1.5601315683614265
1.560133059965573
1.5601336868338211
1.5601336868338211
1.5601339093697013
1.5601343175884501
1.5601343175884501
1.5601345315132098
1.560134733102864
1.5601348587609751
1.5601350765445272
1.560135743148651
1.5601359812323476
1.5601362692550031
1.5601364229989896
1.560136641288837
1.560136822633462
1.560136885263995
1.5601369228423168
1.560136953166467
1.5601369781330423
1.560137012481897
1.560137053464653
1.560137094733855
1.5601371194953766
1.5601371370754369
1.5601371537908189
1.560137165756818
1.5601371702175082
1.560137173548528
1.560137173548528
1.560137173548528
1.5601371775312072
1.560137178109852
1.560137178109852
1.560137178498541
1.5601371791655483
1.560137179565753
1.5601371798058759
1.56013717994995
1.560137180036394
1.56013718008826
1.5601371802766175
1.560137180523929
1.5601371807284017
1.5601371808510853
1.5601371808510853
1.5601371808510853
1.5601371808510853
1.5601371808699096
1.5601371808699096
1.5601371808699096
1.5601371808699096
1.5601371808699096
1.5601371808730295
1.560137180883616
1.5601371808928162
1.5601371808928162
1.5601371808957114
1.5601371808990072
1.5601371808995523
1.560137180900602
1.5601371809012319
1.5601371809027802
1.5601371809039344
1.5601371809048843
1.56013718090626
1.560137180906746
1.560137180907195
1.560137180907465
1.5601371809076148
1.5601371809077496
1.560137180907785
1.5601371809079114
1.5601371809079347
1.5601371809079612
1.5601371809079796
1.5601371809080018
1.5601371809080162
1.5601371809080233
1.5601371809080322
1.560137180908057
1.5601371809080637
1.5601371809080766
1.5601371809080804
1.560137180908086
1.560137180908092
1.5601371809080973
1.560137180908099
1.5601371809081033
1.5601371809081046
1.5601371809081068
1.560137180908108
1.5601371809081093
1.5601371809081097
1.5601371809081102
1.5601371809081102
1.5601371809081102
1.5601371809081104
1.5601371809081104
1.5601371809081104
1.5601371809081106
1.5601371809081106
1.5601371809081106
1.5601371809081106
1.5601371809081106
1.5601371809081108
1.5601371809081108
1.5601371809081108
1.5601371809081108
1.5601371809081108
1.5601371809081108
1.5601371809081108
1.5601371809081108
1.5601371809081108
1.5601371809081108
1.5601371809081108
1.5601371809081108
1.5601371809081108
1.5601371809081108
1.5601371809081108
1.5601371809081108
1.5601371809081108
1.5601371809081108
1.5601371809081108
1.5601371809081108
1.5601371809081108
