2.5410518405626266
2.5410518405626266
2.5410518405626266
2.5410518405626266
2.5410518405626266
2.5410518405626266
2.5410518405626266
2.5410518405626266
2.5410518405626266
2.5410518405626266
2.5410518405626266
2.5410518405626266
2.5410518405626266
2.5410518405626266
2.5410518405626266
2.5410518405626266
2.5410518405626266
2.5410518405626266
2.5410518405626266
2.5410518405626266
2.5410518405626266
2.5410518405626266
2.5410518405626266
2.5410518405626266
2.5410518405626266
2.5410518405626266
2.5410518405626266
2.5410518405626266
2.5410518405626266
2.5410518405626266
2.5410518405626266
2.5410518405626266
2.5410518405626266
2.5410518405626266
2.5410518405626266
2.5411252714165586
2.5411252714165586
2.5411252714165586
2.541190003754654
2.541190003754654
2.541190003754654
2.541190003754654
2.541190003754654
2.541194146993061
2.541269342513965
2.541306205411392
2.5413305705889897
2.541342728186388
2.5413513712172415
2.5413654838000013
2.5413654838000013
2.541366561518591
2.5413701618028783
2.541371904611559
2.5413751422948723
2.5413769297405198
2.5413785708169208
2.5413798449036693
2.541381512528112
2.541383052623898
2.5413839766816206
2.541385088132439
2.541385793210616
2.5413864619286857
2.5413868641928747
2.541387105551391
2.541387250366502
2.5413874005089285
2.5413875786712152
2.5413876053924715
2.5413876711361882
2.541387727601849
2.541387782638198
2.541387833623205
2.541387876968559
2.541387876968559
2.5413878833773116
2.5413879227414067
2.541387936647328
2.5413879540589877
2.5413879645059834
2.54138797848213
2.541387995607993
2.541388007653329
2.5413880138583336
2.5413880221158
2.541388033365531
2.541388040218635
2.5413880443304966
2.5413880485191664
2.5413880523579984
2.541388054661298
2.5413880560432776
2.541388056872465
2.5413880578217163
2.541388059518185
2.5413880605611734
2.5413880612196817
2.5413880618314995
2.541388062598101
2.541388063058062
2.5413880633340384
2.541388063675355
2.5413880639209214
2.5413880640765303
2.5413880640765303
2.5413880641678905
2.5413880641896496
2.5413880641896496
2.541388064195628
2.5413880642093867
2.541388064217116
2.541388064222961
2.5413880642274225
2.5413880642298183
2.541388064234398
2.541388064236589
2.5413880642373443
2.541388064238753
2.5413880642400644
2.541388064240982
2.5413880642418225
2.541388064242224
2.5413880642426547
2.5413880642429563
2.54138806424315
2.541388064243247
2.541388064243313
2.5413880642433533
2.541388064243447
2.5413880642436397
2.541388064243756
2.541388064243826
2.541388064243869
2.541388064243966
2.5413880642440336
2.541388064244076
2.5413880642441
2.541388064244115
2.541388064244153
2.5413880642441784
2.5413880642442
2.5413880642442
2.5413880642442126
2.541388064244221
2.541388064244221
2.5413880642442215
2.5413880642442255
2.5413880642442255
2.5413880642442273
2.541388064244228
2.5413880642442286
2.541388064244231
2.5413880642442317
2.541388064244232
2.541388064244233
2.5413880642442335
2.5413880642442335
2.5413880642442335
2.5413880642442335
2.5413880642442335
2.5413880642442335
2.5413880642442335
2.5413880642442335
2.5413880642442335
2.5413880642442335
2.5413880642442335
2.5413880642442335
2.5413880642442335
2.5413880642442335
2.5413880642442335
2.5413880642442335
2.5413880642442335
2.5413880642442335
2.5413880642442335
2.5413880642442335
2.5413880642442335
2.5413880642442335
2.5413880642442335
2.5413880642442335
2.5413880642442335
2.5413880642442335
2.5413880642442335
2.5413880642442335
2.5413880642442335
2.5413880642442335
