1.303133099547246
1.303133099547246
1.303133099547246
1.303133099547246
1.303133099547246
1.303133099547246
1.303133099547246
1.303133099547246
1.303133099547246
1.303133099547246
1.303133099547246
1.303133099547246
1.303133099547246
1.303133099547246
1.303133099547246
1.303133099547246
1.303133099547246
1.303133099547246
1.303133099547246
1.303133099547246
1.303133099547246
1.303133099547246
1.303133099547246
1.303133099547246
1.303133099547246
1.303133099547246
1.303133099547246
1.303133099547246
1.303133099547246
1.303133099547246
1.303133099547246
1.303133099547246
1.303133099547246
1.303133099547246
1.303133099547246
1.303133099547246
1.303133099547246
1.303133099547246
1.303133099547246
1.303133099547246
1.303133099547246
1.303133099547246
1.303133099547246
1.303133099547246
1.303133099547246
1.303133099547246
1.303133099547246
1.303133099547246
1.303133099547246
1.303133099547246
1.303133099547246
1.303133099547246
1.303133099547246
1.303133099547246
1.303133099547246
1.303133099547246
1.303133099547246
1.303133099547246
1.303133099547246
1.303134507062672
1.303134507062672
1.303134507062672
1.303134507062672
1.303134681312899
1.303134681312899
1.303134681312899
1.3031350656565708
1.3031350656565708
1.3031353090943563
1.3031353090943563
1.3031357170465394
1.3031367045470768
1.3031367045470768
1.3031367740826594
1.3031369646948516
1.3031370579591053
1.303137283334248
1.3031375213076726
1.3031376640917223
1.3031379225698874
1.3031379978115671
1.3031384064714127
1.3031386551300301
1.3031388222113671
1.303138922460175
1.303139052966746
1.303139229704503
1.303139339586248
1.3031394055152958
1.3031395073169987
1.303139599590507
1.3031396549546128
1.303139688173076
1.3031397258561537
1.303139758414033
1.303139777948761
1.30313979576942
1.3031398153162588
1.3031398282804394
1.303139836058948
1.3031398407260533
1.3031398460042551
1.303139853511533
1.3031398580158997
1.3031398607185198
1.303139862340092
1.303139863313035
1.3031398655937032
1.3031398674084405
1.3031398684972828
1.3031398691505884
1.3031398695524128
1.30313987033493
1.303139870811594
1.3031398710975923
1.3031398712691913
1.3031398714691007
1.3031398716104643
1.3031398716952827
1.3031398717461735
1.303139871776708
1.3031398717950287
1.303139871806021
1.3031398718349039
1.303139871863258
1.3031398718802711
1.3031398718904785
1.3031398718966032
1.3031398719006067
1.303139871911366
1.3031398719180445
1.3031398719220515
1.3031398719244558
1.3031398719258989
1.303139871926764
1.3031398719272833
1.303139871927595
1.3031398719290481
1.3031398719305305
1.3031398719314198
1.3031398719319538
1.3031398719322735
1.3031398719324658
1.3031398719327076
1.3031398719330416
1.3031398719332423
1.3031398719333804
1.3031398719335745
1.3031398719336909
1.3031398719337606
1.3031398719338494
1.3031398719339147
1.3031398719339535
1.3031398719339773
1.3031398719339913
1.3031398719340086
1.3031398719340213
1.3031398719340288
1.3031398719340337
1.3031398719340364
1.303139871934043
1.3031398719340475
1.3031398719340506
1.3031398719340523
1.3031398719340552
1.303139871934057
1.303139871934058
1.3031398719340588
1.30313987193406
1.3031398719340608
1.3031398719340612
1.3031398719340617
1.3031398719340619
1.303139871934062
1.3031398719340623
1.3031398719340623
1.3031398719340626
1.3031398719340626
1.303139871934063
1.303139871934063
1.303139871934063
1.303139871934063
1.303139871934063
1.303139871934063
1.303139871934063
1.303139871934063
1.303139871934063
1.303139871934063
1.303139871934063
1.303139871934063
1.303139871934063
1.303139871934063
1.303139871934063
1.303139871934063
1.303139871934063
1.303139871934063
1.303139871934063
1.303139871934063
