2.2438383010059697
2.2438383010059697
2.2438383010059697
2.2438383010059697
2.2438383010059697
2.2438383010059697
2.2438383010059697
2.2438383010059697
2.2438383010059697
2.2438383010059697
2.2438383010059697
2.2438383010059697
2.2438383010059697
2.2438383010059697
2.2438383010059697
2.2438383010059697
2.2438383010059697
2.2438383010059697
2.2438383010059697
2.2438383010059697
2.2438383010059697
2.2438383010059697
2.2438383010059697
2.2438383010059697
2.2438383010059697
2.2438383010059697
2.2438383010059697
2.2438383010059697
2.2438383010059697
2.2438383010059697
2.2438383010059697
2.2438383010059697
2.2438383010059697
2.2438383010059697
2.2438383010059697
2.2438383010059697
2.2438383010059697
2.2438383010059697
2.2438383010059697
2.2438383010059697
2.2438383010059697
2.2438383010059697
2.2438383010059697
2.2438383010059697
2.2438383010059697
2.2438383010059697
2.2438383010059697
2.2438383010059697
2.2438383010059697
2.2438383010059697
2.2438383010059697
2.2438383010059697
2.2438383010059697
2.2438383010059697
2.2438383010059697
2.2438393548161017
2.2438431104028873
2.2438431104028873
2.2438456518284746
2.243846299726275
2.243847822702986
2.243848849048656
2.2438490241344047
2.243849779911152
2.2438506434087193
2.2438513995698615
2.2438518532665386
2.243852222693067
2.243852777811025
2.2438530077189274
2.2438530349064303
2.243853345452106
2.243853369247112
2.243853422021636
2.243853456099777
2.2438535101228965
2.2438535443001557
2.2438535604628993
2.243853573367456
2.24385358793267
2.2438536005492056
2.243853608562327
2.2438536133702
2.2438536210008184
2.2438536210008184
2.2438536253237182
2.243853627531123
2.2438536292962348
2.243853631026972
2.243853631026972
2.243853631556361
2.2438536320799005
2.2438536325651772
2.24385363340748
2.243853634040847
2.2438536346932327
2.2438536350900664
2.243853635363942
2.243853635477198
2.243853635564382
2.2438536356203933
2.2438536356744656
2.2438536357963317
2.243853635837033
2.2438536359280152
2.2438536359870134
2.243853636040937
2.243853636079123
2.2438536361049795
2.2438536361204937
2.2438536361298165
2.243853636159809
2.2438536361874903
2.2438536362040984
2.2438536362140633
2.2438536362309316
2.243853636239743
2.243853636247833
2.243853636247833
2.243853636247833
2.243853636247833
2.2438536362503645
2.243853636250625
2.243853636250625
2.243853636250625
2.243853636250625
2.243853636251424
2.243853636251905
2.2438536362522425
2.2438536362528927
2.2438536362528927
2.2438536362528927
2.2438536362528927
2.2438536362529953
2.2438536362529953
2.2438536362529953
2.2438536362529953
2.2438536362529953
2.2438536362529953
2.2438536362530352
2.2438536362530352
2.2438536362530352
2.243853636253051
2.243853636253051
2.243853636253051
2.243853636253051
2.2438536362530526
2.243853636253064
2.243853636253064
2.243853636253067
2.2438536362530703
2.2438536362530717
2.2438536362530717
2.2438536362530748
2.243853636253076
2.2438536362530783
2.2438536362530814
2.2438536362530828
2.243853636253084
2.2438536362530854
2.2438536362530854
2.243853636253086
2.243853636253086
2.243853636253086
2.243853636253086
2.243853636253086
2.243853636253086
2.243853636253086
2.243853636253086
2.243853636253086
2.243853636253086
2.243853636253086
2.243853636253086
2.243853636253086
2.243853636253086
2.243853636253086
2.243853636253086
2.243853636253086
2.243853636253086
2.243853636253086
