1.834146104583631
1.834146104583631
1.834146104583631
1.834146104583631
1.834146104583631
1.834146104583631
1.834146104583631
1.834146104583631
1.834146104583631
1.834146104583631
1.834146104583631
1.834146104583631
1.834146104583631
1.834146104583631
1.834146104583631
1.834146104583631
1.834146104583631
1.834146104583631
1.834146104583631
1.834146104583631
1.834146104583631
1.834146104583631
1.834146104583631
1.834146104583631
1.834146104583631
1.834146104583631
1.834146104583631
1.834146104583631
1.834146104583631
1.834146104583631
1.834146104583631
1.834146104583631
1.834146104583631
1.834146104583631
1.834146104583631
1.834146104583631
1.834146104583631
1.834146104583631
1.834146104583631
1.834146104583631
1.834146104583631
1.834146104583631
1.834146104583631
1.834146104583631
1.834146104583631
1.834146104583631
1.834146104583631
1.834146104583631
1.834146104583631
1.834146104583631
1.834146104583631
1.834146104583631
1.834146104583631
1.834146104583631
1.834146104583631
1.8341476298707275
1.8341476298707275
1.8341476298707275
1.8341476298707275
1.8341476298707275
1.8341476298707275
1.8341476298707275
1.8341476298707275
1.834154521134839
1.834154521134839
1.834154521134839
1.834154521134839
1.834154521134839
1.834154521134839
1.834154521134839
1.834154521134839
1.834154521134839
1.8341562789216526
1.8341562789216526
1.8341562789216526
1.8341572569609088
1.8341587061436926
1.8341598830090902
1.8341607053973592
1.834162000461517
1.834162132518108
1.834162379131059
1.8341632668257182
1.8341634487187282
1.8341637625698062
1.8341641825528077
1.8341644512383735
1.8341646124497148
1.8341646933030475
1.8341647648962158
1.834164948431476
1.834165050904861
1.8341650847878221
1.8341651569571464
1.8341652422812722
1.8341653020447088
1.8341653379027707
1.8341653594176082
1.8341653756262382
1.8341653803307874
1.8341654068812316
1.8341654302280799
1.8341654437257706
1.834165452081434
1.834165459054416
1.834165467273475
1.8341654737267925
1.8341654775463054
1.8341654822473954
1.8341654859988825
1.8341654859988825
1.8341654888333978
1.8341654898648487
1.8341654905483598
1.834165491239306
1.8341654917241286
1.8341654920150219
1.834165492226877
1.8341654924755726
1.8341654927170858
1.8341654927170858
1.8341654927849038
1.8341654928719793
1.8341654929184827
1.8341654929768227
1.8341654930118267
1.8341654930348916
1.834165493093179
1.8341654931303313
1.8341654931544424
1.8341654931695146
1.8341654931773934
1.8341654931813864
1.83416549318709
1.8341654931953677
1.8341654931992497
1.8341654932015787
1.8341654932067786
1.8341654932067786
1.8341654932120661
1.8341654932147586
1.8341654932162161
1.8341654932173874
1.8341654932193443
1.8341654932203746
1.8341654932211966
1.8341654932214522
1.8341654932217535
1.8341654932221172
1.8341654932223628
1.8341654932228153
1.834165493223113
1.83416549322332
1.8341654932234441
1.8341654932235958
1.8341654932237041
1.834165493223803
1.8341654932238625
1.8341654932239106
1.8341654932239515
1.8341654932239777
1.8341654932239981
1.83416549322402
1.8341654932240332
1.834165493224045
1.8341654932240532
1.8341654932240612
1.8341654932240685
1.8341654932240732
1.8341654932240767
1.83416549322408
1.8341654932240823
1.834165493224084
1.834165493224085
1.8341654932240856
1.8341654932240863
1.8341654932240872
1.8341654932240872
1.8341654932240874
1.8341654932240878
1.8341654932240878
1.8341654932240878
1.8341654932240878
1.8341654932240878
1.8341654932240878
1.8341654932240878
1.8341654932240878
1.8341654932240878
1.8341654932240878
1.8341654932240878
1.8341654932240878
1.8341654932240878
1.8341654932240878
1.8341654932240878
1.8341654932240878
1.8341654932240878
1.8341654932240878
1.8341654932240878
1.8341654932240878
1.8341654932240878
1.8341654932240878
1.8341654932240878
