1.7663865950836044
1.7663865950836044
1.7663865950836044
1.7663865950836044
1.7663865950836044
1.7663865950836044
1.7663865950836044
1.7663865950836044
1.7663865950836044
1.7663865950836044
1.7663865950836044
1.7663865950836044
1.7663865950836044
1.7663865950836044
1.7663865950836044
1.7663865950836044
1.7663865950836044
1.7663865950836044
1.7663865950836044
1.7663865950836044
1.7663865950836044
1.7663865950836044
1.7663865950836044
1.7663865950836044
1.7663865950836044
1.7663865950836044
1.7663865950836044
1.7663865950836044
1.7663865950836044
1.7663865950836044
1.7663865950836044
1.7663865950836044
1.7663865950836044
1.7663865950836044
1.7663865950836044
1.7663865950836044
1.7663865950836044
1.7663865950836044
1.7663865950836044
1.7663865950836044
1.7663865950836044
1.7663865950836044
1.7663865950836044
1.7663865950836044
1.7663865950836044
1.7663865950836044
1.7663865950836044
1.7663865950836044
1.7663865950836044
1.766397761747854
1.766397761747854
1.766397761747854
1.766397761747854
1.766405870655271
1.766405870655271
1.766405870655271
1.7664091292990594
1.7664115594421685
1.7664149472140913
1.7664169798773786
1.7664185240832284
1.7664229488441383
1.7664259976121903
1.766427888655313
1.7664289268113136
1.7664298932589118
1.7664304973591132
1.7664310383347424
1.7664316264359834
1.7664322864049558
1.7664326055487112
1.7664329861726402
1.7664332686183912
1.7664334885800326
1.7664336237976102
1.766433751061741
1.7664338324478226
1.7664339500766468
1.7664340295737522
1.7664340918437766
1.7664341216102797
1.7664341216102797
1.7664341216102797
1.7664341565041108
1.7664341565041108
1.7664341565041108
1.7664341568049418
1.7664341649048148
1.7664341686199365
1.76643417160848
1.7664341728551294
1.7664341749563996
1.766434176363467
1.7664341768341958
1.7664341773982242
1.7664341786141546
1.7664341795487797
1.7664341798054761
1.7664341802024646
1.7664341803704524
1.7664341806628043
1.766434180966157
1.7664341811829474
1.7664341812892757
1.7664341815046223
1.7664341817537674
1.7664341819090479
1.766434182004198
1.7664341820443616
1.7664341821806901
1.7664341822746106
1.766434182330963
1.766434182364775
1.7664341823857341
1.7664341824577952
1.7664341825035148
1.7664341825309464
1.7664341825474057
1.7664341825572814
1.7664341825805672
1.766434182608291
1.7664341826249255
1.766434182634906
1.766434182646137
1.766434182658922
1.7664341826672463
1.7664341826722412
1.7664341826782526
1.7664341826822958
1.7664341826847219
1.7664341826861774
1.7664341826875605
1.7664341826904317
1.7664341826925147
1.7664341826935417
1.7664341826941574
1.7664341826949135
1.7664341826956023
1.7664341826962409
1.766434182696314
1.7664341826966543
1.766434182696869
1.766434182697017
1.7664341826971972
1.7664341826973362
1.7664341826973826
1.766434182697457
1.7664341826975176
1.7664341826975534
1.7664341826975756
1.7664341826976102
1.7664341826976417
1.7664341826976606
1.7664341826976724
1.7664341826976797
1.7664341826976966
1.7664341826977088
1.7664341826977146
1.7664341826977146
1.7664341826977226
1.7664341826977243
1.7664341826977292
1.7664341826977301
1.766434182697731
1.7664341826977337
1.7664341826977357
1.7664341826977366
1.7664341826977372
1.7664341826977372
1.7664341826977372
1.7664341826977372
1.7664341826977372
1.7664341826977372
1.7664341826977372
1.7664341826977372
1.7664341826977372
1.7664341826977372
1.7664341826977372
1.7664341826977372
1.7664341826977372
1.7664341826977372
1.7664341826977372
1.7664341826977372
