1.7533605813362834
1.7533605813362834
1.7533605813362834
1.7533605813362834
1.7533605813362834
1.7533605813362834
1.7533605813362834
1.7533605813362834
1.7533605813362834
1.7533605813362834
1.7533605813362834
1.7533605813362834
1.7533605813362834
1.7533605813362834
1.7533605813362834
1.7533605813362834
1.7533605813362834
1.7533605813362834
1.7533605813362834
1.7533605813362834
1.7533605813362834
1.7533605813362834
1.7533605813362834
1.7533605813362834
1.7533605813362834
1.7533605813362834
1.7533605813362834
1.7533605813362834
1.7533605813362834
1.7533605813362834
1.7533605813362834
1.7533605813362834
1.7533605813362834
1.7533605813362834
1.7533605813362834
1.7533605813362834
1.7533605813362834
1.7533605813362834
1.7533605813362834
1.7533605813362834
1.7533605813362834
1.7533605813362834
1.7533605813362834
1.7533605813362834
1.7533605813362834
1.7533605813362834
1.7533605813362834
1.7533605813362834
1.7533605813362834
1.7533605813362834
1.7533605813362834
1.7533605813362834
1.7533605813362834
1.7533605813362834
1.7533605813362834
1.7533616290979224
1.7533616290979224
1.7533616290979224
1.7533616290979224
1.7533616290979224
1.7533622265824629
1.7533622265824629
1.7533622265824629
1.753365068782357
1.753365068782357
1.753365068782357
1.753365392779635
1.7533659140463076
1.7533667549652128
1.7533680602925792
1.7533688434892483
1.7533691024006484
1.7533698542457128
1.7533702895680634
1.7533707326515975
1.7533708374682897
1.7533709730058167
1.7533711054805976
1.7533711761171928
1.7533712946994404
1.7533713224566896
1.7533714433098133
1.7533715158216876
1.7533715663729306
1.7533716773826031
1.7533717279576115
1.7533717686201602
1.753371769806278
1.7533717870389007
1.7533717994016722
1.7533718028897307
1.7533718081320395
1.7533718112774248
1.7533718142344488
1.7533718237337872
1.753371832033125
1.7533718320470661
1.7533718343800007
1.7533718362692847
1.7533718383699133
1.7533718405904222
1.753371842581408
1.7533718432051328
1.753371844779507
1.7533718456836327
1.7533718465686412
1.7533718470996467
1.753371848583063
1.7533718496823454
1.7533718500977988
1.7533718506723797
1.7533718511455303
1.7533718514294203
1.753371851919282
1.7533718524065602
1.7533718531623725
1.7533718532340363
1.7533718533165266
1.753371853795747
1.7533718538581173
1.7533718539530323
1.7533718539530323
1.7533718540368124
1.7533718541208136
1.7533718541338301
1.7533718541446868
1.7533718541678076
1.7533718542113845
1.7533718542187295
1.7533718542353955
1.7533718542409371
1.753371854249256
1.753371854253957
1.753371854261996
1.753371854261996
1.753371854261996
1.753371854262794
1.7533718542640446
1.7533718542660053
1.7533718542671812
1.7533718542689785
1.7533718542703112
1.753371854271112
1.753371854272132
1.7533718542730472
1.753371854273685
1.753371854274084
1.7533718542745362
1.7533718542748318
1.7533718542750096
1.7533718542751164
1.7533718542751804
1.7533718542752266
1.753371854275363
1.7533718542754477
1.7533718542754981
1.7533718542755115
1.7533718542755397
1.7533718542755483
1.7533718542755554
1.7533718542755627
1.7533718542755647
1.7533718542755692
1.7533718542755716
1.7533718542755743
1.753371854275575
1.7533718542755772
1.7533718542755785
1.7533718542755816
1.7533718542755838
1.7533718542755858
1.7533718542755867
1.7533718542755878
1.753371854275589
1.75337185427559
1.75337185427559
1.7533718542755907
1.7533718542755912
1.7533718542755912
1.7533718542755912
1.7533718542755914
1.7533718542755914
1.7533718542755914
1.7533718542755914
1.7533718542755914
1.7533718542755914
1.7533718542755914
1.7533718542755914
1.7533718542755914
