1.637005902939363
1.637005902939363
1.637005902939363
1.637005902939363
1.637005902939363
1.637005902939363
1.637005902939363
1.637005902939363
1.637005902939363
1.637005902939363
1.637005902939363
1.637005902939363
1.637005902939363
1.637005902939363
1.637005902939363
1.637005902939363
1.637005902939363
1.637005902939363
1.637005902939363
1.637005902939363
1.637005902939363
1.637005902939363
1.637005902939363
1.637005902939363
1.637005902939363
1.637005902939363
1.637005902939363
1.637005902939363
1.637005902939363
1.637005902939363
1.637005902939363
1.637005902939363
1.637005902939363
1.637005902939363
1.637005902939363
1.637005902939363
1.637005902939363
1.637005902939363
1.637005902939363
1.637005902939363
1.637005902939363
1.637005902939363
1.637005902939363
1.637005902939363
1.637005902939363
1.637005902939363
1.637005902939363
1.637005902939363
1.637005902939363
1.637005902939363
1.637005902939363
1.637005902939363
1.637005902939363
1.6370064114698604
1.6370064114698604
1.6370064114698604
1.6370070354025037
1.6370070354025037
1.6370070354025037
1.6370070354025037
1.6370074069409906
1.6370074967247845
1.6370079746481505
1.6370079746481505
1.637008227519277
1.6370083815735303
1.6370086264896113
1.637009123193087
1.637009146786678
1.637009337907915
1.6370096207723153
1.6370097904909968
1.6370098127079629
1.6370098375516375
1.6370099933514184
1.6370100535631877
1.6370100640171144
1.6370101024597192
1.6370101838186797
1.6370101838186797
1.6370102190130185
1.6370102190130185
1.6370102202241308
1.6370102286823476
1.6370102344346662
1.6370102513548288
1.6370102513548288
1.6370102513548288
1.637010251849706
1.63701025708953
1.63701025708953
1.6370102577720211
1.6370102585973991
1.637010260102205
1.6370102603729493
1.6370102612715918
1.637010261525301
1.6370102618393283
1.6370102620277447
1.637010262365797
1.637010262405627
1.6370102628016825
1.6370102630393155
1.637010263181896
1.6370102633707069
1.6370102637513813
1.6370102638427522
1.637010263963591
1.6370102639838175
1.6370102640536905
1.637010264124659
1.637010264171142
1.6370102641904707
1.6370102641904707
1.637010264202987
1.6370102642086977
1.6370102642227362
1.6370102642264546
1.6370102642303925
1.637010264232383
1.6370102642380486
1.6370102642398283
1.6370102642428452
1.6370102642446607
1.6370102642477133
1.6370102642486877
1.6370102642486877
1.6370102642494455
1.6370102642507924
1.6370102642510889
1.6370102642510889
1.6370102642513058
1.6370102642515179
1.6370102642515179
1.6370102642515179
1.6370102642515754
1.6370102642517366
1.6370102642517603
1.6370102642517923
1.6370102642518602
1.6370102642519258
1.6370102642519633
1.6370102642519944
1.637010264252021
1.6370102642520412
1.637010264252063
1.6370102642520723
1.6370102642520898
1.6370102642520932
1.6370102642520996
1.6370102642521054
1.6370102642521098
1.6370102642521136
1.637010264252118
1.63701026425212
1.6370102642521214
1.6370102642521223
1.6370102642521231
1.6370102642521243
1.6370102642521243
1.6370102642521245
1.6370102642521245
1.6370102642521254
1.6370102642521254
1.6370102642521254
1.6370102642521254
1.6370102642521254
1.6370102642521254
1.6370102642521254
1.6370102642521254
1.6370102642521254
1.6370102642521254
1.6370102642521254
1.6370102642521254
1.6370102642521254
1.6370102642521254
1.6370102642521254
1.6370102642521254
1.6370102642521254
1.6370102642521254
1.6370102642521254
1.6370102642521254
1.6370102642521254
1.6370102642521254
1.6370102642521254
