1.1812625453064742
1.1812625453064742
1.1812625453064742
1.1812625453064742
1.1812625453064742
1.1812625453064742
1.1812625453064742
1.1812625453064742
1.1812625453064742
1.1812625453064742
1.1812625453064742
1.1812625453064742
1.1812625453064742
1.1812625453064742
1.1812625453064742
1.1812625453064742
1.1812625453064742
1.1812625453064742
1.1812625453064742
1.1812625453064742
1.1812625453064742
1.1812625453064742
1.1812625453064742
1.1812625453064742
1.1812625453064742
1.1812625453064742
1.1812625453064742
1.1812625453064742
1.1812625453064742
1.1812625453064742
1.1812625453064742
1.1812625453064742
1.1812625453064742
1.1812625453064742
1.1812625453064742
1.1812625453064742
1.1812625453064742
1.1812625453064742
1.1812625453064742
1.1812625453064742
1.1812625453064742
1.1812625453064742
1.1812625453064742
1.1812625453064742
1.1812625453064742
1.1812625453064742
1.1812625453064742
1.1812625453064742
1.1812625453064742
1.1812625453064742
1.1812625453064742
1.1812625453064742
1.1812630342038803
1.1812630928438406
1.1812631280278076
1.181263149138185
1.1812631618044103
1.1812640787047874
1.1812651063855866
1.1812657229952122
1.1812657229952122
1.1812662661477857
1.1812666525102833
1.1812671720399972
1.18126743624264
1.1812675168409292
1.1812676752987763
1.1812678211724443
1.1812680196403844
1.181268089141029
1.181268184316168
1.1812683374806827
1.1812684290159023
1.1812685156004208
1.1812685696027094
1.1812686124009677
1.181268647991603
1.181268696560211
1.1812687146353864
1.1812687264983088
1.181268750563297
1.1812687658010241
1.1812687749436606
1.181268780625707
1.181268785807828
1.1812687889171003
1.181268790801031
1.1812687943667826
1.181268797062668
1.1812687990724628
1.1812688007800705
1.1812688018609325
1.1812688029540344
1.1812688036379344
1.181268804253324
1.1812688047638964
1.1812688051333013
1.1812688053560283
1.1812688057682468
1.1812688060462415
1.1812688062130385
1.1812688063131167
1.1812688064248114
1.1812688066350303
1.1812688067611619
1.1812688068368409
1.1812688068822481
1.1812688069429786
1.1812688070125001
1.1812688070542132
1.1812688070792412
1.1812688070942576
1.1812688071033544
1.1812688071497746
1.1812688071784136
1.181268807195597
1.181268807205907
1.1812688072253263
1.1812688072399213
1.1812688072486786
1.1812688072539557
1.1812688072625506
1.181268807267765
1.1812688072708935
1.1812688072735382
1.181268807277655
1.181268807280125
1.1812688072816069
1.1812688072831115
1.1812688072858408
1.1812688072874784
1.1812688072884612
1.18126880728909
1.1812688072906656
1.1812688072916109
1.181268807292178
1.1812688072927453
1.181268807293268
1.181268807293581
1.1812688072937696
1.1812688072939146
1.1812688072942
1.1812688072943713
1.181268807294474
1.1812688072945356
1.1812688072946593
1.1812688072947413
1.1812688072947903
1.1812688072948272
1.1812688072948878
1.1812688072949244
1.1812688072949462
1.1812688072949593
1.1812688072949784
1.181268807294996
1.1812688072950064
1.1812688072950128
1.1812688072950168
1.181268807295019
1.1812688072950202
1.1812688072950241
1.1812688072950293
1.1812688072950324
1.1812688072950344
1.181268807295036
1.1812688072950384
1.18126880729504
1.1812688072950408
1.181268807295042
1.1812688072950426
1.1812688072950432
1.1812688072950432
1.1812688072950437
1.1812688072950441
1.1812688072950444
1.1812688072950446
1.1812688072950446
1.1812688072950446
1.1812688072950446
1.1812688072950446
1.1812688072950446
