2.7638482242376656
2.7638482242376656
2.7638482242376656
2.7638482242376656
2.7638482242376656
2.7638482242376656
2.7638482242376656
2.7638482242376656
2.7638482242376656
2.7638482242376656
2.7638482242376656
2.7638482242376656
2.7638482242376656
2.7638482242376656
2.7638482242376656
2.7638482242376656
2.7638482242376656
2.7638482242376656
2.7638482242376656
2.7638482242376656
2.7638482242376656
2.7638482242376656
2.7638482242376656
2.7638482242376656
2.7638482242376656
2.7638482242376656
2.7638482242376656
2.7638482242376656
2.7638482242376656
2.7638482242376656
2.7638482242376656
2.7638482242376656
2.7638482242376656
2.7638482242376656
2.7638482242376656
2.7638482242376656
2.7638482242376656
2.7638482242376656
2.7638482242376656
2.7638482242376656
2.7638482242376656
2.7638482242376656
2.7638482242376656
2.7638482242376656
2.7638482242376656
2.7638482242376656
2.7638482242376656
2.7638482242376656
2.7638482242376656
2.7638482242376656
2.7638482242376656
2.7638482242376656
2.7638482242376656
2.7638482242376656
2.7638482242376656
2.7638482242376656
2.7638494570082583
2.7638494570082583
2.7638494570082583
2.7638494570082583
2.763850427861592
2.763850427861592
2.763850427861592
2.7638511718943044
2.7638511718943044
2.7638511718943044
2.7638530255278493
2.7638530255278493
2.7638530255278493
2.7638532060837826
2.7638536985738904
2.76385433574395
2.7638547078722064
2.7638554288437214
2.763855915491483
2.763856234557905
2.7638563901340283
2.763856808528693
2.763857003217495
2.763857272491314
2.7638574424092894
2.7638574856098814
2.763857544618279
2.763857595199352
2.7638576087894244
2.763857634742095
2.7638577057233027
2.7638577345937474
2.7638577581592085
2.7638577727626186
2.7638578255404176
2.7638578635959554
2.7638578841274994
2.7638578991121974
2.7638578991121974
2.763857905213373
2.763857906989595
2.7638579138519614
2.7638579182148715
2.7638579277546276
2.7638579277546276
2.7638579286253613
2.7638579330039805
2.7638579355643422
2.7638579355643422
2.763857937333635
2.763857937843547
2.7638579389113103
2.7638579389113103
2.7638579389113103
2.7638579391278966
2.7638579396877683
2.763857940087224
2.763857940262197
2.763857940431622
2.7638579405445087
2.7638579406304866
2.7638579407466253
2.7638579407466253
2.7638579408094817
2.763857940854533
2.7638579408815636
2.7638579409029562
2.7638579409163606
2.7638579409342965
2.763857940960052
2.7638579409741855
2.7638579409741855
2.7638579409741855
2.7638579409741855
2.7638579409795883
2.763857940980663
2.763857940981308
2.763857940981694
2.763857940981927
2.7638579409836157
2.763857940986793
2.763857940988701
2.7638579409898445
2.763857940990604
2.7638579409914725
2.763857940992114
2.7638579409927675
2.7638579409931894
2.7638579409934425
2.763857940993783
2.763857940994199
2.7638579409944475
2.763857940994597
2.7638579409947424
2.7638579409949386
2.763857940995064
2.7638579409951376
2.7638579409951816
2.763857940995257
2.763857940995328
2.763857940995372
2.7638579409953974
2.763857940995412
2.763857940995422
2.763857940995427
2.7638579409954547
2.7638579409954827
2.7638579409955
2.7638579409955097
2.7638579409955275
2.76385794099554
2.763857940995546
2.7638579409955506
2.7638579409955533
2.7638579409955546
2.763857940995557
2.7638579409955595
2.7638579409955604
2.763857940995562
2.763857940995562
2.763857940995564
2.763857940995565
2.7638579409955653
2.7638579409955657
2.763857940995566
2.763857940995566
2.763857940995567
2.763857940995567
2.7638579409955675
2.7638579409955675
2.7638579409955675
2.7638579409955675
2.7638579409955675
2.7638579409955675
2.7638579409955675
2.7638579409955675
2.7638579409955675
