1.2163125937507935
1.2163125937507935
1.2163125937507935
1.2163125937507935
1.2163125937507935
1.2163125937507935
1.2163125937507935
1.2163125937507935
1.2163125937507935
1.2163125937507935
1.2163125937507935
1.2163125937507935
1.2163125937507935
1.2163125937507935
1.2163125937507935
1.2163125937507935
1.2163125937507935
1.2163125937507935
1.2163125937507935
1.2163125937507935
1.2163125937507935
1.2163125937507935
1.2163125937507935
1.2163125937507935
1.2163125937507935
1.2163125937507935
1.2163125937507935
1.2163125937507935
1.2163125937507935
1.2163125937507935
1.2163125937507935
1.2163125937507935
1.2163125937507935
1.2163125937507935
1.2163125937507935
1.2166835483158602
1.2169810772212681
1.2169810772212681
1.2169810772212681
1.2169810772212681
1.2170012654022822
1.2170012654022822
1.2170012654022822
1.2170012654022822
1.2170012654022822
1.2170216132645926
1.2170216132645926
1.2170216132645926
1.2170400554333005
1.2170427813868154
1.217045686287498
1.217045686287498
1.2170471196745076
1.2170519098728565
1.2170547840700234
1.2170600043833126
1.2170601112867183
1.217063036981042
1.2170647570562945
1.2170666128717897
1.2170688033865267
1.2170692940508256
1.2170710507190725
1.2170718586599572
1.217071971831169
1.2170726429826038
1.2170731078709096
1.2170733029112266
1.2170733029112266
1.2170737113952321
1.2170738608753202
1.2170739584743353
1.2170740827478943
1.2170742018460092
1.2170742733048832
1.2170743161802096
1.2170744061573955
1.217074516748796
1.2170745863886392
1.2170746281725489
1.2170746663020222
1.217074692550478
1.2170747119665852
1.2170747236162494
1.2170747329913465
1.2170747487317863
1.2170747581760504
1.2170747642491029
1.217074767942797
1.217074774994276
1.2170747799869466
1.217074782982549
1.2170747847799104
1.2170747892398506
1.2170747938903306
1.2170747966806184
1.2170747983770915
1.2170748004880378
1.2170748021470847
1.2170748031425127
1.2170748037397696
1.2170748046738293
1.2170748054403795
1.2170748059003096
1.2170748061762675
1.2170748063418426
1.217074806441704
1.217074806543377
1.2170748066606354
1.2170748067309902
1.2170748067732033
1.2170748068026576
1.2170748068500834
1.2170748068787411
1.2170748068960249
1.2170748069122006
1.2170748069291322
1.217074806939291
1.2170748069453863
1.2170748069490431
1.2170748069512989
1.2170748069553943
1.2170748069582689
1.2170748069599941
1.2170748069610287
1.2170748069617046
1.217074806962857
1.2170748069635553
1.2170748069639745
1.2170748069642257
1.2170748069646484
1.2170748069650126
1.2170748069652304
1.217074806965372
1.2170748069656105
1.2170748069657538
1.2170748069658395
1.217074806965891
1.2170748069659219
1.2170748069659476
1.2170748069659982
1.2170748069660287
1.2170748069660466
1.2170748069660688
1.2170748069660897
1.2170748069661022
1.217074806966112
1.217074806966126
1.2170748069661343
1.2170748069661395
1.2170748069661448
1.2170748069661514
1.2170748069661557
1.2170748069661579
1.2170748069661592
1.217074806966162
1.2170748069661645
1.2170748069661657
1.2170748069661668
1.2170748069661672
1.2170748069661677
1.2170748069661683
1.2170748069661683
1.2170748069661685
1.2170748069661688
1.2170748069661688
1.2170748069661688
1.2170748069661688
1.2170748069661688
1.217074806966169
1.217074806966169
1.217074806966169
1.217074806966169
1.217074806966169
1.217074806966169
1.217074806966169
1.217074806966169
1.217074806966169
1.217074806966169
1.217074806966169
1.217074806966169
1.217074806966169
1.217074806966169
1.217074806966169
1.217074806966169
