1.9485052440930535
1.9485052440930535
1.9485052440930535
1.9485052440930535
1.9485052440930535
1.9485052440930535
1.9485052440930535
1.9485052440930535
1.9485052440930535
1.9485052440930535
1.9485052440930535
1.9485052440930535
1.9485052440930535
1.9485052440930535
1.9485052440930535
1.9485052440930535
1.9485052440930535
1.9485052440930535
1.9485052440930535
1.9485052440930535
1.9485052440930535
1.9485052440930535
1.9485052440930535
1.9485052440930535
1.9485052440930535
1.9485052440930535
1.9485052440930535
1.9485052440930535
1.9485052440930535
1.9485052440930535
1.9485052440930535
1.9485052440930535
1.9485052440930535
1.9485052440930535
1.9485052440930535
1.9485052440930535
1.9485052440930535
1.9485052440930535
1.9485052440930535
1.9485052440930535
1.9485052440930535
1.9485052440930535
1.9485052440930535
1.9485052440930535
1.9485052440930535
1.9485052440930535
1.9485052440930535
1.9485052440930535
1.9485052440930535
1.9485087248268593
1.9485087248268593
1.9485087248268593
1.9485190746676868
1.9485190746676868
1.9485190746676868
1.9485209630001254
1.9485280814544226
1.948530907861658
1.9485387905403777
1.9485428069544444
1.9485469547518302
1.948550706065519
1.9485529568523037
1.9485551147936107
1.9485562772696694
1.9485569747552367
1.9485574364363656
1.9485582565127713
1.9485589929977487
1.948559444762393
1.9485597038698437
1.9485598693945718
1.9485599905120552
1.9485600727851358
1.948560150496442
1.9485602484427993
1.9485602799924284
1.948560319703739
1.9485603561046163
1.9485603844645947
1.9485604014805813
1.9485604125586133
1.9485604356325024
1.9485604494768356
1.948560459129952
1.9485604660896123
1.9485604729494699
1.9485604777920922
1.9485604807635113
1.9485604829441472
1.948560486767116
1.9485604937892298
1.9485604980024984
1.9485605005304594
1.9485605020472363
1.9485605051796717
1.948560508247693
1.9485605104485735
1.948560510755368
1.9485605117861298
1.9485605122585885
1.9485605133203088
1.9485605137524011
1.9485605140116562
1.9485605142863376
1.9485605145605642
1.9485605148804572
1.9485605151008913
1.9485605152331518
1.9485605153609826
1.9485605155015795
1.948560515599142
1.9485605156713166
1.9485605157171013
1.9485605157490618
1.948560515784635
1.948560515807226
1.9485605158207797
1.9485605158301014
1.9485605158389636
1.9485605158459802
1.9485605158516832
1.9485605158558303
1.9485605158584896
1.9485605158600847
1.948560515861999
1.9485605158638013
1.9485605158651407
1.948560515866082
1.9485605158670234
1.9485605158679558
1.9485605158685233
1.948560515868864
1.948560515869068
1.9485605158694095
1.9485605158697616
1.9485605158699728
1.9485605158701624
1.9485605158703916
1.948560515870529
1.9485605158706116
1.948560515870661
1.9485605158707442
1.9485605158708073
1.9485605158708443
1.9485605158708672
1.9485605158708874
1.9485605158709263
1.9485605158709496
1.9485605158709636
1.9485605158709725
1.9485605158709847
1.9485605158709978
1.9485605158710053
1.9485605158710098
1.948560515871013
1.9485605158710164
1.9485605158710209
1.9485605158710235
1.948560515871025
1.9485605158710264
1.9485605158710289
1.9485605158710304
1.948560515871031
1.948560515871032
1.9485605158710328
1.948560515871033
1.9485605158710337
1.9485605158710342
1.9485605158710342
1.9485605158710344
1.9485605158710346
1.9485605158710346
1.9485605158710346
1.9485605158710346
1.9485605158710346
1.9485605158710346
1.9485605158710346
1.9485605158710346
1.9485605158710346
1.9485605158710346
1.9485605158710346
1.9485605158710346
