8.125984743007853
8.125984743007853
8.125984743007853
8.125984743007853
8.125984743007853
8.125984743007853
8.125984743007853
8.125984743007853
8.125984743007853
8.125984743007853
8.125984743007853
8.125984743007853
8.125984743007853
8.125984743007853
8.125984743007853
8.125984743007853
8.125984743007853
8.125984743007853
8.125984743007853
8.125984743007853
8.125984743007853
8.125984743007853
8.125984743007853
8.125984743007853
8.125984743007853
8.125984743007853
8.125984743007853
8.125984743007853
8.125984743007853
8.125984743007853
8.125984743007853
8.125984743007853
8.125984743007853
8.125984743007853
8.125984743007853
8.125984743007853
8.125984743007853
8.125984743007853
8.125984743007853
8.125984743007853
8.125984743007853
8.125984743007853
8.125984743007853
8.125984743007853
8.125984743007853
8.125984743007853
8.125984743007853
8.125984743007853
8.12599089951125
8.12599089951125
8.12599089951125
8.12599089951125
8.12599089951125
8.12599089951125
8.126043773294084
8.126043773294084
8.126054074899363
8.126072072801897
8.126134927871714
8.126134927871714
8.126144078186476
8.126172345320727
8.126189305639516
8.126201586607259
8.126221718115296
8.12623269025979
8.12623954633204
8.126245563044687
8.126252781808814
8.126257144695504
8.12626132916505
8.126264965275414
8.126267430294241
8.12626921005854
8.126270998242598
8.126272363316934
8.126273145070112
8.126273736529228
8.126274391081582
8.126274819143434
8.126275093775828
8.126275329315032
8.12627553135392
8.126275680194176
8.126275749951466
8.126275809544365
8.126275866553199
8.126275904911898
8.126275926753694
8.126275948794698
8.126275969164194
8.12627598138589
8.126275988718907
8.126275993118718
8.126275995758606
8.12627599809053
8.126276000530849
8.126276003657244
8.12627600740504
8.126276009653722
8.12627601100293
8.126276012239659
8.126276014240696
8.126276015441318
8.12627601616169
8.126276016593915
8.126276016853247
8.126276017496279
8.12627601813137
8.126276018512428
8.12627601874106
8.126276019079752
8.126276019346964
8.126276019507293
8.126276019603491
8.126276019663221
8.126276019773442
8.126276019851455
8.126276019898263
8.126276019926346
8.126276019948811
8.126276019981452
8.12627602000104
8.126276020012792
8.126276020021628
8.1262760200381
8.126276020047982
8.126276020053913
8.1262760200583
8.126276020065664
8.126276020070074
8.126276020072725
8.126276020074316
8.126276020077572
8.126276020081171
8.126276020083335
8.126276020084628
8.126276020086152
8.126276020088351
8.12627602008967
8.126276020090462
8.126276020090936
8.126276020091353
8.126276020091897
8.126276020092227
8.126276020092428
8.12627602009255
8.126276020092757
8.126276020092883
8.126276020092956
8.126276020093051
8.126276020093124
8.126276020093167
8.126276020093194
8.126276020093218
8.126276020093236
8.126276020093249
8.126276020093256
8.126276020093261
8.126276020093266
8.126276020093272
8.126276020093274
8.126276020093275
8.126276020093277
8.126276020093277
8.126276020093277
8.126276020093277
8.126276020093277
8.126276020093277
8.126276020093277
8.126276020093277
8.126276020093277
8.126276020093277
8.126276020093277
8.126276020093277
8.126276020093277
8.126276020093277
8.126276020093277
8.126276020093277
8.126276020093277
8.126276020093277
8.126276020093277
8.126276020093277
8.126276020093277
8.126276020093277
8.126276020093277
8.126276020093277
8.126276020093277
8.126276020093277
8.126276020093277
8.126276020093277
