2.470532463539339
2.470532463539339
2.470532463539339
2.470532463539339
2.470532463539339
2.470532463539339
2.470532463539339
2.470532463539339
2.470532463539339
2.470532463539339
2.470532463539339
2.470532463539339
2.470532463539339
2.470532463539339
2.470532463539339
2.470532463539339
2.470532463539339
2.470532463539339
2.470532463539339
2.470532463539339
2.470532463539339
2.470532463539339
2.470532463539339
2.470532463539339
2.470532463539339
2.470532463539339
2.470532463539339
2.470532463539339
2.470532463539339
2.470532463539339
2.470532463539339
2.470532463539339
2.470532463539339
2.470532463539339
2.470532463539339
2.470532463539339
2.470532463539339
2.470532463539339
2.470532463539339
2.470532463539339
2.470532463539339
2.470532463539339
2.470532463539339
2.470532463539339
2.470532463539339
2.470532463539339
2.470532463539339
2.470532463539339
2.470532463539339
2.4705343262656836
2.4705351162399833
2.4705351162399833
2.4705351162399833
2.4705370462555023
2.4705389902284907
2.4705405791890156
2.470541532565988
2.4705419678593525
2.470545086792663
2.470546031096044
2.470547619224235
2.4705485721016416
2.4705501730555732
2.470551474733063
2.470552451661951
2.470553131859523
2.4705532961958676
2.4705540280190377
2.4705551220519433
2.470555536487791
2.4705557851493487
2.4705562000370094
2.470556694932993
2.470557033355597
2.470557217820524
2.4705573506606964
2.4705574528077054
2.470557573645676
2.4705576040003967
2.4705576655658192
2.4705577087197335
2.470557734612082
2.470557756720363
2.47055777081629
2.4705577801576637
2.4705577808773973
2.4705577875329636
2.4705577894215174
2.4705577935609306
2.4705577960445777
2.4705577975347657
2.470557798781999
2.470557801464674
2.4705578024183095
2.470557803526499
2.470557803749689
2.470557804158017
2.470557804783096
2.4705578051119974
2.4705578055041415
2.470557805618719
2.4705578058328284
2.4705578060467466
2.4705578062432605
2.4705578062824225
2.4705578064320535
2.470557806534443
2.470557806596889
2.4705578066419602
2.470557806701115
2.470557806715644
2.4705578067579554
2.470557806758312
2.470557806769201
2.470557806785571
2.470557806795393
2.470557806801538
2.4705578068080762
2.4705578068150413
2.4705578068193788
2.4705578068235483
2.470557806829433
2.470557806830046
2.470557806830046
2.470557806830259
2.4705578068312724
2.470557806832054
2.4705578068325433
2.4705578068328378
2.470557806833013
2.4705578068331198
2.470557806833996
2.47055780683456
2.470557806834899
2.4705578068351417
2.470557806835701
2.470557806836036
2.4705578068362817
2.4705578068364935
2.470557806836695
2.470557806836817
2.4705578068368887
2.4705578068369682
2.470557806837056
2.4705578068371086
2.4705578068371437
2.47055780683718
2.4705578068372125
2.470557806837233
2.4705578068372454
2.470557806837269
2.470557806837284
2.4705578068372933
2.470557806837299
2.470557806837302
2.4705578068373097
2.4705578068373155
2.470557806837319
2.4705578068373204
2.470557806837322
2.4705578068373235
2.4705578068373266
2.4705578068373284
2.4705578068373297
2.4705578068373306
2.4705578068373315
2.4705578068373324
2.4705578068373324
2.4705578068373324
2.4705578068373333
2.4705578068373333
2.4705578068373333
2.4705578068373333
2.4705578068373333
2.4705578068373333
2.4705578068373333
2.4705578068373333
2.4705578068373333
2.4705578068373333
2.4705578068373333
2.4705578068373333
2.4705578068373333
2.4705578068373333
