1.5406618915881325
1.5406618915881325
1.5406618915881325
1.5406618915881325
1.5406618915881325
1.5406618915881325
1.5406618915881325
1.5406618915881325
1.5406618915881325
1.5406618915881325
1.5406618915881325
1.5406618915881325
1.5406618915881325
1.5406618915881325
1.5406618915881325
1.5406618915881325
1.5406618915881325
1.5406618915881325
1.5406618915881325
1.5406618915881325
1.5406618915881325
1.5406618915881325
1.5406618915881325
1.5406618915881325
1.5406618915881325
1.5406618915881325
1.5406618915881325
1.5406618915881325
1.5406618915881325
1.5406618915881325
1.5406618915881325
1.5406618915881325
1.5406618915881325
1.5406618915881325
1.5406618915881325
1.5406618915881325
1.5406618915881325
1.5406618915881325
1.5406618915881325
1.5406618915881325
1.5408197294252812
1.5408197294252812
1.5408197294252812
1.5408197294252812
1.5408197294252812
1.5408982743386042
1.5408982743386042
1.5408982743386042
1.5408982743386042
1.5409310036245105
1.5409310036245105
1.5409310036245105
1.5409310036245105
1.5409825416275413
1.5409825416275413
1.5410223139005732
1.5410550885934269
1.5410550885934269
1.5410697479014195
1.5410697479014195
1.5410697479014195
1.5410776230215613
1.541083600761325
1.5410871874003478
1.5410930502725284
1.5410973173506812
1.541105750591087
1.5411116396002351
1.541115172995414
1.5411172930288104
1.5411190738826905
1.5411204223585495
1.5411224426050105
1.5411242394719415
1.541125357118447
1.5411260277061596
1.5411264300587184
1.5411266714702287
1.5411268163171257
1.5411269538904688
1.541127173406726
1.5411274752984814
1.5411276644858127
1.5411277779982073
1.541127863269316
1.5411279280405947
1.541128036258767
1.541128128281809
1.5411282457277453
1.5411282578563477
1.5411282802699493
1.5411283479847204
1.5411283857627764
1.5411284168315937
1.5411284354728831
1.5411284467029964
1.5411284534000618
1.541128479854062
1.5411284999079031
1.5411285169633921
1.5411285232382534
1.5411285286361767
1.541128542520905
1.5411285530978367
1.5411285578523035
1.5411285638659067
1.5411285703783424
1.5411285729064115
1.5411285744232521
1.5411285760234388
1.5411285789693812
1.5411285808696897
1.5411285820098743
1.5411285830075203
1.5411285849931797
1.5411285862489863
1.5411285870024702
1.5411285874545604
1.5411285877258143
1.5411285878885663
1.5411285879782994
1.5411285881125323
1.5411285882700194
1.5411285883646815
1.5411285884611023
1.5411285884752652
1.5411285884976835
1.5411285885430446
1.5411285885832924
1.541128588607917
1.5411285886244082
1.541128588634303
1.5411285886471413
1.5411285886593307
1.5411285886666632
1.5411285886722084
1.541128588675651
1.5411285886777168
1.5411285886814616
1.5411285886848833
1.5411285886869535
1.5411285886881951
1.5411285886889403
1.5411285886903918
1.5411285886913926
1.5411285886920354
1.5411285886924222
1.5411285886927724
1.5411285886931276
1.5411285886933423
1.541128588693476
1.5411285886935562
1.541128588693725
1.541128588693836
1.541128588693903
1.541128588693943
1.541128588693969
1.5411285886939858
1.5411285886940147
1.541128588694041
1.5411285886940573
1.5411285886940669
1.5411285886940724
1.5411285886940753
1.541128588694086
1.5411285886940935
1.5411285886940982
1.5411285886941009
1.5411285886941044
1.5411285886941088
1.5411285886941117
1.5411285886941124
1.541128588694115
1.541128588694117
1.5411285886941182
1.5411285886941182
1.5411285886941184
1.5411285886941197
1.5411285886941213
1.5411285886941213
1.5411285886941213
1.5411285886941215
1.5411285886941222
1.5411285886941222
1.5411285886941222
1.5411285886941222
1.5411285886941222
1.5411285886941222
1.5411285886941222
1.5411285886941222
1.5411285886941222
1.5411285886941222
1.5411285886941222
1.5411285886941222
1.5411285886941222
1.5411285886941222
1.5411285886941222
1.5411285886941222
1.5411285886941222
1.5411285886941222
1.5411285886941222
1.5411285886941222
1.5411285886941222
