2.1879132665133416
2.1879132665133416
2.1879132665133416
2.1879132665133416
2.1879132665133416
2.1879132665133416
2.1879132665133416
2.1879132665133416
2.1879132665133416
2.1879132665133416
2.1879132665133416
2.1879132665133416
2.1879132665133416
2.1879132665133416
2.1879132665133416
2.1879132665133416
2.1879132665133416
2.1879132665133416
2.1879132665133416
2.1879132665133416
2.1879132665133416
2.1879132665133416
2.1879132665133416
2.1879132665133416
2.1879132665133416
2.1879132665133416
2.1879132665133416
2.1879132665133416
2.1879132665133416
2.1879132665133416
2.1879132665133416
2.1879132665133416
2.1879132665133416
2.1879132665133416
2.1879132665133416
2.1879132665133416
2.1879132665133416
2.1879132665133416
2.1879132665133416
2.1879132665133416
2.1879132665133416
2.1879132665133416
2.1879132665133416
2.1879132665133416
2.1879132665133416
2.1879132665133416
2.1879132665133416
2.1879132665133416
2.187913610326803
2.187913610326803
2.187913610326803
2.1879168808841962
2.187916894060942
2.187916894060942
2.187922092067966
2.187922092067966
2.187922092067966
2.187923384877899
2.187924052714656
2.1879251455790425
2.187926036957619
2.1879266338555063
2.1879275419294277
2.1879289011078003
2.1879293779312063
2.1879301039319046
2.187930560063002
2.1879308957836936
2.187931256504599
2.18793147669424
2.187931794509532
2.1879318245566317
2.1879318714175278
2.1879320060497243
2.1879321573627055
2.1879322481504997
2.1879322481504997
2.187932282431622
2.1879323053904542
2.1879323429644595
2.187932384055449
2.187932408710043
2.187932423502801
2.187932433238406
2.1879324553353654
2.187932469703237
2.18793247832396
2.187932483881434
2.1879324983758504
2.187932508074293
2.187932513350337
2.1879325171461845
2.1879325208216875
2.187932523297221
2.187932524788218
2.1879325257083106
2.1879325263379488
2.187932527043234
2.187932527347219
2.187932527749143
2.1879325279902972
2.187932528163719
2.1879325283888287
2.187932528511891
2.187932528599599
2.1879325286761278
2.187932528744014
2.1879325287942053
2.1879325288332727
2.187932528844503
2.1879325288698737
2.1879325288969387
2.1879325289131777
2.187932528922921
2.187932528941211
2.18793252895359
2.187932528964077
2.187932528964369
2.187932528968085
2.1879325289706912
2.1879325289718667
2.1879325289726896
2.1879325289732274
2.1879325289744873
2.1879325289752662
2.1879325289752662
2.187932528975779
2.1879325289761513
2.1879325289763396
2.1879325289764795
2.1879325289766385
2.187932528976998
2.1879325289772664
2.1879325289774276
2.187932528977524
2.187932528977683
2.187932528977846
2.1879325289779454
2.187932528978005
2.187932528978041
2.187932528978109
2.187932528978168
2.1879325289782035
2.187932528978225
2.187932528978271
2.187932528978314
2.1879325289783407
2.187932528978356
2.187932528978372
2.187932528978382
2.1879325289783877
2.1879325289783926
2.187932528978394
2.187932528978396
2.1879325289783993
2.187932528978401
2.187932528978402
2.1879325289784037
2.187932528978405
2.187932528978406
2.187932528978406
2.187932528978407
2.187932528978407
2.1879325289784077
2.1879325289784077
2.187932528978408
2.187932528978408
2.187932528978408
2.187932528978408
2.187932528978408
2.187932528978408
2.187932528978408
2.187932528978408
2.187932528978408
2.187932528978408
2.187932528978408
2.187932528978408
2.187932528978408
2.187932528978408
2.187932528978408
2.187932528978408
2.187932528978408
2.187932528978408
2.187932528978408
2.187932528978408
2.187932528978408
2.187932528978408
2.187932528978408
