2.1711532035700074
2.1711532035700074
2.1711532035700074
2.1711532035700074
2.1711532035700074
2.1711532035700074
2.1711532035700074
2.1711532035700074
2.1711532035700074
2.1711532035700074
2.1711532035700074
2.1711532035700074
2.1711532035700074
2.1711532035700074
2.1711532035700074
2.1711532035700074
2.1711532035700074
2.1711532035700074
2.1711532035700074
2.1711532035700074
2.1711532035700074
2.1711532035700074
2.1711532035700074
2.1711532035700074
2.1711532035700074
2.1711532035700074
2.1711532035700074
2.1711532035700074
2.1711532035700074
2.1711532035700074
2.1711532035700074
2.1711532035700074
2.1711532035700074
2.1711532035700074
2.1711532035700074
2.1711532035700074
2.1711532035700074
2.1711532035700074
2.1711532035700074
2.1711532035700074
2.1711532035700074
2.1711532035700074
2.1711532035700074
2.1711532035700074
2.1711532035700074
2.1711532035700074
2.1711532035700074
2.1711532035700074
2.1711532035700074
2.1711532035700074
2.1711532035700074
2.1711532035700074
2.1711532035700074
2.1711532035700074
2.1711532035700074
2.1711532035700074
2.1711532035700074
2.171155034368878
2.171155034368878
2.171155034368878
2.171155034368878
2.171155034368878
2.171155034368878
2.171155034368878
2.171155034368878
2.1711553966893025
2.1711553966893025
2.1711554868173457
2.1711557599432374
2.1711558882701754
2.1711559878256463
2.171156123460119
2.1711563059904324
2.17115646158012
2.17115659428649
2.171156628363677
2.1711567490227597
2.17115677344215
2.1711568309682123
2.1711568741293683
2.1711569022919748
2.1711569264999095
2.1711569449991805
2.171156950002634
2.171156955512391
2.171156959087752
2.1711569634578507
2.1711569686510583
2.1711569708030387
2.1711569740820313
2.1711569750926882
2.1711569780214965
2.171156979505934
2.1711569810868694
2.1711569820354306
2.1711569820354306
2.1711569820354306
2.1711569830288022
2.171156984134532
2.1711569847979697
2.171156985447656
2.171156987182854
2.1711569883703605
2.1711569890995066
2.171156989536993
2.171156989810457
2.171156990307974
2.1711569903877663
2.1711569905726456
2.171156990689016
2.1711569907580373
2.1711569908547466
2.1711569908935875
2.1711569909168915
2.1711569910217143
2.1711569910294584
2.1711569910658826
2.171156991091241
2.1711569911210438
2.1711569911453803
2.17115699116238
2.1711569911725803
2.1711569911935085
2.1711569912543967
2.171156991290929
2.171156991312849
2.171156991326001
2.171156991333892
2.1711569913450575
2.1711569913715487
2.1711569913876025
2.1711569913972357
2.171156991403015
2.1711569914064826
2.1711569914085636
2.1711569914154345
2.1711569914198026
2.1711569914225217
2.1711569914241537
2.171156991425132
2.1711569914257196
2.1711569914268067
2.1711569914279827
2.1711569914287514
2.1711569914293065
2.171156991429703
2.1711569914301028
2.1711569914303612
2.171156991430572
2.1711569914306983
2.1711569914307747
2.1711569914308195
2.171156991430859
2.171156991430911
2.1711569914309936
2.1711569914310433
2.171156991431073
2.171156991431091
2.171156991431108
2.1711569914311255
2.1711569914311366
2.1711569914311424
2.1711569914311464
2.17115699143115
2.171156991431154
2.171156991431158
2.1711569914311597
2.171156991431162
2.1711569914311655
2.1711569914311664
2.1711569914311672
2.1711569914311686
2.1711569914311686
2.171156991431169
2.1711569914311695
2.1711569914311695
2.17115699143117
2.17115699143117
2.17115699143117
2.17115699143117
2.17115699143117
2.17115699143117
