3.847007841992512
3.847007841992512
3.847007841992512
3.847007841992512
3.847007841992512
3.847007841992512
3.847007841992512
3.847007841992512
3.847007841992512
3.847007841992512
3.847007841992512
3.847007841992512
3.847007841992512
3.847007841992512
3.847007841992512
3.847007841992512
3.847007841992512
3.847007841992512
3.847007841992512
3.847007841992512
3.847007841992512
3.847007841992512
3.847007841992512
3.847007841992512
3.847007841992512
3.847007841992512
3.847007841992512
3.847007841992512
3.847007841992512
3.847007841992512
3.847007841992512
3.847007841992512
3.847007841992512
3.847007841992512
3.847007841992512
3.847007841992512
3.847007841992512
3.847007841992512
3.847007841992512
3.847007841992512
3.847007841992512
3.847007841992512
3.847007841992512
3.847007841992512
3.847007841992512
3.847007841992512
3.847007841992512
3.847007841992512
3.847007841992512
3.847007841992512
3.847007841992512
3.847007841992512
3.847007841992512
3.847007841992512
3.847007841992512
3.847007841992512
3.847007841992512
3.847007841992512
3.8470089083462553
3.8470117211238954
3.8470143123125053
3.84701586702533
3.847016810565076
3.8470182721966695
3.8470182721966695
3.8470186915670856
3.8470197094888974
3.8470205623660143
3.8470213406759997
3.8470219101215855
3.8470224513013394
3.8470232118771994
3.847023675531793
3.847023853220647
3.8470240715115374
3.8470243399359787
3.847024506776995
3.8470246123367393
3.8470247276780754
3.8470247710033822
3.847024850554003
3.847024898284376
3.8470249429352115
3.8470249743189373
3.8470249932003266
3.84702501434779
3.84702501434779
3.8470250286184546
3.847025031137516
3.847025036364238
3.84702504090573
3.847025044967395
3.8470250477585624
3.8470250491857003
3.8470250506311023
3.8470250518332763
3.8470250525545797
3.847025053141932
3.847025053500349
3.847025053966903
3.8470250542543685
3.8470250544392552
3.847025054550431
3.8470250547396403
3.8470250550785354
3.847025055208281
3.847025055218086
3.847025055351481
3.847025055351481
3.847025055395583
3.8470250554219763
3.8470250554303655
3.847025055458457
3.8470250554815655
3.847025055500273
3.8470250555114966
3.8470250555269994
3.8470250555387238
3.8470250555435563
3.8470250555453287
3.8470250555469025
3.8470250555497256
3.8470250555521694
3.8470250555537717
3.8470250555552656
3.8470250555564376
3.8470250555573338
3.847025055557644
3.8470250555579577
3.847025055558535
3.847025055558779
3.8470250555591226
3.8470250555593575
3.8470250555594987
3.8470250555597114
3.8470250555597114
3.8470250555598184
3.847025055559839
3.8470250555598757
3.847025055559912
3.847025055559925
3.8470250555599455
3.847025055559974
3.8470250555599876
3.8470250555600005
3.8470250555600134
3.847025055560022
3.847025055560029
3.847025055560032
3.8470250555600365
3.847025055560043
3.847025055560043
3.8470250555600445
3.8470250555600485
3.8470250555600494
3.8470250555600494
3.8470250555600494
3.84702505556005
3.84702505556005
3.84702505556005
3.84702505556005
3.8470250555600507
3.8470250555600507
3.8470250555600507
3.8470250555600507
3.8470250555600507
3.8470250555600507
3.8470250555600507
3.8470250555600507
3.8470250555600507
3.8470250555600507
3.8470250555600507
3.8470250555600507
3.8470250555600507
3.8470250555600507
3.8470250555600507
3.8470250555600507
3.8470250555600507
3.8470250555600507
3.8470250555600507
3.8470250555600507
3.8470250555600507
3.8470250555600507
3.8470250555600507
3.8470250555600507
3.8470250555600507
3.8470250555600507
