1.802777878548154
1.802777878548154
1.802777878548154
1.802777878548154
1.802777878548154
1.802777878548154
1.802777878548154
1.802777878548154
1.802777878548154
1.802777878548154
1.802777878548154
1.802777878548154
1.802777878548154
1.802777878548154
1.802777878548154
1.802777878548154
1.802777878548154
1.802777878548154
1.802777878548154
1.802777878548154
1.802777878548154
1.802777878548154
1.802777878548154
1.802777878548154
1.802777878548154
1.802777878548154
1.802777878548154
1.802777878548154
1.802777878548154
1.802777878548154
1.802777878548154
1.802777878548154
1.802777878548154
1.802777878548154
1.802777878548154
1.802777878548154
1.802777878548154
1.802777878548154
1.802777878548154
1.802777878548154
1.802777878548154
1.802777878548154
1.802777878548154
1.802777878548154
1.802777878548154
1.802777878548154
1.8028040281372062
1.8028040281372062
1.8028040281372062
1.8028040281372062
1.8028067167288584
1.8028124482490924
1.8028174574943254
1.8028204630576716
1.8028222664015139
1.8028233484099199
1.8028239976157188
1.802826756842729
1.802826756842729
1.8028275504377265
1.8028284267108712
1.8028289524752656
1.8028299222528428
1.8028305391652293
1.8028313068284947
1.8028322440816624
1.802832865093981
1.8028334282986547
1.8028337662215985
1.8028339689754156
1.8028340906277243
1.8028342164462166
1.8028342629277525
1.8028343971203236
1.802834503394944
1.8028346042423795
1.802834681883951
1.8028347752853868
1.802834837912488
1.8028348754887513
1.802834902885891
1.8028349445580931
1.8028349757495035
1.802834995570015
1.802835010227615
1.8028350219693197
1.8028350322154625
1.8028350383631484
1.8028350424600175
1.8028350465867977
1.802835050805568
1.8028350546314131
1.8028350554404022
1.8028350561987276
1.8028350582846255
1.802835059361943
1.802835059627553
1.8028350598204739
1.8028350600712248
1.8028350605319645
1.8028350608084078
1.802835061029688
1.802835061277207
1.8028350615722082
1.802835061749972
1.8028350618566298
1.802835061920625
1.8028350619590212
1.8028350620715154
1.8028350622069578
1.8028350622579385
1.802835062305622
1.8028350623968887
1.802835062434166
1.8028350624565324
1.802835062490966
1.8028350625227034
1.802835062539055
1.8028350625506213
1.802835062561586
1.802835062570127
1.8028350625783398
1.8028350625820575
1.8028350625874279
1.802835062591337
1.8028350625922964
1.8028350625922964
1.8028350625940124
1.8028350625946825
1.8028350625948812
1.802835062595444
1.8028350625955036
1.8028350625957885
1.802835062596004
1.8028350625962017
1.8028350625965748
1.802835062596758
1.802835062596954
1.8028350625969989
1.8028350625970941
1.8028350625971914
1.802835062597236
1.8028350625973166
1.80283506259739
1.8028350625974898
1.8028350625975254
1.8028350625975609
1.8028350625975904
1.8028350625976142
1.8028350625976288
1.8028350625976342
1.8028350625976526
1.802835062597659
1.8028350625976688
1.8028350625976794
1.8028350625976794
1.802835062597682
1.8028350625976826
1.8028350625976826
1.802835062597683
1.802835062597686
1.8028350625976877
1.802835062597688
1.8028350625976897
1.8028350625976906
1.8028350625976923
1.8028350625976923
1.8028350625976923
1.8028350625976923
1.8028350625976923
1.8028350625976923
1.8028350625976923
1.8028350625976923
1.8028350625976923
1.8028350625976923
1.8028350625976923
1.8028350625976923
1.8028350625976923
1.8028350625976923
1.8028350625976923
1.8028350625976923
1.8028350625976923
1.8028350625976923
1.8028350625976923
1.8028350625976923
1.8028350625976923
