2.1608341677666116
2.1608341677666116
2.1608341677666116
2.1608341677666116
2.1608341677666116
2.1608341677666116
2.1608341677666116
2.1608341677666116
2.1608341677666116
2.1608341677666116
2.1608341677666116
2.1608341677666116
2.1608341677666116
2.1608341677666116
2.1608341677666116
2.1608341677666116
2.1608341677666116
2.1608341677666116
2.1608341677666116
2.1608341677666116
2.1608341677666116
2.1608341677666116
2.1608341677666116
2.1608341677666116
2.1608341677666116
2.1608341677666116
2.1608341677666116
2.1608341677666116
2.1608341677666116
2.1608341677666116
2.1608341677666116
2.1608341677666116
2.1608341677666116
2.1608341677666116
2.1608341677666116
2.1608341677666116
2.1608341677666116
2.1608341677666116
2.1608341677666116
2.1608341677666116
2.1608341677666116
2.1608341677666116
2.1608341677666116
2.1608341677666116
2.1608341677666116
2.1608341677666116
2.1608341677666116
2.1608341677666116
2.1608341677666116
2.1608341677666116
2.1608341677666116
2.160839481318565
2.160839481318565
2.160839481318565
2.160839481318565
2.1608407667537635
2.1608411563280483
2.1608425046707556
2.1608433136763985
2.160843799079791
2.1608445794855298
2.160845945134177
2.160846818020047
2.160847382466112
2.1608477532159975
2.160848096144624
2.1608486334309878
2.1608489558028805
2.1608491492260415
2.160849265279949
2.160849379941361
2.160849493250704
2.160849615965679
2.1608496930534513
2.160849760305929
2.1608498307879684
2.1608498769822564
2.1608499121080667
2.160849932324457
2.1608499642547496
2.1608499814615025
2.1608499896043663
2.160849995613317
2.1608500031515754
2.1608500097929486
2.1608500145434575
2.1608500175435355
2.160850019836952
2.1608500250384193
2.1608500282134657
2.160850030168228
2.160850031461928
2.160850032786124
2.160850033092899
2.1608500336416925
2.160850033788101
2.1608500338959966
2.160850033986037
2.1608500340874683
2.1608500342106405
2.160850034335119
2.1608500344041355
2.1608500344041355
2.1608500344860686
2.1608500344986634
2.1608500345208763
2.1608500345208763
2.1608500345208763
2.1608500345208763
2.160850034533682
2.1608500345441275
2.1608500345441275
2.1608500345441275
2.160850034550601
2.1608500345509647
2.1608500345510504
2.1608500345510504
2.1608500345527037
2.160850034554196
2.160850034555091
2.160850034555091
2.160850034555091
2.1608500345556974
2.1608500345556974
2.1608500345556974
2.1608500345558634
2.160850034556114
2.160850034556265
2.160850034556388
2.16085003455649
2.1608500345565425
2.16085003455664
2.1608500345566646
2.1608500345566943
2.1608500345567228
2.1608500345567463
2.1608500345567636
2.16085003455678
2.1608500345567925
2.160850034556797
2.160850034556808
2.1608500345568142
2.1608500345568173
2.1608500345568213
2.160850034556824
2.160850034556828
2.1608500345568302
2.1608500345568316
2.1608500345568316
2.1608500345568324
2.160850034556833
2.160850034556833
2.160850034556833
2.1608500345568333
2.1608500345568333
2.1608500345568333
2.1608500345568333
2.1608500345568333
2.1608500345568333
2.1608500345568333
2.1608500345568333
2.1608500345568333
2.1608500345568333
2.1608500345568333
2.1608500345568333
2.1608500345568333
2.1608500345568333
2.1608500345568333
2.1608500345568333
2.1608500345568333
2.1608500345568333
2.1608500345568333
2.1608500345568333
2.1608500345568333
2.1608500345568333
2.1608500345568333
2.1608500345568333
2.1608500345568333
2.1608500345568333
2.1608500345568333
