1.5696619043501758
1.5696619043501758
1.5696619043501758
1.5696619043501758
1.5696619043501758
1.5696619043501758
1.5696619043501758
1.5696619043501758
1.5696619043501758
1.5696619043501758
1.5696619043501758
1.5696619043501758
1.5696619043501758
1.5696619043501758
1.5696619043501758
1.5696619043501758
1.5696619043501758
1.5696619043501758
1.5696619043501758
1.5696619043501758
1.5696619043501758
1.5696619043501758
1.5696619043501758
1.5696619043501758
1.5696619043501758
1.5696619043501758
1.5696619043501758
1.5696619043501758
1.5696619043501758
1.5696619043501758
1.5696619043501758
1.5696619043501758
1.5696619043501758
1.5696619043501758
1.5696619043501758
1.5696619043501758
1.5696619043501758
1.5696619043501758
1.5696619043501758
1.5696619043501758
1.5696619043501758
1.5696767989975824
1.5696767989975824
1.5696767989975824
1.5696767989975824
1.5696767989975824
1.5696767989975824
1.5696767989975824
1.5696767989975824
1.5696767989975824
1.5696767989975824
1.5696767989975824
1.5696767989975824
1.569678382388139
1.5696829559198442
1.569687029612498
1.569689454685331
1.5696909097278995
1.5696917970257707
1.5696925323180952
1.5696949911182225
1.5696950797779698
1.5696958673053591
1.5696966320385952
1.5696972315849032
1.5696978207758603
1.5696981707069009
1.5696985739132787
1.569698901598373
1.5696991740917088
1.5696994491503522
1.5696996141855475
1.569699778444362
1.569699931466787
1.569700038621253
1.5697001095220617
1.5697001095220617
1.5697001317337809
1.5697001593535793
1.5697001619380184
1.5697001700235085
1.5697001770427397
1.5697001967455062
1.5697002196692638
1.569700234975016
1.5697002441584673
1.5697002496685384
1.5697002537782645
1.5697002649888205
1.569700272177964
1.5697002764914507
1.5697002790795422
1.5697002855279083
1.5697002897260566
1.5697002922449452
1.5697002937562783
1.5697002946769358
1.5697002971263845
1.5697002986254516
1.569700299524892
1.5697003003104064
1.569700301365112
1.5697003019979354
1.5697003023776293
1.569700302605446
1.5697003027421357
1.5697003028684036
1.5697003030892356
1.5697003032217343
1.5697003033012338
1.5697003033489336
1.5697003033775532
1.569700303409676
1.5697003034861665
1.569700303532061
1.5697003035595976
1.5697003035797807
1.5697003036085766
1.5697003036258539
1.5697003036362203
1.5697003036492874
1.5697003036579589
1.5697003036631616
1.5697003036662835
1.5697003036681567
1.5697003036716606
1.56970030367417
1.569700303675676
1.5697003036765793
1.5697003036772874
1.569700303678205
1.5697003036787565
1.5697003036790869
1.5697003036794521
1.5697003036797226
1.569700303679885
1.5697003036799821
1.5697003036800408
1.5697003036801012
1.569700303680163
1.5697003036801997
1.5697003036802217
1.5697003036802355
1.5697003036802626
1.5697003036802788
1.5697003036802883
1.5697003036802941
1.5697003036803059
1.569700303680316
1.5697003036803223
1.5697003036803259
1.5697003036803325
1.5697003036803383
1.5697003036803419
1.569700303680344
1.569700303680346
1.5697003036803499
1.5697003036803523
1.569700303680354
1.5697003036803552
1.5697003036803567
1.5697003036803576
1.5697003036803585
1.5697003036803587
1.5697003036803594
1.5697003036803598
1.56970030368036
1.5697003036803605
1.5697003036803605
1.5697003036803605
1.5697003036803605
1.5697003036803605
1.5697003036803605
1.5697003036803605
1.5697003036803605
1.5697003036803605
1.5697003036803605
1.5697003036803605
1.5697003036803605
1.5697003036803605
1.5697003036803605
1.5697003036803605
1.5697003036803605
1.5697003036803605
1.5697003036803605
1.5697003036803605
1.5697003036803605
1.5697003036803605
