2.337358012424777
2.337358012424777
2.337358012424777
2.337358012424777
2.337358012424777
2.337358012424777
2.337358012424777
2.337358012424777
2.337358012424777
2.337358012424777
2.337358012424777
2.337358012424777
2.337358012424777
2.337358012424777
2.337358012424777
2.337358012424777
2.337358012424777
2.337358012424777
2.337358012424777
2.337358012424777
2.337358012424777
2.337358012424777
2.337358012424777
2.337358012424777
2.337358012424777
2.337358012424777
2.337358012424777
2.337358012424777
2.337358012424777
2.337358012424777
2.337358012424777
2.337358012424777
2.337358012424777
2.337358012424777
2.337358012424777
2.337358012424777
2.337358012424777
2.337358012424777
2.337358012424777
2.337358012424777
2.337358012424777
2.337358012424777
2.337358012424777
2.337358012424777
2.337358012424777
2.337358012424777
2.337358012424777
2.337358012424777
2.337358012424777
2.337358012424777
2.337358012424777
2.337358012424777
2.337358012424777
2.337358012424777
2.337358012424777
2.337358012424777
2.337358012424777
2.337358012424777
2.337358012424777
2.3373613814920855
2.337364136301862
2.3373691563883563
2.3373758038823738
2.3373805320964802
2.337385193317513
2.3373859649883597
2.3373905456779958
2.337393388798736
2.3373957645174532
2.3373967807214893
2.337397790229564
2.3373995799393903
2.3373995799393903
2.3373995799393903
2.3373995799393903
2.3374004760366733
2.3374004760366733
2.3374007728265984
2.3374010627692776
2.3374012783346276
2.337401463817993
2.3374017572500363
2.3374019333092924
2.337402038944857
2.337402110863973
2.3374021983179465
2.3374022784303206
2.3374023304934872
2.337402361731388
2.3374023804741295
2.3374024275385494
2.3374024570272014
2.337402474986587
2.3374024976912873
2.3374025156012133
2.3374025264323595
2.337402532931047
2.337402543042612
2.3374025495558355
2.3374025534637695
2.3374025558085307
2.3374025577654236
2.337402560490246
2.337402562172477
2.3374025631818163
2.3374025637874185
2.3374025641507807
2.3374025647928427
2.337402565602815
2.337402566088799
2.3374025663803883
2.3374025668469582
2.337402567294357
2.3374025675627963
2.3374025678074912
2.337402568082499
2.3374025682475037
2.3374025683465063
2.3374025684059077
2.337402568474638
2.337402568533633
2.33740256856903
2.3374025685902686
2.3374025686030118
2.337402568618301
2.337402568632011
2.337402568640236
2.3374025686451727
2.3374025686517084
2.3374025686561057
2.337402568658744
2.337402568661167
2.337402568663504
2.3374025686649054
2.3374025686657465
2.3374025686662563
2.337402568666826
2.3374025686672306
2.337402568667472
2.3374025686676516
2.3374025686678763
2.33740256866801
2.3374025686680904
2.3374025686681716
2.3374025686682365
2.3374025686682782
2.3374025686683098
2.3374025686683435
2.3374025686683635
2.3374025686683755
2.337402568668383
2.3374025686683875
2.3374025686683906
2.337402568668401
2.3374025686684066
2.3374025686684106
2.337402568668413
2.337402568668416
2.3374025686684186
2.3374025686684203
2.337402568668421
2.3374025686684226
2.3374025686684226
2.3374025686684226
2.3374025686684234
2.3374025686684234
2.3374025686684234
2.3374025686684234
2.337402568668424
2.337402568668424
2.337402568668424
2.3374025686684248
2.337402568668425
2.337402568668425
2.337402568668425
2.337402568668425
2.337402568668425
2.337402568668425
2.337402568668425
2.337402568668425
2.337402568668425
2.337402568668425
2.337402568668425
2.337402568668425
2.337402568668425
2.337402568668425
2.337402568668425
2.337402568668425
2.337402568668425
2.337402568668425
2.337402568668425
2.337402568668425
2.337402568668425
2.337402568668425
2.337402568668425
2.337402568668425
2.337402568668425
