1.7762266133685385
1.7762266133685385
1.7762266133685385
1.7762266133685385
1.7762266133685385
1.7762266133685385
1.7762266133685385
1.7762266133685385
1.7762266133685385
1.7762266133685385
1.7762266133685385
1.7762266133685385
1.7762266133685385
1.7762266133685385
1.7762266133685385
1.7762266133685385
1.7762266133685385
1.7762266133685385
1.7762266133685385
1.7762266133685385
1.7762266133685385
1.7762266133685385
1.7762266133685385
1.7762266133685385
1.7762266133685385
1.7762266133685385
1.7762266133685385
1.7762266133685385
1.7762266133685385
1.7762266133685385
1.7762266133685385
1.7762266133685385
1.7762266133685385
1.7762266133685385
1.7762266133685385
1.7762266133685385
1.7762266133685385
1.7762266133685385
1.7762266133685385
1.7762266133685385
1.7762266133685385
1.7762266133685385
1.7762266133685385
1.7762266133685385
1.7762266133685385
1.7762266133685385
1.7762266133685385
1.7762266133685385
1.7762266133685385
1.7762266133685385
1.7762266133685385
1.7762266133685385
1.7762266133685385
1.7762266133685385
1.7762266133685385
1.7762266133685385
1.7762266133685385
1.7762266133685385
1.7762266133685385
1.7762288232968355
1.7762288232968355
1.7762288232968355
1.7762306272656276
1.7762306272656276
1.7762309575656208
1.7762319197181409
1.7762328749739202
1.7762335525001987
1.7762341845364864
1.7762345764096212
1.776234819327428
1.776235068513581
1.7762353140830773
1.7762355252496111
1.776235629216572
1.7762358157486204
1.7762359547689983
1.7762360093703058
1.7762360877185668
1.7762361067133563
1.7762361527124386
1.7762361907285682
1.7762362135382452
1.7762362314155407
1.7762362508403178
1.7762362645352963
1.7762362827599556
1.776236293671271
1.776236293671271
1.7762363044920206
1.7762363067500315
1.7762363078781929
1.7762363104560985
1.776236311925546
1.7762363150567877
1.776236318281819
1.776236320216838
1.7762363213778496
1.7762363221768078
1.7762363238863004
1.7762363248262536
1.776236325616513
1.7762363260458987
1.776236326789257
1.77623632714914
1.7762363273618342
1.776236327538426
1.776236327711922
1.7762363277674529
1.776236327845003
1.77623632788093
1.7762363279289979
1.776236327948203
1.7762363279597733
1.7762363279666666
1.7762363279708304
1.7762363280160178
1.7762363280160178
1.7762363280160178
1.7762363280274391
1.7762363280321898
1.7762363280344349
1.7762363280344349
1.7762363280397817
1.7762363280397817
1.776236328040618
1.776236328041921
1.7762363280421367
1.7762363280434683
1.7762363280437
1.776236328043987
1.7762363280443547
1.776236328044577
1.7762363280448268
1.776236328045226
1.776236328045226
1.7762363280453572
1.7762363280454398
1.7762363280454398
1.7762363280454683
1.7762363280454683
1.7762363280454683
1.776236328045493
1.776236328045504
1.7762363280455138
1.7762363280455138
1.7762363280455138
1.776236328045517
1.7762363280455178
1.7762363280455238
1.7762363280455238
1.7762363280455291
1.7762363280455333
1.7762363280455333
1.7762363280455347
1.7762363280455358
1.7762363280455358
1.7762363280455358
1.7762363280455375
1.7762363280455375
1.7762363280455375
1.7762363280455375
1.7762363280455384
1.7762363280455387
1.7762363280455387
1.7762363280455387
1.7762363280455387
1.7762363280455387
1.7762363280455387
1.7762363280455387
1.7762363280455387
1.7762363280455387
1.7762363280455387
1.7762363280455387
1.7762363280455387
1.7762363280455387
1.7762363280455387
1.7762363280455387
1.7762363280455387
1.7762363280455387
1.7762363280455387
1.7762363280455387
1.7762363280455387
1.7762363280455387
1.7762363280455387
1.7762363280455387
1.7762363280455387
1.7762363280455387
1.7762363280455387
