2.2442212851959527
2.2442212851959527
2.2442212851959527
2.2442212851959527
2.2442212851959527
2.2442212851959527
2.2442212851959527
2.2442212851959527
2.2442212851959527
2.2442212851959527
2.2442212851959527
2.2442212851959527
2.2442212851959527
2.2442212851959527
2.2442212851959527
2.2442212851959527
2.2442212851959527
2.2442212851959527
2.2442212851959527
2.2442212851959527
2.2442212851959527
2.2442212851959527
2.2442212851959527
2.2442212851959527
2.2442212851959527
2.2442212851959527
2.2442212851959527
2.2442212851959527
2.2442212851959527
2.2442212851959527
2.2442212851959527
2.2442212851959527
2.2442212851959527
2.2442212851959527
2.2442212851959527
2.2442212851959527
2.2442212851959527
2.2442212851959527
2.2442212851959527
2.2442212851959527
2.2442212851959527
2.2442212851959527
2.2442212851959527
2.2442212851959527
2.2442212851959527
2.2442212851959527
2.2442212851959527
2.2442212851959527
2.2442212851959527
2.2442212851959527
2.2442212851959527
2.2442212851959527
2.2442212851959527
2.2442212851959527
2.2442212851959527
2.2442212851959527
2.2442212851959527
2.2442212851959527
2.2442212851959527
2.2442212851959527
2.2442222218948897
2.244222409172793
2.244224098124637
2.2442251114942597
2.2442252525300974
2.2442259383722143
2.2442260995411027
2.2442269984468006
2.2442275686028057
2.2442278248274823
2.244228008416158
2.2442281507047115
2.2442285148556604
2.244228733346181
2.24422892631876
2.2442291366869793
2.2442292695902393
2.2442294498441204
2.2442296348636663
2.244229758832106
2.244229758832106
2.2442298076120917
2.2442298514396297
2.2442298821017017
2.244229904585297
2.2442299209886
2.24422995044798
2.2442299780111323
2.244229994549023
2.2442300044717576
2.2442300295914692
2.2442300437348406
2.244230054648721
2.2442300584298103
2.2442300634967576
2.2442300681819507
2.2442300693959347
2.2442300713698504
2.2442300730509115
2.2442300742157593
2.2442300742157593
2.2442300746565977
2.244230075121658
2.244230075121658
2.244230075365748
2.244230075365748
2.2442300754202233
2.244230075503217
2.2442300755530127
2.244230075610737
2.244230075651585
2.244230075692585
2.244230075728641
2.2442300757551377
2.244230075766779
2.244230075771607
2.244230075771607
2.24423007578279
2.24423007578279
2.24423007578279
2.24423007578279
2.24423007578279
2.244230075785198
2.244230075785733
2.244230075786566
2.2442300757876135
2.2442300757881535
2.244230075788749
2.2442300757895555
2.2442300757896145
2.244230075790229
2.244230075790718
2.2442300757907914
2.2442300757909743
2.2442300757910556
2.244230075791118
2.2442300757911546
2.244230075791187
2.244230075791296
2.244230075791369
2.244230075791415
2.244230075791451
2.244230075791451
2.244230075791451
2.244230075791451
2.2442300757914615
2.2442300757914615
2.2442300757914615
2.2442300757914615
2.2442300757914646
2.2442300757914686
2.2442300757914695
2.2442300757914735
2.2442300757914735
2.2442300757914735
2.2442300757914735
2.2442300757914735
2.2442300757914735
2.2442300757914735
2.2442300757914735
2.2442300757914735
2.2442300757914735
2.2442300757914735
2.2442300757914735
2.2442300757914735
2.2442300757914735
2.2442300757914735
2.2442300757914735
2.2442300757914735
2.2442300757914735
2.2442300757914735
2.2442300757914735
2.2442300757914735
2.2442300757914735
2.2442300757914735
2.2442300757914735
2.2442300757914735
2.2442300757914735
2.2442300757914735
2.2442300757914735
2.2442300757914735
2.2442300757914735
2.2442300757914735
2.2442300757914735
2.2442300757914735
2.2442300757914735
2.2442300757914735
2.2442300757914735
2.2442300757914735
2.2442300757914735
2.2442300757914735
2.2442300757914735
