1.259562000091688
1.259562000091688
1.259562000091688
1.259562000091688
1.259562000091688
1.259562000091688
1.259562000091688
1.259562000091688
1.259562000091688
1.259562000091688
1.259562000091688
1.259562000091688
1.259562000091688
1.259562000091688
1.259562000091688
1.259562000091688
1.259562000091688
1.259562000091688
1.259562000091688
1.259562000091688
1.259562000091688
1.259562000091688
1.259562000091688
1.259562000091688
1.259562000091688
1.259562000091688
1.259562000091688
1.259562000091688
1.2597079513404392
1.2597079513404392
1.2597079513404392
1.2597079513404392
1.2597079513404392
1.2597079513404392
1.2597079513404392
1.2597079513404392
1.2597079513404392
1.2597079513404392
1.2597079513404392
1.2597079513404392
1.2597079513404392
1.2597079513404392
1.259726037464114
1.259726037464114
1.259726037464114
1.259726037464114
1.259745282671455
1.259745282671455
1.259745282671455
1.2597481470052405
1.259756439984335
1.2597611022329762
1.2597638995918168
1.2597655780105974
1.2597665850631172
1.2597671892950795
1.2597687294640616
1.2597687294640616
1.259769160469068
1.259770775112456
1.259770775112456
1.2597728881339831
1.259774160380354
1.2597752316384103
1.2597760493864543
1.259776998561701
1.2597777208555618
1.2597781542321447
1.2597786379540532
1.259778946531832
1.2597791316785407
1.2597793406934532
1.2597795040491302
1.2597796365287375
1.2597796991370593
1.259779741995158
1.259779803377644
1.2597798667166313
1.2597798955898458
1.2597799129137754
1.2597799343142684
1.259779958487065
1.2597799903871958
1.2597800078561636
1.2597800205649297
1.2597800284679448
1.2597800395139565
1.2597800466587425
1.2597800533564139
1.2597800548163023
1.2597800595291373
1.2597800628828189
1.2597800657642912
1.2597800665737264
1.2597800680765958
1.2597800689783174
1.25978006951935
1.2597800698192412
1.259780070028254
1.2597800702263802
1.2597800705257824
1.259780070636326
1.2597800707650024
1.2597800709052474
1.259780071059162
1.2597800711443008
1.2597800711788811
1.2597800712559686
1.2597800712939051
1.2597800713196456
1.2597800713313003
1.2597800713421332
1.259780071363589
1.2597800713839755
1.2597800713839755
1.2597800713839755
1.259780071392662
1.259780071396272
1.2597800714014533
1.259780071403971
1.2597800714060763
1.2597800714073388
1.2597800714087546
1.2597800714109384
1.259780071413982
1.2597800714158316
1.259780071417
1.2597800714180394
1.2597800714194283
1.259780071420247
1.2597800714206397
1.2597800714212726
1.2597800714219782
1.259780071422346
1.2597800714226548
1.259780071422794
1.2597800714232206
1.2597800714234897
1.2597800714236778
1.259780071423782
1.259780071423865
1.2597800714239888
1.2597800714240641
1.2597800714241096
1.2597800714241525
1.2597800714242073
1.2597800714242402
1.2597800714242602
1.2597800714242748
1.259780071424304
1.2597800714243212
1.2597800714243323
1.25978007142434
1.2597800714243452
1.2597800714243537
1.2597800714243572
1.2597800714243605
1.2597800714243617
1.2597800714243639
1.259780071424365
1.259780071424366
1.259780071424366
1.259780071424367
1.2597800714243677
1.259780071424368
1.259780071424368
1.259780071424368
1.259780071424368
1.2597800714243685
1.2597800714243685
1.2597800714243685
1.2597800714243688
1.2597800714243692
1.2597800714243692
1.2597800714243692
1.2597800714243692
1.2597800714243692
1.2597800714243692
1.2597800714243692
1.2597800714243692
1.2597800714243692
1.2597800714243692
1.2597800714243692
1.2597800714243692
1.2597800714243692
1.2597800714243692
