1.309282238569378
1.309282238569378
1.309282238569378
1.309282238569378
1.309282238569378
1.309282238569378
1.309282238569378
1.309282238569378
1.309282238569378
1.309282238569378
1.309282238569378
1.309282238569378
1.309282238569378
1.309282238569378
1.309282238569378
1.309282238569378
1.309282238569378
1.309282238569378
1.309282238569378
1.309282238569378
1.309282238569378
1.309282238569378
1.309282238569378
1.309282238569378
1.309282238569378
1.309282238569378
1.309282238569378
1.309282238569378
1.309282238569378
1.309282238569378
1.309282238569378
1.309282238569378
1.309282238569378
1.309282238569378
1.309282238569378
1.309282238569378
1.309282238569378
1.309282238569378
1.309282238569378
1.309282238569378
1.309282238569378
1.309282238569378
1.309282238569378
1.309282238569378
1.309282238569378
1.309282238569378
1.309282238569378
1.309282238569378
1.309282238569378
1.309282238569378
1.309282238569378
1.3092895044322603
1.3092895044322603
1.3092895044322603
1.3092895044322603
1.3092895044322603
1.3092895044322603
1.3092895044322603
1.3092895044322603
1.3092895044322603
1.3092895044322603
1.3092895044322603
1.3092907557128446
1.3092907557128446
1.3092907557128446
1.3092907557128446
1.30929187592551
1.3092931023298917
1.3092941025386078
1.3092946462246553
1.3092953940848184
1.309296417266531
1.3092970952197402
1.3092975019918083
1.3092977460550996
1.3092979938647717
1.3092983622204668
1.3092986479953197
1.309298724215778
1.3092988520001752
1.3092990574228685
1.309299111748359
1.3092991418046733
1.309299194047046
1.3092992194447515
1.3092992554932685
1.3092992771223781
1.3092992771223781
1.3092992793369673
1.3092992978225713
1.3092992978225713
1.3092992978225713
1.3092993004398614
1.3092993068581333
1.3092993068581333
1.3092993068581333
1.3092993068581333
1.3092993079675312
1.3092993079675312
1.3092993079675312
1.3092993079675312
1.3092993092312566
1.3092993092312566
1.3092993092312566
1.3092993093222587
1.3092993094171896
1.3092993096652767
1.3092993096867296
1.3092993096996015
1.309299310096286
1.3092993103784676
1.3092993105373487
1.3092993105373487
1.3092993105373487
1.3092993106255149
1.3092993106812165
1.3092993107067723
1.3092993107257502
1.3092993107340025
1.3092993107961912
1.3092993108408943
1.3092993108610746
1.3092993108610746
1.3092993108651023
1.3092993108881947
1.3092993109045046
1.3092993109142899
1.3092993109201616
1.309299310923684
1.3092993109257978
1.309299310927066
1.3092993109387159
1.3092993109464408
1.3092993109510762
1.309299310953857
1.309299310955526
1.3092993109574644
1.3092993109605804
1.3092993109625324
1.3092993109637034
1.3092993109644067
1.309299310965788
1.309299310966967
1.309299310967674
1.3092993109680986
1.3092993109690065
1.309299310969744
1.3092993109701867
1.3092993109704518
1.309299310970611
1.3092993109713653
1.3092993109718258
1.3092993109721016
1.3092993109722677
1.3092993109726077
1.309299310972837
1.3092993109729745
1.309299310973057
1.3092993109731954
1.309299310973319
1.3092993109733932
1.3092993109734379
1.3092993109734705
1.3092993109735334
1.3092993109735716
1.309299310973594
1.309299310973608
1.3092993109736237
1.3092993109736415
1.3092993109736524
1.3092993109736601
1.3092993109736697
1.3092993109736752
1.3092993109736788
1.309299310973681
1.3092993109736828
1.3092993109736841
1.309299310973685
1.309299310973686
1.3092993109736863
1.3092993109736868
1.3092993109736875
1.3092993109736877
1.3092993109736877
1.3092993109736877
1.3092993109736881
1.3092993109736881
1.3092993109736881
1.3092993109736881
