1.1832416825804495
1.1832416825804495
1.1832416825804495
1.1832416825804495
1.1832416825804495
1.1832416825804495
1.1832416825804495
1.1832416825804495
1.1832416825804495
1.1832416825804495
1.1832416825804495
1.1832416825804495
1.1832416825804495
1.1832416825804495
1.1832416825804495
1.1832416825804495
1.1832416825804495
1.1832416825804495
1.1832416825804495
1.1832416825804495
1.1832416825804495
1.1832416825804495
1.1832416825804495
1.1832416825804495
1.1832416825804495
1.1832416825804495
1.1832416825804495
1.1832416825804495
1.1832416825804495
1.1832416825804495
1.1832416825804495
1.1832416825804495
1.1832416825804495
1.1832416825804495
1.1832416825804495
1.1832416825804495
1.1832416825804495
1.1832416825804495
1.1832416825804495
1.1832416825804495
1.1832416825804495
1.1832416825804495
1.1832416825804495
1.1832416825804495
1.1832416825804495
1.1832416825804495
1.1832416825804495
1.183242086211244
1.183242086211244
1.183242086211244
1.183242086211244
1.183242086211244
1.183242086211244
1.183242086211244
1.183242086211244
1.183242086211244
1.183242086211244
1.183242086211244
1.183242086211244
1.1832421496798804
1.1832423232209137
1.1832424273453073
1.1832424951867149
1.1832425257372803
1.1832425472877282
1.18324256024842
1.1832426104618836
1.1832426181274283
1.1832426893752932
1.183242701050825
1.183242749553941
1.1832427748334824
1.183242795762804
1.183242819117574
1.1832428269395512
1.1832428503965475
1.1832428637175203
1.1832428723205015
1.1832428793319665
1.1832428842321876
1.1832428919458367
1.1832428965740258
1.1832428965740258
1.1832428988534687
1.183242900271063
1.1832429022813256
1.1832429035273802
1.1832429043902095
1.1832429051216555
1.1832429063826542
1.1832429072198032
1.1832429077220925
1.183242908499982
1.1832429092188568
1.1832429096504462
1.1832429099104704
1.183242910066485
1.1832429101600939
1.1832429102830213
1.1832429104547515
1.183242910571457
1.1832429106414806
1.1832429106834945
1.183242910708703
1.1832429107373432
1.1832429107819256
1.1832429108087406
1.1832429108248714
1.1832429108428435
1.183242910862126
1.1832429108736957
1.1832429108806375
1.1832429108906262
1.1832429108979539
1.1832429109023501
1.1832429109049882
1.1832429109066134
1.1832429109093885
1.1832429109113283
1.183242910912492
1.1832429109131901
1.1832429109136093
1.1832429109142608
1.1832429109147524
1.1832429109150473
1.1832429109152536
1.1832429109155038
1.1832429109156757
1.1832429109157787
1.1832429109158737
1.183242910915975
1.1832429109160358
1.1832429109160723
1.1832429109161031
1.1832429109161497
1.1832429109161773
1.1832429109161942
1.183242910916206
1.1832429109162315
1.1832429109162466
1.1832429109162557
1.1832429109162628
1.1832429109162712
1.1832429109162768
1.1832429109162796
1.1832429109162836
1.1832429109162874
1.1832429109162896
1.183242910916291
1.183242910916292
1.1832429109162934
1.183242910916294
1.1832429109162945
1.183242910916295
1.1832429109162954
1.1832429109162956
1.1832429109162956
1.1832429109162959
1.183242910916296
1.183242910916296
1.183242910916296
1.183242910916296
1.183242910916296
1.183242910916296
1.183242910916296
1.183242910916296
1.183242910916296
1.183242910916296
1.183242910916296
1.183242910916296
1.183242910916296
1.183242910916296
1.183242910916296
1.183242910916296
1.183242910916296
1.183242910916296
