1.3349908907076853
1.3349908907076853
1.3349908907076853
1.3349908907076853
1.3349908907076853
1.3349908907076853
1.3349908907076853
1.3349908907076853
1.3349908907076853
1.3349908907076853
1.3349908907076853
1.3349908907076853
1.3349908907076853
1.3349908907076853
1.3349908907076853
1.3349908907076853
1.3349908907076853
1.3349908907076853
1.3349908907076853
1.3349908907076853
1.3349908907076853
1.3349908907076853
1.3349908907076853
1.3349908907076853
1.3349908907076853
1.3349908907076853
1.3349908907076853
1.3349908907076853
1.3349908907076853
1.3349908907076853
1.3349908907076853
1.3349908907076853
1.3349908907076853
1.3349908907076853
1.3349908907076853
1.3349908907076853
1.3349908907076853
1.3349908907076853
1.3349908907076853
1.3349908907076853
1.3349908907076853
1.3349908907076853
1.3349908907076853
1.3349908907076853
1.3349908907076853
1.3349908907076853
1.3349908907076853
1.3349908907076853
1.3349908907076853
1.3349908907076853
1.3349908907076853
1.3349908907076853
1.3349908907076853
1.3349908907076853
1.3349914360570045
1.3349914360570045
1.3349914360570045
1.3349919651981421
1.3349919651981421
1.3349919651981421
1.3349919651981421
1.3349919651981421
1.3349919651981421
1.3349919651981421
1.3349919651981421
1.33499229287289
1.33499229287289
1.334993407495531
1.334993407495531
1.334993407495531
1.3349934506097723
1.3349937273582637
1.3349938934073486
1.3349940613901348
1.3349942398101067
1.3349943553197725
1.3349945124347569
1.334994606703749
1.3349946643952593
1.3349946974378848
1.3349948130920484
1.33499492202084
1.3349949873781204
1.3349950480972868
1.3349950960314199
1.3349951256702504
1.3349951498064878
1.334995164288231
1.3349951729772767
1.3349951781907041
1.3349951813187608
1.3349951840239962
1.3349951921689733
1.3349951966424487
1.3349951999107459
1.3349952026369654
1.33499520602028
1.3349952076033933
1.3349952086890555
1.334995211707056
1.334995213384777
1.334995214796482
1.3349952156435054
1.3349952161517191
1.334995217020478
1.3349952179853217
1.334995218590517
1.3349952188512837
1.3349952192180203
1.3349952195718833
1.334995219750163
1.3349952198933281
1.3349952199613442
1.3349952200240731
1.3349952201120203
1.3349952201389617
1.334995220182529
1.3349952202018842
1.3349952202142301
1.3349952202404614
1.3349952202450792
1.334995220253212
1.334995220263631
1.3349952202677404
1.3349952202745685
1.3349952202771782
1.3349952202836908
1.3349952202884996
1.334995220290372
1.3349952202926298
1.3349952202949815
1.334995220296439
1.3349952202973336
1.3349952202979103
1.3349952202982671
1.3349952202989175
1.3349952202994408
1.3349952202998545
1.3349952203001025
1.3349952203003324
1.3349952203006699
1.334995220300884
1.3349952203010287
1.3349952203010798
1.3349952203011237
1.334995220301199
1.3349952203012236
1.3349952203012636
1.3349952203012705
1.334995220301292
1.334995220301318
1.3349952203013336
1.3349952203013429
1.3349952203013542
1.3349952203013669
1.3349952203013755
1.3349952203013844
1.3349952203013866
1.3349952203013884
1.3349952203013924
1.334995220301396
1.3349952203013982
1.3349952203013997
1.3349952203014017
1.3349952203014035
1.3349952203014046
1.3349952203014053
1.3349952203014064
1.334995220301407
1.3349952203014075
1.334995220301408
1.334995220301408
1.3349952203014082
1.3349952203014084
1.3349952203014086
1.3349952203014086
1.3349952203014088
1.3349952203014088
1.3349952203014088
1.3349952203014088
1.3349952203014088
1.334995220301409
1.334995220301409
1.334995220301409
1.334995220301409
1.334995220301409
1.334995220301409
