1.2022956505402893
1.2022956505402893
1.2022956505402893
1.2022956505402893
1.2022956505402893
1.2022956505402893
1.2022956505402893
1.2022956505402893
1.2022956505402893
1.2022956505402893
1.2022956505402893
1.2022956505402893
1.2022956505402893
1.2022956505402893
1.2022956505402893
1.2022956505402893
1.2022956505402893
1.2022956505402893
1.2022956505402893
1.2022956505402893
1.2022956505402893
1.2022956505402893
1.2022956505402893
1.2022956505402893
1.2022956505402893
1.2022956505402893
1.2022956505402893
1.2022956505402893
1.2022956505402893
1.2022956505402893
1.2022956505402893
1.2022956505402893
1.2022956505402893
1.2022956505402893
1.2022956505402893
1.2022956505402893
1.2022956505402893
1.2022956505402893
1.2022956505402893
1.2022956505402893
1.2022956505402893
1.2022956505402893
1.2022956505402893
1.2022956505402893
1.2022956505402893
1.2022956505402893
1.2022956505402893
1.2022956505402893
1.2022956505402893
1.2022956505402893
1.2022956505402893
1.2022956505402893
1.2022956505402893
1.2022956505402893
1.2022956505402893
1.2022956505402893
1.2022959243714306
1.2022962193879543
1.2022962193879543
1.2022965561969399
1.2022967614877083
1.2022967614877083
1.2022967614877083
1.2022971090963974
1.2022971090963974
1.2022971090963974
1.2022971090963974
1.2022972245402133
1.2022972557419076
1.202297351641639
1.2022974181653374
1.202297473686634
1.2022975018022641
1.2022975212777365
1.202297540001556
1.2022975651778265
1.2022975651778265
1.2022975836783547
1.2022975947963808
1.2022976014671969
1.202297605469686
1.2022976160720673
1.2022976216265127
1.2022976216265127
1.2022976216265127
1.2022976234496294
1.2022976234496294
1.2022976234496294
1.2022976234496294
1.2022976234496294
1.202297624115952
1.202297624115952
1.202297624115952
1.202297624115952
1.2022976241844048
1.2022976241844048
1.2022976241844048
1.2022976241844048
1.2022976241844048
1.2022976241946959
1.2022976242249075
1.2022976242249075
1.2022976242249075
1.202297624245197
1.202297624245197
1.202297624245197
1.202297624245197
1.2022976242656502
1.2022976242656502
1.2022976242656502
1.2022976242656502
1.2022976242656502
1.2022976242676668
1.2022976242676668
1.2022976242676668
1.2022976242686707
1.2022976242688252
1.2022976242688252
1.2022976242688252
1.2022976242690682
1.2022976242690682
1.2022976242690682
1.2022976242690682
1.2022976242690682
1.2022976242690682
1.2022976242690682
1.202297624269118
1.202297624269118
1.202297624269118
1.202297624269118
1.202297624269118
1.202297624269118
1.202297624269118
1.202297624269118
1.202297624269118
1.2022976242691226
1.2022976242691226
1.2022976242691275
1.2022976242691275
1.2022976242691275
1.2022976242691308
1.2022976242691308
1.2022976242691348
1.2022976242691357
1.2022976242691366
1.2022976242691372
1.2022976242691392
1.202297624269142
1.2022976242691439
1.202297624269145
1.2022976242691457
1.2022976242691463
1.2022976242691465
1.202297624269147
1.2022976242691477
1.202297624269148
1.2022976242691483
1.2022976242691488
1.202297624269149
1.2022976242691492
1.2022976242691492
1.2022976242691492
1.2022976242691492
1.2022976242691492
1.2022976242691492
1.2022976242691492
1.2022976242691492
1.2022976242691492
1.2022976242691492
1.2022976242691492
1.2022976242691492
1.2022976242691492
1.2022976242691492
1.2022976242691492
1.2022976242691492
1.2022976242691492
1.2022976242691492
1.2022976242691492
1.2022976242691492
1.2022976242691492
1.2022976242691492
