1.671678135958207
1.671678135958207
1.671678135958207
1.671678135958207
1.671678135958207
1.671678135958207
1.671678135958207
1.671678135958207
1.671678135958207
1.671678135958207
1.671678135958207
1.671678135958207
1.671678135958207
1.671678135958207
1.671678135958207
1.671678135958207
1.671678135958207
1.671678135958207
1.671678135958207
1.671678135958207
1.671678135958207
1.671678135958207
1.671678135958207
1.671678135958207
1.671678135958207
1.671678135958207
1.671678135958207
1.671678135958207
1.671678135958207
1.671678135958207
1.671678135958207
1.671678135958207
1.671678135958207
1.671678135958207
1.671678135958207
1.671678135958207
1.671678135958207
1.671678135958207
1.671678135958207
1.671678135958207
1.671678135958207
1.671678135958207
1.671678135958207
1.671678135958207
1.671678135958207
1.671678135958207
1.671678135958207
1.671678135958207
1.671678135958207
1.6716828931103211
1.6716828931103211
1.6716828931103211
1.6716828931103211
1.6716828931103211
1.6716828931103211
1.6716828931103211
1.6716828931103211
1.6716828931103211
1.6716828931103211
1.6716828931103211
1.6716872048008637
1.6716872048008637
1.6716902481591198
1.6716935593195281
1.6716958955739962
1.6716967972960122
1.671697548063376
1.6716983545829605
1.6717003513387954
1.671700751086518
1.6717013162457288
1.6717020774446176
1.6717025644942545
1.671703021256028
1.671703550131358
1.6717039121607724
1.6717041679269729
1.6717042817432588
1.6717044077583811
1.6717044521746223
1.6717044957290321
1.6717046354695213
1.6717046354695213
1.6717047140909362
1.671704757402913
1.67170479693749
1.67170479693749
1.6717048077983987
1.6717048077983987
1.6717048081304686
1.6717048208076353
1.6717048208076353
1.6717048247402606
1.6717048271407753
1.671704829925701
1.6717048342433396
1.6717048347249492
1.6717048365851679
1.6717048374753591
1.6717048381322794
1.6717048387663398
1.6717048389859304
1.671704839493254
1.6717048400250367
1.6717048400252421
1.6717048400252421
1.671704840242439
1.6717048403175965
1.671704840372527
1.6717048404186927
1.6717048404755779
1.6717048404755779
1.671704840610725
1.6717048407135602
1.6717048407793038
1.67170484081875
1.6717048408424178
1.671704840856618
1.6717048408876323
1.6717048409149162
1.6717048409392423
1.6717048409572848
1.6717048409734638
1.6717048409887338
1.6717048409978956
1.6717048410033928
1.6717048410081694
1.6717048410124733
1.6717048410168385
1.6717048410201025
1.6717048410220612
1.6717048410232365
1.6717048410244164
1.671704841026086
1.6717048410270876
1.6717048410270876
1.6717048410275217
1.6717048410280149
1.671704841028492
1.6717048410287778
1.6717048410290523
1.6717048410293258
1.6717048410295026
1.6717048410296087
1.6717048410297557
1.6717048410298665
1.6717048410299442
1.67170484103
1.6717048410300328
1.6717048410300535
1.6717048410300654
1.6717048410300723
1.6717048410300852
1.6717048410300974
1.671704841030104
1.6717048410301103
1.671704841030116
1.6717048410301207
1.671704841030124
1.6717048410301256
1.6717048410301274
1.6717048410301298
1.6717048410301316
1.6717048410301327
1.6717048410301336
1.6717048410301338
1.671704841030134
1.6717048410301345
1.6717048410301345
1.671704841030135
1.671704841030135
1.671704841030135
1.6717048410301354
1.6717048410301354
1.6717048410301354
1.6717048410301354
1.6717048410301354
1.6717048410301354
1.6717048410301354
1.6717048410301354
1.6717048410301354
1.6717048410301354
1.6717048410301354
1.6717048410301354
1.6717048410301354
1.6717048410301354
1.6717048410301354
1.6717048410301354
1.6717048410301354
1.6717048410301354
