2.7791208427514285
2.7791208427514285
2.7791208427514285
2.7791208427514285
2.7791208427514285
2.7791208427514285
2.7791208427514285
2.7791208427514285
2.7791208427514285
2.7791208427514285
2.7791208427514285
2.7791208427514285
2.7791208427514285
2.7791208427514285
2.7791208427514285
2.7791208427514285
2.7791208427514285
2.7791208427514285
2.7791208427514285
2.7791208427514285
2.7791208427514285
2.7791208427514285
2.7791208427514285
2.7791208427514285
2.7791208427514285
2.7791208427514285
2.7791208427514285
2.7791208427514285
2.7791208427514285
2.7791208427514285
2.7791208427514285
2.7791208427514285
2.7791208427514285
2.7791208427514285
2.7791208427514285
2.7791208427514285
2.7791208427514285
2.7791208427514285
2.7791208427514285
2.7791208427514285
2.7791208427514285
2.7791208427514285
2.7791208427514285
2.7791208427514285
2.7791208427514285
2.7791208427514285
2.7791208427514285
2.7791208427514285
2.7791208427514285
2.7791208427514285
2.7791208427514285
2.779132706250787
2.779132706250787
2.779132706250787
2.779132706250787
2.779133383172191
2.7791367857723475
2.7791381330298197
2.7791395569813306
2.779140814486391
2.779141603889634
2.7791435526534127
2.7791442987094404
2.7791457314176045
2.7791465910425233
2.7791472273534454
2.7791480127774113
2.7791483850382375
2.7791487503003216
2.7791490189334387
2.7791491801133104
2.77914936399334
2.7791495501707213
2.77914965989548
2.7791497298849137
2.7791497931872344
2.7791498401327637
2.7791498762168585
2.7791498967966497
2.77914990979523
2.7791499251882534
2.7791499362744947
2.779149943550708
2.7791499486413866
2.7791499532412782
2.7791499555097627
2.7791499609684176
2.779149964528441
2.7791499666644546
2.7791499679460636
2.7791499687502816
2.7791499711498107
2.779149973188241
2.7791499747650907
2.7791499757112
2.779149975794684
2.779149976405197
2.779149977129476
2.7791499776715995
2.779149977996874
2.7791499781920384
2.7791499783091376
2.779149978411871
2.7791499786104126
2.7791499787886726
2.7791499788747056
2.7791499789684355
2.7791499790132503
2.7791499790855334
2.7791499791096634
2.779149979141311
2.7791499791544823
2.7791499791717014
2.7791499791932988
2.7791499792039045
2.7791499792100085
2.779149979215711
2.7791499792214323
2.779149979223978
2.7791499792266903
2.779149979228328
2.7791499792299463
2.779149979232268
2.779149979232268
2.779149979232268
2.7791499792325536
2.7791499792328334
2.7791499792334298
2.7791499792334298
2.7791499792335834
2.7791499792336953
2.7791499792338272
2.7791499792339267
2.779149979233987
2.7791499792341097
2.7791499792343495
2.7791499792346546
2.779149979234687
2.7791499792348864
2.779149979234972
2.7791499792350516
2.779149979235112
2.77914997923514
2.779149979235179
2.7791499792352123
2.7791499792352328
2.779149979235245
2.779149979235258
2.7791499792352754
2.7791499792352856
2.7791499792352967
2.779149979235305
2.7791499792353105
2.7791499792353105
2.7791499792353105
2.779149979235311
2.779149979235311
2.779149979235311
2.779149979235311
2.779149979235311
2.779149979235311
2.779149979235311
2.779149979235311
2.7791499792353123
2.7791499792353123
2.7791499792353123
2.7791499792353123
2.7791499792353123
2.7791499792353123
2.7791499792353123
2.7791499792353123
2.7791499792353123
2.7791499792353123
2.7791499792353123
2.7791499792353123
2.7791499792353123
2.7791499792353123
2.7791499792353123
2.7791499792353123
2.7791499792353123
2.7791499792353123
