1.6112630062427524
1.6112630062427524
1.6112630062427524
1.6112630062427524
1.6112630062427524
1.6112630062427524
1.6112630062427524
1.6112630062427524
1.6112630062427524
1.6112630062427524
1.6112630062427524
1.6112630062427524
1.6112630062427524
1.6112630062427524
1.6112630062427524
1.6112630062427524
1.6112630062427524
1.6112630062427524
1.6112630062427524
1.6112630062427524
1.6112630062427524
1.6112630062427524
1.6112630062427524
1.6112630062427524
1.6112630062427524
1.6112630062427524
1.6112630062427524
1.6112630062427524
1.6112630062427524
1.6112630062427524
1.6112630062427524
1.6112630062427524
1.6112630062427524
1.6112630062427524
1.6112630062427524
1.6112630062427524
1.6112630062427524
1.6112630062427524
1.6112630062427524
1.6112630062427524
1.6112630062427524
1.6112630062427524
1.6112630062427524
1.6112630062427524
1.6112630062427524
1.6112630062427524
1.6112630062427524
1.6112630062427524
1.6112630062427524
1.6112656620656687
1.6112656620656687
1.6112656620656687
1.6112656620656687
1.6112666712039374
1.6112666712039374
1.6112666712039374
1.6112666712039374
1.6112666712039374
1.61126702621
1.6112680356021836
1.611268369517482
1.6112689330772816
1.6112690781925303
1.6112694722755871
1.6112694722755871
1.6112694735197217
1.6112696338319945
1.6112698023068244
1.6112698810369885
1.6112700185859359
1.6112701260039337
1.6112705970166747
1.611270616278427
1.611270855005981
1.6112708789802455
1.61127094446514
1.611270996063192
1.6112710546339608
1.6112710546339608
1.6112710717048715
1.6112711008147023
1.6112711336565009
1.611271156927997
1.6112711756816156
1.6112711847535734
1.61127119505681
1.6112712005019212
1.611271211511472
1.6112712182686837
1.6112712228349135
1.6112712246118643
1.6112712267449902
1.611271227447194
1.611271227868516
1.6112712294572469
1.6112712314577342
1.6112712327020442
1.6112712327020442
1.6112712327020442
1.6112712327020442
1.611271233251621
1.6112712333631931
1.6112712334301367
1.6112712334703025
1.611271233643654
1.611271233848257
1.6112712339710182
1.6112712340631419
1.6112712341358433
1.611271234194573
1.611271234269579
1.611271234317677
1.6112712343465623
1.611271234382033
1.6112712344055335
1.611271234421604
1.6112712344355837
1.6112712344439715
1.61127123445236
1.6112712344616729
1.6112712344673443
1.6112712344707474
1.6112712344735267
1.6112712344769837
1.6112712344792746
1.6112712344808326
1.6112712344817672
1.6112712344837776
1.6112712344852895
1.6112712344861968
1.611271234486741
1.6112712344870677
1.6112712344872637
1.6112712344878248
1.6112712344885942
1.6112712344890552
1.611271234489332
1.611271234489807
1.6112712344902786
1.6112712344905613
1.611271234490731
1.6112712344908484
1.6112712344910658
1.6112712344911964
1.6112712344912745
1.6112712344913516
1.6112712344914293
1.6112712344914761
1.6112712344915041
1.611271234491521
1.6112712344915447
1.6112712344915738
1.6112712344915912
1.6112712344916018
1.6112712344916096
1.6112712344916187
1.6112712344916236
1.611271234491627
1.6112712344916316
1.6112712344916356
1.6112712344916382
1.6112712344916398
1.6112712344916413
1.6112712344916436
1.6112712344916447
1.6112712344916453
1.6112712344916458
1.611271234491646
1.6112712344916462
1.6112712344916464
1.6112712344916469
1.6112712344916469
1.611271234491647
1.6112712344916473
1.6112712344916476
1.611271234491648
1.611271234491648
1.611271234491648
1.611271234491648
1.611271234491648
1.611271234491648
1.611271234491648
1.611271234491648
1.611271234491648
1.611271234491648
1.611271234491648
1.611271234491648
