1.9638394960653696
1.9638394960653696
1.9638394960653696
1.9638394960653696
1.9638394960653696
1.9638394960653696
1.9638394960653696
1.9638394960653696
1.9638394960653696
1.9638394960653696
1.9638394960653696
1.9638394960653696
1.9638394960653696
1.9638394960653696
1.9638394960653696
1.9638394960653696
1.9638394960653696
1.9638394960653696
1.9638394960653696
1.9638394960653696
1.9638394960653696
1.9638394960653696
1.9638394960653696
1.9638394960653696
1.9638394960653696
1.9638394960653696
1.9638394960653696
1.9638394960653696
1.9638394960653696
1.9638394960653696
1.9638394960653696
1.9638394960653696
1.9638394960653696
1.9638394960653696
1.9638394960653696
1.9638394960653696
1.9638394960653696
1.9638394960653696
1.9638394960653696
1.9638394960653696
1.9638394960653696
1.9638394960653696
1.9638394960653696
1.9638492717309335
1.9638492717309335
1.9638492717309335
1.9638492717309335
1.9638492717309335
1.9638492717309335
1.9638492717309335
1.9638492717309335
1.9638492717309335
1.9638492717309335
1.9638492717309335
1.9638492717309335
1.9638498504303936
1.9638498504303936
1.9638498504303936
1.9638498504303936
1.963849997460326
1.9638511371791578
1.9638520432447606
1.9638525868846792
1.9638529130688311
1.9638531087793936
1.9638532262057582
1.9638536316739539
1.9638539794700258
1.963854188147748
1.9638547096006678
1.9638547096006678
1.9638547096006678
1.963854954029592
1.9638550741585918
1.963855260667687
1.9638553791469158
1.9638555427496394
1.963855648318496
1.9638556677312053
1.9638557217760566
1.9638557599119106
1.9638558142327067
1.9638558489230304
1.963855869737225
1.9638558822257415
1.9638558904633283
1.9638558942373172
1.9638558972857487
1.9638559120277153
1.9638559243099956
1.9638559316793633
1.963855937335789
1.9638559459289453
1.9638559552157602
1.9638559607878494
1.9638559642400322
1.9638559680837535
1.963855973361447
1.9638559765280628
1.963855978428032
1.9638559808377094
1.9638559841648227
1.9638559861610905
1.9638559873588513
1.9638559887906561
1.9638559901004282
1.9638559908862914
1.9638559913578095
1.9638559916407203
1.9638559921622778
1.96385599283763
1.9638559932428423
1.9638559934859692
1.963855993631845
1.963855994004108
1.9638559942816887
1.963855994448236
1.963855994559566
1.9638559947274263
1.9638559948281422
1.9638559948885719
1.9638559949248295
1.9638559949465844
1.9638559949798815
1.9638559950162113
1.96385599503801
1.9638559950510888
1.9638559950708336
1.963855995095394
1.9638559951101302
1.9638559951189727
1.9638559951242776
1.9638559951321997
1.9638559951439167
1.9638559951509476
1.9638559951551657
1.9638559951576968
1.9638559951611811
1.9638559951651935
1.9638559951676013
1.9638559951690455
1.9638559951703765
1.9638559951724246
1.9638559951736534
1.9638559951743906
1.963855995174833
1.963855995175652
1.9638559951762276
1.963855995176573
1.9638559951768215
1.9638559951771726
1.9638559951773829
1.963855995177509
1.963855995177585
1.9638559951776877
1.9638559951777834
1.9638559951778412
1.9638559951778816
1.9638559951779462
1.9638559951779846
1.9638559951780081
1.9638559951780217
1.9638559951780477
1.9638559951780632
1.9638559951780734
1.9638559951780794
1.9638559951780912
1.9638559951780983
1.9638559951781025
1.963855995178108
1.9638559951781112
1.9638559951781138
1.963855995178115
1.9638559951781156
1.9638559951781167
1.9638559951781174
1.9638559951781183
1.9638559951781185
1.9638559951781187
1.9638559951781194
1.9638559951781194
1.9638559951781198
1.96385599517812
1.96385599517812
1.9638559951781203
1.9638559951781203
1.9638559951781203
1.9638559951781203
1.9638559951781203
