2.549380559205723
2.549380559205723
2.549380559205723
2.549380559205723
2.549380559205723
2.549380559205723
2.549380559205723
2.549380559205723
2.549380559205723
2.549380559205723
2.549380559205723
2.549380559205723
2.549380559205723
2.549380559205723
2.549380559205723
2.549380559205723
2.549380559205723
2.549380559205723
2.549380559205723
2.549380559205723
2.549380559205723
2.549380559205723
2.549380559205723
2.549380559205723
2.549380559205723
2.549380559205723
2.549380559205723
2.549380559205723
2.549380559205723
2.549380559205723
2.549380559205723
2.549380559205723
2.549380559205723
2.549380559205723
2.549380559205723
2.549380559205723
2.549380559205723
2.549380559205723
2.549380559205723
2.549380559205723
2.549380559205723
2.549380559205723
2.549380559205723
2.549380559205723
2.549380559205723
2.549380559205723
2.549380559205723
2.549380559205723
2.5495202085971824
2.5495202085971824
2.5496565765553623
2.5496565765553623
2.54967801042276
2.54967801042276
2.5497054753661326
2.549738776582765
2.5497585262300726
2.5497703761207826
2.549777486092045
2.549781752088065
2.5497881184990097
2.5497984533823317
2.549804865762742
2.5498133299513093
2.549820660551177
2.5498244335165334
2.549828355159956
2.549829524491264
2.5498321031381916
2.549834609383423
2.5498353419788633
2.5498372798277216
2.5498389552371137
2.54983996048349
2.549840563631582
2.5498409255205323
2.5498415440381126
2.5498421317417743
2.5498424973222567
2.5498427518425086
2.549843042228331
2.5498434007998916
2.549843615942871
2.5498437450286753
2.5498437450286753
2.5498437450286753
2.5498437674721433
2.5498437674721433
2.5498437674721433
2.5498437674721433
2.549843770777194
2.549843770777194
2.549843770777194
2.54984377877222
2.54984377877222
2.5498437800355007
2.5498437800355007
2.5498437800355007
2.5498437800355007
2.5498437800355007
2.5498437800355007
2.5498437800355007
2.5498437800355007
2.5498437800355007
2.5498437800355007
2.5498437800355007
2.5498437800355007
2.5498437800355007
2.5498437800632954
2.5498437800632954
2.5498437800632954
2.5498437800632954
2.549843780072761
2.549843780072761
2.549843780072761
2.549843780072761
2.549843780072761
2.549843780085174
2.549843780085174
2.549843780098277
2.5498437801009617
2.549843780109386
2.549843780116324
2.549843780120486
2.54984378012452
2.54984378012495
2.5498437801289455
2.549843780129025
2.549843780130763
2.549843780131805
2.549843780132432
2.549843780132432
2.549843780132432
2.549843780132444
2.549843780132444
2.549843780132444
2.549843780132444
2.549843780132444
2.549843780132444
2.549843780132444
2.5498437801325617
2.5498437801325617
2.5498437801325617
2.5498437801325617
2.549843780132584
2.549843780132584
2.549843780132584
2.549843780132584
2.549843780132584
2.549843780132584
2.549843780132584
2.549843780132584
2.5498437801325857
2.5498437801325866
2.5498437801325866
2.5498437801325866
2.5498437801325866
2.5498437801325866
2.5498437801325866
2.549843780132587
2.549843780132587
2.5498437801325875
2.5498437801325875
2.5498437801325875
2.5498437801325875
2.5498437801325875
2.5498437801325875
2.5498437801325875
2.5498437801325875
2.5498437801325875
2.5498437801325875
2.5498437801325875
2.5498437801325875
2.5498437801325875
2.5498437801325875
2.5498437801325875
2.5498437801325875
2.5498437801325875
2.5498437801325875
2.5498437801325875
2.5498437801325875
2.5498437801325875
2.5498437801325875
2.5498437801325875
2.5498437801325875
2.5498437801325875
