2.9840467453798984
2.9840467453798984
2.9840467453798984
2.9840467453798984
2.9840467453798984
2.9840467453798984
2.9840467453798984
2.9840467453798984
2.9840467453798984
2.9840467453798984
2.9840467453798984
2.9840467453798984
2.9840467453798984
2.9840467453798984
2.9840467453798984
2.9840467453798984
2.9840467453798984
2.9840467453798984
2.9840467453798984
2.9840467453798984
2.9840467453798984
2.9840467453798984
2.9840467453798984
2.9840467453798984
2.9840467453798984
2.9840467453798984
2.9840467453798984
2.9840467453798984
2.9840467453798984
2.9840467453798984
2.9840467453798984
2.9840467453798984
2.9840467453798984
2.9840467453798984
2.9840467453798984
2.9840467453798984
2.9840467453798984
2.9840467453798984
2.9840467453798984
2.9840467453798984
2.9840467453798984
2.9840467453798984
2.9840467453798984
2.9840467453798984
2.9840467453798984
2.9840467453798984
2.9840467453798984
2.9840467453798984
2.9840467453798984
2.9840467453798984
2.9840467453798984
2.9840467453798984
2.9840467453798984
2.9840467453798984
2.9840467453798984
2.9840467453798984
2.9840473883565446
2.9840473883565446
2.9840473883565446
2.9840473883565446
2.9840473883565446
2.9840473883565446
2.9840473883565446
2.9840473883565446
2.9840473883565446
2.9840475371746726
2.9840505279933662
2.9840534343036094
2.9840551780898648
2.9840562243616566
2.9840577809038433
2.9840587745902805
2.984059410369943
2.984059758520244
2.984059991151134
2.98406016683049
2.984060341558392
2.984060400322375
2.984060513680528
2.984060513680528
2.9840605745808197
2.9840605745808197
2.9840605745808197
2.984060590076858
2.98406059226786
2.984060621268305
2.984060621268305
2.9840606354717627
2.9840606354717627
2.9840606479266314
2.984060658349624
2.984060663906745
2.9840606674418595
2.984060675676427
2.9840606783612484
2.9840606824088622
2.9840606870238378
2.9840606899638473
2.984060692066122
2.9840606936500795
2.9840606947420274
2.984060696425739
2.984060696425739
2.984060696483889
2.98406069678016
2.984060697330267
2.984060697330267
2.9840606974714126
2.9840606975927257
2.9840606976880637
2.984060697734169
2.9840606978104898
2.984060697854585
2.984060697881042
2.9840606979310116
2.984060697968399
2.9840606979744306
2.984060698000295
2.98406069801942
2.98406069801942
2.984060698027251
2.984060698055841
2.984060698062939
2.984060698078688
2.9840606980860445
2.9840606980860445
2.9840606980860445
2.9840606980860445
2.9840606980863584
2.9840606980863584
2.9840606980863584
2.9840606980863584
2.9840606980866746
2.9840606980878226
2.9840606980878226
2.9840606980878226
2.9840606980878226
2.984060698088031
2.984060698088031
2.984060698088031
2.9840606980881224
2.9840606980881224
2.9840606980882303
2.9840606980882303
2.9840606980882303
2.9840606980882303
2.9840606980882396
2.9840606980882396
2.9840606980882396
2.9840606980882396
2.9840606980882396
2.9840606980882427
2.9840606980882427
2.9840606980882427
2.9840606980882427
2.9840606980882427
2.9840606980882427
2.9840606980882427
2.9840606980882427
2.984060698088243
2.984060698088243
2.984060698088243
2.9840606980882436
2.9840606980882436
2.9840606980882436
2.9840606980882445
2.9840606980882445
2.9840606980882445
2.9840606980882445
2.9840606980882445
2.9840606980882445
2.9840606980882445
2.9840606980882445
2.9840606980882445
2.9840606980882445
2.9840606980882445
2.9840606980882445
2.9840606980882445
2.9840606980882445
2.9840606980882445
2.9840606980882445
2.9840606980882445
2.9840606980882445
2.9840606980882445
2.9840606980882445
2.9840606980882445
2.9840606980882445
2.9840606980882445
2.9840606980882445
2.9840606980882445
