1.9300533983023107
1.9300533983023107
1.9300533983023107
1.9300533983023107
1.9300533983023107
1.9300533983023107
1.9300533983023107
1.9300533983023107
1.9300533983023107
1.9300533983023107
1.9300533983023107
1.9300533983023107
1.9300533983023107
1.9300533983023107
1.9300533983023107
1.9300533983023107
1.9300533983023107
1.9300533983023107
1.9300533983023107
1.9300533983023107
1.9300533983023107
1.9300533983023107
1.9300533983023107
1.9300533983023107
1.9300533983023107
1.9300533983023107
1.9300533983023107
1.9300533983023107
1.9300533983023107
1.9300533983023107
1.9300533983023107
1.9300533983023107
1.9300533983023107
1.9300533983023107
1.9300533983023107
1.9300533983023107
1.9300533983023107
1.9300533983023107
1.9300533983023107
1.9300533983023107
1.9300533983023107
1.9300533983023107
1.9300533983023107
1.9300533983023107
1.9300533983023107
1.9300533983023107
1.9300533983023107
1.9300533983023107
1.9300533983023107
1.9300533983023107
1.9300533983023107
1.9300533983023107
1.9300533983023107
1.9300533983023107
1.9300533983023107
1.9300533983023107
1.9300533983023107
1.9300533983023107
1.9300533983023107
1.9300533983023107
1.9300533983023107
1.9300552132756732
1.9300552132756732
1.9300552132756732
1.9300556348807845
1.9300556348807845
1.9300556348807845
1.930055840370593
1.9300565894111892
1.930057371318109
1.9300578404623974
1.9300583806128817
1.9300590070657007
1.930059382937446
1.9300596084605122
1.9300597638273262
1.93006003836455
1.9300602674391767
1.9300605013192296
1.9300606679442982
1.9300607259339804
1.9300609364239096
1.9300609918479945
1.9300611328645325
1.9300612221378115
1.9300612757017772
1.9300613078401558
1.9300613478001192
1.9300613855808386
1.9300614283728206
1.9300614469420805
1.9300614734140802
1.9300614992417047
1.9300615147382791
1.930061524395307
1.9300615320411922
1.9300615414485862
1.9300615470930222
1.930061550479684
1.930061555800497
1.9300615579740814
1.930061561909583
1.9300615629888582
1.9300615643981818
1.9300615652236401
1.9300615666040584
1.9300615670930692
1.9300615677613233
1.9300615680612765
1.9300615686206575
1.9300615687948457
1.9300615690896095
1.9300615693449967
1.930061569570346
1.9300615697055559
1.9300615697866816
1.9300615698005932
1.9300615698140131
1.9300615698942367
1.9300615699305825
1.9300615699832546
1.9300615699832546
1.9300615700045167
1.9300615700375001
1.9300615700572898
1.9300615700691635
1.930061570076288
1.930061570076288
1.930061570076288
1.9300615700772241
1.9300615700772241
1.9300615700772241
1.9300615700772241
1.9300615700772241
1.930061570077534
1.9300615700776318
1.9300615700776318
1.9300615700776318
1.9300615700777448
1.9300615700777448
1.9300615700777448
1.9300615700777448
1.9300615700777632
1.930061570077787
1.9300615700778003
1.9300615700778085
1.9300615700778134
1.9300615700778168
1.930061570077818
1.930061570077819
1.9300615700778199
1.9300615700778474
1.9300615700778474
1.9300615700778525
1.9300615700778614
1.9300615700778665
1.9300615700778696
1.9300615700778714
1.9300615700778732
1.9300615700778738
1.9300615700778743
1.9300615700778745
1.9300615700778747
1.9300615700778747
1.9300615700778747
1.9300615700778778
1.9300615700778778
1.9300615700778778
1.9300615700778778
1.9300615700778778
1.9300615700778783
1.9300615700778783
1.9300615700778783
1.9300615700778783
1.9300615700778783
1.9300615700778783
1.9300615700778783
1.9300615700778783
1.9300615700778783
1.9300615700778783
1.9300615700778783
1.9300615700778783
1.9300615700778783
1.9300615700778783
1.9300615700778783
1.9300615700778783
1.9300615700778783
1.9300615700778783
1.9300615700778783
1.9300615700778783
1.9300615700778783
1.9300615700778783
1.9300615700778783
