2.375078865024913
2.375078865024913
2.375078865024913
2.375078865024913
2.375078865024913
2.375078865024913
2.375078865024913
2.375078865024913
2.375078865024913
2.375078865024913
2.375078865024913
2.375078865024913
2.375078865024913
2.375078865024913
2.375078865024913
2.375078865024913
2.375078865024913
2.375078865024913
2.375078865024913
2.375078865024913
2.375078865024913
2.375078865024913
2.375078865024913
2.375078865024913
2.375078865024913
2.375078865024913
2.375078865024913
2.375078865024913
2.375078865024913
2.375078865024913
2.375078865024913
2.375078865024913
2.375078865024913
2.375078865024913
2.375078865024913
2.375078865024913
2.375078865024913
2.375078865024913
2.375078865024913
2.375078865024913
2.375078865024913
2.375078865024913
2.375078865024913
2.375078865024913
2.375078865024913
2.375078865024913
2.375078865024913
2.375078865024913
2.375078865024913
2.375078865024913
2.375078865024913
2.375078865024913
2.375078865024913
2.375078865024913
2.375078865024913
2.375078865024913
2.375078865024913
2.375078865024913
2.375078865024913
2.375078865024913
2.375078865024913
2.375078865024913
2.375078865024913
2.375078865024913
2.375078865024913
2.375078865024913
2.375078865024913
2.3750790281519545
2.3750796247766592
2.375080296089935
2.375081187470561
2.375081187470561
2.375081187470561
2.375081530946263
2.3750820366506566
2.375082114646386
2.375082488566854
2.3750825836130653
2.375082673436255
2.375082784767065
2.3750830757351036
2.375083089381928
2.3750832069441015
2.3750833150857114
2.375083379970678
2.3750834453470806
2.37508345689541
2.3750834838090635
2.3750835118348803
2.375083583961647
2.375083583961647
2.3750836135486786
2.375083632780296
2.3750836524183154
2.3750836622699043
2.3750836650980185
2.375083669620095
2.3750836726381555
2.375083677768125
2.375083680869393
2.375083682730153
2.375083682730153
2.375083682730153
2.375083682730153
2.375083683509221
2.375083683509221
2.375083683509221
2.375083683509221
2.375083683509221
2.375083683509221
2.375083683509221
2.3750836836018525
2.3750836836548364
2.3750836836548364
2.3750836836548364
2.3750836836548364
2.3750836836732296
2.3750836836732296
2.3750836836732296
2.3750836836732296
2.3750836836808924
2.3750836836808924
2.375083683680939
2.37508368369066
2.37508368369066
2.375083683693995
2.375083683693995
2.3750836836954443
2.3750836836963645
2.375083683696916
2.3750836836980214
2.375083683700349
2.375083683701745
2.375083683702972
2.3750836837039326
2.37508368370531
2.3750836837061353
2.375083683706632
2.375083683707523
2.375083683707687
2.3750836837084153
2.3750836837087665
2.3750836837090348
2.3750836837093794
2.375083683709575
2.375083683709677
2.3750836837098364
2.375083683709886
2.37508368370997
2.3750836837100207
2.375083683710051
2.3750836837100713
2.3750836837101135
2.3750836837101175
2.3750836837101423
2.3750836837101703
2.3750836837101703
2.3750836837101796
2.375083683710188
2.3750836837101907
2.3750836837101943
2.3750836837102005
2.375083683710201
2.3750836837102036
2.3750836837102054
2.3750836837102076
2.3750836837102085
2.3750836837102094
2.37508368371021
2.37508368371021
2.37508368371021
2.3750836837102107
2.375083683710211
2.375083683710211
2.375083683710211
2.375083683710211
2.375083683710211
2.375083683710211
2.375083683710211
2.375083683710211
2.375083683710211
2.375083683710211
2.375083683710211
2.375083683710211
2.375083683710211
2.375083683710211
2.375083683710211
2.375083683710211
2.375083683710211
2.375083683710211
2.375083683710211
2.375083683710211
2.375083683710211
