1.1526538537892717
1.1526538537892717
1.1526538537892717
1.1526538537892717
1.1526538537892717
1.1526538537892717
1.1526538537892717
1.1526538537892717
1.1526538537892717
1.1526538537892717
1.1526538537892717
1.1526538537892717
1.1526538537892717
1.1526538537892717
1.1526538537892717
1.1526538537892717
1.1526538537892717
1.1526538537892717
1.1526538537892717
1.1526538537892717
1.1526538537892717
1.1526538537892717
1.1526538537892717
1.1526538537892717
1.1526538537892717
1.1526538537892717
1.1526538537892717
1.1526538537892717
1.1526538537892717
1.1529421059223817
1.1529421059223817
1.1529421059223817
1.1529421059223817
1.1529421059223817
1.1529421059223817
1.1529421059223817
1.1529421059223817
1.1529421059223817
1.1529421059223817
1.1529421059223817
1.1529421059223817
1.1529421059223817
1.1529421059223817
1.1529421059223817
1.1529421059223817
1.1529421059223817
1.1529421059223817
1.1529421059223817
1.1529421059223817
1.1529421059223817
1.1529421059223817
1.1529421059223817
1.152942728103501
1.152942728103501
1.1529429203677117
1.1529438467982736
1.1529445533300415
1.1529446817168312
1.152944758748936
1.1529448658776944
1.1529455194122293
1.152945987702537
1.1529462955239431
1.152946480216878
1.1529468439411195
1.1529470603882788
1.152947218452076
1.152947313290379
1.1529474446742334
1.15294758424772
1.1529476791135422
1.152947700402752
1.1529477393521095
1.1529477663750063
1.1529477863825677
1.1529477981916436
1.152947802208346
1.1529478085087697
1.1529478151280552
1.1529478214008952
1.152947832594442
1.1529478351279883
1.1529478351279883
1.1529478351279883
1.1529478369164943
1.1529478369164943
1.1529478369164943
1.1529478369164943
1.1529478369164943
1.152947837128315
1.1529478373076052
1.1529478376685327
1.1529478377478548
1.152947837795448
1.1529478378240041
1.1529478378411377
1.152947837851418
1.152947837857586
1.1529478378612867
1.1529478378644622
1.152947837865326
1.1529478378664173
1.1529478378904128
1.1529478378914795
1.1529478378914795
1.1529478378984672
1.1529478378985816
1.1529478379018847
1.1529478379038665
1.1529478379109268
1.1529478379110782
1.1529478379138876
1.152947837915573
1.152947837915573
1.1529478379167895
1.1529478379167895
1.1529478379170273
1.1529478379173992
1.1529478379176223
1.1529478379179388
1.1529478379181597
1.1529478379183227
1.1529478379184774
1.15294783791857
1.152947837918659
1.1529478379186953
1.1529478379187408
1.1529478379188103
1.1529478379188582
1.1529478379188869
1.1529478379189122
1.152947837918952
1.1529478379189813
1.1529478379189995
1.152947837919014
1.15294783791902
1.1529478379190294
1.152947837919033
1.1529478379190359
1.1529478379190377
1.1529478379190394
1.1529478379190414
1.1529478379190432
1.1529478379190439
1.1529478379190443
1.1529478379190443
1.1529478379190448
1.1529478379190448
1.152947837919045
1.152947837919045
1.152947837919045
1.1529478379190452
1.1529478379190452
1.1529478379190452
1.1529478379190452
1.1529478379190452
1.1529478379190452
1.1529478379190452
1.1529478379190452
1.1529478379190452
1.1529478379190452
1.1529478379190452
1.1529478379190452
1.1529478379190452
1.1529478379190452
1.1529478379190452
1.1529478379190452
1.1529478379190452
1.1529478379190452
1.1529478379190452
1.1529478379190452
1.1529478379190452
1.1529478379190452
1.1529478379190452
1.1529478379190452
1.1529478379190452
1.1529478379190452
1.1529478379190452
1.1529478379190452
1.1529478379190452
