1.748391628687351
1.748391628687351
1.748391628687351
1.748391628687351
1.748391628687351
1.748391628687351
1.748391628687351
1.748391628687351
1.748391628687351
1.748391628687351
1.748391628687351
1.748391628687351
1.748391628687351
1.748391628687351
1.748391628687351
1.748391628687351
1.748391628687351
1.748391628687351
1.748391628687351
1.748391628687351
1.748391628687351
1.748391628687351
1.748391628687351
1.748391628687351
1.748391628687351
1.748391628687351
1.748391628687351
1.748391628687351
1.748391628687351
1.748391628687351
1.748391628687351
1.748391628687351
1.748391628687351
1.748391628687351
1.748391628687351
1.748391628687351
1.748391628687351
1.748391628687351
1.748391628687351
1.748391628687351
1.748391628687351
1.748391628687351
1.748391628687351
1.748391628687351
1.748391628687351
1.748391628687351
1.7484050226905807
1.7484050226905807
1.7484050226905807
1.7484050226905807
1.7484163947925693
1.7484163947925693
1.7484163947925693
1.7484163947925693
1.7484238192043962
1.7484239286483219
1.7484239943147655
1.748424033714664
1.748425473962668
1.7484264230314948
1.74842709481787
1.748428254023437
1.748428254023437
1.7484290250349703
1.748429631313868
1.7484301274641347
1.7484304830542898
1.7484307487883677
1.7484309400767986
1.7484310571925155
1.748431205338276
1.7484312955888834
1.748431349739249
1.7484313924413128
1.7484314877436238
1.7484315529402283
1.7484316023181672
1.7484316661453971
1.7484317073803368
1.7484317394734863
1.748431758729376
1.7484317834628924
1.7484318008390178
1.7484318112646928
1.7484318175200981
1.7484318212733414
1.7484318321045302
1.7484318412658524
1.7484318467626456
1.748431852913973
1.7484318605618014
1.7484318651504984
1.7484318679037167
1.7484318695556476
1.748431873475767
1.7484318778565042
1.7484318804849468
1.7484318820620117
1.7484318853938876
1.7484318878346339
1.748431889299082
1.7484318906521488
1.7484318918353798
1.748431892545318
1.748431892971281
1.7484318932268585
1.748431893741454
1.7484318942282682
1.748431894520357
1.7484318946956101
1.748431894800762
1.748431895016071
1.7484318951684679
1.7484318952599058
1.7484318953147684
1.748431895371373
1.7484318954481952
1.7484318954942888
1.7484318955219447
1.7484318955533205
1.748431895585766
1.7484318956052336
1.7484318956169138
1.7484318956326041
1.7484318956451275
1.748431895652642
1.7484318956571503
1.7484318956598552
1.7484318956666012
1.7484318956709954
1.748431895673632
1.7484318956752145
1.7484318956761635
1.748431895677765
1.7484318956801104
1.7484318956815177
1.7484318956823621
1.7484318956828686
1.7484318956839207
1.748431895684647
1.7484318956850826
1.7484318956853444
1.7484318956855012
1.7484318956859088
1.748431895686217
1.7484318956864022
1.748431895686513
1.7484318956867504
1.7484318956869405
1.7484318956870544
1.7484318956871225
1.7484318956871638
1.748431895687279
1.7484318956873792
1.7484318956874394
1.7484318956874758
1.7484318956875244
1.7484318956875744
1.7484318956876046
1.7484318956876228
1.7484318956876337
1.7484318956876435
1.7484318956876657
1.7484318956876788
1.7484318956876872
1.748431895687697
1.7484318956877059
1.7484318956877116
1.7484318956877145
1.7484318956877165
1.7484318956877176
1.7484318956877192
1.7484318956877203
1.748431895687721
1.7484318956877214
1.7484318956877216
1.7484318956877223
1.7484318956877232
1.7484318956877232
1.7484318956877236
1.7484318956877236
1.7484318956877236
1.7484318956877236
1.7484318956877236
1.7484318956877236
1.7484318956877236
