1.7191602870739382
1.7191602870739382
1.7191602870739382
1.7191602870739382
1.7191602870739382
1.7191602870739382
1.7191602870739382
1.7191602870739382
1.7191602870739382
1.7191602870739382
1.7191602870739382
1.7191602870739382
1.7191602870739382
1.7191602870739382
1.7191602870739382
1.7191602870739382
1.7191602870739382
1.7191602870739382
1.7191602870739382
1.7191602870739382
1.7191602870739382
1.7191602870739382
1.7191602870739382
1.7191602870739382
1.7191602870739382
1.7191602870739382
1.7191602870739382
1.7191602870739382
1.7191602870739382
1.7191602870739382
1.7191602870739382
1.7191602870739382
1.7191602870739382
1.7191602870739382
1.7191602870739382
1.7191602870739382
1.7191602870739382
1.7191602870739382
1.7191602870739382
1.7191602870739382
1.7191602870739382
1.7191602870739382
1.7191602870739382
1.7191602870739382
1.7191602870739382
1.7191602870739382
1.7191602870739382
1.7191602870739382
1.7191602870739382
1.7191602870739382
1.7191602870739382
1.7191602870739382
1.7191602870739382
1.7191602870739382
1.7191602870739382
1.7191602870739382
1.7191602870739382
1.7191602870739382
1.7191602870739382
1.7191602870739382
1.7191602870739382
1.7191602870739382
1.7191602870739382
1.7191602870739382
1.7191602870739382
1.7191602870739382
1.719161470382058
1.719161470382058
1.7191630720627402
1.7191631055817616
1.7191640417493816
1.7191651190334702
1.7191657623075958
1.7191664053273852
1.719167074725443
1.7191674188949566
1.7191679128591995
1.7191682498910976
1.7191685699658592
1.7191686954853052
1.7191687875171395
1.7191688564041714
1.7191690209195258
1.7191690620580187
1.7191691044665722
1.719169138810135
1.719169138810135
1.719169162522235
1.7191691819366328
1.7191692057570522
1.7191692121614888
1.7191692217314516
1.7191692417038162
1.7191692552641624
1.7191692606881628
1.719169266033191
1.7191692706442223
1.719169273633931
1.7191692743549054
1.7191692754661336
1.7191692766403002
1.7191692772401268
1.7191692778646879
1.7191692792028652
1.7191692799886498
1.7191692806617092
1.7191692811117947
1.719169281553489
1.7191692817593127
1.719169281982457
1.719169282062945
1.7191692821604936
1.7191692822646631
1.7191692822990703
1.7191692823316604
1.7191692823694391
1.7191692824001448
1.7191692824135931
1.7191692824286313
1.719169282437512
1.719169282448358
1.7191692824518587
1.7191692824548308
1.7191692824580975
1.7191692824604874
1.719169282462548
1.7191692824647076
1.7191692824652671
1.719169282466165
1.7191692824668836
1.7191692824673328
1.7191692824676044
1.719169282467856
1.719169282468297
1.7191692824683578
1.7191692824687557
1.7191692824690452
1.7191692824691063
1.7191692824692346
1.7191692824693439
1.7191692824695035
1.7191692824695437
1.7191692824695781
1.7191692824696427
1.7191692824696851
1.7191692824697107
1.7191692824697296
1.7191692824697442
1.7191692824697664
1.7191692824697808
1.7191692824697937
1.7191692824698102
1.7191692824698201
1.7191692824698281
1.7191692824698355
1.7191692824698424
1.7191692824698463
1.7191692824698488
1.7191692824698523
1.7191692824698557
1.7191692824698575
1.7191692824698586
1.71916928246986
1.719169282469861
1.7191692824698621
1.7191692824698628
1.7191692824698637
1.7191692824698637
1.719169282469864
1.7191692824698641
1.7191692824698643
1.7191692824698643
1.7191692824698643
1.7191692824698643
1.7191692824698643
1.7191692824698643
1.7191692824698643
1.7191692824698643
1.7191692824698643
1.7191692824698643
1.7191692824698643
1.7191692824698643
1.7191692824698643
1.7191692824698643
1.7191692824698643
1.7191692824698643
1.7191692824698643
1.7191692824698643
1.7191692824698643
1.7191692824698643
1.7191692824698643
1.7191692824698643
1.7191692824698643
