1.647880299477806
1.647880299477806
1.647880299477806
1.647880299477806
1.647880299477806
1.647880299477806
1.647880299477806
1.647880299477806
1.647880299477806
1.647880299477806
1.647880299477806
1.647880299477806
1.647880299477806
1.647880299477806
1.647880299477806
1.647880299477806
1.647880299477806
1.647880299477806
1.647880299477806
1.647880299477806
1.647880299477806
1.647880299477806
1.647880299477806
1.647880299477806
1.647880299477806
1.647880299477806
1.647880299477806
1.647880299477806
1.647880299477806
1.647880299477806
1.647880299477806
1.647880299477806
1.647880299477806
1.647880299477806
1.647880299477806
1.647880299477806
1.647880299477806
1.647880299477806
1.647880299477806
1.647880299477806
1.647880299477806
1.647880299477806
1.647880299477806
1.647880299477806
1.647880299477806
1.647880299477806
1.647880299477806
1.647880299477806
1.647880299477806
1.647880299477806
1.647880299477806
1.647880299477806
1.647880299477806
1.647880299477806
1.6478812710772734
1.6478812710772734
1.6478812710772734
1.6478812710772734
1.6478812710772734
1.6478812710772734
1.6478812710772734
1.6478814596933054
1.6478822495661467
1.6478822495661467
1.647883272660428
1.6478833518769247
1.647883810773101
1.6478843894247517
1.647884539571117
1.6478848101272823
1.6478851302201694
1.6478854487920407
1.6478856976602174
1.647885904105708
1.647886107628817
1.6478862452452494
1.6478863596650104
1.6478864399672246
1.647886460485471
1.6478865126333624
1.647886533010615
1.6478865640290432
1.6478865867983659
1.6478866004599593
1.6478866086569162
1.6478866164390302
1.64788662256581
1.647886628922569
1.6478866330614315
1.6478866350775536
1.6478866383719653
1.6478866410035748
1.6478866425182503
1.647886644054426
1.6478866444269438
1.6478866460611625
1.647886647271556
1.6478866481891612
1.647886648825462
1.6478866499881897
1.6478866501739564
1.647886651037861
1.6478866513517763
1.6478866514604984
1.6478866516664328
1.647886651846223
1.647886651887821
1.6478866519730788
1.6478866519730788
1.6478866520301236
1.6478866520561344
1.6478866520978828
1.647886652122932
1.647886652147515
1.6478866521598639
1.647886652187113
1.647886652187113
1.647886652195254
1.647886652198321
1.6478866522002278
1.6478866522096292
1.6478866522101248
1.6478866522138884
1.6478866522198279
1.6478866522233921
1.6478866522255646
1.6478866522287643
1.64788665223152
1.6478866522315903
1.6478866522332967
1.647886652234168
1.6478866522349633
1.64788665223544
1.6478866522357258
1.6478866522358975
1.6478866522360194
1.6478866522362166
1.6478866522363347
1.6478866522365214
1.6478866522366116
1.6478866522367275
1.6478866522368116
1.6478866522368791
1.6478866522368791
1.6478866522369118
1.6478866522369702
1.6478866522369886
1.6478866522370017
1.6478866522370237
1.6478866522370377
1.6478866522370519
1.6478866522370519
1.647886652237053
1.6478866522370588
1.6478866522370594
1.6478866522370617
1.647886652237063
1.647886652237064
1.647886652237064
1.6478866522370648
1.6478866522370648
1.6478866522370652
1.6478866522370652
1.6478866522370652
1.6478866522370654
1.6478866522370659
1.6478866522370659
1.6478866522370659
1.6478866522370659
1.6478866522370659
1.6478866522370659
1.6478866522370659
1.6478866522370659
1.6478866522370659
1.6478866522370659
1.6478866522370659
1.6478866522370659
1.6478866522370659
1.6478866522370659
1.6478866522370659
1.6478866522370659
1.6478866522370659
1.6478866522370659
