1.7043216313853646
1.7043216313853646
1.7043216313853646
1.7043216313853646
1.7043216313853646
1.7043216313853646
1.7043216313853646
1.7043216313853646
1.7043216313853646
1.7043216313853646
1.7043216313853646
1.7043216313853646
1.7043216313853646
1.7043216313853646
1.7043216313853646
1.7043216313853646
1.7043216313853646
1.7043216313853646
1.7043216313853646
1.7043216313853646
1.7043216313853646
1.7043216313853646
1.7043216313853646
1.7043216313853646
1.7043216313853646
1.7043216313853646
1.7043216313853646
1.7043216313853646
1.7043216313853646
1.7043216313853646
1.7043216313853646
1.7043216313853646
1.7043216313853646
1.7043216313853646
1.7043216313853646
1.7043216313853646
1.7043216313853646
1.7043216313853646
1.7043216313853646
1.7043216313853646
1.7043216313853646
1.7043216313853646
1.7043216313853646
1.7043216313853646
1.7043216313853646
1.7043216313853646
1.7043216313853646
1.7043216313853646
1.7043216313853646
1.7043216313853646
1.7043216313853646
1.7043216313853646
1.7043225616953244
1.7043225616953244
1.7043225616953244
1.7043225616953244
1.7043225616953244
1.7043225616953244
1.7043225616953244
1.70432273180287
1.7043228988059493
1.704322999007804
1.704322999007804
1.704322999007804
1.7043231024176093
1.704323496059608
1.7043238103176908
1.7043238805952665
1.7043240697345698
1.7043241493254309
1.7043242191721015
1.7043243720106727
1.7043244447826225
1.7043244614347992
1.7043245461726864
1.70432456304391
1.7043246024747443
1.7043246024747443
1.7043246061931363
1.7043246278528947
1.704324627874433
1.7043246362964246
1.7043246439112945
1.7043246475258242
1.7043246523864752
1.7043246523864752
1.7043246548219513
1.70432465568529
1.704324657041979
1.7043246575422808
1.7043246575422808
1.7043246581058027
1.7043246586800018
1.7043246586800018
1.7043246587384957
1.7043246588521475
1.7043246589203387
1.7043246589612533
1.704324658985802
1.7043246590005312
1.7043246591193437
1.7043246591577355
1.7043246591686574
1.7043246591695524
1.7043246593761954
1.7043246593761954
1.7043246593761954
1.704324659469036
1.7043246595258648
1.7043246595748673
1.7043246595748673
1.7043246595748673
1.7043246595929307
1.7043246595929307
1.7043246595929307
1.7043246595929307
1.704324659594109
1.7043246596032542
1.7043246596073671
1.7043246596121913
1.7043246596154966
1.70432465961748
1.7043246596186699
1.704324659619828
1.7043246596204669
1.704324659620692
1.7043246596221902
1.7043246596222
1.7043246596228059
1.7043246596229458
1.7043246596232433
1.7043246596233936
1.7043246596234076
1.7043246596234525
1.704324659623542
1.7043246596235953
1.7043246596236414
1.7043246596236754
1.7043246596236754
1.704324659623699
1.7043246596237187
1.7043246596237187
1.7043246596237223
1.70432465962373
1.7043246596237396
1.704324659623747
1.7043246596237556
1.7043246596237556
1.7043246596237556
1.7043246596237556
1.7043246596237596
1.7043246596237596
1.7043246596237596
1.7043246596237596
1.70432465962376
1.70432465962376
1.70432465962376
1.7043246596237605
1.7043246596237605
1.7043246596237605
1.7043246596237605
1.7043246596237605
1.7043246596237605
1.7043246596237605
1.7043246596237605
1.7043246596237605
1.7043246596237605
1.7043246596237605
1.7043246596237605
1.7043246596237605
1.7043246596237605
1.7043246596237605
1.7043246596237605
1.7043246596237605
1.7043246596237605
1.7043246596237605
1.7043246596237605
1.7043246596237605
1.7043246596237605
