1.7798788236666232
1.7798788236666232
1.7798788236666232
1.7798788236666232
1.7798788236666232
1.7798788236666232
1.7798788236666232
1.7798788236666232
1.7798788236666232
1.7798788236666232
1.7798788236666232
1.7798788236666232
1.7798788236666232
1.7798788236666232
1.7798788236666232
1.7798788236666232
1.7798788236666232
1.7798788236666232
1.7798788236666232
1.7798788236666232
1.7798788236666232
1.7798788236666232
1.7798788236666232
1.7798788236666232
1.7798788236666232
1.7798788236666232
1.7798788236666232
1.7798788236666232
1.7798788236666232
1.7798788236666232
1.7798788236666232
1.7798788236666232
1.7798788236666232
1.7798788236666232
1.7798788236666232
1.7798788236666232
1.7798788236666232
1.7798788236666232
1.7798788236666232
1.7798788236666232
1.7798788236666232
1.7798788236666232
1.7798788236666232
1.7798932687374285
1.779906151724399
1.779913881513182
1.7799185193852276
1.779921302108015
1.7799229717415284
1.779923973521579
1.7799302101329828
1.7799302101329828
1.7799302101329828
1.7799302101329828
1.779931118778006
1.7799318931852575
1.7799323578297643
1.7799355343908623
1.7799355343908623
1.779937222081506
1.7799390848493422
1.7799402025101303
1.7799408731066333
1.7799413142267806
1.7799422687600397
1.779942778338524
1.7799433109899925
1.7799437536882605
1.7799439923083655
1.7799443083808444
1.7799445103877485
1.7799446315918905
1.779944704314376
1.779944747947867
1.779944784596082
1.7799448342356892
1.7799448815115615
1.7799449005060866
1.7799449131354994
1.7799449226820685
1.7799449338764222
1.7799449530770437
1.7799449648228842
1.7799449718703888
1.7799449819486644
1.7799449920660577
1.7799450005833481
1.7799450038641031
1.779945008787894
1.7799450124866465
1.7799450148717608
1.7799450164506019
1.7799450196070725
1.7799450215320707
1.7799450226870692
1.7799450237123235
1.7799450247022746
1.7799450253648883
1.7799450257624563
1.7799450261786478
1.779945026667836
1.779945026961349
1.7799450271374568
1.7799450272431216
1.7799450273092516
1.7799450273685633
1.7799450273835549
1.7799450273835549
1.7799450273971034
1.7799450273971034
1.7799450273971034
1.7799450273971034
1.7799450273971034
1.7799450273971034
1.779945027401334
1.7799450274078337
1.7799450274078337
1.7799450274078337
1.779945027411578
1.7799450274117499
1.7799450274123771
1.7799450274130968
1.779945027414796
1.7799450274162982
1.7799450274171995
1.7799450274178021
1.7799450274187514
1.779945027419321
1.7799450274196682
1.7799450274201507
1.779945027420385
1.779945027420589
1.7799450274207602
1.7799450274209405
1.7799450274210749
1.7799450274210749
1.7799450274211042
1.7799450274211437
1.7799450274211728
1.7799450274212134
1.7799450274212434
1.7799450274212623
1.7799450274212736
1.7799450274213036
1.7799450274213313
1.7799450274213489
1.779945027421363
1.7799450274213837
1.7799450274213968
1.779945027421405
1.77994502742141
1.7799450274214172
1.779945027421424
1.7799450274214281
1.779945027421431
1.7799450274214352
1.7799450274214377
1.77994502742144
1.7799450274214412
1.7799450274214428
1.779945027421444
1.7799450274214446
1.7799450274214446
1.7799450274214448
1.7799450274214452
1.7799450274214452
1.7799450274214452
1.7799450274214452
1.7799450274214452
1.7799450274214452
1.7799450274214452
1.7799450274214452
1.7799450274214452
1.7799450274214452
1.7799450274214452
1.7799450274214452
1.7799450274214452
1.7799450274214452
1.7799450274214452
1.7799450274214452
1.7799450274214452
1.7799450274214452
1.7799450274214452
1.7799450274214452
1.7799450274214452
