1.8861459682293038
1.8861459682293038
1.8861459682293038
1.8861459682293038
1.8861459682293038
1.8861459682293038
1.8861459682293038
1.8861459682293038
1.8861459682293038
1.8861459682293038
1.8861459682293038
1.8861459682293038
1.8861459682293038
1.8861459682293038
1.8861459682293038
1.8861459682293038
1.8861459682293038
1.8861459682293038
1.8861459682293038
1.8861459682293038
1.8861459682293038
1.8861459682293038
1.8861459682293038
1.8861459682293038
1.8861459682293038
1.8861459682293038
1.8861459682293038
1.8861459682293038
1.8861459682293038
1.8861459682293038
1.8861459682293038
1.8861459682293038
1.8861459682293038
1.8861459682293038
1.8861459682293038
1.8861459682293038
1.8861459682293038
1.8861459682293038
1.8861459682293038
1.8861459682293038
1.8861459682293038
1.8861459682293038
1.8861459682293038
1.8861459682293038
1.8861459682293038
1.8861459682293038
1.8861459682293038
1.8861459682293038
1.8861459682293038
1.8861503686145753
1.8861503686145753
1.8861503686145753
1.8861503686145753
1.8861503686145753
1.8861503686145753
1.8861503686145753
1.8861545738162635
1.8861545738162635
1.8861545738162635
1.8861545738162635
1.886156884154564
1.8861573676269916
1.8861583428369773
1.8861589279634898
1.8861596043565043
1.8861596043565043
1.8861596468332258
1.886159731353134
1.8861601530824812
1.8861606762488787
1.8861609535638961
1.8861617316826649
1.8861619587625218
1.8861624845003215
1.8861625951029688
1.8861629635112673
1.886163032823858
1.8861632246217108
1.8861635357311877
1.8861637223969032
1.8861638343963434
1.8861639015960112
1.886163960833721
1.8861640919515608
1.886164172729983
1.8861642211970384
1.8861642502772717
1.8861642704860175
1.8861643106523422
1.8861643404306234
1.8861643601007123
1.8861643601007123
1.8861643683029954
1.8861643724586452
1.8861643763493654
1.8861643772727783
1.8861643793435532
1.8861643809164914
1.8861643822817888
1.886164383100967
1.8861643841109546
1.8861643850944245
1.8861643851229146
1.8861643854760468
1.8861643855615438
1.8861643857281114
1.8861643857281114
1.886164385820905
1.8861643858909618
1.8861643858909618
1.8861643858909618
1.8861643858909618
1.8861643859030082
1.8861643859083599
1.8861643859083599
1.88616438592699
1.8861643859282022
1.8861643859341208
1.8861643859414876
1.8861643859414876
1.8861643859448969
1.8861643859448969
1.8861643859476453
1.8861643859476453
1.8861643859480814
1.8861643859494697
1.8861643859503021
1.886164385951502
1.8861643859528945
1.8861643859529162
1.8861643859549087
1.8861643859556003
1.886164385955914
1.8861643859564525
1.8861643859567754
1.8861643859571309
1.8861643859571309
1.8861643859571753
1.8861643859572217
1.8861643859572497
1.8861643859575699
1.8861643859575699
1.886164385957591
1.8861643859577562
1.8861643859577915
1.8861643859578392
1.8861643859578507
1.8861643859578872
1.8861643859578872
1.8861643859578872
1.8861643859578872
1.8861643859578996
1.8861643859578996
1.8861643859578996
1.8861643859578996
1.8861643859579027
1.8861643859579027
1.8861643859579027
1.8861643859579027
1.886164385957903
1.886164385957903
1.886164385957903
1.886164385957903
1.8861643859579034
1.8861643859579036
1.8861643859579043
1.8861643859579043
1.8861643859579047
1.8861643859579047
1.8861643859579051
1.8861643859579051
1.8861643859579054
1.8861643859579058
1.8861643859579063
1.8861643859579063
1.8861643859579063
1.8861643859579063
1.8861643859579063
1.8861643859579063
1.8861643859579063
1.8861643859579063
1.8861643859579063
1.8861643859579063
1.8861643859579063
1.8861643859579063
1.8861643859579063
1.8861643859579063
1.8861643859579063
1.8861643859579063
1.8861643859579063
