1.2644558720140422
1.2644558720140422
1.2644558720140422
1.2644558720140422
1.2644558720140422
1.2644558720140422
1.2644558720140422
1.2644558720140422
1.2644558720140422
1.2644558720140422
1.2644558720140422
1.2644558720140422
1.2644558720140422
1.2644558720140422
1.2644558720140422
1.2644558720140422
1.2644558720140422
1.2644558720140422
1.2644558720140422
1.2644558720140422
1.2644558720140422
1.2644558720140422
1.2644558720140422
1.2644558720140422
1.2644558720140422
1.2644558720140422
1.2644558720140422
1.2644558720140422
1.2644558720140422
1.2644558720140422
1.2644558720140422
1.2644558720140422
1.2644558720140422
1.2644558720140422
1.2644921484108727
1.2644921484108727
1.2644921484108727
1.2644921484108727
1.2644921484108727
1.2644921484108727
1.2644921484108727
1.2645083096454082
1.2645083096454082
1.2645083096454082
1.2645083096454082
1.2645226798267315
1.2645406631957128
1.2645406631957128
1.2645483542263265
1.2645526144308645
1.2645721137827866
1.2645876638659983
1.2645969939426631
1.2646025919982888
1.2646059508351293
1.2646113441073403
1.264616505416418
1.2646202991166517
1.2646215341923683
1.2646226933863107
1.2646237730484704
1.2646250263757255
1.2646257783725183
1.2646263631167631
1.2646270617457656
1.2646278982243466
1.264628308074556
1.2646287507893246
1.2646288866509385
1.2646291768468507
1.2646294608206246
1.2646296716401582
1.2646297550148897
1.264629908054885
1.2646300309026333
1.2646301395045447
1.2646301940127342
1.2646302325828933
1.2646302801149774
1.2646303136900243
1.2646303281410596
1.26463035240708
1.2646303675912611
1.2646303771168927
1.2646303838927397
1.2646303892121806
1.2646303907047056
1.2646303920481745
1.2646303929972937
1.2646303943927852
1.2646303967707697
1.2646303985279264
1.2646303996606485
1.2646304006465559
1.264630401315886
1.2646304017243994
1.2646304017243994
1.2646304019092829
1.2646304021296777
1.2646304021767618
1.2646304022161476
1.2646304022967834
1.264630402441777
1.2646304025287733
1.264630402580971
1.2646304026135593
1.2646304026437551
1.264630402726231
1.2646304027784954
1.2646304028098534
1.264630402828669
1.2646304028399582
1.2646304028614808
1.2646304028820063
1.2646304028943218
1.2646304029018567
1.2646304029064475
1.2646304029092021
1.264630402910855
1.2646304029166207
1.2646304029208113
1.264630402923325
1.2646304029248336
1.264630402925739
1.2646304029263251
1.2646304029270141
1.2646304029276227
1.2646304029280107
1.2646304029282884
1.2646304029286
1.2646304029287871
1.264630402928907
1.26463040292901
1.2646304029291016
1.2646304029291584
1.264630402929195
1.264630402929217
1.264630402929248
1.2646304029292765
1.2646304029292934
1.2646304029293043
1.2646304029293178
1.2646304029293283
1.2646304029293352
1.264630402929339
1.2646304029293414
1.2646304029293427
1.2646304029293445
1.2646304029293514
1.264630402929355
1.2646304029293574
1.2646304029293591
1.264630402929361
1.2646304029293627
1.264630402929364
1.2646304029293647
1.2646304029293653
1.2646304029293662
1.2646304029293667
1.2646304029293671
1.2646304029293676
1.2646304029293676
1.2646304029293676
1.264630402929368
1.2646304029293685
1.2646304029293685
1.2646304029293685
1.2646304029293685
1.2646304029293685
1.2646304029293685
1.2646304029293685
1.2646304029293685
1.2646304029293685
1.2646304029293685
1.2646304029293685
1.2646304029293685
1.2646304029293685
1.2646304029293685
1.2646304029293685
1.2646304029293685
1.2646304029293685
1.2646304029293685
