1.5679980128902868
1.5679980128902868
1.5679980128902868
1.5679980128902868
1.5679980128902868
1.5679980128902868
1.5679980128902868
1.5679980128902868
1.5679980128902868
1.5679980128902868
1.5679980128902868
1.5679980128902868
1.5679980128902868
1.5679980128902868
1.5679980128902868
1.5679980128902868
1.5679980128902868
1.5679980128902868
1.5679980128902868
1.5679980128902868
1.5679980128902868
1.5679980128902868
1.5679980128902868
1.5679980128902868
1.5679980128902868
1.5679980128902868
1.5679980128902868
1.5679980128902868
1.5679980128902868
1.5679980128902868
1.5679980128902868
1.5679980128902868
1.5679980128902868
1.5679980128902868
1.5679980128902868
1.5679980128902868
1.5679980128902868
1.5679980128902868
1.5679980128902868
1.5679980128902868
1.5679980128902868
1.5679980128902868
1.5679980128902868
1.5679980128902868
1.5679980128902868
1.5679980128902868
1.5679980128902868
1.5679980128902868
1.5679980128902868
1.5679980128902868
1.5679980128902868
1.5679980128902868
1.5679980128902868
1.5679980128902868
1.5679980128902868
1.5680188275666638
1.5680188275666638
1.5680188275666638
1.5680188275666638
1.5680188275666638
1.5680282795883318
1.5680300767711437
1.568038114861811
1.5680429377171377
1.5680458749332054
1.5680475974096872
1.5680486569975318
1.5680545879788346
1.5680545879788346
1.5680557763884233
1.5680557763884233
1.5680557763884233
1.5680566578910116
1.5680566578910116
1.5680569820579298
1.5680574000661516
1.5680577975751187
1.568058038600113
1.5680583871948996
1.5680586701341164
1.568059063630788
1.5680594246994664
1.5680596413406584
1.5680597713253688
1.568059849316193
1.5680599215384639
1.568060037492555
1.5680601077943006
1.5680601808439592
1.568060201544978
1.568060231131841
1.5680602705912743
1.5680602978832434
1.5680603176174162
1.5680603312062305
1.568060342517295
1.5680603553105166
1.5680603658405352
1.5680603748377877
1.5680603796041255
1.5680603856955466
1.5680603897257777
1.568060391714388
1.568060393887004
1.5680603956036487
1.5680603968256552
1.5680603976679797
1.5680603983698944
1.5680603989093411
1.5680603992998705
1.568060399557371
1.5680603998666682
1.5680604001320129
1.5680604002886593
1.5680604004466872
1.5680604005159184
1.5680604005911893
1.5680604006384722
1.5680604006814607
1.5680604007123613
1.5680604007353471
1.5680604007496541
1.568060400768422
1.5680604007811694
1.5680604007906491
1.5680604007971841
1.5680604008016283
1.5680604008077657
1.5680604008117527
1.5680604008125674
1.568060400814503
1.5680604008157288
1.5680604008166221
1.568060400817161
1.5680604008175156
1.568060400817753
1.5680604008180168
1.5680604008187287
1.5680604008191865
1.5680604008191865
1.5680604008193706
1.5680604008195191
1.5680604008197132
1.5680604008198367
1.5680604008199173
1.5680604008200338
1.568060400820139
1.5680604008202093
1.5680604008202512
1.5680604008202765
1.5680604008203147
1.5680604008203756
1.5680604008204126
1.5680604008204333
1.568060400820448
1.5680604008204688
1.568060400820484
1.5680604008204928
1.5680604008204981
1.5680604008205015
1.5680604008205075
1.568060400820513
1.5680604008205163
1.5680604008205163
1.5680604008205197
1.5680604008205212
1.568060400820522
1.5680604008205223
1.5680604008205223
1.5680604008205223
1.5680604008205223
1.5680604008205228
1.568060400820523
1.5680604008205232
1.5680604008205232
1.5680604008205232
1.568060400820524
1.568060400820524
1.568060400820524
1.568060400820524
1.568060400820524
1.568060400820524
1.568060400820524
1.568060400820524
1.568060400820524
1.568060400820524
1.568060400820524
1.568060400820524
1.568060400820524
1.568060400820524
1.568060400820524
1.568060400820524
1.568060400820524
1.568060400820524
1.568060400820524
1.568060400820524
1.568060400820524
