1.1975139818383773
1.1975139818383773
1.1975139818383773
1.1975139818383773
1.1975139818383773
1.1975139818383773
1.1975139818383773
1.1975139818383773
1.1975139818383773
1.1975139818383773
1.1975139818383773
1.1975139818383773
1.1975139818383773
1.1975139818383773
1.1975139818383773
1.1975139818383773
1.1975139818383773
1.1975139818383773
1.1975139818383773
1.1975139818383773
1.1975139818383773
1.1975139818383773
1.1975139818383773
1.1975139818383773
1.1975139818383773
1.1975139818383773
1.1975139818383773
1.1975139818383773
1.1975139818383773
1.1975139818383773
1.1975139818383773
1.1975139818383773
1.1975139818383773
1.1975139818383773
1.1975139818383773
1.1975139818383773
1.1975139818383773
1.1975139818383773
1.1975139818383773
1.1975139818383773
1.1975139818383773
1.1975139818383773
1.1975139818383773
1.1975139818383773
1.1975139818383773
1.1975139818383773
1.1975139818383773
1.1975139818383773
1.1975139818383773
1.1975139818383773
1.1975139818383773
1.1975139818383773
1.1975139818383773
1.1975139818383773
1.1975139818383773
1.1975139818383773
1.1975139818383773
1.1975139818383773
1.1975142821717317
1.1975164902585675
1.197516953431893
1.1975178448910866
1.1975194108375673
1.19752048077252
1.19752048077252
1.19752048077252
1.1975205627048564
1.1975213591792322
1.1975218649824193
1.197522754353056
1.1975228705038743
1.1975234610806296
1.1975237505356302
1.1975238402616288
1.1975241314745142
1.1975242569885873
1.1975243668004065
1.1975245629669697
1.1975246514603128
1.1975247201114776
1.1975247201114776
1.1975247201114776
1.197524799786181
1.197524799786181
1.197524799786181
1.197524799786181
1.197524799786181
1.1975248090104036
1.1975248090104036
1.1975248090104036
1.197524813519109
1.197524813519109
1.197524813519109
1.197524813519109
1.197524813519109
1.1975248142864672
1.1975248148106832
1.1975248148106832
1.1975248155440124
1.1975248157663467
1.1975248159151908
1.1975248159651606
1.1975248160732612
1.1975248161650835
1.1975248163580263
1.1975248164954273
1.1975248164954273
1.1975248164954273
1.1975248164954273
1.1975248165265928
1.1975248165265928
1.1975248165265928
1.1975248165265928
1.1975248165288286
1.1975248165288286
1.1975248165288286
1.1975248165288286
1.1975248165288286
1.1975248165288286
1.1975248165307795
1.1975248165307795
1.1975248165307795
1.1975248165307795
1.1975248165307795
1.1975248165309513
1.1975248165309513
1.1975248165309513
1.1975248165309513
1.1975248165309513
1.1975248165318675
1.1975248165318675
1.1975248165318675
1.1975248165318675
1.197524816531891
1.197524816531959
1.1975248165319996
1.1975248165320491
1.1975248165321772
1.1975248165322543
1.1975248165323007
1.1975248165323547
1.1975248165324013
1.1975248165324455
1.1975248165324721
1.197524816532488
1.1975248165324976
1.197524816532527
1.1975248165325452
1.197524816532556
1.1975248165325638
1.1975248165325747
1.197524816532582
1.1975248165325865
1.197524816532589
1.1975248165325905
1.1975248165325922
1.197524816532594
1.1975248165325953
1.197524816532596
1.1975248165325962
1.197524816532597
1.1975248165325976
1.1975248165325976
1.1975248165325978
1.197524816532598
1.1975248165325982
1.1975248165325982
1.1975248165325982
1.1975248165325985
1.1975248165325985
1.1975248165325987
1.1975248165325987
1.1975248165325987
1.1975248165325987
1.1975248165325987
1.1975248165325987
1.1975248165325987
1.1975248165325987
1.1975248165325987
1.1975248165325987
1.1975248165325987
1.1975248165325987
