1.738991275700258
1.738991275700258
1.738991275700258
1.738991275700258
1.738991275700258
1.738991275700258
1.738991275700258
1.738991275700258
1.738991275700258
1.738991275700258
1.738991275700258
1.738991275700258
1.738991275700258
1.738991275700258
1.738991275700258
1.738991275700258
1.738991275700258
1.738991275700258
1.738991275700258
1.738991275700258
1.738991275700258
1.738991275700258
1.738991275700258
1.738991275700258
1.738991275700258
1.738991275700258
1.738991275700258
1.738991275700258
1.739476455819768
1.739476455819768
1.739476455819768
1.739476455819768
1.739476455819768
1.739476455819768
1.739476455819768
1.739476455819768
1.739476455819768
1.739476455819768
1.739476455819768
1.739476455819768
1.739476455819768
1.739476455819768
1.739476455819768
1.739476455819768
1.7395459343562893
1.7395888517670517
1.7395888517670517
1.7395888517670517
1.7395888517670517
1.7395905830317127
1.7395905830317127
1.7395905830317127
1.7395905830317127
1.7395905830317127
1.7395923374049997
1.7395962170535262
1.7395962170535262
1.7395962170535262
1.7395962170535262
1.7395966502474964
1.7395966502474964
1.7395966502474964
1.7395966502474964
1.7396075539179403
1.7396075539179403
1.7396111307093558
1.7396141919911154
1.739617179229879
1.7396203201330465
1.7396222046874674
1.739623335424628
1.739623581415435
1.7396244821991824
1.7396263838417523
1.7396281324542366
1.7396281324542366
1.739629275729442
1.7396302792309062
1.7396314976262637
1.7396322286646944
1.739633110920472
1.739633188441265
1.7396334944138092
1.7396338332617938
1.7396341891505578
1.7396344506100598
1.7396348133118802
1.7396349329602132
1.739635107367561
1.7396352120119798
1.739635252557549
1.739635309221196
1.7396353956042463
1.7396354037562411
1.7396354863563683
1.7396355100253458
1.7396355413392959
1.7396355601276654
1.7396355721627763
1.7396355737147833
1.7396355762801992
1.739635583677014
1.7396355864771769
1.739635587152913
1.739635589103443
1.7396355912099335
1.7396355924738278
1.739635593232167
1.7396355936142809
1.7396355939500796
1.739635594127472
1.7396355942339086
1.7396355944084694
1.739635594701377
1.7396355950307136
1.739635595241192
1.7396355953655622
1.7396355954049227
1.7396355954925213
1.7396355955456484
1.7396355956281486
1.7396355956281486
1.7396355956738168
1.739635595703189
1.739635595743607
1.7396355957814083
1.739635595800715
1.7396355958105332
1.7396355958334944
1.7396355958396135
1.7396355958429406
1.7396355958523173
1.7396355958598335
1.739635595867035
1.7396355958711673
1.739635595874822
1.7396355958786145
1.739635595880888
1.7396355958822496
1.7396355958830698
1.739635595883563
1.7396355958839902
1.7396355958852008
1.7396355958869736
1.7396355958880345
1.73963559588847
1.7396355958885794
1.7396355958885794
1.7396355958886218
1.7396355958886218
1.7396355958886218
1.7396355958886218
1.7396355958886218
1.7396355958886218
1.7396355958886218
1.7396355958886986
1.7396355958886986
1.7396355958886986
1.7396355958886986
1.7396355958886995
1.7396355958886995
1.7396355958886995
1.7396355958886995
1.7396355958886995
1.7396355958886995
1.7396355958886995
1.7396355958887033
1.7396355958887033
1.7396355958887033
1.7396355958887033
1.7396355958887053
1.7396355958887053
1.7396355958887053
1.7396355958887053
1.7396355958887053
1.7396355958887053
1.7396355958887053
1.7396355958887053
1.7396355958887053
1.7396355958887053
1.7396355958887053
1.7396355958887055
1.7396355958887055
1.7396355958887055
1.7396355958887055
1.7396355958887055
1.7396355958887055
1.7396355958887055
1.7396355958887055
1.7396355958887055
1.7396355958887055
1.7396355958887055
1.7396355958887055
1.7396355958887055
1.7396355958887055
1.7396355958887055
1.7396355958887055
1.7396355958887055
