1.439447129915847
1.439447129915847
1.439447129915847
1.439447129915847
1.439447129915847
1.439447129915847
1.439447129915847
1.439447129915847
1.439447129915847
1.439447129915847
1.439447129915847
1.439447129915847
1.439447129915847
1.439447129915847
1.439447129915847
1.439447129915847
1.439447129915847
1.439447129915847
1.439447129915847
1.439447129915847
1.439447129915847
1.439447129915847
1.439447129915847
1.439447129915847
1.439447129915847
1.439447129915847
1.439447129915847
1.439447129915847
1.439447129915847
1.439447129915847
1.439447129915847
1.439447129915847
1.439447129915847
1.439447129915847
1.439447129915847
1.439447129915847
1.439447129915847
1.439447129915847
1.439447129915847
1.439447129915847
1.439447129915847
1.439447129915847
1.439447129915847
1.439447129915847
1.439447129915847
1.439447129915847
1.439447129915847
1.439447129915847
1.439447129915847
1.439447129915847
1.439447129915847
1.439447129915847
1.439447129915847
1.439449890162697
1.439449890162697
1.439449890162697
1.4394598743188864
1.4394598743188864
1.4394598743188864
1.4394643899571105
1.4394681924615245
1.4394704739167787
1.4394733711331233
1.439476561426985
1.4394806411999232
1.4394821572803087
1.439483645608183
1.4394848730512761
1.4394871313950024
1.4394884863967925
1.4394893378237514
1.439490333873645
1.4394912974301608
1.4394918362935059
1.4394923665863442
1.439492859402777
1.4394933975224307
1.4394937750805061
1.4394940016152253
1.4394941625981483
1.439494393969826
1.439494532792812
1.4394946518051974
1.4394947759555496
1.4394948732223622
1.439494931582451
1.4394949735638185
1.4394950141957576
1.4394950457101825
1.439495082973221
1.4394951057476113
1.4394951225520802
1.4394951351888536
1.4394951517361538
1.4394951564599816
1.439495161277221
1.439495167530323
1.4394951724439906
1.439495175524664
1.4394951791294908
1.439495181644651
1.4394951837909917
1.4394951851641042
1.4394951867513097
1.4394951882173814
1.4394951891276595
1.4394951896738262
1.4394951896738262
1.439495190032824
1.4394951901113568
1.4394951901113568
1.4394951901640134
1.4394951902187003
1.4394951902629027
1.4394951903046085
1.439495190356038
1.4394951903868958
1.4394951904100404
1.4394951904261688
1.4394951904424076
1.4394951904630586
1.4394951904748357
1.439495190483742
1.4394951904874862
1.4394951904881352
1.4394951904909596
1.439495190491931
1.4394951904938327
1.4394951904949866
1.4394951904964541
1.4394951904974473
1.4394951904982853
1.4394951904985502
1.4394951904993332
1.4394951904995912
1.439495190499847
1.439495190499847
1.4394951905001796
1.4394951905002797
1.4394951905003073
1.4394951905003237
1.4394951905003397
1.439495190500469
1.4394951905005504
1.4394951905005995
1.4394951905006301
1.4394951905006488
1.439495190500707
1.4394951905007483
1.4394951905007771
1.4394951905007944
1.4394951905008049
1.439495190500807
1.4394951905008122
1.4394951905008266
1.4394951905008362
1.4394951905008415
1.439495190500845
1.4394951905008495
1.4394951905008533
1.4394951905008564
1.4394951905008595
1.4394951905008617
1.4394951905008637
1.4394951905008657
1.4394951905008677
1.4394951905008684
1.4394951905008693
1.4394951905008695
1.4394951905008704
1.4394951905008708
1.439495190500871
1.4394951905008713
1.4394951905008717
1.4394951905008717
1.4394951905008717
1.4394951905008717
1.4394951905008717
1.4394951905008717
1.4394951905008717
1.4394951905008717
1.4394951905008717
1.4394951905008717
1.4394951905008717
1.4394951905008717
1.4394951905008717
1.4394951905008717
1.4394951905008717
1.4394951905008717
1.4394951905008717
1.4394951905008717
1.4394951905008717
1.4394951905008717
