1.7854401885753317
1.7854401885753317
1.7854401885753317
1.7854401885753317
1.7854401885753317
1.7854401885753317
1.7854401885753317
1.7854401885753317
1.7854401885753317
1.7854401885753317
1.7854401885753317
1.7854401885753317
1.7854401885753317
1.7854401885753317
1.7854401885753317
1.7854401885753317
1.7854401885753317
1.7854401885753317
1.7854401885753317
1.7854401885753317
1.7854401885753317
1.7854401885753317
1.7854401885753317
1.7854401885753317
1.7854401885753317
1.7854401885753317
1.7854401885753317
1.7854401885753317
1.7854401885753317
1.7854401885753317
1.7854401885753317
1.7854401885753317
1.7854401885753317
1.7854401885753317
1.7854401885753317
1.7854401885753317
1.7854401885753317
1.7854401885753317
1.7854401885753317
1.7854401885753317
1.7854401885753317
1.7854401885753317
1.7854401885753317
1.7854401885753317
1.7854401885753317
1.7854401885753317
1.7854401885753317
1.7854401885753317
1.7854401885753317
1.7854401885753317
1.7854401885753317
1.78544176543205
1.7854461379141948
1.7854489850589252
1.7854515087155318
1.7854530229119758
1.785453976212372
1.785454492777038
1.7854548295849286
1.7854553522127157
1.7854559663398408
1.785456289817846
1.7854566257706994
1.7854566697672078
1.7854572802731368
1.7854574480122363
1.7854577287971456
1.7854578972681177
1.7854582060448587
1.7854582060448587
1.7854583373121924
1.7854586246962094
1.7854588164613256
1.7854589315204126
1.7854590005558717
1.7854590419771494
1.7854592023018108
1.785459275122052
1.7854593642498857
1.7854594025387502
1.7854594596570748
1.7854595276039633
1.7854595706282217
1.7854595964427773
1.7854596275617158
1.7854596514963608
1.7854596706759995
1.7854596821837831
1.7854596894366377
1.7854597067643365
1.7854597133729653
1.7854597197175055
1.7854597260412568
1.785459727722791
1.7854597287317115
1.7854597324606392
1.7854597372166363
1.7854597402474808
1.7854597423801912
1.7854597457885806
1.785459747996675
1.785459749321532
1.7854597501164462
1.7854597506820944
1.7854597515135338
1.785459752091868
1.7854597524463072
1.785459752692436
1.7854597530544245
1.7854597532873777
1.7854597534271495
1.7854597535110128
1.7854597536751713
1.785459753800229
1.7854597538752635
1.7854597539202843
1.7854597539472972
1.7854597539688322
1.7854597540230572
1.7854597540555925
1.7854597540751136
1.7854597540884762
1.7854597541177295
1.785459754135281
1.7854597541458124
1.785459754152131
1.7854597541626656
1.7854597541728976
1.7854597541790367
1.7854597541827206
1.7854597541850856
1.7854597541893669
1.7854597541919357
1.7854597541934767
1.7854597541944013
1.7854597541955142
1.7854597541963086
1.7854597541967856
1.7854597541970714
1.7854597541974448
1.7854597541977384
1.7854597541979147
1.7854597541980204
1.785459754198084
1.7854597541982056
1.7854597541982955
1.7854597541983497
1.7854597541983965
1.7854597541984658
1.7854597541985073
1.785459754198532
1.7854597541985642
1.7854597541985966
1.7854597541986161
1.7854597541986306
1.7854597541986492
1.7854597541986608
1.7854597541986674
1.785459754198674
1.7854597541986825
1.7854597541986874
1.7854597541986903
1.7854597541986923
1.7854597541986952
1.7854597541986978
1.7854597541986998
1.7854597541987007
1.7854597541987012
1.7854597541987025
1.785459754198703
1.7854597541987034
1.7854597541987038
1.785459754198704
1.7854597541987043
1.7854597541987047
1.7854597541987047
1.785459754198705
1.785459754198705
1.785459754198705
1.785459754198705
1.785459754198705
1.785459754198705
1.785459754198705
1.785459754198705
1.785459754198705
1.785459754198705
1.785459754198705
1.785459754198705
1.785459754198705
