1.6855356210186094
1.6855356210186094
1.6855356210186094
1.6855356210186094
1.6855356210186094
1.6855356210186094
1.6855356210186094
1.6855356210186094
1.6855356210186094
1.6855356210186094
1.6855356210186094
1.6855356210186094
1.6855356210186094
1.6855356210186094
1.6855356210186094
1.6855356210186094
1.6855356210186094
1.6855356210186094
1.6855356210186094
1.6855356210186094
1.6855356210186094
1.6855356210186094
1.6855356210186094
1.6855356210186094
1.6855356210186094
1.6855356210186094
1.6855356210186094
1.6855356210186094
1.6855356210186094
1.6855356210186094
1.6855356210186094
1.6855356210186094
1.6855356210186094
1.6855356210186094
1.6855356210186094
1.6855356210186094
1.6855356210186094
1.6855356210186094
1.6855356210186094
1.6855356210186094
1.6855356210186094
1.6855356210186094
1.6855356210186094
1.6855356210186094
1.6855356210186094
1.6855356210186094
1.6855356210186094
1.6855356210186094
1.6855356210186094
1.6855356210186094
1.6855356210186094
1.6855356210186094
1.6855356210186094
1.685536226010102
1.6855427892490862
1.685546727187295
1.685546727187295
1.685546727187295
1.685546727187295
1.685546727187295
1.685546727187295
1.685546727187295
1.6855467982114782
1.6855467982114782
1.6855467982114782
1.6855467982114782
1.6855468697103946
1.6855476222298769
1.685548244764079
1.6855486856110558
1.685549233693212
1.6855493786951954
1.6855496510491699
1.6855499107634986
1.685550066592087
1.6855501600892373
1.6855502547183658
1.685550333806238
1.6855503983780462
1.685550454968236
1.685550482901524
1.6855505121355698
1.6855505415109446
1.685550563043591
1.685550577294912
1.6855505858457045
1.6855505962303905
1.685550608680166
1.6855506203667574
1.6855506275483352
1.6855506319487121
1.6855506409253331
1.6855506491174126
1.6855506540326604
1.6855506569818093
1.6855506597287293
1.68555066311859
1.6855506651899799
1.6855506664463253
1.6855506672001326
1.6855506690275586
1.6855506699722747
1.6855506705249488
1.6855506709826549
1.6855506712807173
1.6855506718500062
1.685550672092426
1.6855506722378784
1.6855506724032356
1.6855506725531548
1.6855506726515816
1.6855506726974483
1.68555067273917
1.6855506727562892
1.6855506728029017
1.6855506728294294
1.6855506728453458
1.6855506728576735
1.6855506728824814
1.6855506729018483
1.6855506729142626
1.6855506729209588
1.685550672930852
1.6855506729404186
1.6855506729472653
1.6855506729503191
1.6855506729574814
1.685550672961594
1.6855506729645457
1.6855506729682768
1.6855506729719818
1.685550672973447
1.6855506729749852
1.685550672975915
1.6855506729764644
1.685550672977042
1.6855506729778469
1.6855506729783898
1.6855506729788519
1.6855506729793683
1.6855506729796947
1.6855506729799254
1.685550672980177
1.685550672980351
1.6855506729804746
1.6855506729805703
1.6855506729806915
1.6855506729807745
1.6855506729808243
1.6855506729808543
1.6855506729808762
1.6855506729809095
1.6855506729809338
1.6855506729809482
1.6855506729809568
1.6855506729809628
1.6855506729809746
1.6855506729809835
1.6855506729809884
1.685550672980992
1.6855506729809953
1.6855506729809986
1.6855506729810004
1.6855506729810017
1.6855506729810026
1.685550672981004
1.6855506729810055
1.6855506729810061
1.6855506729810068
1.6855506729810075
1.6855506729810084
1.6855506729810086
1.6855506729810088
1.6855506729810088
1.685550672981009
1.6855506729810092
1.6855506729810095
1.6855506729810097
1.6855506729810097
1.6855506729810097
1.6855506729810097
1.6855506729810097
1.6855506729810097
1.6855506729810097
1.6855506729810097
1.6855506729810097
1.6855506729810097
1.6855506729810097
