1.408395757864127
1.408395757864127
1.408395757864127
1.408395757864127
1.408395757864127
1.408395757864127
1.408395757864127
1.408395757864127
1.408395757864127
1.408395757864127
1.408395757864127
1.408395757864127
1.408395757864127
1.408395757864127
1.408395757864127
1.408395757864127
1.408395757864127
1.408395757864127
1.408395757864127
1.408395757864127
1.408395757864127
1.408395757864127
1.408395757864127
1.408395757864127
1.408395757864127
1.408395757864127
1.408395757864127
1.408395757864127
1.408395757864127
1.408395757864127
1.408395757864127
1.408395757864127
1.408395757864127
1.408395757864127
1.408395757864127
1.408395757864127
1.408395757864127
1.408395757864127
1.408395757864127
1.408395757864127
1.408395757864127
1.408395757864127
1.408395757864127
1.408395757864127
1.408395757864127
1.4083972899072796
1.4083972899072796
1.4083972899072796
1.4083972899072796
1.4084025443070614
1.4084025443070614
1.4084025443070614
1.4084025443070614
1.408405560643697
1.4084102663540954
1.4084171412479967
1.4084212661995141
1.408424985808499
1.408430837912501
1.408434734572215
1.408437523995891
1.4084393602312226
1.4084400356573854
1.4084408256652212
1.408441682672932
1.408441834679916
1.408442319807755
1.408442610884207
1.4084427941413262
1.4084430157113226
1.4084432573699275
1.408443329144173
1.4084434653704125
1.4084434968423856
1.4084435740589452
1.408443642299593
1.4084436726804455
1.408443686225456
1.4084437258814642
1.4084437564259242
1.4084437834723054
1.4084438074127037
1.4084438217769428
1.4084438337588945
1.4084438471974612
1.4084438551118093
1.408443859937799
1.4084438644826534
1.408443866543853
1.4084438685458143
1.4084438706401194
1.408443872254574
1.4084438738029041
1.4084438751432393
1.408443875332087
1.4084438759522966
1.4084438763893494
1.4084438766842926
1.4084438769993786
1.4084438770462333
1.4084438772193897
1.4084438772193897
1.4084438772588312
1.408443877362393
1.4084438773953196
1.4084438774380457
1.4084438774380457
1.4084438774391363
1.4084438774814196
1.4084438775097732
1.4084438775354808
1.4084438775577388
1.4084438775652064
1.4084438775700416
1.4084438775803354
1.408443877582352
1.4084438775835624
1.4084438775878305
1.408443877593265
1.4084438775968897
1.4084438775990702
1.4084438776003787
1.4084438776042068
1.4084438776068335
1.4084438776084096
1.4084438776094481
1.4084438776102821
1.4084438776117647
1.4084438776131656
1.4084438776140065
1.4084438776145107
1.408443877614814
1.4084438776149955
1.4084438776156143
1.4084438776162547
1.4084438776166397
1.4084438776168706
1.4084438776170243
1.4084438776172925
1.408443877617455
1.408443877617455
1.408443877617455
1.408443877617455
1.40844387761747
1.408443877617497
1.4084438776175077
1.40844387761754
1.4084438776175643
1.408443877617579
1.4084438776175923
1.4084438776176027
1.4084438776176096
1.4084438776176251
1.4084438776176367
1.4084438776176431
1.40844387761765
1.4084438776176536
1.408443877617657
1.4084438776176633
1.4084438776176673
1.4084438776176698
1.4084438776176713
1.4084438776176746
1.4084438776176775
1.4084438776176798
1.4084438776176809
1.4084438776176824
1.4084438776176835
1.408443877617684
1.4084438776176844
1.408443877617685
1.4084438776176853
1.4084438776176855
1.4084438776176855
1.4084438776176857
1.4084438776176857
1.4084438776176857
1.4084438776176857
1.4084438776176857
1.4084438776176857
1.4084438776176857
1.4084438776176857
1.4084438776176857
1.4084438776176857
