2.3358174458934564
2.3358174458934564
2.3358174458934564
2.3358174458934564
2.3358174458934564
2.3358174458934564
2.3358174458934564
2.3358174458934564
2.3358174458934564
2.3358174458934564
2.3358174458934564
2.3358174458934564
2.3358174458934564
2.3358174458934564
2.3358174458934564
2.3358174458934564
2.3358174458934564
2.3358174458934564
2.3358174458934564
2.3358174458934564
2.3358174458934564
2.3358174458934564
2.3358174458934564
2.3358174458934564
2.3358174458934564
2.3358174458934564
2.3358174458934564
2.3358174458934564
2.3358174458934564
2.3358174458934564
2.3358174458934564
2.3358174458934564
2.3358174458934564
2.3358174458934564
2.3358174458934564
2.3358174458934564
2.3358174458934564
2.3358174458934564
2.3358174458934564
2.3358174458934564
2.3358174458934564
2.3358174458934564
2.3358174458934564
2.3358174458934564
2.3358174458934564
2.3358174458934564
2.3358174458934564
2.3358174458934564
2.3358174458934564
2.335826615108006
2.335869354348174
2.335869354348174
2.335879450691246
2.3359072332674824
2.335923269336798
2.3359318662739583
2.335948535079056
2.335962153873145
2.3359703250758734
2.3359752277709696
2.335978169378473
2.335981982444779
2.3359893432674372
2.3359937938402275
2.335996464175297
2.3359980663732407
2.3359999222312138
2.3360017567735882
2.3360028574974585
2.3360035179312213
2.336003856192289
2.3360042342208494
2.3360046089555206
2.3360048672207414
2.336005008292889
2.3360051307565692
2.33600531884028
2.33600543169049
2.3360055086447544
2.336005604398934
2.336005667739391
2.336005705743662
2.3360057288107385
2.3360057703129087
2.336005798176816
2.33600581489516
2.3360058249261653
2.3360058313186145
2.336005836936689
2.3360058440768086
2.3360058484396924
2.3360058511275668
2.3360058551650384
2.336005857719434
2.3360058592846613
2.336005860506936
2.3360058619591233
2.3360058628449614
2.3360058633764647
2.3360058637774976
2.3360058642118164
2.3360058644724075
2.3360058646287625
2.3360058647393256
2.336005864877871
2.3360058649730955
2.3360058650302298
2.3360058650779036
2.3360058651254647
2.3360058651540014
2.336005865171123
2.336005865182599
2.3360058652090423
2.336005865225661
2.3360058652356326
2.3360058652416162
2.336005865256056
2.3360058652660456
2.336005865272041
2.336005865275637
2.3360058652815674
2.3360058652857463
2.3360058652882527
2.336005865289758
2.336005865291694
2.3360058652933735
2.336005865294381
2.3360058652949864
2.3360058652956917
2.3360058652962503
2.3360058652965856
2.3360058652967868
2.336005865296907
2.336005865297094
2.3360058652972526
2.336005865297347
2.336005865297404
2.3360058652974374
2.3360058652975035
2.3360058652975506
2.3360058652975786
2.3360058652976123
2.3360058652976465
2.3360058652976674
2.33600586529768
2.33600586529769
2.3360058652976985
2.3360058652977043
2.3360058652977074
2.336005865297711
2.3360058652977136
2.336005865297715
2.3360058652977163
2.3360058652977167
2.3360058652977176
2.3360058652977176
2.3360058652977176
2.3360058652977176
2.3360058652977176
2.3360058652977176
2.3360058652977176
2.3360058652977176
2.3360058652977176
2.3360058652977176
2.3360058652977176
2.3360058652977176
2.3360058652977176
2.3360058652977176
2.3360058652977176
2.3360058652977176
2.3360058652977176
2.3360058652977176
2.3360058652977176
2.3360058652977176
2.3360058652977176
2.3360058652977176
2.3360058652977176
2.3360058652977176
2.3360058652977176
2.3360058652977176
2.3360058652977176
2.3360058652977176
2.3360058652977176
2.3360058652977176
2.3360058652977176
2.3360058652977176
