2.234516600852261
2.234516600852261
2.234516600852261
2.234516600852261
2.234516600852261
2.234516600852261
2.234516600852261
2.234516600852261
2.234516600852261
2.234516600852261
2.234516600852261
2.234516600852261
2.234516600852261
2.234516600852261
2.234516600852261
2.234516600852261
2.234516600852261
2.234516600852261
2.234516600852261
2.234516600852261
2.234516600852261
2.234516600852261
2.234516600852261
2.234516600852261
2.234516600852261
2.234516600852261
2.234516600852261
2.234516600852261
2.234516600852261
2.234516600852261
2.234516600852261
2.234516600852261
2.234516600852261
2.234516600852261
2.234516600852261
2.234516600852261
2.234516600852261
2.234516600852261
2.234516600852261
2.234516600852261
2.234516600852261
2.234516600852261
2.234516600852261
2.234516600852261
2.234516600852261
2.234516600852261
2.234516600852261
2.234516600852261
2.234516600852261
2.234516600852261
2.234516600852261
2.234516600852261
2.234516600852261
2.234516600852261
2.234516600852261
2.234516600852261
2.234516600852261
2.234517637699144
2.234520431939399
2.2345221084842257
2.2345221084842257
2.2345221084842257
2.234522642024513
2.2345251127288983
2.2345262634039846
2.2345267401894895
2.234528100022735
2.2345289953865577
2.234530289268335
2.2345308071195515
2.2345314623960344
2.234532240946761
2.234532512419034
2.234532863662095
2.234532992656682
2.234533238535011
2.234533431911541
2.2345335373806567
2.234533610467729
2.2345337374645227
2.2345338210529517
2.234533871206011
2.234533871206011
2.2345339121930663
2.2345339179510684
2.2345339213203066
2.234533934078821
2.234533947114407
2.234533951713784
2.2345339543541627
2.2345339571364966
2.2345339626489573
2.234533965316334
2.234533967292826
2.2345339686386296
2.2345339694461117
2.234533969930601
2.2345339716484296
2.234533973545743
2.2345339748869497
2.2345339757491605
2.2345339766122363
2.234533977567421
2.234533978004409
2.2345339781897664
2.234533978481763
2.2345339789073155
2.2345339791741003
2.23453397931815
2.23453397931815
2.23453397931815
2.2345339793784444
2.2345339793784444
2.2345339793784444
2.2345339793784444
2.234533979385156
2.234533979385156
2.234533979385156
2.234533979385156
2.234533979391815
2.234533979391815
2.234533979391815
2.234533979391815
2.234533979391815
2.2345339793932264
2.2345339793932264
2.2345339793932264
2.2345339793932264
2.2345339793936043
2.2345339793936043
2.2345339793936043
2.2345339793936043
2.234533979393867
2.234533979394241
2.234533979394241
2.234533979394597
2.234533979394702
2.2345339793947336
2.234533979394753
2.234533979394801
2.234533979394837
2.2345339793948615
2.2345339793948615
2.234533979394891
2.2345339793948926
2.2345339793949015
2.234533979394903
2.2345339793949095
2.2345339793949126
2.2345339793949153
2.2345339793949175
2.234533979394918
2.2345339793949206
2.234533979394921
2.2345339793949224
2.2345339793949233
2.2345339793949237
2.234533979394924
2.2345339793949246
2.234533979394925
2.234533979394925
2.234533979394925
2.2345339793949255
2.2345339793949255
2.2345339793949255
2.2345339793949255
2.2345339793949255
2.2345339793949255
2.2345339793949255
2.2345339793949255
2.2345339793949255
2.2345339793949255
2.2345339793949255
2.2345339793949255
2.2345339793949255
2.2345339793949255
2.2345339793949255
2.2345339793949255
2.2345339793949255
2.2345339793949255
2.2345339793949255
2.2345339793949255
2.2345339793949255
2.2345339793949255
2.2345339793949255
2.2345339793949255
2.2345339793949255
