1.8759985712810865
1.8759985712810865
1.8759985712810865
1.8759985712810865
1.8759985712810865
1.8759985712810865
1.8759985712810865
1.8759985712810865
1.8759985712810865
1.8759985712810865
1.8759985712810865
1.8759985712810865
1.8759985712810865
1.8759985712810865
1.8759985712810865
1.8759985712810865
1.8759985712810865
1.8759985712810865
1.8759985712810865
1.8759985712810865
1.8759985712810865
1.8759985712810865
1.8759985712810865
1.8759985712810865
1.8759985712810865
1.8759985712810865
1.8759985712810865
1.8759985712810865
1.8759985712810865
1.8759985712810865
1.8759985712810865
1.8759985712810865
1.8759985712810865
1.8759985712810865
1.8759985712810865
1.8759985712810865
1.8759985712810865
1.8759985712810865
1.8759985712810865
1.8759985712810865
1.8759985712810865
1.8759985712810865
1.8759985712810865
1.8759985712810865
1.8759985712810865
1.8759985712810865
1.8760229884429522
1.8760229884429522
1.8760229884429522
1.8760288930146223
1.8760472280988494
1.8760472280988494
1.876053325859059
1.8760582603135263
1.8760612209968264
1.876063828094799
1.8760646438338962
1.8760656316894595
1.8760664409637973
1.876066665616031
1.876066930343722
1.8760678981077814
1.8760685829060872
1.8760700152379433
1.8760710664574418
1.8760717107281648
1.8760725298162229
1.876074020463582
1.8760744983552307
1.876074785090294
1.8760750951260368
1.8760754551018295
1.8760757026188988
1.8760757026188988
1.8760758809825384
1.8760759357883374
1.8760759714236512
1.8760759944036307
1.8760760350447079
1.8760760703516668
1.8760760915358432
1.8760761115077538
1.8760761374336512
1.8760761617208672
1.876076177131667
1.87607619085131
1.8760762027573747
1.8760762137662474
1.8760762203715706
1.8760762243347646
1.876076226862133
1.8760762285992572
1.8760762285992572
1.8760762285992572
1.8760762302009817
1.876076230531691
1.876076230760026
1.8760762308970262
1.8760762315599921
1.8760762320645374
1.8760762323672646
1.8760762327412563
1.876076233245159
1.876076233554083
1.8760762337483814
1.8760762340018178
1.8760762342889712
1.8760762344612627
1.8760762345646376
1.8760762346266622
1.8760762347807711
1.8760762349386044
1.8760762350335376
1.8760762350907454
1.8760762351335583
1.8760762351931946
1.876076235228976
1.8760762352504448
1.8760762352633265
1.876076235292688
1.87607623531743
1.876076235332276
1.8760762353480862
1.8760762353654175
1.8760762353758167
1.876076235382055
1.876076235385799
1.8760762353895974
1.8760762353955114
1.8760762353990599
1.876076235401188
1.8760762354024663
1.8760762354032325
1.8760762354036922
1.8760762354052307
1.8760762354064806
1.8760762354072305
1.8760762354076796
1.8760762354079499
1.8760762354083447
1.8760762354087586
1.8760762354090057
1.8760762354091545
1.8760762354092442
1.8760762354094696
1.8760762354096618
1.8760762354097769
1.8760762354098957
1.87607623541003
1.8760762354101097
1.8760762354101574
1.8760762354102336
1.8760762354102805
1.8760762354103093
1.8760762354103362
1.8760762354103628
1.876076235410379
1.8760762354103884
1.8760762354103986
1.8760762354104072
1.8760762354104128
1.876076235410416
1.8760762354104177
1.8760762354104197
1.876076235410424
1.876076235410426
1.8760762354104281
1.876076235410429
1.8760762354104306
1.8760762354104317
1.8760762354104323
1.876076235410433
1.8760762354104332
1.8760762354104341
1.8760762354104341
1.8760762354104341
1.8760762354104341
1.8760762354104341
1.8760762354104341
1.8760762354104341
1.8760762354104341
1.8760762354104341
1.8760762354104341
1.8760762354104341
1.8760762354104341
1.8760762354104341
1.8760762354104341
