2.9103874811326023
2.9103874811326023
2.9103874811326023
2.9103874811326023
2.9103874811326023
2.9103874811326023
2.9103874811326023
2.9103874811326023
2.9103874811326023
2.9103874811326023
2.9103874811326023
2.9103874811326023
2.9103874811326023
2.9103874811326023
2.9103874811326023
2.9103874811326023
2.9103874811326023
2.9103874811326023
2.9103874811326023
2.9103874811326023
2.9103874811326023
2.9103874811326023
2.9103874811326023
2.9103874811326023
2.9103874811326023
2.9103874811326023
2.9103874811326023
2.9103874811326023
2.9103874811326023
2.9103874811326023
2.9103874811326023
2.9103874811326023
2.9103874811326023
2.9103874811326023
2.9103874811326023
2.9103874811326023
2.9103874811326023
2.9103874811326023
2.9103874811326023
2.9103874811326023
2.9103874811326023
2.9103874811326023
2.9103874811326023
2.9103874811326023
2.9103874811326023
2.9103874811326023
2.9103874811326023
2.9103874811326023
2.9103874811326023
2.9103874811326023
2.9103874811326023
2.9103874811326023
2.9103874811326023
2.9103874811326023
2.9103874811326023
2.9103874811326023
2.9103874811326023
2.910388830555863
2.9103890632033416
2.9103890632033416
2.9103906420003782
2.9103906420003782
2.9103906420003782
2.9103909465405864
2.9103912619837344
2.910391451249628
2.9103917812307314
2.910392109155238
2.9103921937107056
2.9103923380233416
2.9103924275894535
2.910392474724006
2.910392679471141
2.910392707314861
2.910392816961025
2.910392882536896
2.9103929203499352
2.9103929761997422
2.9103929761997422
2.9103930045890247
2.9103930045890247
2.9103930178585897
2.910393028331129
2.910393040654689
2.9103930469162256
2.9103930498394863
2.9103930573951065
2.9103930610265767
2.9103930636198108
2.9103930659921105
2.9103930674154914
2.910393068643988
2.910393069664136
2.9103930704432366
2.910393070903643
2.91039307160201
2.9103930718873885
2.910393072248655
2.910393072494067
2.9103930726932377
2.910393072927531
2.9103930730746512
2.910393073178247
2.910393073235695
2.9103930733011167
2.910393073340682
2.9103930733644203
2.910393073382895
2.9103930734054813
2.910393073423921
2.910393073433531
2.9103930734399683
2.9103930734492
2.9103930734555608
2.910393073463835
2.910393073463835
2.9103930734661025
2.910393073467736
2.9103930734689065
2.910393073469811
2.910393073471341
2.910393073472144
2.9103930734733563
2.9103930734733563
2.9103930734741357
2.910393073474551
2.9103930734747174
2.9103930734749404
2.910393073475164
2.9103930734753254
2.9103930734757224
2.9103930734759604
2.9103930734761034
2.9103930734762047
2.9103930734763717
2.9103930734765258
2.9103930734766177
2.9103930734766736
2.9103930734767247
2.9103930734767753
2.910393073476807
2.9103930734768264
2.910393073476841
2.9103930734768504
2.9103930734768566
2.910393073476865
2.9103930734768713
2.910393073476875
2.9103930734768775
2.9103930734768806
2.9103930734768833
2.910393073476884
2.9103930734768855
2.910393073476886
2.910393073476887
2.9103930734768872
2.9103930734768872
2.9103930734768877
2.9103930734768877
2.9103930734768877
2.9103930734768877
2.9103930734768877
2.9103930734768877
2.9103930734768877
2.9103930734768877
2.9103930734768877
2.9103930734768877
2.9103930734768877
2.9103930734768877
2.9103930734768877
2.9103930734768877
2.9103930734768877
2.9103930734768877
2.9103930734768877
2.9103930734768877
2.9103930734768877
2.9103930734768877
2.9103930734768877
2.9103930734768877
2.9103930734768877
2.9103930734768877
2.9103930734768877
2.9103930734768877
