1.6434176700350787
1.6434176700350787
1.6434176700350787
1.6434176700350787
1.6434176700350787
1.6434176700350787
1.6434176700350787
1.6434176700350787
1.6434176700350787
1.6434176700350787
1.6434176700350787
1.6434176700350787
1.6434176700350787
1.6434176700350787
1.6434176700350787
1.6434176700350787
1.6434176700350787
1.6434176700350787
1.6434176700350787
1.6434176700350787
1.6434176700350787
1.6434176700350787
1.6434176700350787
1.6434176700350787
1.6434176700350787
1.6434176700350787
1.6434176700350787
1.6434176700350787
1.6434176700350787
1.6434176700350787
1.6434176700350787
1.6434176700350787
1.6434176700350787
1.6434176700350787
1.6434176700350787
1.6434176700350787
1.6434176700350787
1.6434176700350787
1.6434176700350787
1.6434176700350787
1.6434176700350787
1.6434176700350787
1.6434176700350787
1.6434461240009939
1.6434609795947586
1.6434609795947586
1.6434609795947586
1.6434609795947586
1.6434681776626956
1.6434681776626956
1.6434681776626956
1.6434681776626956
1.6434681776626956
1.6434681776626956
1.6434681776626956
1.6434681776626956
1.6434681776626956
1.6434706428980455
1.6434706428980455
1.6434706428980455
1.6434707380734828
1.6434707380734828
1.6434707380734828
1.6434708111539422
1.6434714431272894
1.6434714901605436
1.64347157452403
1.64347157452403
1.643471593411236
1.643471593411236
1.643471593411236
1.6434716593615808
1.6434716593615808
1.6434716593615808
1.6434716593615808
1.6434716593615808
1.6434716610200484
1.6434716655624002
1.6434716655624002
1.6434716655624002
1.6434716655624002
1.64347166947294
1.6434716720336184
1.6434716720336184
1.6434716720336184
1.6434716732243375
1.6434716732243375
1.6434716732243375
1.6434716732243375
1.6434716732243375
1.6434716732243375
1.6434716732243375
1.6434716732243375
1.6434716732243375
1.6434716734033101
1.6434716734033101
1.6434716734033101
1.6434716734033101
1.6434716734033101
1.6434716734033101
1.6434716734033101
1.6434716734033101
1.6434716734094628
1.6434716734125732
1.6434716734125732
1.6434716734125732
1.6434716734251569
1.6434716734251569
1.6434716734251569
1.6434716734251569
1.6434716734251569
1.6434716734262507
1.6434716734262507
1.6434716734262507
1.6434716734262507
1.6434716734267973
1.6434716734273909
1.6434716734273909
1.6434716734273909
1.6434716734273909
1.6434716734273909
1.6434716734274242
1.6434716734277466
1.6434716734277466
1.643471673427839
1.643471673427839
1.643471673427839
1.643471673427839
1.6434716734278572
1.6434716734278572
1.6434716734278572
1.6434716734278672
1.6434716734278725
1.6434716734278836
1.6434716734279051
1.6434716734279107
1.6434716734279107
1.6434716734279107
1.6434716734279107
1.6434716734279249
1.6434716734279249
1.6434716734279249
1.6434716734279249
1.6434716734279249
1.6434716734279249
1.6434716734279249
1.6434716734279249
1.6434716734279249
1.6434716734279253
1.6434716734279253
1.6434716734279253
1.6434716734279253
1.6434716734279264
1.6434716734279264
1.6434716734279264
1.6434716734279264
1.6434716734279264
1.6434716734279264
1.6434716734279264
1.6434716734279264
1.6434716734279267
1.6434716734279267
1.6434716734279267
1.6434716734279267
1.6434716734279267
1.6434716734279267
1.6434716734279267
1.6434716734279267
1.6434716734279267
1.6434716734279267
1.6434716734279267
