1.4757661347518265
1.4757661347518265
1.4757661347518265
1.4757661347518265
1.4757661347518265
1.4757661347518265
1.4757661347518265
1.4757661347518265
1.4757661347518265
1.4757661347518265
1.4757661347518265
1.4757661347518265
1.4757661347518265
1.4757661347518265
1.4757661347518265
1.4757661347518265
1.4757661347518265
1.4757661347518265
1.4757661347518265
1.4757661347518265
1.4757661347518265
1.4757661347518265
1.4757661347518265
1.4757661347518265
1.4757661347518265
1.4757661347518265
1.4757661347518265
1.4757661347518265
1.4757661347518265
1.4757661347518265
1.4757661347518265
1.4757661347518265
1.4757661347518265
1.4757661347518265
1.4757661347518265
1.4757661347518265
1.4757661347518265
1.4757661347518265
1.4757661347518265
1.4757661347518265
1.4757661347518265
1.4757661347518265
1.4757661347518265
1.4757661347518265
1.4757661347518265
1.4757661347518265
1.4757781771701348
1.4757781771701348
1.4757781771701348
1.4757811059899741
1.4757811059899741
1.4757811059899741
1.4757811059899741
1.4757811059899741
1.4757829772947673
1.4757842883589067
1.4757850749974217
1.4757855469805417
1.475785830170418
1.47578662383319
1.475789791348805
1.4757919676714268
1.4757934032412576
1.4757942645828566
1.4757948266274636
1.4757963473225213
1.4757972636140702
1.4757979223947362
1.4757985948833376
1.475798603973121
1.4757988250861704
1.4757989146292465
1.4757990836916821
1.4757993258415298
1.4757994729344868
1.4757995611902592
1.47579970658121
1.4757998627553892
1.475800036017251
1.475800098270226
1.4758001482744136
1.4758001926802653
1.475800249244759
1.4758002875225094
1.4758003104891586
1.4758003557685255
1.4758003794606842
1.4758003978090088
1.4758004109219123
1.4758004230338988
1.4758004303010908
1.4758004346614058
1.475800439299732
1.4758004434270475
1.4758004489449879
1.4758004522557522
1.475800455852032
1.4758004606399378
1.4758004635126807
1.475800465236326
1.4758004662705135
1.4758004668910263
1.475800467263334
1.475800468542979
1.4758004694346538
1.4758004701034244
1.4758004703449337
1.4758004707432022
1.4758004711024242
1.4758004713686153
1.4758004715283302
1.4758004716241588
1.4758004717644337
1.4758004719647844
1.475800472094016
1.4758004721707791
1.4758004723117062
1.4758004723151825
1.4758004723851348
1.4758004723851348
1.475800472392892
1.4758004724198202
1.4758004724369886
1.4758004724478881
1.4758004724557972
1.4758004724667748
1.475800472472069
1.4758004724785494
1.4758004724817975
1.4758004724853324
1.4758004724885294
1.4758004724904479
1.4758004724923521
1.475800472495366
1.4758004724974891
1.4758004724987628
1.4758004724995273
1.4758004725005753
1.4758004725014755
1.4758004725020157
1.4758004725023397
1.4758004725025875
1.4758004725029563
1.4758004725032148
1.4758004725033702
1.4758004725034635
1.4758004725035194
1.4758004725036031
1.4758004725037093
1.4758004725037726
1.4758004725038107
1.4758004725038334
1.4758004725038552
1.4758004725038862
1.475800472503905
1.4758004725039164
1.4758004725039267
1.4758004725039429
1.475800472503952
1.4758004725039582
1.4758004725039615
1.4758004725039693
1.475800472503974
1.4758004725039768
1.4758004725039786
1.4758004725039804
1.4758004725039822
1.475800472503983
1.4758004725039837
1.4758004725039844
1.4758004725039855
1.475800472503986
1.4758004725039862
1.4758004725039864
1.4758004725039868
1.4758004725039873
1.4758004725039873
1.4758004725039873
1.4758004725039875
1.4758004725039877
1.475800472503988
1.4758004725039882
1.4758004725039882
1.4758004725039882
1.4758004725039882
1.4758004725039882
1.4758004725039882
1.4758004725039882
1.4758004725039882
