2.4120421914503622
2.4120421914503622
2.4120421914503622
2.4120421914503622
2.4120421914503622
2.4120421914503622
2.4120421914503622
2.4120421914503622
2.4120421914503622
2.4120421914503622
2.4120421914503622
2.4120421914503622
2.4120421914503622
2.4120421914503622
2.4120421914503622
2.4120421914503622
2.4120421914503622
2.4120421914503622
2.4120421914503622
2.4120421914503622
2.4120421914503622
2.4120421914503622
2.4120421914503622
2.4120421914503622
2.4120421914503622
2.4120421914503622
2.4120421914503622
2.4120421914503622
2.4120421914503622
2.4120421914503622
2.4120421914503622
2.4120421914503622
2.4120421914503622
2.4120421914503622
2.4120421914503622
2.4120421914503622
2.4120421914503622
2.4120421914503622
2.4120421914503622
2.4120421914503622
2.4120421914503622
2.4120421914503622
2.4120421914503622
2.4120421914503622
2.4120421914503622
2.4120421914503622
2.4120421914503622
2.4120421914503622
2.4120421914503622
2.4120421914503622
2.4120449387324614
2.4120449387324614
2.4120449387324614
2.4120449387324614
2.4120449387324614
2.4120449387324614
2.4120449387324614
2.412047127622929
2.4120503167481795
2.4120529056592677
2.4120544590058204
2.4120558867412507
2.4120570916488524
2.4120583211941904
2.412058896963707
2.412059066849712
2.412059458341745
2.4120597671852004
2.4120601153744463
2.4120603350825798
2.41206046690746
2.412060575057936
2.412060746258751
2.412060880369665
2.4120609785458735
2.4120610374515974
2.4120610727950322
2.4120610940010927
2.412061106724729
2.412061114358911
2.412061140685035
2.412061177349302
2.4120611997990693
2.41206121336381
2.4120612215026545
2.412061233370724
2.41206125593109
2.4120612694673107
2.4120612775890424
2.412061282462081
2.4120612915456072
2.4120612994259365
2.412061304154134
2.412061306991052
2.4120613086932035
2.4120613097144945
2.412061314021759
2.4120613178191905
2.412061320097649
2.4120613214647237
2.412061322284969
2.4120613227771157
2.4120613239214213
2.4120613246649745
2.4120613251111056
2.4120613253787853
2.41206132575128
2.412061325989815
2.4120613261329367
2.4120613262188098
2.4120613262862447
2.4120613263736588
2.4120613264261066
2.4120613264575756
2.4120613264764565
2.412061326505609
2.4120613265320734
2.4120613265479514
2.4120613265574784
2.412061326566557
2.4120613265762705
2.4120613265820983
2.412061326585595
2.4120613265903157
2.4120613265943422
2.412061326596758
2.4120613265982076
2.412061326599077
2.4120613265996003
2.4120613266008424
2.412061326601589
2.412061326602037
2.412061326602529
2.4120613266031095
2.4120613266034576
2.4120613266036672
2.4120613266038746
2.412061326604141
2.4120613266043014
2.412061326604398
2.4120613266045052
2.41206132660462
2.4120613266046877
2.412061326604729
2.4120613266047553
2.4120613266047943
2.4120613266048183
2.4120613266048334
2.412061326604842
2.4120613266048467
2.4120613266048583
2.4120613266048707
2.4120613266048783
2.412061326604883
2.412061326604892
2.4120613266048987
2.412061326604902
2.4120613266049062
2.412061326604911
2.412061326604914
2.4120613266049156
2.412061326604918
2.41206132660492
2.412061326604921
2.4120613266049222
2.4120613266049236
2.4120613266049244
2.4120613266049244
2.4120613266049244
2.412061326604925
2.412061326604925
2.412061326604925
2.412061326604925
2.412061326604925
2.412061326604925
2.412061326604925
2.412061326604925
2.412061326604925
2.412061326604925
2.412061326604925
2.412061326604925
2.412061326604925
2.412061326604925
2.412061326604925
2.412061326604925
2.412061326604925
2.412061326604925
