2.202358088996547
2.202358088996547
2.202358088996547
2.202358088996547
2.202358088996547
2.202358088996547
2.202358088996547
2.202358088996547
2.202358088996547
2.202358088996547
2.202358088996547
2.202358088996547
2.202358088996547
2.202358088996547
2.202358088996547
2.202358088996547
2.202358088996547
2.202358088996547
2.202358088996547
2.202358088996547
2.202358088996547
2.202358088996547
2.202358088996547
2.202358088996547
2.202358088996547
2.202358088996547
2.202358088996547
2.202358088996547
2.202358088996547
2.202358088996547
2.202358088996547
2.202358088996547
2.202358088996547
2.202358088996547
2.202358088996547
2.202358088996547
2.202358088996547
2.202358088996547
2.202358088996547
2.202358088996547
2.202358088996547
2.202358088996547
2.202358088996547
2.202358088996547
2.202358088996547
2.202358088996547
2.202358088996547
2.202358088996547
2.202358088996547
2.202358088996547
2.202358088996547
2.202358088996547
2.202358088996547
2.202358088996547
2.202358088996547
2.202358088996547
2.202358088996547
2.202358088996547
2.202358192667836
2.202358192667836
2.202358192667836
2.2023588065189155
2.2023613244799236
2.2023631893460927
2.2023645408333055
2.2023653517256836
2.2023667761167123
2.2023685600531135
2.2023696304147746
2.202370345701838
2.202371275246887
2.2023719583977983
2.2023725649304535
2.2023729411981505
2.2023731669587656
2.2023733024151335
2.202373385364632
2.2023736883832563
2.202374032088385
2.2023741567404063
2.20237425878893
2.202374383730746
2.202374551477593
2.202374655870559
2.2023747185063396
2.2023747591977303
2.2023748686198985
2.2023749345616066
2.2023749741266316
2.2023749978656464
2.202375012109056
2.202375031471768
2.202375054100225
2.202375067677299
2.202375075823544
2.202375083952279
2.202375092435771
2.2023750975258665
2.202375101163185
2.20237510507701
2.2023751075701847
2.2023751090660904
2.2023751105472105
2.2023751117731067
2.202375112508645
2.2023751129499676
2.2023751132878875
2.202375113767801
2.202375114071246
2.202375114255356
2.2023751143658217
2.2023751144321015
2.202375114661731
2.202375114875913
2.2023751150044224
2.2023751150815287
2.202375115127792
2.20237511515555
2.2023751152459705
2.202375115316746
2.202375115359211
2.202375115384691
2.2023751154380826
2.202375115492088
2.2023751155244913
2.202375115543933
2.2023751155555984
2.2023751155625972
2.202375115586789
2.2023751156090787
2.2023751156224525
2.202375115630477
2.2023751156352915
2.2023751156538873
2.2023751156678855
2.2023751156762845
2.2023751156813245
2.2023751156843483
2.2023751156861624
2.202375115687251
2.2023751156879046
2.2023751156882962
2.202375115689473
2.202375115690912
2.2023751156917757
2.2023751156923868
2.202375115693403
2.2023751156940126
2.202375115694379
2.2023751156945983
2.2023751156948177
2.2023751156951756
2.20237511569539
2.202375115695519
2.202375115695596
2.2023751156957165
2.2023751156958196
2.202375115695882
2.2023751156959195
2.202375115695942
2.2023751156960016
2.2023751156960394
2.202375115696062
2.2023751156960856
2.202375115696113
2.20237511569613
2.2023751156961398
2.202375115696146
2.202375115696151
2.202375115696155
2.2023751156961575
2.202375115696159
2.20237511569616
2.202375115696162
2.202375115696163
2.2023751156961633
2.202375115696164
2.2023751156961646
2.202375115696165
2.2023751156961655
2.2023751156961655
2.202375115696166
2.202375115696166
2.202375115696166
2.202375115696166
2.202375115696166
2.202375115696166
2.202375115696166
2.202375115696166
2.202375115696166
2.202375115696166
2.202375115696166
2.202375115696166
