1.6590825596992556
1.6590825596992556
1.6590825596992556
1.6590825596992556
1.6590825596992556
1.6590825596992556
1.6590825596992556
1.6590825596992556
1.6590825596992556
1.6590825596992556
1.6590825596992556
1.6590825596992556
1.6590825596992556
1.6590825596992556
1.6590825596992556
1.6590825596992556
1.6590825596992556
1.6590825596992556
1.6590825596992556
1.6590825596992556
1.6590825596992556
1.6590825596992556
1.6590825596992556
1.6590825596992556
1.6590825596992556
1.6590825596992556
1.6590825596992556
1.6590825596992556
1.6590825596992556
1.6590825596992556
1.6590825596992556
1.6590825596992556
1.6590825596992556
1.6590825596992556
1.6590825596992556
1.6590825596992556
1.6590825596992556
1.6590825596992556
1.6590825596992556
1.6590825596992556
1.6590825596992556
1.6590825596992556
1.6590825596992556
1.6590825596992556
1.6590825596992556
1.6590825596992556
1.6590825596992556
1.6590825596992556
1.6590825596992556
1.6590825596992556
1.6590825596992556
1.6590825596992556
1.6590825596992556
1.6590825596992556
1.6590825596992556
1.6590829985079787
1.6590829985079787
1.6590829985079787
1.6590829985079787
1.6590833108693819
1.659084365529149
1.659084365529149
1.6590860346370655
1.6590863319922795
1.6590866920999914
1.659087477903416
1.6590877565536237
1.6590884405367148
1.6590890466975574
1.6590894103939837
1.6590897312854043
1.659090156784265
1.6590904168998444
1.659090572969179
1.659090659223293
1.6590908324286446
1.6590909921524104
1.6590910879866658
1.6590911454872173
1.6590911799875474
1.6590912185191358
1.6590912741149766
1.6590913161783916
1.6590913476332945
1.6590913675492869
1.6590913840056896
1.6590914004579478
1.6590914084672563
1.6590914135674666
1.6590914178319593
1.6590914267377268
1.6590914333258315
1.659091435983419
1.6590914384981792
1.6590914412763813
1.6590914449666558
1.6590914471808205
1.659091448509319
1.6590914493064184
1.6590914497846778
1.6590914509450516
1.65909145215293
1.6590914530215546
1.659091453739265
1.659091454072142
1.6590914544783095
1.6590914547556774
1.6590914549382791
1.6590914550234594
1.6590914551013645
1.659091455174712
1.6590914552049316
1.6590914552531377
1.6590914553054634
1.6590914553409806
1.659091455362291
1.6590914553756997
1.6590914554042648
1.6590914554252514
1.6590914554383822
1.6590914554462604
1.6590914554509872
1.6590914554544078
1.6590914554600225
1.6590914554654295
1.6590914554686738
1.6590914554706206
1.659091455472285
1.6590914554762735
1.6590914554789586
1.6590914554804228
1.6590914554813674
1.6590914554819338
1.659091455483377
1.6590914554845206
1.659091455485207
1.659091455485619
1.6590914554860496
1.6590914554863767
1.659091455486635
1.6590914554868221
1.659091455486948
1.6590914554870233
1.6590914554872385
1.6590914554873948
1.6590914554874892
1.6590914554875456
1.6590914554876077
1.6590914554876774
1.6590914554877207
1.659091455487747
1.6590914554877625
1.6590914554877718
1.6590914554877776
1.6590914554877878
1.6590914554877956
1.6590914554878005
1.6590914554878031
1.6590914554878071
1.659091455487811
1.6590914554878138
1.6590914554878151
1.659091455487816
1.6590914554878164
1.6590914554878176
1.6590914554878184
1.6590914554878191
1.6590914554878196
1.6590914554878202
1.6590914554878202
1.6590914554878207
1.6590914554878207
1.6590914554878207
1.6590914554878209
1.6590914554878209
1.659091455487821
1.659091455487821
1.659091455487821
1.659091455487821
1.659091455487821
1.659091455487821
1.659091455487821
1.659091455487821
1.659091455487821
1.659091455487821
1.659091455487821
