1.6381238393838942
1.6381238393838942
1.6381238393838942
1.6381238393838942
1.6381238393838942
1.6381238393838942
1.6381238393838942
1.6381238393838942
1.6381238393838942
1.6381238393838942
1.6381238393838942
1.6381238393838942
1.6381238393838942
1.6381238393838942
1.6381238393838942
1.6381238393838942
1.6381238393838942
1.6381238393838942
1.6381238393838942
1.6381238393838942
1.6381238393838942
1.6381238393838942
1.6381238393838942
1.6381238393838942
1.6381238393838942
1.6381238393838942
1.6381238393838942
1.6381238393838942
1.6381238393838942
1.6381238393838942
1.6381238393838942
1.6381238393838942
1.6381238393838942
1.6381238393838942
1.6381238393838942
1.6381238393838942
1.6381238393838942
1.6381238393838942
1.6381238393838942
1.6381238393838942
1.6381238393838942
1.6381238393838942
1.6381238393838942
1.6381238393838942
1.6381238393838942
1.6381238393838942
1.6381238393838942
1.6381238393838942
1.6381238393838942
1.6381238393838942
1.6381238393838942
1.6381238393838942
1.6381238393838942
1.6381238393838942
1.6381238393838942
1.6381238393838942
1.6381238393838942
1.6381238393838942
1.6381238393838942
1.6381238393838942
1.6381238393838942
1.6381252188650055
1.6381252188650055
1.6381270340760474
1.6381274939158885
1.6381274939158885
1.6381288340999252
1.638128933311379
1.638129080319789
1.638129080319789
1.6381296660690114
1.6381298877728643
1.638130267493144
1.6381305078421031
1.638130789384876
1.638131064378062
1.6381312293739858
1.6381313283715444
1.6381314354322598
1.638131592981128
1.6381316875104555
1.6381317442280539
1.6381317782586138
1.6381318013429231
1.638131879256089
1.6381319288638527
1.6381319586285112
1.6381319764873068
1.6381320054040187
1.6381320293989965
1.638132054102162
1.6381320626665932
1.6381320816191292
1.6381320974993268
1.6381321074852724
1.6381321137255649
1.6381321252338275
1.6381321330342034
1.6381321378970188
1.6381321408994174
1.6381321449188992
1.6381321504362047
1.6381321533296405
1.6381321553582533
1.6381321565754212
1.6381321583877264
1.638132160812899
1.6381321622680023
1.6381321631659147
1.6381321640451754
1.6381321651038143
1.6381321658287842
1.6381321662169535
1.6381321663672914
1.6381321666047268
1.6381321668452897
1.6381321670392381
1.6381321671256437
1.638132167177487
1.6381321672396616
1.6381321673164808
1.6381321673625717
1.638132167390227
1.638132167409455
1.6381321674323606
1.6381321674569982
1.6381321674717813
1.6381321674806506
1.638132167486079
1.6381321674948146
1.6381321675060794
1.6381321675128382
1.6381321675168934
1.6381321675193266
1.6381321675225242
1.6381321675257028
1.6381321675276126
1.638132167528772
1.6381321675294764
1.6381321675304175
1.6381321675310523
1.6381321675314333
1.6381321675316831
1.6381321675318958
1.6381321675321552
1.6381321675323126
1.6381321675324076
1.6381321675325236
1.6381321675326035
1.6381321675326512
1.6381321675326832
1.6381321675327083
1.6381321675327394
1.6381321675327587
1.6381321675327698
1.6381321675327771
1.6381321675327811
1.6381321675327893
1.6381321675328
1.6381321675328062
1.6381321675328102
1.6381321675328124
1.638132167532814
1.6381321675328178
1.6381321675328202
1.638132167532822
1.6381321675328226
1.6381321675328233
1.638132167532824
1.6381321675328249
1.6381321675328253
1.6381321675328255
1.638132167532826
1.6381321675328264
1.6381321675328264
1.6381321675328264
1.6381321675328266
1.6381321675328266
1.6381321675328266
1.6381321675328266
1.6381321675328266
1.6381321675328266
1.6381321675328266
1.6381321675328266
1.6381321675328266
1.6381321675328266
1.6381321675328266
1.6381321675328266
1.6381321675328266
1.6381321675328266
1.6381321675328266
1.6381321675328266
1.6381321675328266
1.6381321675328266
1.6381321675328266
1.6381321675328266
