1.2058522826549225
1.2058522826549225
1.2058522826549225
1.2058522826549225
1.2058522826549225
1.2058522826549225
1.2058522826549225
1.2058522826549225
1.2058522826549225
1.2058522826549225
1.2058522826549225
1.2058522826549225
1.2058522826549225
1.2058522826549225
1.2058522826549225
1.2058522826549225
1.2058522826549225
1.2058522826549225
1.2058522826549225
1.2058522826549225
1.2058522826549225
1.2058522826549225
1.2058522826549225
1.2058522826549225
1.2058522826549225
1.2058522826549225
1.2058522826549225
1.2058522826549225
1.2058522826549225
1.2058522826549225
1.205863696917883
1.205863696917883
1.205863696917883
1.205863696917883
1.205863696917883
1.205863696917883
1.205863696917883
1.205863696917883
1.205863696917883
1.205863696917883
1.205863696917883
1.205863696917883
1.205863696917883
1.2058707830552922
1.2058707830552922
1.2058707830552922
1.2058707830552922
1.2058740229010525
1.2058740229010525
1.2058748190727129
1.2058758435158123
1.205876458183675
1.2058768269851141
1.2058770482662369
1.205877181035004
1.2058787530611075
1.2058787530611075
1.2058796081487173
1.2058796081487173
1.2058796081487173
1.2058798387528957
1.2058805989016248
1.2058811872262216
1.2058815402215257
1.2058817520189051
1.2058818808176097
1.205881968478211
1.2058822108173148
1.2058825360916743
1.2058828865639286
1.2058828865639286
1.2058829415797487
1.2058831114355428
1.2058832921828981
1.205883410372418
1.2058834812861452
1.2058836007371134
1.2058837760585022
1.2058838620665162
1.205883923568385
1.2058839628052214
1.2058840220919935
1.2058840601349348
1.2058841308134374
1.205884144888605
1.205884153333706
1.2058841737229447
1.2058842051928957
1.205884222859833
1.2058842348167167
1.2058842543821893
1.2058842635485967
1.2058842746368725
1.2058842777139107
1.2058842810538406
1.2058842863848116
1.2058842898754747
1.2058842919698727
1.205884293226511
1.205884295345007
1.2058842974553723
1.2058842987812546
1.2058842998858785
1.205884301509075
1.2058843024895944
1.2058843030779063
1.2058843036034659
1.2058843042909384
1.2058843047206973
1.2058843049785524
1.205884305133266
1.2058843052456176
1.2058843054252029
1.2058843055341635
1.2058843055995399
1.2058843056387658
1.2058843056623012
1.2058843057101707
1.2058843057815065
1.2058843058243083
1.205884305849989
1.2058843058653979
1.205884305884275
1.2058843059052882
1.205884305917896
1.2058843059254607
1.2058843059316802
1.2058843059394868
1.2058843059441708
1.2058843059469815
1.205884305948668
1.2058843059496798
1.205884305950957
1.2058843059520201
1.205884305952658
1.2058843059530406
1.2058843059534143
1.205884305954102
1.2058843059545141
1.2058843059547617
1.205884305955011
1.2058843059553257
1.2058843059555144
1.2058843059556277
1.2058843059556958
1.205884305955808
1.2058843059558992
1.2058843059559543
1.2058843059559867
1.2058843059560111
1.2058843059560551
1.2058843059560818
1.2058843059560973
1.205884305956107
1.205884305956116
1.2058843059561317
1.2058843059561415
1.2058843059561475
1.205884305956154
1.2058843059561597
1.2058843059561635
1.2058843059561652
1.2058843059561666
1.2058843059561675
1.2058843059561688
1.2058843059561695
1.2058843059561701
1.2058843059561704
1.205884305956171
1.2058843059561715
1.2058843059561715
1.2058843059561715
1.2058843059561715
1.2058843059561717
1.2058843059561717
1.2058843059561717
1.205884305956172
1.205884305956172
1.205884305956172
1.205884305956172
1.205884305956172
1.205884305956172
1.205884305956172
1.205884305956172
1.205884305956172
1.205884305956172
1.205884305956172
1.205884305956172
1.205884305956172
1.205884305956172
1.205884305956172
1.205884305956172
