1.491485170188076
1.491485170188076
1.491485170188076
1.491485170188076
1.491485170188076
1.491485170188076
1.491485170188076
1.491485170188076
1.491485170188076
1.491485170188076
1.491485170188076
1.491485170188076
1.491485170188076
1.491485170188076
1.491485170188076
1.491485170188076
1.491485170188076
1.491485170188076
1.491485170188076
1.491485170188076
1.491485170188076
1.491485170188076
1.491485170188076
1.491485170188076
1.491485170188076
1.491485170188076
1.491485170188076
1.491485170188076
1.491485170188076
1.491485170188076
1.491485170188076
1.491485170188076
1.491485170188076
1.491485170188076
1.491485170188076
1.491485170188076
1.491485170188076
1.491485170188076
1.491485170188076
1.491485170188076
1.491485170188076
1.491485170188076
1.491485170188076
1.491485170188076
1.491485170188076
1.491485170188076
1.491485170188076
1.491485170188076
1.491485170188076
1.491485170188076
1.491485170188076
1.491485170188076
1.491485170188076
1.491485170188076
1.491485170188076
1.491487738005376
1.491487738005376
1.491487738005376
1.491487738005376
1.491487738005376
1.4914900583274273
1.4914900583274273
1.4914900583274273
1.4914900583274273
1.4914900583274273
1.4914905554100641
1.4914917056209274
1.4914930337468426
1.491493830622123
1.4914945030712508
1.4914946992480262
1.4914949335485093
1.491495995952714
1.4914960859516146
1.49149619458437
1.491496479188924
1.4914967943173274
1.4914969833943454
1.4914970968405479
1.491497164908266
1.4914972196395122
1.491497316243811
1.4914973679416819
1.4914974198849498
1.4914974681911382
1.4914974977543638
1.4914974977543638
1.4914975210148085
1.4914975251391147
1.491497529316149
1.4914975312993386
1.4914975315402537
1.4914975322875967
1.4914975328435773
1.4914975356605151
1.4914975367339478
1.4914975378864115
1.4914975392004084
1.4914975399867447
1.491497541357713
1.4914975421813315
1.4914975426755026
1.4914975438676892
1.4914975456603896
1.4914975467360096
1.4914975473813818
1.4914975477737435
1.4914975484994604
1.4914975491995828
1.4914975496196565
1.4914975499136982
1.4914975504100232
1.4914975507078183
1.4914975508864952
1.4914975509937014
1.4914975511261022
1.491497551241
1.4914975513099393
1.4914975513513027
1.4914975513764774
1.4914975514317241
1.4914975514703923
1.4914975514935933
1.4914975515189501
1.491497551546322
1.4914975515627455
1.4914975515725994
1.4914975515785123
1.491497551583505
1.4914975515901951
1.4914975515942088
1.4914975515966173
1.4914975515980624
1.4914975516010156
1.4914975516034115
1.4914975516048492
1.49149755160648
1.4914975516079059
1.4914975516087616
1.4914975516092868
1.4914975516098805
1.4914975516102575
1.4914975516104838
1.4914975516106197
1.491497551610702
1.4914975516108462
1.4914975516109328
1.4914975516109845
1.4914975516110158
1.4914975516110591
1.4914975516110889
1.4914975516111066
1.4914975516111277
1.4914975516111442
1.491497551611154
1.4914975516111606
1.4914975516111706
1.4914975516111766
1.4914975516111801
1.4914975516111832
1.4914975516111864
1.4914975516111884
1.4914975516111897
1.491497551611191
1.4914975516111924
1.491497551611193
1.4914975516111935
1.491497551611194
1.491497551611194
1.491497551611194
1.491497551611194
1.491497551611194
1.491497551611194
1.491497551611194
1.491497551611194
1.491497551611194
1.491497551611194
1.491497551611194
1.491497551611194
1.491497551611194
1.491497551611194
1.491497551611194
1.491497551611194
1.491497551611194
1.491497551611194
1.491497551611194
1.491497551611194
