2.374555456463473
2.374555456463473
2.374555456463473
2.374555456463473
2.374555456463473
2.374555456463473
2.374555456463473
2.374555456463473
2.374555456463473
2.374555456463473
2.374555456463473
2.374555456463473
2.374555456463473
2.374555456463473
2.374555456463473
2.374555456463473
2.374555456463473
2.374555456463473
2.374555456463473
2.374555456463473
2.374555456463473
2.374555456463473
2.374555456463473
2.374555456463473
2.374555456463473
2.374555456463473
2.374555456463473
2.374555456463473
2.374555456463473
2.374555456463473
2.374555456463473
2.374555456463473
2.374555456463473
2.374555456463473
2.374555456463473
2.374555456463473
2.374555456463473
2.374555456463473
2.374555456463473
2.374555456463473
2.374555456463473
2.374555456463473
2.374555456463473
2.374555456463473
2.374555456463473
2.374555456463473
2.374555456463473
2.374555456463473
2.3745632262230925
2.3745632262230925
2.3745632262230925
2.3745632262230925
2.3745632262230925
2.3745632262230925
2.3745632262230925
2.3745661532115716
2.3745661532115716
2.3745661532115716
2.374568318976137
2.374568318976137
2.374568318976137
2.374568318976137
2.3745691159907016
2.3745708738030737
2.374571928492554
2.374576244311309
2.3745764830045086
2.3745788390538665
2.3745818085610075
2.3745835902678865
2.374585431004788
2.374586576527491
2.374588401614417
2.374589496667513
2.3745906121822467
2.3745912720361257
2.3745927579072803
2.3745936984220846
2.3745942627311583
2.3745946013166708
2.3745948636681478
2.374595520329953
2.3745961185758264
2.374596652749706
2.374596887929179
2.374597138346603
2.3745973886226244
2.374597552911465
2.3745977513460517
2.3745978907503136
2.3745978969588544
2.3745979604169887
2.374597998491869
2.374598021336797
2.374598113775286
2.3745981902168793
2.3745982360818343
2.3745982636008103
2.3745982801121945
2.374598290019026
2.374598295963123
2.3745983379736435
2.374598358759255
2.374598372515989
2.3745983882534554
2.374598396285544
2.374598408922422
2.3745984165045484
2.374598422010904
2.3745984248998018
2.374598428960129
2.3745984312658863
2.374598432429693
2.374598433647331
2.3745984344110185
2.374598434893186
2.374598435618049
2.374598435618049
2.3745984358778305
2.374598436044086
2.374598436210547
2.374598436402236
2.3745984364169805
2.3745984365482773
2.374598436627055
2.3745984366743222
2.37459843668477
2.37459843673587
2.3745984368219055
2.3745984368874398
2.3745984369306954
2.374598436956647
2.3745984369722177
2.3745984369973683
2.3745984370207176
2.3745984370401954
2.374598437051882
2.3745984370610533
2.374598437075082
2.374598437085029
2.3745984370909974
2.3745984370945767
2.374598437096726
2.374598437098015
2.374598437101378
2.3745984371050164
2.374598437107069
2.3745984371088866
2.3745984371110764
2.3745984371128412
2.3745984371138995
2.3745984371145354
2.374598437115141
2.3745984371157074
2.374598437116117
2.3745984371163624
2.3745984371165094
2.3745984371168367
2.3745984371170987
2.374598437117256
2.3745984371173496
2.374598437117406
2.374598437117482
2.374598437117564
2.374598437117614
2.3745984371176445
2.3745984371176814
2.3745984371177093
2.3745984371177253
2.374598437117736
2.374598437117743
2.374598437117752
2.3745984371177573
2.3745984371177604
2.374598437117764
2.3745984371177666
2.3745984371177684
2.3745984371177697
2.37459843711777
2.37459843711777
2.374598437117771
2.374598437117771
2.374598437117772
2.374598437117772
2.374598437117772
2.374598437117772
2.374598437117772
2.374598437117772
2.374598437117772
2.374598437117772
2.374598437117772
2.374598437117772
2.374598437117772
2.374598437117772
2.374598437117772
2.374598437117772
2.374598437117772
2.374598437117772
2.374598437117772
2.374598437117772
2.374598437117772
2.374598437117772
2.374598437117772
2.374598437117772
2.374598437117772
2.374598437117772
