2.8719133162308603
2.8719133162308603
2.8719133162308603
2.8719133162308603
2.8719133162308603
2.8719133162308603
2.8719133162308603
2.8719133162308603
2.8719133162308603
2.8719133162308603
2.8719133162308603
2.8719133162308603
2.8719133162308603
2.8719133162308603
2.8719133162308603
2.8719133162308603
2.8719133162308603
2.8719133162308603
2.8719133162308603
2.8719133162308603
2.8719133162308603
2.8719133162308603
2.8719133162308603
2.8719133162308603
2.8719133162308603
2.8719133162308603
2.8719133162308603
2.8719133162308603
2.8719133162308603
2.8719133162308603
2.8719133162308603
2.8719133162308603
2.8719133162308603
2.8719133162308603
2.8719133162308603
2.8719133162308603
2.8719133162308603
2.8719133162308603
2.8719133162308603
2.8719133162308603
2.8719133162308603
2.8719133162308603
2.8719133162308603
2.871971665257811
2.871971665257811
2.871971665257811
2.871971665257811
2.871994335481727
2.871994335481727
2.871994335481727
2.871994335481727
2.871998802364553
2.8720175377286115
2.8720334589553027
2.8720430116891555
2.8720487433286896
2.8720554485859733
2.8720605744995753
2.8720640038607765
2.8720663638662867
2.872069030049373
2.872070721299963
2.8720717360507324
2.8720724156078847
2.8720739213641178
2.8720751115112058
2.872075825599656
2.8720763337713473
2.8720768754351536
2.8720768754351536
2.8720773591423
2.8720778342357907
2.87207813666723
2.87207854525954
2.872078859461564
2.8720790131221974
2.872079285570046
2.872079362001783
2.8720795453891768
2.8720795851879912
2.8720796358305285
2.8720797915276606
2.8720797951487165
2.8720798390097917
2.8720798713824056
2.8720799171178344
2.87207995981479
2.8720799854329653
2.8720800008038685
2.872080010026412
2.872080051097872
2.872080073561293
2.872080093042647
2.872080104433607
2.872080111475505
2.872080125284937
2.8720801337236406
2.8720801387868637
2.8720801472886577
2.8720801531633215
2.8720801586274782
2.8720801619333147
2.872080163986148
2.8720801649287995
2.8720801656672768
2.872080166924401
2.8720801676243037
2.872080168044246
2.872080168448933
2.8720801688642177
2.872080169006444
2.872080169215952
2.872080169387384
2.8720801694721465
2.8720801695586604
2.872080169690311
2.872080169739841
2.872080169769559
2.8720801697917016
2.87208016982802
2.872080169864396
2.872080169891165
2.872080169904859
2.8720801699132164
2.8720801699228478
2.8720801699228478
2.872080169930285
2.872080169930285
2.872080169932427
2.8720801699335756
2.8720801699342644
2.8720801699348266
2.872080169936083
2.872080169936818
2.8720801699372585
2.8720801699375222
2.8720801699380285
2.8720801699382434
2.8720801699383722
2.8720801699385508
2.872080169938662
2.8720801699387906
2.872080169938886
2.8720801699389424
2.872080169938976
2.8720801699390246
2.872080169939077
2.872080169939114
2.872080169939137
2.872080169939166
2.872080169939166
2.8720801699391822
2.8720801699391822
2.8720801699391885
2.8720801699391902
2.872080169939193
2.8720801699391965
2.872080169939199
2.872080169939201
2.872080169939202
2.8720801699392036
2.8720801699392045
2.8720801699392053
2.8720801699392067
2.8720801699392067
2.8720801699392067
2.8720801699392067
2.8720801699392067
2.872080169939207
2.872080169939207
2.872080169939207
2.872080169939207
2.872080169939207
2.872080169939207
2.872080169939207
2.872080169939207
2.872080169939207
2.872080169939207
2.872080169939207
2.872080169939207
2.872080169939207
2.872080169939207
2.872080169939207
2.872080169939207
2.872080169939207
2.872080169939207
2.872080169939207
2.872080169939207
2.872080169939207
2.872080169939207
2.872080169939207
2.872080169939207
2.872080169939207
2.872080169939207
2.872080169939207
