1.3991603212345867
1.3991603212345867
1.3991603212345867
1.3991603212345867
1.3991603212345867
1.3991603212345867
1.3991603212345867
1.3991603212345867
1.3991603212345867
1.3991603212345867
1.3991603212345867
1.3991603212345867
1.3991603212345867
1.3991603212345867
1.3991603212345867
1.3991603212345867
1.3991603212345867
1.3991603212345867
1.3991603212345867
1.3991603212345867
1.3991603212345867
1.3991603212345867
1.3991603212345867
1.3991603212345867
1.3991603212345867
1.3991603212345867
1.3991603212345867
1.3991603212345867
1.3991603212345867
1.3991603212345867
1.3991603212345867
1.3991603212345867
1.3991603212345867
1.3991603212345867
1.3991603212345867
1.3991603212345867
1.3991603212345867
1.3991603212345867
1.3991603212345867
1.3991603212345867
1.3991603212345867
1.3991603212345867
1.3991603212345867
1.3991603212345867
1.3991603212345867
1.3991603212345867
1.3991603212345867
1.3991603212345867
1.3991603212345867
1.399161502159766
1.399161502159766
1.399161502159766
1.399161502159766
1.399162983780282
1.399162983780282
1.399162983780282
1.399162983780282
1.399162983780282
1.399163771825991
1.399163771825991
1.399163771825991
1.399163771825991
1.399163771825991
1.3991641521778453
1.3991641850696424
1.3991641850696424
1.3991655820259175
1.3991655820259175
1.3991655820259175
1.399165743844673
1.3991660806685597
1.3991666463297197
1.399166752983227
1.3991669914289224
1.3991673348197384
1.3991675862672406
1.3991677371357023
1.399167866600997
1.3991680086697107
1.399168122093016
1.399168190146993
1.3991682182243323
1.399168278004494
1.3991683138725899
1.3991683389185103
1.3991683553380914
1.3991683717941805
1.3991683890610174
1.3991683997061246
1.399168405777408
1.3991684118068766
1.3991684144876146
1.3991684197479732
1.3991684208936803
1.3991684223768837
1.3991684241103441
1.399168425843858
1.399168426803367
1.3991684270376397
1.399168427701231
1.3991684288250343
1.3991684294282476
1.399168429588157
1.3991684301337988
1.3991684305493222
1.3991684308470378
1.399168431043865
1.3991684311619617
1.3991684314312063
1.3991684317071407
1.3991684318756472
1.3991684319767514
1.399168432037414
1.3991684322065476
1.399168432393508
1.3991684325056846
1.399168432592483
1.3991684326845677
1.3991684327579876
1.3991684328020388
1.3991684328284697
1.3991684328501242
1.3991684328737033
1.3991684328878502
1.3991684328964993
1.3991684329084657
1.399168432918446
1.3991684329244347
1.3991684329280274
1.399168432933794
1.3991684329410725
1.3991684329454401
1.3991684329480607
1.3991684329496326
1.3991684329527982
1.3991684329552865
1.3991684329567802
1.399168432957676
1.3991684329582137
1.399168432958536
1.399168432958851
1.3991684329593586
1.399168432959663
1.3991684329598455
1.3991684329599559
1.3991684329601395
1.3991684329602831
1.399168432960369
1.399168432960421
1.3991684329604717
1.3991684329605372
1.3991684329605765
1.3991684329606
1.3991684329606144
1.3991684329606346
1.3991684329606509
1.3991684329606613
1.3991684329606673
1.3991684329606706
1.3991684329606744
1.3991684329606788
1.3991684329606808
1.3991684329606826
1.3991684329606844
1.399168432960686
1.3991684329606866
1.399168432960687
1.3991684329606877
1.3991684329606886
1.3991684329606886
1.3991684329606886
1.3991684329606886
1.3991684329606886
1.3991684329606886
1.3991684329606886
1.3991684329606886
1.3991684329606886
1.3991684329606886
1.3991684329606886
1.3991684329606886
1.3991684329606886
1.3991684329606886
1.3991684329606886
1.3991684329606886
1.3991684329606886
1.3991684329606886
1.3991684329606886
1.3991684329606886
