2.0699674820726806
2.0699674820726806
2.0699674820726806
2.0699674820726806
2.0699674820726806
2.0699674820726806
2.0699674820726806
2.0699674820726806
2.0699674820726806
2.0699674820726806
2.0699674820726806
2.0699674820726806
2.0699674820726806
2.0699674820726806
2.0699674820726806
2.0699674820726806
2.0699674820726806
2.0699674820726806
2.0699674820726806
2.0699674820726806
2.0699674820726806
2.0699674820726806
2.0699674820726806
2.0699674820726806
2.0699674820726806
2.0699674820726806
2.0699674820726806
2.0699674820726806
2.0699674820726806
2.0699674820726806
2.0699674820726806
2.0699674820726806
2.0699674820726806
2.0699674820726806
2.0699674820726806
2.0699674820726806
2.0699674820726806
2.0699674820726806
2.0699674820726806
2.0699674820726806
2.0699674820726806
2.0699674820726806
2.0699674820726806
2.0699674820726806
2.0699674820726806
2.0699674820726806
2.0699674820726806
2.0699674820726806
2.0699674820726806
2.0699674820726806
2.0699674820726806
2.0699674820726806
2.06996860926407
2.06996860926407
2.06996860926407
2.0699692363172586
2.0699692363172586
2.0699692363172586
2.0699696668232126
2.069969764108381
2.069970072897934
2.0699702581716948
2.0699710574556898
2.0699710574556898
2.0699710574556898
2.0699713775250936
2.0699713775250936
2.0699715023479834
2.069971704754229
2.0699718637162996
2.0699722717864115
2.06997238432915
2.0699726601133044
2.0699728636229384
2.0699731382634408
2.0699731457203354
2.0699732445004977
2.0699733442554167
2.0699734881439746
2.069973544320303
2.0699736013463714
2.069973656844104
2.0699737007000927
2.0699737167436756
2.0699737263698257
2.0699737435752468
2.06997378560718
2.069973810874386
2.069973824402192
2.0699738322577748
2.0699738388718973
2.0699738418202296
2.0699738470989
2.0699738470989
2.0699738472810405
2.069973848333254
2.0699738489645827
2.0699738500989247
2.069973851231274
2.0699738521819073
2.0699738527675766
2.0699738533494725
2.069973853729773
2.069973854052632
2.0699738542944894
2.0699738544524067
2.069973854547158
2.069973854628629
2.069973854759079
2.069973854866673
2.069973854931229
2.0699738549758298
2.0699738550056552
2.0699738550571354
2.069973855097094
2.0699738551210696
2.069973855135455
2.0699738551502884
2.069973855166499
2.0699738551762255
2.069973855182902
2.0699738551880844
2.0699738551940277
2.0699738551975946
2.069973855199834
2.0699738552019897
2.0699738552037856
2.0699738552049096
2.0699738552057823
2.0699738552066296
2.069973855207262
2.069973855207643
2.0699738552078863
2.0699738552082056
2.069973855208454
2.0699738552086027
2.0699738552086924
2.0699738552087616
2.0699738552088363
2.0699738552088967
2.0699738552089335
2.0699738552089553
2.069973855208968
2.069973855208976
2.0699738552089886
2.069973855209001
2.069973855209008
2.069973855209013
2.0699738552090157
2.0699738552090214
2.069973855209029
2.069973855209033
2.0699738552090357
2.0699738552090374
2.0699738552090414
2.0699738552090445
2.069973855209046
2.069973855209047
2.069973855209049
2.06997385520905
2.0699738552090508
2.069973855209051
2.069973855209051
2.069973855209052
2.0699738552090525
2.069973855209053
2.069973855209053
2.069973855209053
2.069973855209053
2.069973855209053
2.069973855209053
2.069973855209053
2.069973855209053
2.069973855209053
2.069973855209053
2.069973855209053
2.069973855209053
2.069973855209053
2.069973855209053
2.069973855209053
2.069973855209053
2.069973855209053
2.069973855209053
2.069973855209053
2.069973855209053
2.069973855209053
2.069973855209053
2.069973855209053
