1.955403376678376
1.955403376678376
1.955403376678376
1.955403376678376
1.955403376678376
1.955403376678376
1.955403376678376
1.955403376678376
1.955403376678376
1.955403376678376
1.955403376678376
1.955403376678376
1.955403376678376
1.955403376678376
1.955403376678376
1.955403376678376
1.955403376678376
1.955403376678376
1.955403376678376
1.955403376678376
1.955403376678376
1.955403376678376
1.955403376678376
1.955403376678376
1.955403376678376
1.955403376678376
1.955403376678376
1.955403376678376
1.955403376678376
1.955403376678376
1.955403376678376
1.955403376678376
1.955403376678376
1.955403376678376
1.955403376678376
1.955403376678376
1.955403376678376
1.955403376678376
1.955403376678376
1.955403376678376
1.955403376678376
1.955403376678376
1.955403376678376
1.955403376678376
1.955403376678376
1.955403376678376
1.955403376678376
1.955403376678376
1.955403376678376
1.955403376678376
1.955403376678376
1.955403376678376
1.955403376678376
1.955403376678376
1.9554046868033534
1.9554046868033534
1.9554046868033534
1.9554058720390248
1.9554058720390248
1.9554058720390248
1.9554058720390248
1.9554058720390248
1.9554061837743921
1.9554067725379065
1.955407321255008
1.955407321255008
1.9554076129046765
1.9554077221604635
1.9554079874455017
1.955408116859386
1.9554081945077153
1.9554083107964018
1.9554083757144585
1.9554084538456948
1.955408550538211
1.955408550538211
1.9554085952418976
1.9554086323891993
1.9554086652847402
1.9554086652847402
1.955408676820325
1.9554086919300422
1.9554087062468664
1.9554087134646982
1.955408723944177
1.9554087302318648
1.9554087340044772
1.955408737048304
1.9554087415617714
1.955408745554211
1.9554087483883387
1.9554087500894535
1.9554087512104816
1.9554087523893677
1.9554087529814062
1.955408753631964
1.955408754019257
1.955408754297823
1.9554087545343342
1.9554087546948982
1.9554087547912364
1.9554087547912364
1.9554087547992607
1.9554087548641574
1.9554087550299024
1.9554087551669947
1.955408755186787
1.9554087552862702
1.955408755312783
1.9554087553469242
1.9554087553912507
1.9554087554272046
1.9554087554419963
1.9554087554674504
1.9554087554928345
1.9554087555087476
1.9554087555194242
1.9554087555269413
1.955408755535795
1.9554087555411075
1.955408755544295
1.955408755546924
1.9554087555496973
1.9554087555513782
1.955408755552387
1.9554087555533861
1.9554087555538795
1.9554087555544672
1.9554087555550288
1.9554087555551996
1.955408755555392
1.9554087555555217
1.9554087555556727
1.9554087555557822
1.9554087555558477
1.9554087555558866
1.9554087555559456
1.9554087555560151
1.9554087555560606
1.9554087555560886
1.9554087555561082
1.9554087555561384
1.9554087555561512
1.9554087555561637
1.9554087555561706
1.9554087555561797
1.9554087555561834
1.9554087555561885
1.9554087555561892
1.9554087555561923
1.9554087555561943
1.9554087555561954
1.9554087555561968
1.9554087555561974
1.9554087555561985
1.9554087555561985
1.9554087555561988
1.955408755556199
1.9554087555561994
1.9554087555561994
1.9554087555561994
1.9554087555561994
1.9554087555561994
1.9554087555561994
1.9554087555561994
1.9554087555561994
1.9554087555561994
1.9554087555561994
1.9554087555561994
1.9554087555561994
1.9554087555561994
1.9554087555561994
1.9554087555561994
1.9554087555561994
1.9554087555561994
1.9554087555561994
1.9554087555561994
1.9554087555561994
1.9554087555561994
1.9554087555561994
1.9554087555561994
1.9554087555561994
1.9554087555561994
1.9554087555561994
