2.2867883379192495
2.2867883379192495
2.2867883379192495
2.2867883379192495
2.2867883379192495
2.2867883379192495
2.2867883379192495
2.2867883379192495
2.2867883379192495
2.2867883379192495
2.2867883379192495
2.2867883379192495
2.2867883379192495
2.2867883379192495
2.2867883379192495
2.2867883379192495
2.2867883379192495
2.2867883379192495
2.2867883379192495
2.2867883379192495
2.2867883379192495
2.2867883379192495
2.2867883379192495
2.2867883379192495
2.2867883379192495
2.2867883379192495
2.2867883379192495
2.2867883379192495
2.2867883379192495
2.2867883379192495
2.2867883379192495
2.2867883379192495
2.2867883379192495
2.2867883379192495
2.2867883379192495
2.2867883379192495
2.2867883379192495
2.2867883379192495
2.2867883379192495
2.2867883379192495
2.2867883379192495
2.2867883379192495
2.286793264043042
2.286793264043042
2.286793264043042
2.286793264043042
2.286793264043042
2.286793264043042
2.286793264043042
2.2867933175875153
2.2867933175875153
2.2867933175875153
2.2867933175875153
2.286794370660793
2.286794370660793
2.286794370660793
2.286794370660793
2.2867958355838716
2.2867958355838716
2.2867958355838716
2.2867958355838716
2.286796982434067
2.2867980072705825
2.286798711008739
2.286799133251697
2.286799847201023
2.286800059214055
2.2868005565299883
2.2868008549196697
2.286801115573407
2.286801341746328
2.2868015300222844
2.2868017503006177
2.286801858719964
2.2868020425309785
2.2868020425309785
2.286802119175528
2.2868021345802974
2.2868021528256146
2.2868022014578533
2.2868022056281636
2.28680223436609
2.286802266014043
2.286802274588209
2.286802274588209
2.2868022786401347
2.2868022786401347
2.2868022786401347
2.2868022797579584
2.2868022797579584
2.2868022824730256
2.286802284723248
2.286802285586504
2.2868022866083804
2.2868022886888077
2.286802289937065
2.2868022904465977
2.286802290804232
2.286802291066295
2.286802291809084
2.2868022921540607
2.286802292233569
2.286802292419119
2.2868022927931118
2.286802292883856
2.2868022929796767
2.2868022930640843
2.2868022931147296
2.2868022931451164
2.2868022932122627
2.2868022932162746
2.2868022932696332
2.286802293294948
2.2868022933101373
2.2868022933207692
2.2868022933352252
2.2868022933507755
2.2868022933591856
2.286802293363971
2.286802293368072
2.286802293371241
2.2868022933752465
2.286802293376895
2.286802293378336
2.286802293379304
2.286802293381543
2.286802293381752
2.2868022933823737
2.2868022933825816
2.2868022933830816
2.2868022933830816
2.2868022933832073
2.28680229338329
2.286802293383371
2.286802293383424
2.2868022933834626
2.2868022933835066
2.286802293383517
2.2868022933835483
2.2868022933836016
2.2868022933836447
2.286802293383671
2.286802293383693
2.286802293383708
2.2868022933837193
2.2868022933837273
2.2868022933837344
2.286802293383738
2.2868022933837437
2.2868022933837477
2.28680229338375
2.2868022933837517
2.2868022933837526
2.2868022933837535
2.286802293383755
2.286802293383756
2.286802293383756
2.286802293383756
2.286802293383756
2.286802293383756
2.286802293383756
2.286802293383756
2.286802293383756
2.2868022933837566
2.2868022933837566
2.2868022933837566
2.2868022933837566
2.2868022933837566
2.2868022933837566
2.2868022933837566
2.2868022933837566
2.2868022933837566
2.2868022933837566
2.2868022933837566
2.2868022933837566
2.2868022933837566
2.2868022933837566
2.2868022933837566
2.2868022933837566
2.2868022933837566
2.2868022933837566
2.2868022933837566
