2.413839101615375
2.413839101615375
2.413839101615375
2.413839101615375
2.413839101615375
2.413839101615375
2.413839101615375
2.413839101615375
2.413839101615375
2.413839101615375
2.413839101615375
2.413839101615375
2.413839101615375
2.413839101615375
2.413839101615375
2.413839101615375
2.413839101615375
2.413839101615375
2.413839101615375
2.413839101615375
2.413839101615375
2.413839101615375
2.413839101615375
2.413839101615375
2.413839101615375
2.413839101615375
2.413839101615375
2.413839101615375
2.413839101615375
2.413839101615375
2.413839101615375
2.413839101615375
2.413839101615375
2.413839101615375
2.413839101615375
2.413839101615375
2.413839101615375
2.413839101615375
2.413839101615375
2.413839101615375
2.413839101615375
2.413839101615375
2.413839101615375
2.413839101615375
2.413839101615375
2.413839101615375
2.413839101615375
2.413839101615375
2.413839101615375
2.413839101615375
2.413839101615375
2.413839101615375
2.413839101615375
2.413839101615375
2.413839101615375
2.413839101615375
2.413839101615375
2.4138418440000993
2.4138418440000993
2.4138418440000993
2.413841895728668
2.413844063129645
2.413844063129645
2.413844063129645
2.413844063129645
2.4138443980046516
2.4138449688977888
2.4138453114339384
2.4138455169557242
2.4138459653363578
2.4138463333088915
2.4138473683883377
2.4138479894363116
2.413848362065206
2.413849148044834
2.4138499579423933
2.4138504438810005
2.4138508471543814
2.4138514781525715
2.413851856751517
2.4138520839108963
2.413852220206528
2.4138523692350318
2.413852537863385
2.4138525987364856
2.4138526352603464
2.4138526767784114
2.4138527374080745
2.4138527784634434
2.4138528030966637
2.413852817876596
2.4138528516967788
2.4138528755099173
2.4138528897978
2.4138528983705307
2.413852903517735
2.4138529103923876
2.4138529174814694
2.4138529202764607
2.413852922606047
2.41385292490509
2.41385292716023
2.4138529292768514
2.4138529302559126
2.413852931617576
2.413852932517823
2.4138529330123655
2.41385293344772
2.413852933772702
2.413852934076171
2.4138529342582524
2.413852934367502
2.4138529344401882
2.4138529345724278
2.413852934676718
2.4138529347617057
2.4138529348047135
2.413852934820416
2.4138529348438746
2.413852934853928
2.4138529348649342
2.4138529348715374
2.4138529348715374
2.4138529348732023
2.4138529348749076
2.413852934875672
2.4138529348809716
2.4138529348863482
2.4138529348895856
2.413852934889897
2.4138529348932725
2.4138529348953703
2.413852934895914
2.413852934896521
2.413852934897657
2.413852934898614
2.413852934899313
2.4138529348997313
2.413852934900154
2.413852934900519
2.413852934900738
2.4138529349009064
2.413852934901041
2.41385293490129
2.4138529349014717
2.413852934901588
2.4138529349017976
2.413852934901898
2.413852934901958
2.413852934902028
2.413852934902114
2.413852934902172
2.4138529349021867
2.413852934902216
2.4138529349022213
2.4138529349022413
2.4138529349022675
2.413852934902296
2.4138529349023123
2.413852934902322
2.413852934902344
2.4138529349023616
2.413852934902372
2.413852934902379
2.413852934902385
2.4138529349023923
2.413852934902397
2.4138529349023976
2.4138529349024
2.413852934902401
2.4138529349024034
2.4138529349024043
2.4138529349024056
2.4138529349024065
2.413852934902408
2.413852934902408
2.4138529349024087
2.4138529349024087
2.413852934902409
2.413852934902409
2.413852934902409
2.4138529349024096
2.4138529349024096
2.4138529349024096
2.4138529349024096
2.4138529349024096
2.4138529349024096
2.4138529349024096
2.4138529349024096
2.4138529349024096
2.4138529349024096
2.4138529349024096
2.4138529349024096
