1.7302750896386745
1.7302750896386745
1.7302750896386745
1.7302750896386745
1.7302750896386745
1.7302750896386745
1.7302750896386745
1.7302750896386745
1.7302750896386745
1.7302750896386745
1.7302750896386745
1.7302750896386745
1.7302750896386745
1.7302750896386745
1.7302750896386745
1.7302750896386745
1.7302750896386745
1.7302750896386745
1.7302750896386745
1.7302750896386745
1.7302750896386745
1.7302750896386745
1.7302750896386745
1.7302750896386745
1.7302750896386745
1.7302750896386745
1.7302750896386745
1.7302750896386745
1.7302750896386745
1.7302750896386745
1.7302750896386745
1.7302750896386745
1.7302750896386745
1.7302750896386745
1.7302750896386745
1.7302750896386745
1.7302750896386745
1.7302750896386745
1.7302750896386745
1.7302750896386745
1.7302750896386745
1.7302750896386745
1.7302750896386745
1.7302750896386745
1.7302750896386745
1.7302750896386745
1.7302750896386745
1.7302750896386745
1.7302750896386745
1.7302750896386745
1.7302750896386745
1.7302802912620858
1.7302802912620858
1.7302802912620858
1.7302802912620858
1.7302802912620858
1.7302802912620858
1.7302802912620858
1.7302802912620858
1.7302802912620858
1.7302832863661097
1.7302879275596112
1.7302879275596112
1.7302879275596112
1.7302904235787495
1.730290587308415
1.730291565914449
1.7302929946872188
1.7302931460172761
1.7302945954891245
1.7302945954891245
1.7302953329924255
1.7302957032986022
1.7302962843407539
1.7302966823228636
1.7302968731207078
1.7302970599242524
1.730297553499012
1.7302976073101302
1.7302979245636945
1.7302979443088458
1.7302980678541615
1.730298281566608
1.730298409794086
1.7302985141286054
1.7302986353833754
1.7302987152250842
1.7302987152250842
1.730298767346411
1.7302987736148534
1.7302988043907452
1.7302988114268516
1.730298815648516
1.7302988452195422
1.7302988677876265
1.730298887184475
1.7302988981981469
1.7302989034799747
1.7302989114602003
1.730298917650742
1.7302989218958134
1.730298925196038
1.7302989273896618
1.7302989289638258
1.7302989299083242
1.7302989305826122
1.7302989313462651
1.7302989322707163
1.7302989328855927
1.7302989333907572
1.7302989336024235
1.7302989336913852
1.7302989338974928
1.730298933971393
1.7302989340395558
1.7302989340607535
1.730298934102456
1.7302989341325063
1.7302989341505364
1.7302989342024366
1.7302989342673751
1.7302989343063384
1.7302989343297164
1.730298934368435
1.7302989343907396
1.730298934409281
1.7302989344207773
1.7302989344325803
1.730298934444646
1.7302989344518853
1.7302989344562292
1.7302989344624675
1.7302989344685735
1.730298934473081
1.730298934474081
1.7302989344743156
1.7302989344755508
1.7302989344762412
1.7302989344774653
1.7302989344774653
1.730298934477687
1.7302989344780266
1.7302989344784245
1.7302989344786734
1.7302989344788329
1.730298934479104
1.730298934479286
1.7302989344794197
1.7302989344794197
1.7302989344794666
1.7302989344794977
1.7302989344795474
1.7302989344795785
1.730298934479597
1.730298934479608
1.7302989344796325
1.7302989344796742
1.730298934479703
1.7302989344797204
1.7302989344797546
1.7302989344797794
1.7302989344798017
1.7302989344798185
1.7302989344798292
1.7302989344798447
1.7302989344798472
1.7302989344798527
1.7302989344798574
1.73029893447986
1.7302989344798636
1.7302989344798654
1.730298934479867
1.7302989344798716
1.7302989344798745
1.730298934479877
1.730298934479878
1.7302989344798787
1.730298934479879
1.7302989344798816
1.7302989344798825
1.7302989344798836
1.7302989344798847
1.7302989344798856
1.7302989344798865
1.730298934479887
1.7302989344798876
1.7302989344798883
1.7302989344798885
1.7302989344798885
1.7302989344798885
1.7302989344798885
1.7302989344798885
1.7302989344798885
1.7302989344798885
1.7302989344798885
1.7302989344798885
