2.253891599443941
2.253891599443941
2.253891599443941
2.253891599443941
2.253891599443941
2.253891599443941
2.253891599443941
2.253891599443941
2.253891599443941
2.253891599443941
2.253891599443941
2.253891599443941
2.253891599443941
2.253891599443941
2.253891599443941
2.253891599443941
2.253891599443941
2.253891599443941
2.253891599443941
2.253891599443941
2.253891599443941
2.253891599443941
2.253891599443941
2.253891599443941
2.253891599443941
2.253891599443941
2.253891599443941
2.253891599443941
2.253891599443941
2.253891599443941
2.253891599443941
2.253891599443941
2.253891599443941
2.253891599443941
2.253891599443941
2.253891599443941
2.253891599443941
2.253891599443941
2.253891599443941
2.253891599443941
2.253891599443941
2.253891599443941
2.253891599443941
2.253891599443941
2.253929374515379
2.253929374515379
2.253929374515379
2.253929374515379
2.2539482190245184
2.2539502975383527
2.2539620748108753
2.253969141187808
2.2539733810187976
2.2539759249191307
2.2539774512599564
2.2539783670646774
2.253986760505546
2.2539882279516523
2.2539938144037963
2.2539958211843283
2.2539999145120566
2.254001951544177
2.2540046184197284
2.254008142593555
2.2540105276068165
2.2540147046555057
2.2540154297589767
2.2540169752442436
2.2540199367359923
2.254021931276708
2.254023417212013
2.254025391548714
2.2540267839246266
2.2540276193501607
2.2540281206054775
2.254028421358665
2.2540288152142134
2.254029332392842
2.254029642700018
2.2540298288843235
2.2540299405949074
2.2540300772457993
2.254030281280563
2.254030403701421
2.2540304771539366
2.25403053331591
2.2540306144063953
2.254030663060686
2.254030692253261
2.2540307105464974
2.2540307229334005
2.25403073700573
2.2540307483117306
2.254030755095332
2.254030759165493
2.2540307616075888
2.254030766198107
2.2540307704673515
2.254030773028898
2.254030774636316
2.2540307774035333
2.2540307790771874
2.2540307800813806
2.2540307809221236
2.254030781842361
2.2540307824182855
2.2540307827638397
2.254030782971172
2.25403078323831
2.2540307834450566
2.254030783569104
2.2540307836435325
2.2540307837191005
2.2540307838151694
2.254030783873782
2.25403078390895
2.25403078393018
2.2540307839821487
2.2540307840145943
2.2540307840340623
2.2540307840511478
2.2540307840765434
2.254030784091781
2.2540307841009235
2.2540307841106566
2.254030784118891
2.254030784123832
2.2540307841267966
2.254030784129472
2.2540307841328255
2.2540307841348377
2.2540307841360447
2.254030784136769
2.254030784137204
2.2540307841379437
2.2540307841385063
2.254030784138844
2.2540307841391103
2.2540307841394567
2.254030784139664
2.254030784139789
2.254030784139864
2.2540307841399443
2.254030784140027
2.254030784140077
2.254030784140107
2.254030784140146
2.2540307841401788
2.2540307841401983
2.2540307841402134
2.254030784140235
2.2540307841402485
2.254030784140256
2.2540307841402663
2.2540307841402742
2.2540307841402796
2.2540307841402822
2.2540307841402853
2.2540307841402876
2.2540307841402893
2.2540307841402907
2.254030784140292
2.2540307841402933
2.2540307841402942
2.2540307841402947
2.2540307841402956
2.2540307841402956
2.2540307841402956
2.2540307841402956
2.2540307841402956
2.2540307841402956
2.2540307841402956
2.2540307841402956
2.2540307841402956
2.2540307841402956
2.2540307841402956
2.2540307841402956
2.2540307841402956
2.2540307841402956
2.2540307841402956
2.2540307841402956
2.2540307841402956
2.2540307841402956
2.2540307841402956
2.2540307841402956
2.2540307841402956
2.2540307841402956
2.2540307841402956
2.2540307841402956
2.2540307841402956
2.2540307841402956
2.2540307841402956
