1.7430957866520123
1.7430957866520123
1.7430957866520123
1.7430957866520123
1.7430957866520123
1.7430957866520123
1.7430957866520123
1.7430957866520123
1.7430957866520123
1.7430957866520123
1.7430957866520123
1.7430957866520123
1.7430957866520123
1.7430957866520123
1.7430957866520123
1.7430957866520123
1.7430957866520123
1.7430957866520123
1.7430957866520123
1.7430957866520123
1.7430957866520123
1.7430957866520123
1.7430957866520123
1.7430957866520123
1.7430957866520123
1.7430957866520123
1.7430957866520123
1.7430957866520123
1.7430957866520123
1.7430957866520123
1.7430957866520123
1.7430957866520123
1.7430957866520123
1.7430957866520123
1.7430957866520123
1.7430957866520123
1.7430957866520123
1.7430957866520123
1.7430957866520123
1.7430957866520123
1.7430957866520123
1.7430957866520123
1.7430957866520123
1.7430957866520123
1.7430957866520123
1.7430957866520123
1.7430957866520123
1.7430957866520123
1.743099771566538
1.743099771566538
1.743099771566538
1.743099771566538
1.743099771566538
1.743099771566538
1.743099771566538
1.743099771566538
1.743099771566538
1.743099771566538
1.7431010776542557
1.7431021530039301
1.7431027982140728
1.7431031853402807
1.7431034176160491
1.7431039495002025
1.7431043197856977
1.7431045378784453
1.7431048155322446
1.7431048786460552
1.743105090320985
1.7431052439643244
1.7431053363733129
1.7431054313125454
1.7431054956753045
1.7431055374831934
1.7431056194787746
1.7431056942149203
1.7431057390566094
1.7431057659616238
1.7431058083502815
1.7431058461099609
1.7431058461099609
1.7431058461099609
1.7431058619618767
1.7431058637494008
1.7431058648219155
1.743105865465424
1.7431058658515295
1.743105866083193
1.7431058692318562
1.74310587332757
1.7431058760643445
1.743105877972491
1.7431058797348988
1.7431058814190796
1.7431058824295882
1.7431058830358934
1.7431058840762388
1.7431058852632009
1.743105885992242
1.7431058864296665
1.743105886697031
1.7431058871594522
1.7431058875696988
1.7431058878158467
1.743105887963535
1.743105888215749
1.74310588856828
1.7431058887797979
1.7431058889067093
1.7431058889828557
1.7431058890327036
1.743105889184905
1.743105889293171
1.7431058893581304
1.7431058894029035
1.7431058895022131
1.7431058895671583
1.7431058896061251
1.7431058896515383
1.7431058896875886
1.743105889709218
1.743105889722196
1.7431058897357317
1.7431058897528693
1.7431058897631522
1.743105889769322
1.7431058897732261
1.7431058897780762
1.7431058897809861
1.7431058897827323
1.743105889783807
1.7431058897848104
1.7431058897857363
1.7431058897863083
1.7431058897866512
1.743105889786866
1.7431058897873808
1.7431058897876923
1.7431058897878793
1.7431058897880194
1.743105889788252
1.743105889788394
1.7431058897884781
1.7431058897885294
1.7431058897885598
1.743105889788628
1.743105889788703
1.7431058897887473
1.743105889788774
1.7431058897888247
1.7431058897888683
1.7431058897888947
1.7431058897889105
1.7431058897889247
1.7431058897889429
1.7431058897889535
1.74310588978896
1.7431058897889682
1.7431058897889753
1.743105889788979
1.7431058897889815
1.7431058897889837
1.7431058897889857
1.743105889788987
1.7431058897889877
1.7431058897889882
1.7431058897889884
1.7431058897889884
1.7431058897889893
1.7431058897889897
1.74310588978899
1.7431058897889902
1.7431058897889902
1.7431058897889902
1.7431058897889902
1.7431058897889904
1.7431058897889904
1.7431058897889904
1.7431058897889904
1.7431058897889904
1.7431058897889904
1.7431058897889904
