1.3023011187985711
1.3023011187985711
1.3023011187985711
1.3023011187985711
1.3023011187985711
1.3023011187985711
1.3023011187985711
1.3023011187985711
1.3023011187985711
1.3023011187985711
1.3023011187985711
1.3023011187985711
1.3023011187985711
1.3023011187985711
1.3023011187985711
1.3023011187985711
1.3023011187985711
1.3023011187985711
1.3023011187985711
1.3023011187985711
1.3023011187985711
1.3023011187985711
1.3023011187985711
1.3023011187985711
1.3023011187985711
1.3023011187985711
1.3023011187985711
1.3023011187985711
1.3023011187985711
1.3023011187985711
1.3023011187985711
1.3023011187985711
1.3023011187985711
1.3023011187985711
1.3023011187985711
1.3023011187985711
1.3023011187985711
1.3023011187985711
1.3023011187985711
1.3023011187985711
1.3023011187985711
1.3023011187985711
1.3023011187985711
1.3023011187985711
1.3023011187985711
1.3023011187985711
1.3023011187985711
1.3023019385356083
1.3023019385356083
1.3023019385356083
1.3023019385356083
1.3023019632298931
1.3023031335932742
1.302306259987041
1.302308135833151
1.3023092613443623
1.302312167176342
1.3023155459746223
1.3023179728016387
1.3023190231884625
1.3023198778099498
1.302321485514785
1.3023220743600037
1.3023230580936205
1.3023233060356731
1.3023239794247863
1.3023244365407174
1.3023247876288857
1.3023251600905492
1.302325299971424
1.3023255167298888
1.302325621735999
1.3023258187764786
1.3023260329072242
1.3023260329072242
1.3023261722930426
1.3023262393463062
1.3023262393463062
1.3023262393463062
1.3023262393463062
1.3023262788959926
1.3023262901392711
1.3023262901392711
1.3023262901392711
1.3023262901392711
1.3023262901916648
1.3023262901916648
1.3023262901916648
1.302326291006555
1.302326291006555
1.302326291006555
1.302326291006555
1.302326291006555
1.302326291006555
1.302326291006555
1.3023262915924165
1.3023262915924165
1.3023262915924165
1.3023262919543355
1.3023262919543355
1.3023262919543355
1.3023262919543355
1.3023262919543355
1.302326292027034
1.302326292027034
1.302326292027034
1.302326292027034
1.302326292038503
1.3023262920529228
1.3023262920529228
1.3023262920529228
1.302326292061
1.3023262920631837
1.3023262920743102
1.3023262920814198
1.302326292084785
1.3023262920901404
1.3023262920901404
1.302326292092095
1.302326292093847
1.3023262920960514
1.3023262920998069
1.3023262920998069
1.3023262920998857
1.3023262920998857
1.3023262921002705
1.3023262921004854
1.3023262921004854
1.3023262921004854
1.3023262921005234
1.302326292100744
1.3023262921007819
1.302326292100863
1.3023262921009306
1.3023262921009877
1.3023262921010101
1.3023262921010397
1.3023262921010974
1.3023262921011403
1.3023262921011654
1.3023262921011847
1.3023262921012
1.3023262921012277
1.3023262921012553
1.3023262921012717
1.3023262921012813
1.3023262921012884
1.3023262921012995
1.3023262921013108
1.302326292101317
1.3023262921013208
1.3023262921013208
1.3023262921013237
1.3023262921013254
1.3023262921013268
1.3023262921013274
1.3023262921013277
1.3023262921013294
1.3023262921013297
1.30232629210133
1.30232629210133
1.30232629210133
1.30232629210133
1.30232629210133
1.30232629210133
1.30232629210133
1.30232629210133
1.30232629210133
1.30232629210133
1.30232629210133
1.30232629210133
1.30232629210133
1.30232629210133
1.30232629210133
1.30232629210133
1.30232629210133
1.30232629210133
1.30232629210133
1.30232629210133
1.30232629210133
1.30232629210133
