3.279656514377928
3.279656514377928
3.279656514377928
3.279656514377928
3.279656514377928
3.279656514377928
3.279656514377928
3.279656514377928
3.279656514377928
3.279656514377928
3.279656514377928
3.279656514377928
3.279656514377928
3.279656514377928
3.279656514377928
3.279656514377928
3.279656514377928
3.279656514377928
3.279656514377928
3.279656514377928
3.279656514377928
3.279656514377928
3.279656514377928
3.279656514377928
3.279656514377928
3.279656514377928
3.279656514377928
3.279656514377928
3.279656514377928
3.279656514377928
3.279656514377928
3.279656514377928
3.279656514377928
3.279656514377928
3.279656514377928
3.279656514377928
3.279656514377928
3.279943437894991
3.279943437894991
3.279943437894991
3.279943437894991
3.279943437894991
3.2799496703728694
3.2799496703728694
3.2799496703728694
3.2799524586172404
3.2799524586172404
3.2799524586172404
3.2799524586172404
3.2800102382442407
3.2800102382442407
3.280021529076562
3.280045218037859
3.280059582944229
3.280061309863435
3.280065686670614
3.2800712742493663
3.2800741647118787
3.2800790683585257
3.2800820105466433
3.2800820105466433
3.280084136505924
3.2800868418208924
3.2800881771376664
3.280089190887958
3.280089687830151
3.2800914472879454
3.280092584522087
3.2800932668625946
3.280093676266907
3.2800941088768085
3.280094564918696
3.28009477240891
3.2800949465546174
3.2800950397712203
3.280095155301956
3.2800952733105833
3.280095344115759
3.280095386598865
3.28009541208873
3.2800955154350784
3.280095584219127
3.2800956232639713
3.2800956498777785
3.2800956751962755
3.2800957033269005
3.2800957111349343
3.280095715819754
3.2800957269466036
3.2800957348874014
3.280095739651881
3.2800957425105683
3.280095745011928
3.280095747360005
3.280095750043036
3.280095751652855
3.2800957526187458
3.28009575319304
3.2800957540690674
3.2800957547067298
3.2800957551422036
3.2800957553484884
3.2800957555210015
3.280095755797008
3.2800957559626105
3.280095756061972
3.2800957561215887
3.280095756222849
3.2800957562964426
3.2800957563481914
3.280095756393258
3.280095756436351
3.280095756484639
3.280095756513612
3.280095756530997
3.2800957565414266
3.2800957565476847
3.2800957565523743
3.2800957565577606
3.2800957565632043
3.280095756567436
3.2800957565699753
3.280095756571499
3.2800957565724134
3.280095756574437
3.2800957565757267
3.280095756576499
3.280095756576963
3.2800957565775763
3.2800957565782807
3.2800957565787012
3.280095756578955
3.2800957565791062
3.2800957565791986
3.280095756579384
3.280095756579533
3.280095756579623
3.2800957565796938
3.280095756579772
3.2800957565798288
3.2800957565798616
3.2800957565798816
3.2800957565798936
3.2800957565799007
3.2800957565799154
3.2800957565799256
3.2800957565799322
3.2800957565799385
3.2800957565799402
3.2800957565799433
3.280095756579945
3.280095756579947
3.2800957565799482
3.28009575657995
3.280095756579951
3.280095756579951
3.2800957565799522
3.2800957565799522
3.2800957565799522
3.2800957565799522
3.2800957565799522
3.2800957565799522
3.2800957565799522
3.2800957565799522
3.2800957565799522
3.2800957565799522
3.2800957565799522
3.2800957565799522
3.2800957565799522
3.2800957565799522
3.2800957565799522
3.2800957565799522
3.2800957565799522
3.2800957565799522
3.2800957565799522
3.2800957565799522
3.2800957565799522
3.2800957565799522
3.2800957565799522
3.2800957565799522
3.2800957565799522
3.2800957565799522
3.2800957565799522
3.2800957565799522
3.2800957565799522
3.2800957565799522
3.2800957565799522
3.2800957565799522
