1.2852159946525112
1.2852159946525112
1.2852159946525112
1.2852159946525112
1.2852159946525112
1.2852159946525112
1.2852159946525112
1.2852159946525112
1.2852159946525112
1.2852159946525112
1.2852159946525112
1.2852159946525112
1.2852159946525112
1.2852159946525112
1.2852159946525112
1.2852159946525112
1.2852159946525112
1.2852159946525112
1.2852159946525112
1.2852159946525112
1.2852159946525112
1.2852159946525112
1.2852159946525112
1.2852159946525112
1.2852159946525112
1.2852159946525112
1.2852159946525112
1.2852159946525112
1.2852159946525112
1.2852159946525112
1.2852159946525112
1.2852159946525112
1.2852159946525112
1.2852159946525112
1.2852159946525112
1.2852159946525112
1.2852159946525112
1.2852159946525112
1.2852159946525112
1.2852159946525112
1.2852159946525112
1.2852159946525112
1.2852159946525112
1.2852159946525112
1.2852159946525112
1.2852223954528141
1.2852223954528141
1.2852223954528141
1.2852260112248766
1.2852260112248766
1.2852260112248766
1.2852260112248766
1.2852271967211126
1.2852271967211126
1.285227343609193
1.2852278805820774
1.2852284361090336
1.285228769425697
1.2852289694158712
1.2852290894100387
1.2852292608514393
1.2852297159500798
1.285229897898428
1.285230213644731
1.2852303493606927
1.285230464919597
1.28523064801167
1.2852307578669377
1.2852308237801067
1.2852309308199923
1.2852309990644537
1.2852310890271645
1.2852311333318511
1.2852311425054728
1.2852311843227344
1.2852312190872084
1.2852312310315392
1.2852312437017388
1.2852312521107259
1.2852312631629552
1.2852312764712224
1.2852312858473596
1.2852312897633367
1.2852312979958394
1.285231304445146
1.2852313100517923
1.2852313135110116
1.2852313160469082
1.28523131953826
1.2852313227263605
1.285231324639221
1.2852313257869372
1.2852313268264377
1.2852313277399912
1.2852313284360615
1.28523132894136
1.2852313292611228
1.28523132953166
1.2852313297621238
1.2852313299346239
1.2852313300476343
1.2852313301553102
1.2852313302609712
1.2852313303247094
1.2852313303690401
1.2852313303956384
1.2852313304115974
1.2852313304436351
1.285231330473542
1.2852313304914862
1.2852313305022527
1.2852313305087126
1.2852313305125884
1.2852313305164031
1.2852313305265308
1.2852313305327132
1.285231330536423
1.2852313305386482
1.2852313305399838
1.2852313305407848
1.285231330542425
1.2852313305437137
1.285231330544487
1.285231330544969
1.2852313305452727
1.2852313305454586
1.285231330545907
1.2852313305462086
1.2852313305463894
1.2852313305464982
1.2852313305465635
1.285231330546724
1.2852313305469014
1.285231330547008
1.2852313305470717
1.28523133054711
1.2852313305471676
1.2852313305472076
1.285231330547231
1.2852313305472454
1.2852313305472702
1.2852313305472882
1.2852313305472987
1.2852313305473053
1.2852313305473093
1.285231330547315
1.28523133054732
1.2852313305473229
1.2852313305473244
1.2852313305473275
1.2852313305473297
1.285231330547331
1.285231330547332
1.2852313305473326
1.2852313305473335
1.2852313305473342
1.2852313305473344
1.2852313305473346
1.2852313305473348
1.2852313305473348
1.285231330547335
1.2852313305473355
1.2852313305473355
1.2852313305473355
1.2852313305473355
1.2852313305473355
1.2852313305473355
1.2852313305473355
1.2852313305473355
1.2852313305473355
1.2852313305473355
1.2852313305473355
1.2852313305473355
1.2852313305473355
1.2852313305473355
1.2852313305473355
1.2852313305473355
1.2852313305473355
1.2852313305473355
1.2852313305473355
