1.6956493599727411
1.6956493599727411
1.6956493599727411
1.6956493599727411
1.6956493599727411
1.6956493599727411
1.6956493599727411
1.6956493599727411
1.6956493599727411
1.6956493599727411
1.6956493599727411
1.6956493599727411
1.6956493599727411
1.6956493599727411
1.6956493599727411
1.6956493599727411
1.6956493599727411
1.6956493599727411
1.6956493599727411
1.6956493599727411
1.6956493599727411
1.6956493599727411
1.6956493599727411
1.6956493599727411
1.6956493599727411
1.6956493599727411
1.6956493599727411
1.6956493599727411
1.6956493599727411
1.6956493599727411
1.6956493599727411
1.6956493599727411
1.6956493599727411
1.6956493599727411
1.6956493599727411
1.6956493599727411
1.6956493599727411
1.6956493599727411
1.6956493599727411
1.6956493599727411
1.6956493599727411
1.6956493599727411
1.6956493599727411
1.6956493599727411
1.6956493599727411
1.6956493599727411
1.6956493599727411
1.6956493599727411
1.6956493599727411
1.6956493599727411
1.6956493599727411
1.6956493599727411
1.6956493599727411
1.6956493599727411
1.6956493599727411
1.6956493599727411
1.6956493599727411
1.6956513364888908
1.6956513364888908
1.6956513364888908
1.6956513364888908
1.6956527896913125
1.6956538361915812
1.6956538361915812
1.6956548030812608
1.6956548030812608
1.6956548030812608
1.6956548030812608
1.6956557234315193
1.6956557234315193
1.6956557234315193
1.6956557234315193
1.69565677336702
1.69565677336702
1.6956578237087476
1.6956587379097585
1.6956593864237361
1.6956606712231939
1.6956614421030283
1.6956619120302252
1.6956619120302252
1.6956619120302252
1.6956619750195812
1.6956619750195812
1.6956619750195812
1.6956619750195812
1.6956619973873335
1.6956620385376222
1.695662063790394
1.6956621014159232
1.6956621152420341
1.6956621360178332
1.6956621360178332
1.695662144104564
1.6956621509659204
1.6956621563722631
1.6956621605775104
1.695662162911366
1.695662162911366
1.6956621663039237
1.6956621663565226
1.6956621663880822
1.6956621664601015
1.6956621671748167
1.695662167829635
1.6956621682225261
1.6956621687829088
1.6956621693990555
1.695662169768743
1.6956621700278034
1.6956621700278034
1.6956621700278034
1.6956621701547236
1.6956621701547236
1.6956621701547236
1.6956621701547236
1.6956621701762804
1.6956621702069452
1.695662170245956
1.6956621702729464
1.6956621702891406
1.695662170298857
1.6956621703065689
1.6956621703127561
1.6956621703216657
1.6956621703307486
1.6956621703361987
1.6956621703394685
1.6956621703422132
1.695662170344351
1.6956621703470984
1.695662170349255
1.6956621703505557
1.695662170351666
1.6956621703524397
1.6956621703533847
1.6956621703539512
1.6956621703542916
1.6956621703544956
1.695662170354618
1.695662170354723
1.6956621703549077
1.6956621703552146
1.6956621703554011
1.695662170355513
1.69566217035558
1.6956621703556203
1.6956621703556465
1.6956621703557393
1.6956621703558363
1.6956621703558945
1.6956621703559294
1.6956621703559502
1.695662170355963
1.6956621703560188
1.6956621703560575
1.6956621703560806
1.6956621703560941
1.6956621703561026
1.695662170356108
1.695662170356124
1.6956621703561352
1.6956621703561419
1.6956621703561476
1.6956621703561567
1.695662170356162
1.6956621703561652
1.69566217035617
1.6956621703561756
1.6956621703561792
1.6956621703561812
1.6956621703561823
1.6956621703561852
1.6956621703561867
1.6956621703561876
1.6956621703561885
1.6956621703561887
1.6956621703561892
1.6956621703561903
1.6956621703561907
1.6956621703561912
1.6956621703561916
1.695662170356192
1.6956621703561923
1.6956621703561925
1.695662170356193
1.695662170356193
1.6956621703561934
1.6956621703561936
1.6956621703561936
1.6956621703561936
