1.9136691553910619
1.9136691553910619
1.9136691553910619
1.9136691553910619
1.9136691553910619
1.9136691553910619
1.9136691553910619
1.9136691553910619
1.9136691553910619
1.9136691553910619
1.9136691553910619
1.9136691553910619
1.9136691553910619
1.9136691553910619
1.9136691553910619
1.9136691553910619
1.9136691553910619
1.9136691553910619
1.9136691553910619
1.9136691553910619
1.9136691553910619
1.9136691553910619
1.9136691553910619
1.9136691553910619
1.9136691553910619
1.9136691553910619
1.9136691553910619
1.9136691553910619
1.9136691553910619
1.9136691553910619
1.9136691553910619
1.9136691553910619
1.9136691553910619
1.9136691553910619
1.9136691553910619
1.9136691553910619
1.9136691553910619
1.9136691553910619
1.9136691553910619
1.9136691553910619
1.9136691553910619
1.9136691553910619
1.9136691553910619
1.9136691553910619
1.9136691553910619
1.9136691553910619
1.9136691553910619
1.9136691553910619
1.9136691553910619
1.9136691553910619
1.9136691553910619
1.9136691553910619
1.9136691553910619
1.9136691553910619
1.9136691553910619
1.9136691553910619
1.9136691553910619
1.9136691553910619
1.9136692080932236
1.9136692080932236
1.9136692080932236
1.9136692080932236
1.9136705569638888
1.9136705569638888
1.9136730534433777
1.9136732093227198
1.9136733028503496
1.913674502052308
1.913674502052308
1.9136753647667752
1.9136756280235647
1.9136758152984834
1.9136759088353035
1.9136760438239417
1.9136762206271114
1.9136762647434373
1.913676317696045
1.9136764543647475
1.9136766029708823
1.9136766921345738
1.9136767456327928
1.9136767833263282
1.913676866671104
1.913676911237249
1.9136769465480583
1.9136769678673997
1.9136769806590046
1.9136769951088761
1.9136770163983619
1.9136770325998194
1.9136770423206928
1.913677052125647
1.9136770653776813
1.9136770739892053
1.9136770791561193
1.9136770842478323
1.9136770883920837
1.9136770912440508
1.9136770929552314
1.9136770942756502
1.9136770955652231
1.9136770964812821
1.913677097036555
1.9136770974537503
1.9136770979010922
1.9136770982031408
1.913677098396429
1.9136770985680294
1.9136770986860903
1.913677098764821
1.9136770988352676
1.913677098917415
1.9136770989684813
1.913677098999121
1.9136770990175043
1.913677099051518
1.9136770990919199
1.9136770991161616
1.9136770991307064
1.9136770991394327
1.9136770991446692
1.9136770991510288
1.913677099165461
1.9136770991741199
1.9136770991793164
1.9136770991824332
1.913677099188325
1.913677099194559
1.9136770991982992
1.9136770992005432
1.9136770992018899
1.913677099202698
1.9136770992032126
1.913677099205522
1.9136770992069079
1.9136770992077397
1.9136770992082384
1.9136770992086194
1.9136770992098875
1.9136770992106482
1.913677099211105
1.913677099211379
1.9136770992122674
1.913677099212814
1.9136770992131427
1.9136770992133398
1.9136770992136622
1.913677099213858
1.9136770992139756
1.9136770992140462
1.9136770992141412
1.9136770992142256
1.913677099214277
1.913677099214307
1.91367709921433
1.9136770992143588
1.913677099214376
1.9136770992143861
1.9136770992143926
1.913677099214398
1.9136770992144063
1.9136770992144112
1.9136770992144143
1.9136770992144165
1.9136770992144176
1.9136770992144199
1.913677099214421
1.9136770992144216
1.913677099214422
1.9136770992144225
1.9136770992144227
1.9136770992144227
1.9136770992144234
1.9136770992144239
1.9136770992144239
1.913677099214424
1.913677099214424
1.913677099214424
1.913677099214424
1.913677099214424
1.913677099214424
1.913677099214424
1.913677099214424
1.913677099214424
1.913677099214424
1.913677099214424
1.913677099214424
1.913677099214424
1.913677099214424
1.913677099214424
1.913677099214424
1.913677099214424
