0.7513096329520502
0.7513096329520502
0.7513096329520502
0.7513096329520502
0.7513096329520502
0.7513096329520502
0.7513096329520502
0.7513096329520502
0.7513096329520502
0.7513096329520502
0.7513096329520502
0.7513096329520502
0.7513096329520502
0.7513096329520502
0.7513096329520502
0.7513096329520502
0.7513096329520502
0.7513096329520502
0.7513096329520502
0.7513096329520502
0.7513096329520502
0.7513096329520502
0.7513096329520502
0.7513096329520502
0.7513096329520502
0.7513096329520502
0.7513096329520502
0.7513096329520502
0.7513096329520502
0.7513096329520502
0.7513096329520502
0.7513096329520502
0.7513096329520502
0.7513096329520502
0.7513096329520502
0.7513096329520502
0.7513096329520502
0.7513096329520502
0.7513096329520502
0.7513096329520502
0.7513096329520502
0.7513096329520502
0.7513096329520502
0.7513096329520502
0.7513096329520502
0.7513096329520502
0.7513096329520502
0.7513096329520502
0.7513096329520502
0.7513096329520502
0.7513096329520502
0.7513096329520502
0.7513096329520502
0.7513096329520502
0.7513096329520502
0.7513108649415107
0.7513108649415107
0.7513108649415107
0.7513108649415107
0.7513108649415107
0.7513108649415107
0.7513108649415107
0.7513108812612632
0.7513108812612632
0.7513108812612632
0.7513108812612632
0.7513108812612632
0.7513108812612632
0.7513108812612632
0.7513108812612632
0.7513108812612632
0.7513108812612632
0.7513108812612632
0.7513109385672944
0.7513112051733339
0.751311342553306
0.7513115940884842
0.7513117450096024
0.7513119336859181
0.7513119336859181
0.7513119384432785
0.7513120387954351
0.7513121613832558
0.7513123102107547
0.7513123995072557
0.7513124574748559
0.7513125630784656
0.7513126302814018
0.751312670603164
0.7513126851625009
0.7513127020225459
0.7513127384394476
0.7513127688068615
0.7513127903711446
0.7513127965568118
0.7513128066857162
0.7513128201768304
0.7513128277370531
0.7513128323667729
0.7513128400804091
0.7513128447198024
0.7513128479086949
0.7513128497908731
0.751312850930639
0.7513128531910863
0.7513128531910863
0.7513128535204928
0.7513128540158102
0.7513128544465625
0.7513128547739255
0.7513128549703434
0.751312855088194
0.7513128551589043
0.7513128554262231
0.7513128558022324
0.7513128560323431
0.7513128561704098
0.7513128562858692
0.7513128564462186
0.751312856546857
0.7513128566072401
0.7513128566882941
0.7513128567480774
0.7513128567841648
0.7513128568063494
0.7513128568366697
0.7513128568644274
0.7513128568810818
0.7513128568910747
0.7513128568970703
0.7513128569021442
0.7513128569098879
0.7513128569146199
0.7513128569174592
0.7513128569191627
0.751312856920185
0.7513128569223567
0.7513128569243852
0.7513128569256022
0.7513128569263324
0.751312856927005
0.75131285692826
0.7513128569290145
0.7513128569294673
0.7513128569297389
0.7513128569303203
0.751312856930678
0.7513128569308924
0.7513128569310213
0.7513128569310985
0.7513128569312802
0.7513128569313968
0.7513128569314665
0.7513128569315085
0.7513128569315412
0.7513128569315872
0.751312856931615
0.7513128569316313
0.7513128569316413
0.751312856931654
0.7513128569316646
0.7513128569316705
0.7513128569316744
0.7513128569316767
0.7513128569316798
0.7513128569316826
0.751312856931684
0.751312856931685
0.7513128569316863
0.7513128569316873
0.7513128569316879
0.7513128569316881
0.7513128569316886
0.7513128569316889
0.7513128569316891
0.7513128569316894
0.7513128569316895
0.7513128569316896
0.7513128569316898
0.7513128569316901
0.7513128569316903
0.7513128569316904
0.7513128569316905
0.7513128569316906
0.7513128569316907
0.7513128569316907
0.7513128569316907
0.7513128569316908
0.7513128569316908
0.7513128569316908
0.7513128569316908
0.7513128569316908
0.7513128569316908
0.7513128569316908
0.7513128569316908
0.7513128569316908
