1.5273536657873819
1.5273536657873819
1.5273536657873819
1.5273536657873819
1.5273536657873819
1.5273536657873819
1.5273536657873819
1.5273536657873819
1.5273536657873819
1.5273536657873819
1.5273536657873819
1.5273536657873819
1.5273536657873819
1.5273536657873819
1.5273536657873819
1.5273536657873819
1.5273536657873819
1.5273536657873819
1.5273536657873819
1.5273536657873819
1.5273536657873819
1.5273536657873819
1.5273536657873819
1.5273536657873819
1.5273536657873819
1.5273536657873819
1.5273536657873819
1.5273536657873819
1.5273536657873819
1.5273536657873819
1.5273536657873819
1.5273536657873819
1.5273536657873819
1.5273536657873819
1.5273536657873819
1.5273536657873819
1.5273536657873819
1.5273536657873819
1.527471526511313
1.527471526511313
1.527471526511313
1.527471526511313
1.527471526511313
1.527471526511313
1.527471526511313
1.527471526511313
1.527472616436326
1.527472616436326
1.527472616436326
1.5274873834368257
1.5274873834368257
1.5274873834368257
1.5274874076581781
1.5274967143290035
1.5274967143290035
1.5274967143290035
1.5274971023305541
1.5274988094694268
1.5275009001581568
1.527501973862858
1.5275033082476859
1.5275044655461356
1.5275054737024027
1.5275061025334757
1.527506921176892
1.52750719474246
1.52750746523488
1.527507657213099
1.5275079683606851
1.5275080259441334
1.5275081774167134
1.5275083474043933
1.5275084493969984
1.5275085105925599
1.5275085906129275
1.527508615677442
1.5275086534300562
1.5275086659616854
1.527508677302961
1.5275087016328206
1.5275087119590358
1.5275087181547649
1.5275087436039292
1.5275087436039292
1.5275087446368596
1.527508765309635
1.527508765309635
1.527508765309635
1.5275087687687048
1.5275087699020449
1.5275087735392807
1.527508778065854
1.5275087785803236
1.5275087809226766
1.5275087823280884
1.527508783171335
1.5275087836772832
1.5275087842506248
1.5275087849674212
1.5275087855990512
1.5275087860794978
1.5275087865133865
1.5275087868220063
1.5275087870069484
1.5275087871910566
1.5275087873367736
1.527508787524717
1.527508787582979
1.5275087876675788
1.5275087877292597
1.5275087877794287
1.5275087878095304
1.5275087878810574
1.5275087879069686
1.527508787937516
1.5275087879556501
1.5275087879674003
1.5275087879680507
1.5275087879737763
1.5275087879865734
1.5275087879920348
1.527508787995311
1.5275087879997897
1.5275087880056157
1.5275087880091114
1.5275087880114009
1.5275087880127347
1.5275087880162992
1.5275087880172136
1.527508788018795
1.5275087880197433
1.5275087880203124
1.527508788021053
1.5275087880219058
1.5275087880221714
1.5275087880225986
1.5275087880229266
1.5275087880231548
1.5275087880232925
1.5275087880233738
1.527508788023429
1.5275087880234803
1.5275087880235338
1.5275087880235798
1.527508788023606
1.5275087880236407
1.5275087880236655
1.5275087880236804
1.5275087880236902
1.527508788023695
1.5275087880237006
1.527508788023702
1.527508788023708
1.527508788023709
1.5275087880237106
1.5275087880237115
1.5275087880237124
1.5275087880237141
1.5275087880237146
1.5275087880237146
1.5275087880237153
1.5275087880237153
1.5275087880237153
1.5275087880237153
1.5275087880237153
1.5275087880237153
1.5275087880237153
1.5275087880237153
1.5275087880237153
1.5275087880237153
1.5275087880237153
1.5275087880237153
1.5275087880237153
1.5275087880237153
1.5275087880237153
1.5275087880237153
1.5275087880237153
1.5275087880237153
1.5275087880237153
1.5275087880237153
1.5275087880237153
1.5275087880237153
1.5275087880237153
1.5275087880237153
1.5275087880237153
