1.7809729886550407
1.7809729886550407
1.7809729886550407
1.7809729886550407
1.7809729886550407
1.7809729886550407
1.7809729886550407
1.7809729886550407
1.7809729886550407
1.7809729886550407
1.7809729886550407
1.7809729886550407
1.7809729886550407
1.7809729886550407
1.7809729886550407
1.7809729886550407
1.7809729886550407
1.7809729886550407
1.7809729886550407
1.7809729886550407
1.7809729886550407
1.7809729886550407
1.7809729886550407
1.7809729886550407
1.7809729886550407
1.7809729886550407
1.7809729886550407
1.7809729886550407
1.7809729886550407
1.7809729886550407
1.7809729886550407
1.7809729886550407
1.7809729886550407
1.7809729886550407
1.7809729886550407
1.7809729886550407
1.7809729886550407
1.7809729886550407
1.7809729886550407
1.7809729886550407
1.7809729886550407
1.7809729886550407
1.7809729886550407
1.7809729886550407
1.7809729886550407
1.7809837901779952
1.7809837901779952
1.7809837901779952
1.7809837901779952
1.7809837901779952
1.7809837901779952
1.7809837901779952
1.7809837901779952
1.7809837901779952
1.7809898908900623
1.7809898908900623
1.780998696403987
1.7810001709060208
1.7810138908976663
1.7810223603450197
1.7810279477486415
1.7810325389865564
1.7810394278714448
1.7810449996673476
1.7810483427433532
1.7810517155779102
1.7810524499864633
1.781054764556336
1.7810563120660199
1.7810573207136857
1.781057879200947
1.7810584228542814
1.7810588547644495
1.7810589364550709
1.78105906655758
1.7810594430317805
1.78105951958066
1.7810597702088624
1.7810599297430203
1.7810600254577387
1.7810600566066712
1.7810601138015598
1.7810601624498177
1.7810601691106296
1.7810601944003803
1.7810602052049695
1.7810602178984514
1.7810602329580743
1.7810602399007842
1.781060244398913
1.7810602502744943
1.7810602539968232
1.7810602630821517
1.7810602664379906
1.7810602724008309
1.7810602759785346
1.7810602781251565
1.7810602804830296
1.7810602833686497
1.7810602851000208
1.7810602861388443
1.7810602867621375
1.7810602878838784
1.7810602886244244
1.7810602892498104
1.7810602897592394
1.7810602905271802
1.7810602910202018
1.781060291354013
1.7810602917737282
1.7810602921168566
1.7810602921168566
1.7810602922187757
1.781060292301329
1.7810602923508614
1.7810602923805798
1.781060292405542
1.7810602924360552
1.7810602924559535
1.7810602924678929
1.7810602924750554
1.781060292509798
1.781060292535082
1.7810602925358627
1.7810602925358627
1.7810602925516505
1.7810602925545838
1.7810602925555372
1.7810602925603678
1.7810602925673393
1.7810602925673393
1.7810602925691814
1.781060292571068
1.7810602925733872
1.7810602925748507
1.7810602925756718
1.7810602925780883
1.7810602925802845
1.7810602925818018
1.781060292582522
1.7810602925835315
1.7810602925841976
1.7810602925844814
1.781060292584758
1.7810602925850634
1.7810602925851584
1.7810602925853196
1.7810602925853196
1.7810602925853447
1.7810602925853967
1.781060292585403
1.781060292585403
1.7810602925854133
1.7810602925854155
1.7810602925854155
1.7810602925854155
1.7810602925854233
1.7810602925854233
1.7810602925854233
1.7810602925854264
1.7810602925854266
1.7810602925854286
1.7810602925854295
1.7810602925854295
1.7810602925854297
1.7810602925854297
1.78106029258543
1.78106029258543
1.78106029258543
1.78106029258543
1.78106029258543
1.78106029258543
1.78106029258543
1.78106029258543
1.78106029258543
1.78106029258543
1.78106029258543
1.78106029258543
1.78106029258543
1.78106029258543
1.78106029258543
1.78106029258543
1.78106029258543
1.78106029258543
1.78106029258543
1.78106029258543
1.78106029258543
