2.199249852469748
2.199249852469748
2.199249852469748
2.199249852469748
2.199249852469748
2.199249852469748
2.199249852469748
2.199249852469748
2.199249852469748
2.199249852469748
2.199249852469748
2.199249852469748
2.199249852469748
2.199249852469748
2.199249852469748
2.199249852469748
2.199249852469748
2.199249852469748
2.199249852469748
2.199249852469748
2.199249852469748
2.199249852469748
2.199249852469748
2.199249852469748
2.199249852469748
2.199249852469748
2.199249852469748
2.199249852469748
2.199249852469748
2.199249852469748
2.199249852469748
2.199249852469748
2.199249852469748
2.199249852469748
2.199249852469748
2.199249852469748
2.199249852469748
2.199249852469748
2.199249852469748
2.199249852469748
2.199249852469748
2.199249852469748
2.199249852469748
2.199249852469748
2.199249852469748
2.199249852469748
2.199249852469748
2.199249852469748
2.199249852469748
2.199249852469748
2.199250980099213
2.199250980099213
2.199254402563016
2.1992571648173764
2.1992571648173764
2.1992583653702886
2.1992597372317477
2.199260643749731
2.199261208127519
2.199261625886966
2.1992622852666814
2.1992629882371064
2.1992634118984697
2.199263666095278
2.199263833422547
2.199264087384164
2.1992642663417032
2.199264432534543
2.199264539333909
2.199264619350026
2.1992647143524167
2.1992647143524167
2.199264737911418
2.1992647745354903
2.199264796494678
2.1992648195171225
2.199264826181005
2.199264830297471
2.1992648450779293
2.199264855169113
2.199264861267306
2.1992648680203026
2.1992648680203026
2.199264870123393
2.199264871023965
2.199264871440348
2.1992648718142402
2.1992648720385755
2.199264872177203
2.19926487272583
2.199264873590365
2.1992648739524636
2.199264874049462
2.199264874049462
2.199264874049462
2.199264874049462
2.1992648740599767
2.1992648740599767
2.1992648740599767
2.199264874063684
2.199264874063684
2.199264874063684
2.199264874063684
2.199264874063684
2.199264874063684
2.199264874063684
2.199264874067328
2.199264874067328
2.199264874067328
2.199264874067328
2.1992648740727683
2.1992648740727683
2.1992648740727683
2.1992648740727683
2.1992648740727683
2.199264874073997
2.199264874073997
2.199264874073997
2.199264874073997
2.1992648740742347
2.1992648740742347
2.1992648740742347
2.1992648740742347
2.1992648740742347
2.199264874074276
2.199264874074276
2.199264874074276
2.199264874074298
2.199264874074298
2.199264874074298
2.199264874074298
2.1992648740743035
2.1992648740743195
2.1992648740743195
2.1992648740743195
2.199264874074323
2.1992648740743275
2.1992648740743275
2.1992648740743275
2.1992648740743275
2.1992648740743297
2.1992648740743297
2.19926487407433
2.19926487407433
2.1992648740743306
2.1992648740743306
2.1992648740743306
2.1992648740743306
2.1992648740743306
2.199264874074331
2.199264874074331
2.199264874074331
2.199264874074331
2.199264874074331
2.199264874074331
2.199264874074331
2.199264874074331
2.199264874074331
2.199264874074331
2.199264874074331
2.199264874074331
2.199264874074331
2.199264874074331
2.199264874074331
2.199264874074331
2.199264874074331
2.199264874074331
2.199264874074331
2.199264874074331
2.199264874074331
2.199264874074331
2.199264874074331
2.199264874074331
2.199264874074331
2.199264874074331
2.199264874074331
2.199264874074331
2.199264874074331
2.199264874074331
