2.476739764621024
2.476739764621024
2.476739764621024
2.476739764621024
2.476739764621024
2.476739764621024
2.476739764621024
2.476739764621024
2.476739764621024
2.476739764621024
2.476739764621024
2.476739764621024
2.476739764621024
2.476739764621024
2.476739764621024
2.476739764621024
2.476739764621024
2.476739764621024
2.476739764621024
2.476739764621024
2.476739764621024
2.476739764621024
2.476739764621024
2.476739764621024
2.476739764621024
2.476739764621024
2.476739764621024
2.476739764621024
2.476739764621024
2.476739764621024
2.476739764621024
2.476739764621024
2.476739764621024
2.476739764621024
2.476739764621024
2.476739764621024
2.476739764621024
2.476739764621024
2.476739764621024
2.476739764621024
2.476739764621024
2.476739764621024
2.476739764621024
2.4767628203275676
2.4767628203275676
2.4767628203275676
2.4767628203275676
2.476768209166991
2.476772405803382
2.4767779505020417
2.476781277320425
2.4767891773070163
2.476793144145263
2.476799783368414
2.476803766900907
2.4768061570199005
2.4768075910911147
2.476809266075882
2.476809327328568
2.4768100328916334
2.47681045622947
2.4768107769908636
2.4768120541655
2.476813119569571
2.4768137588120402
2.476814142357531
2.476814839201925
2.4768155333774917
2.4768159498828433
2.476816199786057
2.4768165134694002
2.476816948213624
2.47681718135378
2.476817347228778
2.4768174882558154
2.476817682214835
2.4768177985902473
2.476817868415496
2.4768179103106442
2.4768179793202605
2.4768180503354906
2.476818092944629
2.476818118761152
2.476818137152869
2.476818162997619
2.476818178758366
2.4768181886549936
2.47681819459297
2.4768181978278685
2.476818201526893
2.4768182054828793
2.4768182081854295
2.4768182095336706
2.476818210342614
2.476818210951043
2.4768182127139515
2.4768182140941035
2.4768182149845046
2.4768182155223264
2.4768182164036747
2.476818217067298
2.4768182174716076
2.476818217714837
2.4768182179316867
2.4768182183133103
2.476818218542285
2.4768182186796697
2.4768182187621
2.476818218811559
2.476818218841234
2.4768182188742367
2.4768182189360792
2.476818218973185
2.4768182189993078
2.4768182190106054
2.4768182190106054
2.4768182190106054
2.4768182190106054
2.476818219015721
2.476818219015721
2.476818219015721
2.476818219015721
2.476818219015721
2.476818219015721
2.476818219015721
2.4768182190192434
2.4768182190192434
2.4768182190192434
2.4768182190192434
2.476818219019441
2.476818219019776
2.4768182190199597
2.476818219020077
2.476818219020077
2.4768182190201897
2.476818219020225
2.476818219020246
2.4768182190202586
2.4768182190202905
2.476818219020353
2.476818219020391
2.4768182190204135
2.476818219020428
2.476818219020467
2.4768182190204993
2.4768182190205166
2.4768182190205263
2.4768182190205263
2.4768182190205357
2.4768182190205414
2.4768182190205437
2.476818219020545
2.4768182190205454
2.4768182190205486
2.4768182190205503
2.476818219020551
2.476818219020553
2.4768182190205543
2.4768182190205557
2.476818219020556
2.476818219020556
2.476818219020556
2.476818219020556
2.476818219020556
2.476818219020556
2.476818219020556
2.476818219020556
2.476818219020556
2.476818219020556
2.476818219020556
2.476818219020556
2.476818219020556
2.476818219020556
2.476818219020556
2.476818219020556
2.476818219020556
2.476818219020556
2.476818219020556
2.476818219020556
2.476818219020556
2.476818219020556
2.476818219020556
2.476818219020556
2.476818219020556
2.476818219020556
