2.558700829718017
2.558700829718017
2.558700829718017
2.558700829718017
2.558700829718017
2.558700829718017
2.558700829718017
2.558700829718017
2.558700829718017
2.558700829718017
2.558700829718017
2.558700829718017
2.558700829718017
2.558700829718017
2.558700829718017
2.558700829718017
2.558700829718017
2.558700829718017
2.558700829718017
2.558700829718017
2.558700829718017
2.558700829718017
2.558700829718017
2.558700829718017
2.558700829718017
2.558700829718017
2.558700829718017
2.558700829718017
2.558700829718017
2.558700829718017
2.558700829718017
2.558700829718017
2.558700829718017
2.558700829718017
2.558700829718017
2.558700829718017
2.558700829718017
2.558700829718017
2.558700829718017
2.558700829718017
2.558700829718017
2.558700829718017
2.558700829718017
2.558700829718017
2.558700829718017
2.558700829718017
2.558700829718017
2.558700829718017
2.558700829718017
2.558700829718017
2.558700829718017
2.558700829718017
2.558703571529595
2.558703571529595
2.558703571529595
2.558703571529595
2.558703571529595
2.558703571529595
2.558703571529595
2.558703571529595
2.558703571529595
2.558703571529595
2.558703571529595
2.558703571529595
2.5587042662007944
2.558706471319846
2.558706471319846
2.558706471319846
2.558707557805908
2.5587081937384077
2.5587088816950585
2.558710824109196
2.558710824109196
2.5587117470834997
2.5587125360471896
2.5587134756582803
2.558713995945388
2.5587148191038223
2.558715312999019
2.558715609336185
2.5587161161359986
2.5587165493881874
2.5587168627770014
2.558716975708668
2.5587170508057993
2.5587171063835576
2.558717189905293
2.5587172438286077
2.558717281485518
2.558717321862892
2.5587173537681487
2.5587173729113033
2.5587173843971955
2.558717391288731
2.5587173993401744
2.558717402753113
2.5587174039485014
2.558717405872945
2.5587174070276113
2.5587174070276113
2.5587174070276113
2.5587174073441314
2.5587174073441314
2.5587174073441314
2.5587174073441314
2.5587174073441314
2.5587174073441314
2.5587174073441314
2.5587174074015633
2.5587174074819004
2.5587174075552195
2.5587174077323858
2.5587174077323858
2.5587174077500134
2.558717407754584
2.5587174077955464
2.5587174078201245
2.5587174078348713
2.5587174078437194
2.558717407850237
2.5587174079435906
2.5587174079997235
2.5587174080161845
2.5587174080161845
2.5587174080161845
2.5587174080161845
2.5587174080161845
2.5587174080161845
2.5587174080161845
2.5587174080161845
2.558717408017297
2.558717408017297
2.558717408017297
2.558717408017297
2.558717408017297
2.558717408017297
2.558717408017297
2.558717408017297
2.558717408017297
2.558717408017372
2.558717408017372
2.558717408017372
2.558717408017372
2.558717408017372
2.558717408017372
2.558717408017372
2.5587174080174324
2.5587174080175505
2.5587174080175505
2.5587174080175505
2.5587174080175505
2.558717408017596
2.558717408017599
2.558717408017599
2.558717408017599
2.558717408017616
2.558717408017622
2.558717408017622
2.558717408017622
2.558717408017622
2.558717408017622
2.558717408017622
2.558717408017622
2.558717408017622
2.5587174080176225
2.5587174080176225
2.5587174080176225
2.5587174080176234
2.5587174080176234
2.5587174080176234
2.5587174080176234
2.5587174080176234
2.5587174080176234
2.5587174080176234
2.5587174080176234
2.5587174080176243
2.5587174080176243
2.5587174080176243
2.5587174080176243
2.5587174080176243
2.5587174080176243
2.5587174080176243
2.5587174080176243
2.5587174080176243
2.5587174080176243
2.5587174080176243
2.5587174080176243
2.5587174080176243
2.5587174080176243
2.5587174080176243
2.5587174080176243
2.5587174080176243
