2.333963379116639
2.333963379116639
2.333963379116639
2.333963379116639
2.333963379116639
2.333963379116639
2.333963379116639
2.333963379116639
2.333963379116639
2.333963379116639
2.333963379116639
2.333963379116639
2.333963379116639
2.333963379116639
2.333963379116639
2.333963379116639
2.333963379116639
2.333963379116639
2.333963379116639
2.333963379116639
2.333963379116639
2.333963379116639
2.333963379116639
2.333963379116639
2.333963379116639
2.333963379116639
2.333963379116639
2.333963379116639
2.333963379116639
2.333963379116639
2.333963379116639
2.333963379116639
2.333963379116639
2.333963379116639
2.333963379116639
2.333963379116639
2.333963379116639
2.333963379116639
2.333963379116639
2.333963379116639
2.333963379116639
2.333963379116639
2.333963379116639
2.333963379116639
2.333963379116639
2.333963379116639
2.333963379116639
2.333963379116639
2.333963379116639
2.333963379116639
2.333963379116639
2.333963379116639
2.333963379116639
2.333963379116639
2.3339672544385146
2.3339672544385146
2.3339672544385146
2.3339672544385146
2.3339712105637327
2.3339756130845957
2.333978254599307
2.333980798591915
2.333981308263036
2.3339821895164
2.333982718268743
2.333983585629495
2.333983614782917
2.333983962340612
2.333985644613753
2.333987663863826
2.3339876676793407
2.333991139830623
2.3339915998414345
2.333992934375109
2.3339938918238388
2.333994466293001
2.333994921642735
2.3339971202472167
2.333998388806757
2.3339986841951696
2.3339986841951696
2.333999609724637
2.3339999469798247
2.3340002366162733
2.3340002778175126
2.334000510830503
2.334000809798972
2.33400105807048
2.334001081210237
2.334001213509818
2.3340013646388935
2.3340014781782283
2.3340015463018275
2.3340016012294655
2.3340016537663315
2.334001681211421
2.3340017259638293
2.3340017396554495
2.3340017609211903
2.3340017827943775
2.334001789908128
2.334001798139768
2.334001812543038
2.3340018228826103
2.3340018290863513
2.334001832156298
2.3340018362021584
2.334001838629676
2.334001840524337
2.334001841150847
2.334001842436312
2.334001843262131
2.334001843921117
2.334001844358148
2.3340018449828466
2.334001845822417
2.334001846331466
2.3340018466368937
2.334001846820152
2.3340018472447968
2.3340018475661544
2.3340018475661544
2.334001847771015
2.3340018478853644
2.3340018479701143
2.33400184805804
2.3340018480739984
2.334001848179117
2.334001848231926
2.3340018482935196
2.3340018483136955
2.3340018483319254
2.334001848361812
2.3340018483811282
2.3340018483927194
2.3340018483996703
2.3340018484118685
2.3340018484253506
2.33400184843344
2.3340018484382927
2.334001848444461
2.334001848449127
2.334001848452335
2.3340018484543177
2.334001848456185
2.334001848456537
2.3340018484580742
2.3340018484601277
2.3340018484610754
2.334001848461727
2.3340018484627634
2.3340018484635126
2.334001848463881
2.3340018484641054
2.334001848464267
2.3340018484647014
2.33400184846497
2.334001848465131
2.3340018484654017
2.3340018484656238
2.33400184846576
2.3340018484658382
2.3340018484658875
2.3340018484660283
2.334001848466137
2.3340018484662033
2.3340018484662424
2.334001848466267
2.33400184846629
2.334001848466332
2.3340018484663587
2.334001848466375
2.3340018484663836
2.334001848466408
2.33400184846643
2.3340018484664444
2.334001848466456
2.3340018484664666
2.3340018484664746
2.3340018484664795
2.3340018484664817
2.3340018484664835
2.3340018484664866
2.334001848466489
2.334001848466489
2.33400184846649
2.3340018484664906
2.3340018484664906
2.334001848466492
2.334001848466492
2.3340018484664924
2.3340018484664924
2.3340018484664924
2.3340018484664924
2.3340018484664924
2.3340018484664924
2.3340018484664924
2.3340018484664924
2.3340018484664924
2.3340018484664924
2.3340018484664924
2.3340018484664924
2.3340018484664924
