2.3030218218152916
2.3030218218152916
2.3030218218152916
2.3030218218152916
2.3030218218152916
2.3030218218152916
2.3030218218152916
2.3030218218152916
2.3030218218152916
2.3030218218152916
2.3030218218152916
2.3030218218152916
2.3030218218152916
2.3030218218152916
2.3030218218152916
2.3030218218152916
2.3030218218152916
2.3030218218152916
2.3030218218152916
2.3030218218152916
2.3030218218152916
2.3030218218152916
2.3030218218152916
2.3030218218152916
2.3030218218152916
2.3030218218152916
2.3030218218152916
2.3030218218152916
2.3030218218152916
2.3030218218152916
2.3030218218152916
2.3030218218152916
2.3030218218152916
2.3030685157464177
2.3030685157464177
2.3030685157464177
2.3030685157464177
2.3030685157464177
2.3030685157464177
2.3030685157464177
2.3030685157464177
2.3030685157464177
2.3030685157464177
2.3030685157464177
2.3030685157464177
2.3030685157464177
2.3030685157464177
2.3030685157464177
2.3030685157464177
2.3030685157464177
2.3030685157464177
2.3030685157464177
2.303080235002214
2.303080235002214
2.303080235002214
2.303088827163059
2.303088827163059
2.303088827163059
2.303088827163059
2.3030893957367433
2.3030927841296274
2.3030927841296274
2.3030999601459756
2.3030999601459756
2.3031006051033143
2.30310354860113
2.3031059324629797
2.30310711251085
2.3031093397408773
2.303111192795711
2.3031125127751944
2.3031132835974724
2.303113746090719
2.303114951056226
2.3031159185387295
2.303116499028219
2.3031168473219075
2.3031170562981185
2.3031171816838447
2.30311725691528
2.303117333090887
2.303117672216536
2.303117911075042
2.303118054390143
2.3031181403792047
2.3031182882435695
2.303118420912462
2.3031185005137966
2.3031185482745977
2.3031185769310785
2.3031185941249666
2.303118612683811
2.303118638574742
2.3031186543107736
2.303118663752392
2.303118671709449
2.3031186833938504
2.30311869040449
2.303118694610875
2.303118697695542
2.3031187006058373
2.303118702671435
2.303118703911918
2.303118704656208
2.30311870587787
2.3031187067025414
2.3031187071973442
2.3031187074942254
2.303118707672355
2.303118708080293
2.3031187083809814
2.3031187085613944
2.3031187086696425
2.3031187087345906
2.3031187088251275
2.3031187089056107
2.303118708953901
2.3031187089828746
2.3031187090121557
2.3031187090502545
2.3031187090731144
2.3031187090868297
2.303118709095059
2.303118709099997
2.303118709114682
2.3031187091248904
2.3031187091310152
2.3031187091346905
2.3031187091368963
2.3031187091406764
2.3031187091431526
2.303118709144638
2.3031187091455294
2.303118709146914
2.303118709148286
2.3031187091491083
2.303118709149602
2.3031187091504273
2.303118709151434
2.303118709152037
2.303118709152399
2.303118709152617
2.303118709152986
2.3031187091532423
2.303118709153395
2.303118709153487
2.303118709153542
2.3031187091536243
2.3031187091536816
2.303118709153716
2.303118709153736
2.3031187091537495
2.3031187091537673
2.303118709153778
2.303118709153784
2.3031187091537886
2.3031187091537944
2.3031187091537992
2.303118709153802
2.303118709153804
2.303118709153807
2.3031187091538086
2.30311870915381
2.303118709153811
2.303118709153812
2.303118709153813
2.3031187091538134
2.3031187091538134
2.303118709153814
2.3031187091538143
2.3031187091538143
2.3031187091538143
2.3031187091538143
2.3031187091538143
2.3031187091538143
2.3031187091538143
2.3031187091538143
2.3031187091538143
2.3031187091538143
2.3031187091538143
2.3031187091538143
2.3031187091538143
2.3031187091538143
2.3031187091538143
2.3031187091538143
2.3031187091538143
2.3031187091538143
2.3031187091538143
2.3031187091538143
2.3031187091538143
2.3031187091538143
2.3031187091538143
2.3031187091538143
2.3031187091538143
2.3031187091538143
2.3031187091538143
