2.4122139633270256
2.4122139633270256
2.4122139633270256
2.4122139633270256
2.4122139633270256
2.4122139633270256
2.4122139633270256
2.4122139633270256
2.4122139633270256
2.4122139633270256
2.4122139633270256
2.4122139633270256
2.4122139633270256
2.4122139633270256
2.4122139633270256
2.4122139633270256
2.4122139633270256
2.4122139633270256
2.4122139633270256
2.4122139633270256
2.4122139633270256
2.4122139633270256
2.4122139633270256
2.4122139633270256
2.4122139633270256
2.4122139633270256
2.4122139633270256
2.4122139633270256
2.4122139633270256
2.4122139633270256
2.4122139633270256
2.4122139633270256
2.4122139633270256
2.4122139633270256
2.4122139633270256
2.4122139633270256
2.4122139633270256
2.4122139633270256
2.4122139633270256
2.4122139633270256
2.4122139633270256
2.4122139633270256
2.4122139633270256
2.4122139633270256
2.4122139633270256
2.4122139633270256
2.4122139633270256
2.4122139633270256
2.4122139633270256
2.4122139633270256
2.4122139633270256
2.412216217717621
2.412216217717621
2.412216217717621
2.4122180781411875
2.41222030281367
2.412221706721641
2.412223173929597
2.412224054254026
2.4122245824485593
2.412225460526062
2.4122263550831318
2.412226792378077
2.4122273822965417
2.4122279850281076
2.4122282723504265
2.4122286336177794
2.41222888825265
2.412229228790121
2.4122297156102173
2.412229741611944
2.4122300372914354
2.4122302313680914
2.412230335873786
2.4122304296182038
2.4122305126631987
2.412230562490196
2.412230678250881
2.412230678250881
2.4122307278922537
2.412230763506141
2.4122307846434237
2.4122307846434237
2.412230799949748
2.41223081002001
2.412230820082996
2.412230820082996
2.412230821404078
2.412230825133253
2.412230828564734
2.412230833079094
2.41223083471321
2.4122308358709756
2.4122308370604486
2.412230837808681
2.4122308383853728
2.4122308388768317
2.412230839147115
2.4122308394771133
2.41223083972687
2.4122308398767243
2.4122308402607637
2.412230840343269
2.4122308405446193
2.4122308406833852
2.412230840798867
2.412230840896753
2.412230840955485
2.4122308409715476
2.4122308410170574
2.4122308410372835
2.412230841054144
2.4122308410805564
2.412230841082949
2.4122308410910076
2.4122308411009517
2.4122308411043765
2.4122308411064313
2.412230841107664
2.412230841110396
2.412230841114702
2.4122308411171476
2.4122308411180975
2.4122308411198925
2.412230841121295
2.4122308411224105
2.4122308411232263
2.412230841123716
2.412230841124009
2.412230841124186
2.4122308411243956
2.412230841124903
2.4122308411252984
2.4122308411252984
2.4122308411253703
2.4122308411254307
2.4122308411255045
2.412230841125563
2.412230841125662
2.412230841125727
2.4122308411257904
2.4122308411259037
2.4122308411259112
2.412230841125934
2.412230841125962
2.4122308411259743
2.412230841125992
2.4122308411260036
2.4122308411260107
2.4122308411260143
2.412230841126017
2.4122308411260187
2.4122308411260356
2.4122308411260467
2.412230841126056
2.4122308411260613
2.412230841126073
2.4122308411260804
2.412230841126081
2.4122308411260858
2.412230841126087
2.4122308411260884
2.4122308411260893
2.4122308411260898
2.41223084112609
2.4122308411260907
2.412230841126091
2.4122308411260915
2.4122308411260924
2.4122308411260924
2.4122308411260933
2.4122308411260933
2.4122308411260938
2.4122308411260938
2.4122308411260938
2.412230841126094
2.412230841126094
2.412230841126094
2.412230841126094
2.412230841126094
2.412230841126094
2.412230841126094
2.412230841126094
2.412230841126094
2.412230841126094
