1.6507938283133583
1.6507938283133583
1.6507938283133583
1.6507938283133583
1.6507938283133583
1.6507938283133583
1.6507938283133583
1.6507938283133583
1.6507938283133583
1.6507938283133583
1.6507938283133583
1.6507938283133583
1.6507938283133583
1.6507938283133583
1.6507938283133583
1.6507938283133583
1.6507938283133583
1.6507938283133583
1.6507938283133583
1.6507938283133583
1.6507938283133583
1.6507938283133583
1.6507938283133583
1.6507938283133583
1.6507938283133583
1.6507938283133583
1.6507938283133583
1.6507938283133583
1.6507938283133583
1.6507938283133583
1.6507938283133583
1.6507938283133583
1.6507938283133583
1.6507938283133583
1.6507938283133583
1.6507938283133583
1.6507938283133583
1.6507938283133583
1.6507938283133583
1.6507938283133583
1.6507938283133583
1.6507938283133583
1.6507938283133583
1.6507938283133583
1.6507938283133583
1.6507938283133583
1.6507938283133583
1.6507938283133583
1.6507938283133583
1.6507938283133583
1.6507938283133583
1.6507938283133583
1.6507938283133583
1.6507938283133583
1.6507938283133583
1.6507938283133583
1.6507938283133583
1.6507938283133583
1.6507938283133583
1.6507938283133583
1.6507938283133583
1.6507938742846757
1.6507969648355827
1.6507969648355827
1.6507969648355827
1.6507980138211944
1.6508003767923276
1.6508023452999254
1.6508023452999254
1.6508035425840235
1.650803943578357
1.6508047149308902
1.6508054361336943
1.6508059230146108
1.6508062409571473
1.6508067354061589
1.650807032075621
1.6508072107500424
1.6508074552536518
1.6508076338846274
1.6508078024357433
1.6508078159685622
1.6508078159685622
1.6508078662503465
1.6508079128953117
1.6508079316409285
1.6508079376579907
1.650807976490255
1.6508079908438762
1.6508080228931925
1.6508080318112703
1.6508080355106207
1.6508080494357034
1.6508080537240575
1.6508080603948738
1.650808067455339
1.6508080727653058
1.6508080763212316
1.650808079043656
1.6508080814621908
1.650808084726742
1.650808084961943
1.6508080863857133
1.6508080874769566
1.6508080880591212
1.65080808840842
1.6508080886207355
1.6508080905167068
1.6508080917219765
1.6508080917219765
1.6508080917219765
1.650808091894447
1.6508080921787662
1.6508080928433972
1.650808093020249
1.6508080931625304
1.6508080931906957
1.6508080933737908
1.6508080934073082
1.6508080935759306
1.6508080936914178
1.650808093769794
1.6508080938106013
1.6508080938934746
1.6508080939088774
1.6508080939399077
1.650808094003648
1.6508080940038092
1.650808094003906
1.6508080940039642
1.6508080940243297
1.6508080940508116
1.6508080940591099
1.650808094068646
1.6508080940737297
1.650808094080166
1.6508080940890286
1.6508080940906549
1.650808094095737
1.6508080940993806
1.6508080941019383
1.6508080941033905
1.6508080941046983
1.6508080941059586
1.6508080941066323
1.650808094106821
1.650808094107121
1.6508080941074037
1.6508080941075989
1.6508080941079921
1.6508080941079921
1.650808094108071
1.650808094108089
1.650808094108089
1.650808094108108
1.650808094108108
1.6508080941081176
1.650808094108119
1.6508080941081242
1.6508080941081242
1.6508080941081242
1.6508080941081338
1.6508080941081338
1.650808094108134
1.6508080941081347
1.6508080941081387
1.6508080941081413
1.6508080941081429
1.6508080941081433
1.6508080941081453
1.6508080941081458
1.6508080941081462
1.6508080941081467
1.650808094108147
1.650808094108148
1.650808094108148
1.6508080941081484
1.6508080941081484
1.6508080941081487
1.6508080941081489
1.6508080941081489
1.650808094108149
1.650808094108149
1.650808094108149
1.650808094108149
1.650808094108149
1.650808094108149
1.650808094108149
1.650808094108149
1.650808094108149
1.650808094108149
1.650808094108149
