1.970071021604261
1.970071021604261
1.970071021604261
1.970071021604261
1.970071021604261
1.970071021604261
1.970071021604261
1.970071021604261
1.970071021604261
1.970071021604261
1.970071021604261
1.970071021604261
1.970071021604261
1.970071021604261
1.970071021604261
1.970071021604261
1.970071021604261
1.970071021604261
1.970071021604261
1.970071021604261
1.970071021604261
1.970071021604261
1.970071021604261
1.970071021604261
1.970071021604261
1.970071021604261
1.970071021604261
1.970071021604261
1.970071021604261
1.970071021604261
1.970071021604261
1.970071021604261
1.970071021604261
1.970071021604261
1.970071021604261
1.970071021604261
1.970071021604261
1.970071021604261
1.970071021604261
1.970071021604261
1.970071021604261
1.970071021604261
1.970071021604261
1.970071021604261
1.970071021604261
1.970071021604261
1.970071021604261
1.970071021604261
1.970071021604261
1.970071021604261
1.970071021604261
1.970071021604261
1.970071021604261
1.970071021604261
1.970071021604261
1.970071021604261
1.970072871648936
1.970072871648936
1.970072871648936
1.970072871648936
1.9700733950333307
1.9700743567024142
1.970075476617848
1.9700762909351983
1.9700767795258516
1.9700772847867223
1.970077848424274
1.9700782625299693
1.9700785393136635
1.9700787053839168
1.9700788691333957
1.970079096277366
1.970079272018572
1.9700793788669488
1.9700794509271784
1.970079545428073
1.970079605834196
1.9700796443607074
1.9700796674766141
1.970079683581947
1.970079701369041
1.9700797252910798
1.9700797477327217
1.9700797548923592
1.9700797618632282
1.9700797618632282
1.9700797680174449
1.9700797680174449
1.9700797680549762
1.9700797699079196
1.9700797699079196
1.9700797699079196
1.9700797707033952
1.970079770752264
1.970079770752264
1.970079770752264
1.970079770950969
1.970079770950969
1.970079770950969
1.9700797709831426
1.970079771051727
1.9700797714506615
1.9700797716962686
1.970079771865312
1.970079771932328
1.970079772003358
1.9700797720830017
1.9700797721648264
1.9700797722139212
1.970079772261255
1.9700797723021344
1.9700797723330274
1.9700797723534111
1.9700797723664119
1.9700797723731076
1.9700797723853092
1.9700797724023351
1.97007977240887
1.9700797724156054
1.9700797724207957
1.9700797724246344
1.9700797724293466
1.9700797724312087
1.970079772433105
1.9700797724347208
1.97007977243596
1.9700797724368235
1.970079772437493
1.9700797724378947
1.9700797724381358
1.970079772438308
1.9700797724385533
1.970079772438749
1.9700797724388748
1.970079772438951
1.9700797724390609
1.970079772439155
1.970079772439212
1.9700797724393044
1.970079772439341
1.9700797724393746
1.9700797724393946
1.970079772439399
1.9700797724394208
1.9700797724394439
1.9700797724394594
1.9700797724394696
1.9700797724394752
1.9700797724394785
1.9700797724394976
1.9700797724395098
1.9700797724395172
1.9700797724395214
1.9700797724395271
1.970079772439536
1.9700797724395416
1.9700797724395447
1.970079772439547
1.9700797724395516
1.970079772439554
1.9700797724395558
1.9700797724395576
1.9700797724395596
1.9700797724395607
1.9700797724395616
1.9700797724395624
1.9700797724395633
1.9700797724395638
1.970079772439564
1.9700797724395647
1.9700797724395651
1.9700797724395651
1.9700797724395651
1.9700797724395651
1.9700797724395651
1.9700797724395653
1.9700797724395653
1.9700797724395653
1.9700797724395656
1.9700797724395656
1.9700797724395656
1.9700797724395656
