1.4614614541106308
1.4614614541106308
1.4614614541106308
1.4614614541106308
1.4614614541106308
1.4614614541106308
1.4614614541106308
1.4614614541106308
1.4614614541106308
1.4614614541106308
1.4614614541106308
1.4614614541106308
1.4614614541106308
1.4614614541106308
1.4614614541106308
1.4614614541106308
1.4614614541106308
1.4614614541106308
1.4614614541106308
1.4614614541106308
1.4614614541106308
1.4614614541106308
1.4614614541106308
1.4614614541106308
1.4614614541106308
1.4614614541106308
1.4614614541106308
1.4614614541106308
1.4614614541106308
1.4614614541106308
1.4614614541106308
1.4614614541106308
1.4614614541106308
1.4614614541106308
1.4614614541106308
1.4614614541106308
1.4614614541106308
1.4614614541106308
1.4614614541106308
1.4614614541106308
1.4614614541106308
1.4614614541106308
1.4614614541106308
1.4614614541106308
1.4614614541106308
1.4614614541106308
1.4614614541106308
1.4614614541106308
1.4614666895374588
1.4614666895374588
1.4614666895374588
1.4614666895374588
1.4614742762518307
1.4614742762518307
1.4614749129269073
1.461478512296818
1.4614821176956188
1.4614862976022778
1.4614862976022778
1.4614870254905121
1.4614873942894522
1.461490432062966
1.4614923295097253
1.4614934679802434
1.4614941510634403
1.461494999752733
1.461496215557134
1.4614969450405413
1.4614977390894521
1.4614981644104235
1.4614985244469083
1.461498740468879
1.4614991517549418
1.4614993008901507
1.4614997413202342
1.4615000055783833
1.46150016413331
1.4615002058266036
1.4615002986901877
1.4615003757930793
1.4615004220548171
1.4615004748897866
1.4615004748897866
1.4615004786744972
1.4615004859440586
1.461500504918364
1.461500522915515
1.46150054599896
1.4615005605328621
1.4615005605328621
1.461500563038008
1.4615005722392558
1.4615005775484124
1.4615005801524728
1.461500584161773
1.4615005866046513
1.4615005905415044
1.4615005921522137
1.4615005934534397
1.4615005950657798
1.4615005969137438
1.4615005977158382
1.4615005977158382
1.4615005977158382
1.461500598039764
1.4615005981768552
1.4615005981768552
1.4615005981768552
1.4615005981768552
1.4615005981886526
1.4615005981886526
1.4615005981886526
1.4615005981886526
1.4615005982232352
1.4615005982232352
1.4615005982232352
1.4615005982260298
1.4615005982436349
1.4615005982436349
1.4615005982436349
1.4615005982436349
1.4615005982436349
1.461500598247379
1.461500598247379
1.461500598247379
1.461500598247379
1.4615005982482252
1.4615005982482252
1.4615005982482252
1.461500598249056
1.461500598249056
1.461500598249056
1.461500598249056
1.461500598249056
1.461500598249056
1.4615005982491132
1.4615005982492573
1.4615005982494005
1.4615005982495228
1.4615005982495688
1.4615005982496856
1.4615005982497373
1.4615005982497937
1.4615005982498477
1.461500598249881
1.461500598249901
1.461500598249931
1.4615005982499458
1.4615005982499785
1.4615005982499785
1.4615005982499878
1.4615005982499896
1.4615005982499942
1.4615005982499998
1.4615005982500116
1.4615005982500116
1.4615005982500116
1.4615005982500116
1.4615005982500116
1.4615005982500116
1.4615005982500116
1.4615005982500116
1.4615005982500116
1.4615005982500116
1.4615005982500116
1.4615005982500116
1.4615005982500116
1.4615005982500116
1.4615005982500116
1.4615005982500116
1.4615005982500116
1.4615005982500116
1.4615005982500116
1.4615005982500116
1.4615005982500116
1.4615005982500116
1.4615005982500116
1.4615005982500116
1.4615005982500116
1.4615005982500116
1.4615005982500116
1.4615005982500116
1.4615005982500116
1.4615005982500116
1.4615005982500116
1.4615005982500116
1.4615005982500116
1.4615005982500116
