2.287030100264982
2.287030100264982
2.287030100264982
2.287030100264982
2.287030100264982
2.287030100264982
2.287030100264982
2.287030100264982
2.287030100264982
2.287030100264982
2.287030100264982
2.287030100264982
2.287030100264982
2.287030100264982
2.287030100264982
2.287030100264982
2.287030100264982
2.287030100264982
2.287030100264982
2.287030100264982
2.287030100264982
2.287030100264982
2.287030100264982
2.287030100264982
2.287030100264982
2.287030100264982
2.287030100264982
2.287030100264982
2.287030100264982
2.287030100264982
2.287030100264982
2.287030100264982
2.287030100264982
2.287030100264982
2.287030100264982
2.287030100264982
2.287030100264982
2.287030100264982
2.287030100264982
2.287030100264982
2.287030100264982
2.287030100264982
2.287030100264982
2.287030100264982
2.287030100264982
2.287063799458621
2.287063799458621
2.287063799458621
2.2871069583098027
2.2871069583098027
2.2871069583098027
2.287164578923664
2.287164578923664
2.287164578923664
2.287164578923664
2.287164578923664
2.287164578923664
2.2871673427582913
2.287173957800876
2.28717671176629
2.28717836414579
2.28717935557358
2.287183741956623
2.287185207329405
2.2871873362199215
2.2871888916262035
2.2871901316649654
2.2871908756882475
2.287191322102226
2.287192278448897
2.2871934706600747
2.287194185986829
2.2871946220685317
2.2871952334769183
2.2871957508865437
2.2871960613323283
2.287196247599802
2.2871965185970122
2.2871967171351706
2.2871968362580666
2.287196907731805
2.2871969696181753
2.2871970576112077
2.287197111515483
2.287197143858048
2.2871971719475446
2.2871971990752367
2.2871972153518523
2.2871972251178208
2.287197230977403
2.2871972366579016
2.287197243974636
2.287197248445567
2.2871972511770604
2.287197252815956
2.287197253799293
2.287197256815485
2.2871972592364296
2.2871972606889965
2.2871972615605363
2.2871972620835344
2.2871972632937307
2.2871972640618
2.2871972645226415
2.2871972650898966
2.2871972655477952
2.2871972658225355
2.2871972660618365
2.287197266356659
2.287197266533857
2.287197266640175
2.2871972667234086
2.2871972668187026
2.2871972668758795
2.2871972669101854
2.2871972669437803
2.2871972669811504
2.287197267003605
2.2871972670170777
2.2871972670251615
2.287197267030011
2.287197267032921
2.2871972670346676
2.2871972670388203
2.2871972670424414
2.287197267044615
2.2871972670459186
2.2871972670480094
2.2871972670495713
2.287197267050509
2.287197267051071
2.2871972670514085
2.287197267051821
2.287197267052178
2.2871972670523917
2.2871972670525196
2.2871972670526697
2.2871972670527874
2.287197267052858
2.287197267052901
2.2871972670529455
2.2871972670529908
2.2871972670530187
2.2871972670530347
2.287197267053052
2.287197267053078
2.287197267053094
2.2871972670531036
2.2871972670531173
2.287197267053127
2.2871972670531324
2.287197267053137
2.2871972670531386
2.2871972670531417
2.287197267053145
2.2871972670531466
2.2871972670531475
2.2871972670531497
2.2871972670531515
2.287197267053152
2.2871972670531533
2.287197267053154
2.287197267053154
2.287197267053154
2.287197267053155
2.287197267053155
2.287197267053155
2.287197267053155
2.287197267053155
2.287197267053155
2.287197267053155
2.287197267053155
2.287197267053155
2.287197267053155
2.287197267053155
2.287197267053155
2.287197267053155
2.287197267053155
2.287197267053155
2.287197267053155
2.287197267053155
2.287197267053155
2.287197267053155
2.287197267053155
2.287197267053155
2.287197267053155
2.287197267053155
