2.421995142377373
2.421995142377373
2.421995142377373
2.421995142377373
2.421995142377373
2.421995142377373
2.421995142377373
2.421995142377373
2.421995142377373
2.421995142377373
2.421995142377373
2.421995142377373
2.421995142377373
2.421995142377373
2.421995142377373
2.421995142377373
2.421995142377373
2.421995142377373
2.421995142377373
2.421995142377373
2.421995142377373
2.421995142377373
2.421995142377373
2.421995142377373
2.421995142377373
2.421995142377373
2.421995142377373
2.421995142377373
2.421995142377373
2.421995142377373
2.421995142377373
2.421995142377373
2.421995142377373
2.421995142377373
2.421995142377373
2.421995142377373
2.421995142377373
2.421995142377373
2.421995142377373
2.421995142377373
2.4220061117437566
2.4220061117437566
2.4220061117437566
2.4220061117437566
2.4220061117437566
2.4220061117437566
2.4220061117437566
2.4220061117437566
2.4220108488045264
2.4220108488045264
2.4220108488045264
2.4220108488045264
2.422030999172348
2.422030999172348
2.422030999172348
2.422031806206319
2.4220361654190894
2.4220387809511306
2.4220403502719323
2.422040937736588
2.4220416281580843
2.4220418299341717
2.422042998740821
2.422043807573362
2.4220489791266275
2.422050467747971
2.4220522940459612
2.42205618290841
2.422058516222972
2.42206012307084
2.422061536937001
2.4220628477036055
2.422063634163321
2.4220641060390617
2.4220645525111055
2.422064972209125
2.422065392859135
2.4220655560712476
2.4220657765978872
2.422065916431874
2.4220660368560742
2.4220661134929538
2.4220661594750816
2.4220661894545095
2.422066284938899
2.4220663118700716
2.4220663509192466
2.4220663944486414
2.422066420566281
2.422066429568678
2.4220664394433946
2.422066446929217
2.4220664550874136
2.4220664665030154
2.4220664697894962
2.4220664749721843
2.4220664811142028
2.4220664830370953
2.422066485993168
2.4220664879126748
2.4220664886128245
2.4220664907064204
2.4220664926167372
2.4220664945414168
2.422066494634264
2.4220664951570603
2.4220664962296277
2.422066497097698
2.422066497645663
2.4220664979744435
2.4220664985507816
2.4220664990026655
2.422066499305661
2.422066499582112
2.42206649978499
2.4220664999660033
2.4220665000793082
2.422066500148099
2.422066500216196
2.4220665003195383
2.4220665003828357
2.4220665004208164
2.4220665004677002
2.4220665005163715
2.422066500545802
2.4220665005634605
2.422066500574058
2.422066500596131
2.422066500618703
2.4220665006322504
2.422066500640375
2.422066500649211
2.4220665006592337
2.4220665006652533
2.4220665006688646
2.4220665006710473
2.4220665006756383
2.4220665006784
2.422066500680058
2.4220665006810553
2.42206650068179
2.4220665006839828
2.4220665006852955
2.422066500686087
2.422066500686559
2.422066500687221
2.4220665006877873
2.422066500688125
2.4220665006883295
2.4220665006884503
2.4220665006885738
2.4220665006887456
2.422066500688848
2.422066500688913
2.4220665006889726
2.42206650068903
2.422066500689067
2.4220665006890894
2.422066500689115
2.4220665006891338
2.422066500689143
2.422066500689151
2.4220665006891524
2.4220665006891555
2.4220665006891613
2.4220665006891635
2.422066500689165
2.4220665006891653
2.4220665006891653
2.4220665006891653
2.4220665006891653
2.422066500689167
2.422066500689167
2.422066500689167
2.422066500689167
2.422066500689167
2.422066500689167
2.422066500689167
2.422066500689167
2.422066500689167
2.422066500689167
2.422066500689167
2.422066500689167
2.422066500689167
2.422066500689167
2.422066500689167
2.422066500689167
2.422066500689167
2.422066500689167
2.422066500689167
2.422066500689167
2.422066500689167
2.422066500689167
