1.59097596112811
1.59097596112811
1.59097596112811
1.59097596112811
1.59097596112811
1.59097596112811
1.59097596112811
1.59097596112811
1.59097596112811
1.59097596112811
1.59097596112811
1.59097596112811
1.59097596112811
1.59097596112811
1.59097596112811
1.59097596112811
1.59097596112811
1.59097596112811
1.59097596112811
1.59097596112811
1.59097596112811
1.59097596112811
1.59097596112811
1.59097596112811
1.59097596112811
1.59097596112811
1.59097596112811
1.59097596112811
1.59097596112811
1.59097596112811
1.59097596112811
1.59097596112811
1.59097596112811
1.59097596112811
1.59097596112811
1.59097596112811
1.59097596112811
1.59097596112811
1.59097596112811
1.59097596112811
1.59097596112811
1.59097596112811
1.59098244708342
1.59098244708342
1.59098244708342
1.59098244708342
1.5909849340157483
1.5909857231976035
1.5909935321294433
1.5909982175072557
1.5910010287406784
1.5910027154831567
1.5910037275295166
1.5910043347576468
1.591004699094638
1.591008976278336
1.591008976278336
1.591010314395124
1.5910108295089367
1.5910120486194426
1.591012348809829
1.591013167962086
1.5910141992748188
1.5910148723739628
1.5910152762335796
1.591015600307766
1.5910160846325503
1.5910163396106554
1.591016505588724
1.5910166372549266
1.5910167333734648
1.591016787167972
1.5910168318028355
1.5910168775581588
1.5910168942762866
1.5910169290939236
1.591016971482551
1.5910169969157284
1.5910170155506838
1.5910170434128015
1.5910170601300722
1.59101707170015
1.591017078755114
1.5910170856157158
1.59101709213336
1.5910170960439463
1.5910170982481882
1.5910171004319986
1.5910171017422852
1.5910171028217055
1.5910171034754301
1.5910171042120045
1.5910171047085158
1.5910171050064226
1.5910171051851667
1.591017105292413
1.5910171053888658
1.591017105495481
1.5910171055679239
1.591017105731941
1.591017105731941
1.5910171057740259
1.59101710581994
1.5910171058574967
1.5910171058756082
1.5910171059067366
1.5910171059261464
1.5910171059666713
1.5910171059722373
1.5910171059798854
1.5910171059956646
1.5910171060090488
1.5910171060159475
1.5910171060159475
1.5910171060207363
1.5910171060291378
1.591017106031689
1.5910171060358134
1.5910171060401388
1.5910171060419
1.5910171060429565
1.5910171060441631
1.5910171060449658
1.5910171060455431
1.591017106046188
1.5910171060464786
1.5910171060467495
1.591017106046812
1.5910171060469225
1.591017106047073
1.5910171060471394
1.5910171060472151
1.5910171060472607
1.5910171060472957
1.5910171060473184
1.5910171060473324
1.5910171060473697
1.5910171060473932
1.5910171060473957
1.5910171060474083
1.5910171060474165
1.5910171060474285
1.5910171060474356
1.5910171060474398
1.5910171060474423
1.591017106047444
1.5910171060474472
1.5910171060474494
1.591017106047451
1.5910171060474516
1.591017106047453
1.591017106047454
1.5910171060474552
1.5910171060474556
1.5910171060474563
1.5910171060474567
1.5910171060474574
1.5910171060474576
1.5910171060474578
1.591017106047458
1.5910171060474583
1.5910171060474583
1.5910171060474583
1.5910171060474585
1.5910171060474585
1.5910171060474585
1.5910171060474585
1.5910171060474585
1.5910171060474585
1.5910171060474585
1.5910171060474585
1.5910171060474585
1.5910171060474585
1.5910171060474585
1.5910171060474585
1.5910171060474585
1.5910171060474585
1.5910171060474585
1.5910171060474585
1.5910171060474585
1.5910171060474585
