1.4491804187686939
1.4491804187686939
1.4491804187686939
1.4491804187686939
1.4491804187686939
1.4491804187686939
1.4491804187686939
1.4491804187686939
1.4491804187686939
1.4491804187686939
1.4491804187686939
1.4491804187686939
1.4491804187686939
1.4491804187686939
1.4491804187686939
1.4491804187686939
1.4491804187686939
1.4491804187686939
1.4491804187686939
1.4491804187686939
1.4491804187686939
1.4491804187686939
1.4491804187686939
1.4491804187686939
1.4491804187686939
1.4491804187686939
1.4491804187686939
1.4491804187686939
1.4491804187686939
1.4491804187686939
1.4491804187686939
1.4491804187686939
1.4491804187686939
1.4491804187686939
1.4491804187686939
1.4491804187686939
1.4491804187686939
1.4491804187686939
1.4491804187686939
1.4491804187686939
1.4491804187686939
1.4491804187686939
1.4491804187686939
1.4491804187686939
1.4491804187686939
1.4491804187686939
1.4491804187686939
1.4491804187686939
1.4491804187686939
1.4491804187686939
1.4491804187686939
1.4491804187686939
1.4491804187686939
1.4491804187686939
1.4491804187686939
1.4491811903331027
1.449183915142077
1.449183915142077
1.449183915142077
1.449185879435745
1.4491859479417237
1.4491868839135351
1.449187764051331
1.4491878618500045
1.4491882097759097
1.4491885776937992
1.4491890821775666
1.4491893715491762
1.4491896040912229
1.4491898520991078
1.449190038152283
1.449190141370042
1.449190215638196
1.4491903056174147
1.4491903381563058
1.449190373538186
1.4491904034164231
1.4491904370391082
1.4491904541320961
1.4491904700779912
1.4491904810636258
1.4491904892197922
1.4491904952928005
1.4491904989366056
1.4491905044837026
1.449190509423399
1.4491905123872162
1.44919051602601
1.4491905189819458
1.4491905215569876
1.449190523266629
1.449190524292413
1.4491905257441942
1.449190527226678
1.4491905282098054
1.4491905288478553
1.4491905295122605
1.4491905301856147
1.4491905305966213
1.449190530843225
1.4491905312865452
1.4491905315172136
1.4491905317221283
1.44919053185202
1.4491905320313867
1.4491905321601268
1.4491905322455307
1.4491905323203376
1.4491905324074945
1.4491905324597885
1.449190532492728
1.4491905325267558
1.4491905325617884
1.4491905325828085
1.449190532595421
1.4491905326029877
1.449190532607528
1.4491905326174896
1.4491905326300545
1.4491905326387415
1.4491905326439536
1.4491905326497545
1.4491905326558354
1.4491905326598018
1.4491905326621817
1.4491905326636096
1.449190532665002
1.4491905326670362
1.449190532668257
1.4491905326686547
1.4491905326692234
1.4491905326697283
1.4491905326707504
1.4491905326713643
1.4491905326717327
1.4491905326719534
1.4491905326723666
1.4491905326727685
1.44919053267301
1.4491905326731542
1.449190532673306
1.4491905326735106
1.4491905326736327
1.4491905326737062
1.4491905326737529
1.4491905326738244
1.4491905326738672
1.449190532673893
1.4491905326739116
1.449190532673923
1.4491905326739338
1.4491905326739416
1.449190532673947
1.4491905326739498
1.4491905326739536
1.4491905326739567
1.4491905326739578
1.4491905326739591
1.4491905326739596
1.4491905326739605
1.4491905326739616
1.4491905326739623
1.4491905326739623
1.4491905326739623
1.4491905326739623
1.4491905326739623
1.4491905326739623
1.4491905326739623
1.4491905326739623
1.4491905326739623
1.4491905326739623
1.4491905326739623
1.4491905326739623
1.4491905326739623
1.4491905326739623
1.4491905326739623
1.4491905326739623
1.4491905326739623
1.4491905326739623
1.4491905326739623
