2.341997225616946
2.341997225616946
2.341997225616946
2.341997225616946
2.341997225616946
2.341997225616946
2.341997225616946
2.341997225616946
2.341997225616946
2.341997225616946
2.341997225616946
2.341997225616946
2.341997225616946
2.341997225616946
2.341997225616946
2.341997225616946
2.341997225616946
2.341997225616946
2.341997225616946
2.341997225616946
2.341997225616946
2.341997225616946
2.341997225616946
2.341997225616946
2.341997225616946
2.341997225616946
2.341997225616946
2.341997225616946
2.341997225616946
2.341997225616946
2.341997225616946
2.341997225616946
2.341997225616946
2.341997225616946
2.341997225616946
2.341997225616946
2.341997225616946
2.341997225616946
2.341997225616946
2.341997225616946
2.341997225616946
2.341997225616946
2.341997225616946
2.341997225616946
2.341997225616946
2.341997225616946
2.341997225616946
2.341997225616946
2.341997225616946
2.341997225616946
2.341997225616946
2.341997225616946
2.341997225616946
2.3419982069427117
2.3419985038429414
2.3419985038429414
2.3420040855867397
2.3420040855867397
2.3420040855867397
2.3420040855867397
2.3420071085468726
2.3420071341831425
2.342007220612968
2.3420074365305132
2.3420076179045277
2.342008012519787
2.3420083184876486
2.3420083573769697
2.342008526228433
2.3420085848374885
2.3420087457885064
2.3420088109884802
2.342008945911835
2.342008963858337
2.3420090854817284
2.342009109856416
2.34200913838136
2.3420091667088156
2.342009190648821
2.3420092341017216
2.3420092599379916
2.3420092708185027
2.3420092950104325
2.342009308413115
2.342009318273491
2.3420093230178987
2.342009331178003
2.3420093387451426
2.3420093432854263
2.342009346009597
2.342009347644099
2.3420093495635106
2.342009354479863
2.342009357434027
2.342009359206525
2.3420093617431723
2.3420093646402873
2.3420093664572836
2.3420093670677407
2.3420093670677407
2.342009368274113
2.342009368791872
2.342009368995366
2.3420093691050026
2.3420093693066377
2.3420093694307567
2.3420093695414237
2.342009369635139
2.342009369716891
2.3420093697695936
2.342009369807573
2.3420093698355102
2.342009369862889
2.342009369879963
2.3420093698946283
2.342009369903727
2.3420093699091855
2.342009369915183
2.34200936992447
2.3420093699300426
2.3420093699333857
2.3420093699353925
2.342009369936992
2.3420093699387414
2.342009369940192
2.3420093699410627
2.3420093699415845
2.3420093699421236
2.34200936994281
2.3420093699432223
2.342009369943469
2.342009369943618
2.3420093699437485
2.3420093699439706
2.342009369944119
2.3420093699442086
2.342009369944263
2.3420093699442943
2.3420093699443147
2.342009369944327
2.34200936994436
2.342009369944398
2.3420093699444204
2.3420093699444333
2.342009369944442
2.3420093699444586
2.342009369944469
2.3420093699444746
2.3420093699444817
2.342009369944488
2.3420093699444915
2.3420093699444933
2.342009369944495
2.342009369944495
2.3420093699444964
2.342009369944498
2.3420093699444986
2.3420093699444995
2.3420093699445
2.3420093699445
2.3420093699445
2.3420093699445
2.3420093699445004
2.3420093699445004
2.3420093699445004
2.3420093699445004
2.3420093699445004
2.342009369944501
2.342009369944501
2.342009369944501
2.342009369944501
2.342009369944501
2.342009369944501
2.342009369944501
2.342009369944501
2.342009369944501
2.342009369944501
2.342009369944501
2.342009369944501
2.342009369944501
2.342009369944501
2.342009369944501
2.342009369944501
