1.9818415148860926
1.9818415148860926
1.9818415148860926
1.9818415148860926
1.9818415148860926
1.9818415148860926
1.9818415148860926
1.9818415148860926
1.9818415148860926
1.9818415148860926
1.9818415148860926
1.9818415148860926
1.9818415148860926
1.9818415148860926
1.9818415148860926
1.9818415148860926
1.9818415148860926
1.9818415148860926
1.9818415148860926
1.9818415148860926
1.9818415148860926
1.9818415148860926
1.9818415148860926
1.9818415148860926
1.9818415148860926
1.9818415148860926
1.9818415148860926
1.9818415148860926
1.9818415148860926
1.9818415148860926
1.9818415148860926
1.9818415148860926
1.9818415148860926
1.9818415148860926
1.9818415148860926
1.9818415148860926
1.9818415148860926
1.9818415148860926
1.9818415148860926
1.9818415148860926
1.9818415148860926
1.9818415148860926
1.9818415148860926
1.9818415148860926
1.9818415148860926
1.9818415148860926
1.9818415148860926
1.9818415148860926
1.9818415148860926
1.9818415148860926
1.9818415148860926
1.9818415148860926
1.9818415148860926
1.9818415148860926
1.9818415148860926
1.9818415148860926
1.9818415148860926
1.9818415148860926
1.9818415148860926
1.9818415148860926
1.9818415148860926
1.9818415148860926
1.9818415148860926
1.9818415148860926
1.9818415148860926
1.9818415148860926
1.9818415148860926
1.9818420990632475
1.9818420990632475
1.9818420990632475
1.9818420990632475
1.9818420990632475
1.9818420990632475
1.981842764654866
1.981842764654866
1.9818431928526221
1.98184368383481
1.9818439530256908
1.9818445753815785
1.9818450758567059
1.9818453761418702
1.981845556313001
1.9818458893619944
1.9818461643257421
1.9818463663924097
1.9818464859111493
1.9818465445198463
1.981846630930277
1.9818466789438123
1.981846715842556
1.9818467571796552
1.9818468062917876
1.9818468220492234
1.9818468424165363
1.981846866504624
1.9818468840269663
1.9818468945403713
1.9818469009025061
1.981846908848888
1.981846925229838
1.981846935058408
1.9818469409555506
1.9818469519541222
1.981846959065196
1.9818469603432547
1.9818469631374476
1.9818469654598116
1.9818469669765402
1.9818469679205644
1.9818469686525155
1.9818469696131353
1.9818469702154362
1.9818469708834467
1.9818469710958344
1.9818469713757643
1.9818469715681655
1.9818469717119815
1.981846971819083
1.9818469718837708
1.9818469719838134
1.9818469721110274
1.9818469721873566
1.9818469722331533
1.9818469722606318
1.9818469722771188
1.9818469722870111
1.9818469723244128
1.9818469723532715
1.981846972370587
1.9818469723809768
1.9818469723950443
1.9818469724054348
1.9818469724143162
1.9818469724201877
1.981846972424825
1.9818469724281953
1.9818469724308982
1.9818469724325205
1.9818469724334937
1.9818469724343104
1.981846972435704
1.9818469724370287
1.9818469724378236
1.9818469724383003
1.9818469724385868
1.9818469724387586
1.9818469724390648
1.9818469724393486
1.9818469724395182
1.9818469724396293
1.9818469724397227
1.9818469724398227
1.9818469724398886
1.9818469724399288
1.9818469724399634
1.9818469724400016
1.9818469724400245
1.981846972440043
1.9818469724400558
1.9818469724400676
1.9818469724400753
1.9818469724400796
1.9818469724400838
1.9818469724400896
1.9818469724400927
1.9818469724400951
1.9818469724400967
1.9818469724400989
1.9818469724401002
1.9818469724401016
1.9818469724401022
1.9818469724401027
1.9818469724401033
1.9818469724401042
1.9818469724401049
1.9818469724401053
1.981846972440106
1.9818469724401064
1.9818469724401067
1.9818469724401069
1.9818469724401069
1.9818469724401075
1.9818469724401075
1.9818469724401075
1.9818469724401075
1.9818469724401075
1.9818469724401075
1.9818469724401075
1.9818469724401075
1.9818469724401075
1.9818469724401075
1.9818469724401075
1.9818469724401075
1.9818469724401075
1.9818469724401075
1.9818469724401075
1.9818469724401075
1.9818469724401075
1.9818469724401075
1.9818469724401075
1.9818469724401075
1.9818469724401075
