1.5813079771044054
1.5813079771044054
1.5813079771044054
1.5813079771044054
1.5813079771044054
1.5813079771044054
1.5813079771044054
1.5813079771044054
1.5813079771044054
1.5813079771044054
1.5813079771044054
1.5813079771044054
1.5813079771044054
1.5813079771044054
1.5813079771044054
1.5813079771044054
1.5813079771044054
1.5813079771044054
1.5813079771044054
1.5813079771044054
1.5813079771044054
1.5813079771044054
1.5813079771044054
1.5813079771044054
1.5813079771044054
1.5813079771044054
1.5813079771044054
1.5813079771044054
1.5813079771044054
1.5813079771044054
1.5813079771044054
1.5813079771044054
1.5813079771044054
1.5813079771044054
1.5813079771044054
1.5813079771044054
1.5813079771044054
1.5813079771044054
1.5813079771044054
1.5813079771044054
1.5813079771044054
1.5813079771044054
1.5813079771044054
1.5813079771044054
1.5813079771044054
1.5813079771044054
1.5813079771044054
1.5813079771044054
1.5813079771044054
1.5813079771044054
1.5813079771044054
1.581309303173876
1.581309303173876
1.581309303173876
1.581309303173876
1.581309303173876
1.581309303173876
1.581309303173876
1.581309303173876
1.5813094214070598
1.5813094214070598
1.5813094214070598
1.5813094214070598
1.5813097384989523
1.5813099527878955
1.5813109899491231
1.5813112477013207
1.5813115395831172
1.5813121690808007
1.5813127686491137
1.5813131485815695
1.5813131485815695
1.5813131882120226
1.581313371744797
1.5813135028475027
1.5813136416660045
1.5813137807133153
1.5813139007225085
1.5813139773624876
1.5813140785399247
1.5813141392463885
1.5813141685274772
1.5813142045041833
1.581314246272436
1.5813142645917706
1.581314278906627
1.5813142878775774
1.5813142947440757
1.5813142998375098
1.5813143098296167
1.581314316944268
1.581314321289972
1.5813143267169611
1.5813143305495674
1.5813143332178852
1.5813143350699066
1.5813143367479023
1.5813143379938819
1.5813143389292001
1.581314339693103
1.5813143402711471
1.5813143402711471
1.5813143402711471
1.5813143402711471
1.5813143403156418
1.5813143403156418
1.5813143403156418
1.5813143403156418
1.5813143403993817
1.581314340455481
1.581314340455481
1.5813143404967305
1.5813143405315346
1.5813143405405836
1.5813143405468315
1.5813143405702845
1.5813143405874466
1.5813143405980499
1.581314340604412
1.581314340608229
1.5813143406166357
1.5813143406262757
1.5813143406321766
1.5813143406357173
1.5813143406378414
1.5813143406396415
1.5813143406415113
1.581314340642736
1.5813143406436092
1.58131434064469
1.5813143406453447
1.5813143406457524
1.5813143406460382
1.581314340646272
1.5813143406465282
1.5813143406466867
1.581314340646783
1.5813143406468406
1.581314340646876
1.581314340647045
1.5813143406471613
1.581314340647231
1.5813143406473054
1.581314340647424
1.581314340647495
1.5813143406475378
1.5813143406476062
1.5813143406476533
1.5813143406476813
1.581314340647698
1.5813143406477084
1.5813143406477315
1.5813143406477452
1.5813143406477537
1.5813143406477657
1.5813143406477743
1.5813143406477796
1.5813143406477828
1.581314340647786
1.5813143406477885
1.5813143406477899
1.5813143406477908
1.5813143406477914
1.581314340647792
1.5813143406477932
1.5813143406477936
1.581314340647794
1.5813143406477943
1.581314340647795
1.5813143406477954
1.5813143406477954
1.5813143406477956
1.5813143406477959
1.5813143406477959
1.5813143406477959
1.5813143406477959
1.5813143406477959
1.5813143406477959
1.5813143406477959
1.5813143406477959
1.5813143406477959
1.5813143406477959
1.5813143406477959
1.5813143406477959
1.5813143406477959
