2.6124826554893854
2.6124826554893854
2.6124826554893854
2.6124826554893854
2.6124826554893854
2.6124826554893854
2.6124826554893854
2.6124826554893854
2.6124826554893854
2.6124826554893854
2.6124826554893854
2.6124826554893854
2.6124826554893854
2.6124826554893854
2.6124826554893854
2.6124826554893854
2.6124826554893854
2.6124826554893854
2.6124826554893854
2.6124826554893854
2.6124826554893854
2.6124826554893854
2.6124826554893854
2.6124826554893854
2.6124826554893854
2.6124826554893854
2.6124826554893854
2.6124826554893854
2.6124826554893854
2.6124826554893854
2.6124826554893854
2.6124826554893854
2.6124826554893854
2.6124826554893854
2.6124826554893854
2.6124826554893854
2.6124826554893854
2.6124826554893854
2.6124826554893854
2.6124826554893854
2.6124826554893854
2.6124826554893854
2.6124826554893854
2.6124826554893854
2.6124826554893854
2.6124826554893854
2.6124826554893854
2.6124826554893854
2.6124826554893854
2.6124839809730203
2.6124839809730203
2.6124839809730203
2.6124839809730203
2.6124849964747194
2.6124849964747194
2.6124849964747194
2.6124849964747194
2.6124849964747194
2.6124849964747194
2.6124849964747194
2.6124849964747194
2.6124849964747194
2.612485015292176
2.612485015292176
2.6124857666222954
2.6124860048815743
2.612486450291995
2.612487219537786
2.6124875624979653
2.6124880509115935
2.612488433981449
2.6124886167969263
2.6124886167969263
2.6124886167969263
2.6124886167969263
2.6124887626396047
2.6124887626396047
2.6124887626396047
2.6124887626396047
2.6124887669365062
2.6124887798574012
2.612488787609939
2.6124887922614604
2.6124887922614604
2.6124887944536472
2.6124887944536472
2.6124887944536472
2.6124887944536472
2.6124887982670817
2.612488801583128
2.612488806299824
2.6124888101067456
2.6124888120476926
2.612488812958453
2.612488814209484
2.612488814822712
2.612488815999422
2.612488817070088
2.6124888177124865
2.612488818097926
2.6124888184580954
2.612488818808285
2.6124888191145255
2.612488819544102
2.6124888198067735
2.612488819878729
2.6124888200073753
2.6124888200709018
2.6124888200709018
2.6124888201093643
2.61248882013877
2.612488820146214
2.6124888201617025
2.61248882018025
2.612488820195472
2.612488820195472
2.61248882020928
2.6124888202137106
2.6124888202166368
2.6124888202182843
2.6124888202231378
2.6124888202260506
2.6124888202260506
2.6124888202288887
2.6124888202295065
2.6124888202298764
2.6124888202325334
2.6124888202325334
2.612488820233609
2.61248882023464
2.6124888202355816
2.6124888202368335
2.612488820236958
2.612488820237266
2.61248882023768
2.6124888202380383
2.6124888202382555
2.612488820238387
2.6124888202384655
2.6124888202385135
2.6124888202386605
2.612488820238795
2.612488820238875
2.612488820238929
2.612488820238997
2.612488820239053
2.612488820239087
2.6124888202391072
2.6124888202391396
2.612488820239172
2.6124888202391925
2.6124888202392036
2.612488820239215
2.612488820239233
2.6124888202392453
2.612488820239251
2.6124888202392555
2.6124888202392578
2.6124888202392618
2.612488820239265
2.6124888202392667
2.612488820239268
2.6124888202392706
2.6124888202392715
2.612488820239272
2.612488820239273
2.6124888202392738
2.612488820239274
2.6124888202392755
2.6124888202392764
2.6124888202392764
2.6124888202392764
2.6124888202392773
2.6124888202392773
2.6124888202392773
2.6124888202392773
2.6124888202392773
2.6124888202392773
2.6124888202392773
2.6124888202392773
