2.211545908900375
2.211545908900375
2.211545908900375
2.211545908900375
2.211545908900375
2.211545908900375
2.211545908900375
2.211545908900375
2.211545908900375
2.211545908900375
2.211545908900375
2.211545908900375
2.211545908900375
2.211545908900375
2.211545908900375
2.211545908900375
2.211545908900375
2.211545908900375
2.211545908900375
2.211545908900375
2.211545908900375
2.211545908900375
2.211545908900375
2.211545908900375
2.211545908900375
2.211545908900375
2.211545908900375
2.211545908900375
2.211545908900375
2.211545908900375
2.211545908900375
2.211545908900375
2.211545908900375
2.211545908900375
2.211545908900375
2.211545908900375
2.211545908900375
2.2120313517986707
2.2121794673644364
2.2121794673644364
2.2121794673644364
2.212374011287981
2.212374011287981
2.212374011287981
2.212374011287981
2.2124013149969106
2.2124800098859456
2.2124800098859456
2.2124800098859456
2.2124815722616025
2.2125052695677065
2.212517193288561
2.2125311398599488
2.212540107850396
2.2125483600391602
2.212551578149379
2.2125543704979695
2.212557198625703
2.212558895501389
2.212560321891746
2.2125620604522775
2.2125644325037155
2.212566219937826
2.212567364622234
2.212567581805842
2.212568124373597
2.2125689850423162
2.2125696800873715
2.2125700971143702
2.2125703473305567
2.2125707775785965
2.2125712423289197
2.212571522429341
2.2125716588866355
2.2125717769915534
2.2125718332807325
2.212571964564158
2.2125720237883137
2.2125720237883137
2.212572062205327
2.2125720924295766
2.2125721105641265
2.2125721214448566
2.2125721649908514
2.2125721649908514
2.2125721764115935
2.2125721908246194
2.2125721970819456
2.2125722024700023
2.2125722047831182
2.212572207404824
2.2125722134153696
2.212572217818061
2.2125722204855713
2.2125722220664903
2.21257222444133
2.2125722274286352
2.2125722290969017
2.2125722300978627
2.212572230724183
2.2125722317203453
2.2125722325648045
2.212572233041819
2.212572233393115
2.2125722336895213
2.2125722339839062
2.2125722341632326
2.2125722342708283
2.2125722343353855
2.212572234393159
2.212572234524966
2.2125722346095102
2.2125722346618617
2.212572234693272
2.2125722347248367
2.212572234764985
2.212572234789083
2.212572234803596
2.212572234815063
2.2125722348312484
2.2125722348412484
2.212572234847248
2.2125722348508483
2.2125722348533183
2.21257223485698
2.2125722348593175
2.2125722348607337
2.212572234861584
2.212572234862094
2.2125722348624057
2.2125722348641452
2.2125722348654
2.2125722348661534
2.212572234866606
2.212572234867468
2.2125722348682433
2.2125722348687087
2.212572234868988
2.2125722348691554
2.2125722348695698
2.212572234869892
2.212572234870086
2.2125722348702013
2.2125722348703962
2.2125722348705605
2.2125722348706596
2.2125722348707186
2.2125722348708097
2.2125722348708874
2.212572234870934
2.212572234870962
2.212572234870995
2.2125722348710153
2.212572234871028
2.2125722348710384
2.2125722348710473
2.212572234871053
2.212572234871057
2.2125722348710606
2.2125722348710637
2.212572234871066
2.2125722348710672
2.212572234871069
2.21257223487107
2.212572234871071
2.2125722348710712
2.212572234871072
2.2125722348710726
2.2125722348710726
2.2125722348710726
2.212572234871073
2.212572234871073
2.212572234871073
2.212572234871073
2.212572234871073
2.212572234871073
2.212572234871073
2.212572234871073
2.212572234871073
2.212572234871073
2.212572234871073
2.212572234871073
2.212572234871073
2.212572234871073
2.212572234871073
2.212572234871073
