1.136847325634686
1.136847325634686
1.136847325634686
1.136847325634686
1.136847325634686
1.136847325634686
1.136847325634686
1.136847325634686
1.136847325634686
1.136847325634686
1.136847325634686
1.136847325634686
1.136847325634686
1.136847325634686
1.136847325634686
1.136847325634686
1.136847325634686
1.136847325634686
1.136847325634686
1.136847325634686
1.136847325634686
1.136847325634686
1.136847325634686
1.136847325634686
1.136847325634686
1.136847325634686
1.136847325634686
1.136847325634686
1.136847325634686
1.136847325634686
1.136847325634686
1.136847325634686
1.136847325634686
1.136847325634686
1.136847325634686
1.136847325634686
1.136847325634686
1.136851286428767
1.136851286428767
1.136851286428767
1.136851286428767
1.136851286428767
1.136851286428767
1.136851286428767
1.136851286428767
1.136851286428767
1.136851286428767
1.136851286428767
1.136851286428767
1.136851286428767
1.136851286428767
1.1368541355031765
1.1368541355031765
1.1368541355031765
1.1368541355031765
1.1368562648757994
1.1368562648757994
1.1368562648757994
1.136858543391721
1.136858543391721
1.136858543391721
1.136858543391721
1.13685909861497
1.136860560635302
1.1368621516899466
1.1368631063256958
1.1368637097233985
1.1368648141185773
1.1368657476355861
1.1368663077469774
1.1368666685214306
1.1368669024198519
1.1368674021585465
1.1368677020021136
1.13686788190838
1.1368679898521852
1.1368681088634591
1.1368682444870688
1.1368682904015897
1.1368683578336916
1.136868398713447
1.1368684383310035
1.136868465319815
1.1368684924620662
1.136868508747418
1.136868519300685
1.1368685282972173
1.1368685357625783
1.136868539045323
1.1368685442640167
1.1368685482831167
1.13686854978958
1.1368685520731994
1.1368685534574012
1.1368685535756773
1.1368685552487807
1.1368685563900527
1.1368685573604398
1.1368685579072157
1.1368685583101017
1.1368685590160286
1.1368685591650052
1.1368685594543535
1.136868559670074
1.136868559836646
1.1368685600479533
1.1368685601113608
1.1368685601529165
1.1368685602263984
1.1368685602994368
1.1368685603483009
1.1368685603884376
1.1368685604065527
1.1368685604402446
1.1368685604598314
1.1368685604715576
1.1368685604855546
1.1368685604866917
1.1368685604904116
1.1368685605036652
1.136868560513973
1.136868560520568
1.1368685605270885
1.136868560538267
1.1368685605429727
1.1368685605469382
1.1368685605485696
1.1368685605499853
1.1368685605508346
1.1368685605511608
1.1368685605522655
1.1368685605539424
1.1368685605546323
1.1368685605552165
1.1368685605564153
1.136868560557058
1.1368685605576396
1.1368685605578954
1.1368685605580562
1.1368685605582762
1.1368685605585216
1.136868560558669
1.1368685605587878
1.1368685605588904
1.1368685605589945
1.1368685605590327
1.1368685605590914
1.1368685605591322
1.1368685605591577
1.136868560559182
1.1368685605591866
1.136868560559195
1.1368685605592135
1.1368685605592246
1.1368685605592315
1.1368685605592372
1.1368685605592441
1.1368685605592503
1.1368685605592543
1.1368685605592543
1.136868560559256
1.1368685605592566
1.1368685605592574
1.1368685605592574
1.1368685605592574
1.1368685605592577
1.136868560559258
1.1368685605592581
1.1368685605592581
1.1368685605592583
1.1368685605592583
1.1368685605592583
1.1368685605592583
1.1368685605592583
1.1368685605592583
1.1368685605592583
1.1368685605592583
1.1368685605592583
1.1368685605592583
1.1368685605592583
1.1368685605592583
1.1368685605592583
1.1368685605592583
1.1368685605592583
1.1368685605592583
