1.3447570331921903
1.3447570331921903
1.3447570331921903
1.3447570331921903
1.3447570331921903
1.3447570331921903
1.3447570331921903
1.3447570331921903
1.3447570331921903
1.3447570331921903
1.3447570331921903
1.3447570331921903
1.3447570331921903
1.3447570331921903
1.3447570331921903
1.3447570331921903
1.3447570331921903
1.3447570331921903
1.3447570331921903
1.3447570331921903
1.3447570331921903
1.3447570331921903
1.3447570331921903
1.3447570331921903
1.3447570331921903
1.3447570331921903
1.3447570331921903
1.3447570331921903
1.3447570331921903
1.3447570331921903
1.3447570331921903
1.3447570331921903
1.3447570331921903
1.3447570331921903
1.3447570331921903
1.3447570331921903
1.3447570331921903
1.3447570331921903
1.3447570331921903
1.3447570331921903
1.3447570331921903
1.3447570331921903
1.3447570331921903
1.3447570331921903
1.3447570331921903
1.3447570331921903
1.3447570331921903
1.3447570331921903
1.344757180916172
1.3447575777019412
1.3447575777019412
1.3447587065010411
1.344760077547738
1.344760077547738
1.344763689048264
1.344763689048264
1.3447638402134223
1.3447649921748923
1.3447661800263897
1.344767073066912
1.344767608891783
1.3447680042588868
1.3447687890142772
1.3447693740932285
1.3447693740932285
1.344769680116558
1.344769680116558
1.344769680116558
1.3447698239589072
1.3447698239589072
1.3447698239589072
1.3447698625450233
1.3447698625450233
1.3447698828234078
1.344769902361364
1.3447699166720155
1.344769927941876
1.3447699352233582
1.3447699395922477
1.3447699584414428
1.3447699775686102
1.344769991112676
1.344769991112676
1.3447699919719933
1.3447700033670833
1.3447700109154619
1.344770016721557
1.344770021092135
1.3447700282253918
1.344770032505346
1.3447700350733183
1.344770039382803
1.34477004294042
1.34477004507499
1.3447700471794612
1.3447700493132013
1.3447700505934452
1.3447700505934452
1.3447700505934452
1.3447700505934452
1.3447700505934452
1.3447700508601679
1.3447700508601679
1.3447700508601679
1.3447700508601679
1.344770051034631
1.3447700511212315
1.3447700511212315
1.3447700511212315
1.3447700511212315
1.34477005115558
1.34477005115558
1.34477005115558
1.34477005115558
1.3447700511710252
1.3447700511815541
1.3447700511878717
1.344770051191662
1.344770051191662
1.344770051191662
1.344770051191662
1.344770051191662
1.3447700511923173
1.3447700511923173
1.3447700511923173
1.3447700511926794
1.3447700511931122
1.3447700511931122
1.3447700511931122
1.3447700511931446
1.3447700511931446
1.3447700511931446
1.3447700511931446
1.3447700511931446
1.3447700511931446
1.3447700511932728
1.3447700511933967
1.3447700511933967
1.3447700511933967
1.3447700511933967
1.3447700511933967
1.3447700511934064
1.3447700511934146
1.3447700511934195
1.3447700511934226
1.3447700511934244
1.3447700511934255
1.344770051193438
1.34477005119345
1.3447700511934568
1.3447700511934613
1.3447700511934637
1.3447700511934655
1.3447700511934695
1.3447700511934766
1.3447700511934808
1.3447700511934835
1.344770051193485
1.344770051193486
1.3447700511934875
1.3447700511934892
1.3447700511934904
1.344770051193491
1.3447700511934915
1.3447700511934917
1.3447700511934926
1.3447700511934928
1.3447700511934932
1.3447700511934932
1.3447700511934932
1.3447700511934935
1.3447700511934937
1.3447700511934937
1.3447700511934937
1.3447700511934937
1.3447700511934937
1.3447700511934937
1.3447700511934937
1.3447700511934937
1.3447700511934937
1.3447700511934937
1.3447700511934937
1.3447700511934937
1.3447700511934937
