2.088814460577493
2.088814460577493
2.088814460577493
2.088814460577493
2.088814460577493
2.088814460577493
2.088814460577493
2.088814460577493
2.088814460577493
2.088814460577493
2.088814460577493
2.088814460577493
2.088814460577493
2.088814460577493
2.088814460577493
2.088814460577493
2.088814460577493
2.088814460577493
2.088814460577493
2.088814460577493
2.088814460577493
2.088814460577493
2.088814460577493
2.088814460577493
2.088814460577493
2.088814460577493
2.088814460577493
2.088814460577493
2.088814460577493
2.088814460577493
2.088814460577493
2.088814460577493
2.088814460577493
2.088814460577493
2.088814460577493
2.088814460577493
2.088814460577493
2.088814460577493
2.088814460577493
2.088814460577493
2.088814460577493
2.088814460577493
2.088814460577493
2.088814460577493
2.088814460577493
2.088814460577493
2.088814460577493
2.088814460577493
2.088814460577493
2.0888474663561483
2.0888474663561483
2.0888474663561483
2.0888474663561483
2.0888474663561483
2.0888536159824818
2.0888536159824818
2.0888707441316896
2.088870822133104
2.088875225304445
2.088879751034672
2.088882466476874
2.0888841953602864
2.088885043465378
2.088887142256512
2.0888891416802697
2.088890341335313
2.0888910611286233
2.0888922359877804
2.0888934401093984
2.088894243991444
2.088894749310627
2.088895273696728
2.0888957801503714
2.088895922931752
2.088896248377141
2.088896258661605
2.088896462297239
2.0888964803145944
2.0888965381403364
2.088896548232043
2.0888965745169514
2.08889659347643
2.08889660592364
2.088896620245003
2.0888966374706346
2.0888966487297296
2.0888966487497727
2.088896655762155
2.088896662451021
2.088896668657205
2.0888966723809155
2.0888966748077045
2.088896680665076
2.088896684145384
2.0888966863978804
2.088896688044492
2.0888966890170737
2.0888966914449423
2.088896692790876
2.0888966936749345
2.0888966941497085
2.088896695062889
2.08889669535554
2.088896695603759
2.0888966959155466
2.0888966962386415
2.088896696289874
2.088896696383698
2.088896696383698
2.088896696407657
2.088896696442146
2.088896696442146
2.088896696457894
2.08889669645825
2.088896696475433
2.0888966964779927
2.088896696483344
2.088896696483344
2.0888966964877653
2.0888966964877653
2.088896696493253
2.088896696493253
2.088896696493253
2.088896696493253
2.088896696493253
2.088896696493461
2.088896696493461
2.088896696493461
2.0888966964935194
2.088896696493523
2.088896696493523
2.088896696493523
2.088896696493523
2.088896696493737
2.088896696493737
2.088896696493737
2.088896696493737
2.088896696493737
2.088896696493737
2.088896696493737
2.088896696493737
2.088896696493737
2.088896696493737
2.0888966964937716
2.0888966964938054
2.0888966964938054
2.0888966964938054
2.088896696493823
2.088896696493823
2.088896696493823
2.088896696493823
2.0888966964938263
2.0888966964938263
2.0888966964938263
2.0888966964938263
2.0888966964938276
2.0888966964938276
2.0888966964938276
2.0888966964938276
2.0888966964938276
2.088896696493828
2.0888966964938285
2.088896696493829
2.088896696493829
2.088896696493829
2.088896696493829
2.088896696493829
2.088896696493829
2.088896696493829
2.088896696493829
2.088896696493829
2.088896696493829
2.088896696493829
2.088896696493829
2.088896696493829
2.088896696493829
2.088896696493829
2.088896696493829
2.088896696493829
2.088896696493829
2.088896696493829
2.088896696493829
2.088896696493829
2.088896696493829
2.088896696493829
