1.1602520671178793
1.1602520671178793
1.1602520671178793
1.1602520671178793
1.1602520671178793
1.1602520671178793
1.1602520671178793
1.1602520671178793
1.1602520671178793
1.1602520671178793
1.1602520671178793
1.1602520671178793
1.1602520671178793
1.1602520671178793
1.1602520671178793
1.1602520671178793
1.1602520671178793
1.1602520671178793
1.1602520671178793
1.1602520671178793
1.1602520671178793
1.1602520671178793
1.1602520671178793
1.1602520671178793
1.1602520671178793
1.1602520671178793
1.1602520671178793
1.1602520671178793
1.1602520671178793
1.1602520671178793
1.1602520671178793
1.1602520671178793
1.1602520671178793
1.1602520671178793
1.1602520671178793
1.1602520671178793
1.1602520671178793
1.1602520671178793
1.1602520671178793
1.1602520671178793
1.1602520671178793
1.1602520671178793
1.1602520671178793
1.1602520671178793
1.1602520671178793
1.1602520671178793
1.1602520671178793
1.1602524891804242
1.1602524891804242
1.1602524891804242
1.1602524891804242
1.1602536682795461
1.1602536682795461
1.160254650230269
1.160255247562604
1.1602563470561875
1.1602576082125478
1.1602576082125478
1.1602576082125478
1.160258080474841
1.160258557446796
1.1602590203264924
1.160259298397516
1.1602596636652742
1.1602599263510307
1.1602599738199577
1.1602601795655287
1.1602602777503672
1.160260454302559
1.1602605747355381
1.160260613021792
1.1602606964233715
1.1602606977021788
1.160260755338835
1.1602607948451458
1.1602608190663053
1.1602608190663053
1.16026083670748
1.1602608398447556
1.1602608571904383
1.1602608746590728
1.1602608874219837
1.1602608930184424
1.1602609051455066
1.1602609134920856
1.160260916393861
1.1602609206501584
1.1602609245871724
1.160260928421934
1.1602609302764557
1.1602609328549645
1.1602609357052986
1.160260936663602
1.1602609378698503
1.160260938471597
1.1602609390769671
1.1602609400142891
1.1602609404953792
1.160260940837492
1.1602609411304512
1.1602609414439755
1.1602609416742207
1.1602609417452514
1.1602609418131484
1.1602609418538865
1.160260941904215
1.160260941904215
1.1602609419199108
1.1602609419303551
1.1602609419350667
1.1602609419459788
1.160260941948949
1.1602609419507308
1.1602609419560372
1.1602609419560372
1.1602609419560372
1.1602609419566106
1.1602609419577907
1.1602609419579653
1.1602609419583272
1.1602609419585441
1.1602609419586747
1.1602609419587526
1.1602609419587993
1.1602609419588277
1.1602609419588965
1.1602609419588965
1.1602609419589194
1.160260941958938
1.160260941958949
1.1602609419590086
1.1602609419590086
1.1602609419590142
1.1602609419590453
1.1602609419591006
1.1602609419591756
1.160260941959232
1.1602609419592553
1.1602609419592702
1.1602609419592937
1.1602609419593277
1.1602609419593573
1.1602609419593766
1.1602609419593923
1.1602609419594097
1.160260941959424
1.160260941959438
1.1602609419594463
1.160260941959454
1.16026094195946
1.1602609419594636
1.1602609419594663
1.1602609419594683
1.1602609419594712
1.1602609419594732
1.1602609419594743
1.1602609419594756
1.160260941959477
1.1602609419594778
1.1602609419594785
1.160260941959479
1.1602609419594796
1.16026094195948
1.1602609419594803
1.1602609419594803
1.1602609419594805
1.1602609419594807
1.160260941959481
1.1602609419594812
1.1602609419594814
1.1602609419594816
1.1602609419594816
1.1602609419594816
1.1602609419594816
1.1602609419594816
1.1602609419594816
1.1602609419594816
1.1602609419594816
1.1602609419594816
1.1602609419594816
1.1602609419594816
1.1602609419594816
1.1602609419594816
