2.0446446583873534
2.0446446583873534
2.0446446583873534
2.0446446583873534
2.0446446583873534
2.0446446583873534
2.0446446583873534
2.0446446583873534
2.0446446583873534
2.0446446583873534
2.0446446583873534
2.0446446583873534
2.0446446583873534
2.0446446583873534
2.0446446583873534
2.0446446583873534
2.0446446583873534
2.0446446583873534
2.0446446583873534
2.0446446583873534
2.0446446583873534
2.0446446583873534
2.0446446583873534
2.0446446583873534
2.0446446583873534
2.0446446583873534
2.0446446583873534
2.0446446583873534
2.0446446583873534
2.0446446583873534
2.0446446583873534
2.0446446583873534
2.0446446583873534
2.0446446583873534
2.0446446583873534
2.0446446583873534
2.0446446583873534
2.0447752751437864
2.0447752751437864
2.0447752751437864
2.0447752751437864
2.0447752751437864
2.0448125448418395
2.0448125448418395
2.0448125448418395
2.0448125448418395
2.0448125448418395
2.0448125448418395
2.0448125448418395
2.044821639600848
2.044821639600848
2.044821639600848
2.0448303143915174
2.0448303143915174
2.0448303143915174
2.0448303143915174
2.0448377479504734
2.0448396983860353
2.044840364449455
2.0448434971570566
2.0448471505266137
2.0448494825546115
2.0448494825546115
2.0448494825546115
2.0448597547413803
2.0448597547413803
2.0448597547413803
2.0448607325478316
2.0448648226635884
2.044866766733454
2.0448685572535727
2.044870750937002
2.0448722733687688
2.044873186828418
2.04487373490442
2.0448740637500964
2.0448746616307947
2.0448756936005403
2.044876327380643
2.044876707648751
2.0448769816320285
2.0448774688347657
2.044877586576787
2.044877794461233
2.0448779480035686
2.0448780526014443
2.044878130229015
2.044878164002083
2.044878231329843
2.044878362165661
2.044878381460653
2.044878443481612
2.0448784915935225
2.0448785246950116
2.0448785431662952
2.0448785567917707
2.0448785617995555
2.0448785789441604
2.04487859403192
2.044878603084575
2.044878608516168
2.0448786162416157
2.0448786217167303
2.0448786250017994
2.0448786269728414
2.044878628222892
2.0448786292013126
2.0448786303285327
2.044878631240662
2.044878631787941
2.0448786321163075
2.0448786323133272
2.0448786325467663
2.0448786326991293
2.044878632802555
2.0448786328676127
2.0448786329366726
2.044878632986611
2.0448786330367756
2.0448786330668747
2.0448786330957467
2.04487863312635
2.0448786331447124
2.0448786331557294
2.0448786331651267
2.0448786331806734
2.0448786331912827
2.0448786331977953
2.044878633201703
2.0448786332040467
2.0448786332083793
2.0448786332127638
2.044878633215394
2.044878633216973
2.0448786332179196
2.0448786332211215
2.0448786332237137
2.044878633225269
2.0448786332262023
2.0448786332274307
2.04487863322858
2.0448786332292705
2.0448786332296844
2.0448786332299327
2.044878633230287
2.044878633230684
2.044878633230922
2.0448786332310656
2.044878633231204
2.0448786332314497
2.0448786332315967
2.0448786332316855
2.0448786332317384
2.04487863323177
2.0448786332318765
2.044878633231973
2.0448786332320306
2.044878633232065
2.0448786332320865
2.044878633232101
2.0448786332321296
2.0448786332321474
2.044878633232159
2.0448786332321647
2.0448786332321687
2.0448786332321793
2.0448786332321913
2.0448786332321984
2.0448786332322033
2.044878633232206
2.0448786332322078
2.0448786332322086
2.044878633232209
2.0448786332322104
2.0448786332322113
2.044878633232212
2.044878633232212
2.044878633232212
2.044878633232213
2.044878633232213
2.044878633232213
2.044878633232213
2.044878633232213
2.044878633232213
2.044878633232213
2.044878633232213
2.044878633232213
2.044878633232213
2.044878633232213
2.044878633232213
2.044878633232213
2.044878633232213
2.044878633232213
2.044878633232213
2.044878633232213
2.044878633232213
2.044878633232213
2.044878633232213
