2.1154873110056283
2.1154873110056283
2.1154873110056283
2.1154873110056283
2.1154873110056283
2.1154873110056283
2.1154873110056283
2.1154873110056283
2.1154873110056283
2.1154873110056283
2.1154873110056283
2.1154873110056283
2.1154873110056283
2.1154873110056283
2.1154873110056283
2.1154873110056283
2.1154873110056283
2.1154873110056283
2.1154873110056283
2.1154873110056283
2.1154873110056283
2.1154873110056283
2.1154873110056283
2.1154873110056283
2.1154873110056283
2.1154873110056283
2.1154873110056283
2.1154873110056283
2.1154873110056283
2.1154873110056283
2.1154873110056283
2.1154873110056283
2.1154873110056283
2.1154873110056283
2.1154873110056283
2.1154873110056283
2.1154873110056283
2.1154873110056283
2.1154873110056283
2.1154873110056283
2.115493178388842
2.115493178388842
2.115493178388842
2.115493178388842
2.115513815309885
2.115513815309885
2.115513815309885
2.1155292324803874
2.1155292324803874
2.1155380885901267
2.115545771666717
2.11555098567999
2.115553316070952
2.115556730677529
2.1155649249340724
2.1155673835511983
2.115569813680868
2.1155734674320845
2.115577741594122
2.1155803060849454
2.1155820990662173
2.1155849411532253
2.115586549407238
2.1155880610216813
2.1155890054896362
2.1155900839930504
2.1155909646645137
2.115591493067309
2.1155918430018916
2.115592635427279
2.1155931270815307
2.1155934220740655
2.1155935990695807
2.1155938906405853
2.115594216350003
2.115594429625567
2.115594561165184
2.115594782824457
2.1155949164061636
2.1155949814150143
2.1155950291364185
2.1155950778404398
2.1155951385025187
2.115595174899766
2.115595196738114
2.115595209841124
2.115595217702929
2.115595231184607
2.1155952467212176
2.115595262145752
2.115595267512483
2.1155952735420196
2.115595280771437
2.1155952851090873
2.1155952877116775
2.1155952901726933
2.1155952924330235
2.115595293784984
2.1155952945961602
2.1155952950828656
2.1155952961946145
2.1155952970371494
2.11559529754267
2.115595297923056
2.115595298356333
2.1155952987733
2.1155952990234805
2.115595299173589
2.115595299267833
2.11559529937222
2.1155952995741836
2.1155952996971075
2.115595299770862
2.1155952998455505
2.115595299930612
2.115595299981648
2.11559530001227
2.1155953000447347
2.1155953000939247
2.1155953001234384
2.115595300141147
2.1155953001568526
2.115595300176012
2.1155953001875076
2.1155953001944052
2.1155953002026204
2.115595300208586
2.115595300212165
2.1155953002143124
2.1155953002183634
2.115595300221065
2.1155953002226857
2.1155953002236587
2.115595300224242
2.1155953002247037
2.115595300226073
2.115595300226894
2.1155953002273873
2.1155953002279158
2.115595300228594
2.115595300229001
2.1155953002292454
2.115595300229424
2.1155953002297236
2.115595300229903
2.1155953002300114
2.115595300230162
2.115595300230271
2.1155953002303374
2.115595300230377
2.115595300230429
2.1155953002304773
2.1155953002305066
2.1155953002305243
2.115595300230534
2.115595300230555
2.1155953002305727
2.1155953002305834
2.11559530023059
2.1155953002305985
2.1155953002306043
2.1155953002306074
2.1155953002306096
2.1155953002306127
2.1155953002306145
2.1155953002306154
2.115595300230617
2.115595300230617
2.115595300230618
2.1155953002306185
2.1155953002306194
2.1155953002306194
2.1155953002306194
2.1155953002306194
2.1155953002306194
2.1155953002306194
2.1155953002306194
2.1155953002306194
2.1155953002306194
2.1155953002306194
2.1155953002306194
2.1155953002306194
2.1155953002306194
2.1155953002306194
2.1155953002306194
2.1155953002306194
2.1155953002306194
2.1155953002306194
2.1155953002306194
