1.36868027719566
1.36868027719566
1.36868027719566
1.36868027719566
1.36868027719566
1.36868027719566
1.36868027719566
1.36868027719566
1.36868027719566
1.36868027719566
1.36868027719566
1.36868027719566
1.36868027719566
1.36868027719566
1.36868027719566
1.36868027719566
1.36868027719566
1.36868027719566
1.36868027719566
1.36868027719566
1.36868027719566
1.36868027719566
1.36868027719566
1.36868027719566
1.36868027719566
1.36868027719566
1.36868027719566
1.36868027719566
1.36868027719566
1.36868027719566
1.36868027719566
1.36868027719566
1.36868027719566
1.36868027719566
1.36868027719566
1.36868027719566
1.36868027719566
1.36868027719566
1.36868027719566
1.36868027719566
1.36868027719566
1.36868027719566
1.36868027719566
1.36868027719566
1.36868027719566
1.36868027719566
1.36868027719566
1.36868027719566
1.36868027719566
1.36868027719566
1.36868027719566
1.36868027719566
1.36868027719566
1.36868027719566
1.36868027719566
1.36868027719566
1.3686812120448224
1.3686812120448224
1.3686812120448224
1.3686812120448224
1.3686812120448224
1.3686815906692387
1.3686815906692387
1.3686815906692387
1.3686815906692387
1.368683270993033
1.368683270993033
1.368683270993033
1.368683270993033
1.368683270993033
1.368683270993033
1.368683270993033
1.3686834231960663
1.3686835434103564
1.3686840407458107
1.3686845001506358
1.3686847767177046
1.3686853197700177
1.3686857611030798
1.3686861378944402
1.3686862431616313
1.3686865534578214
1.3686868322838839
1.3686869995795239
1.3686871216806464
1.3686872685688276
1.3686874487111458
1.36868755679654
1.3686876217646284
1.368687745374264
1.3686878377363672
1.3686878931536295
1.3686879901597613
1.3686880304491578
1.3686880771130743
1.3686880918535602
1.3686880968180255
1.368688102253539
1.3686881256843124
1.3686881256843124
1.3686881256843124
1.3686881273597007
1.368688130984503
1.3686881332178507
1.3686881344830357
1.368688136142055
1.368688136142055
1.368688137478968
1.3686881378810722
1.3686881382251015
1.3686881385131144
1.368688138781452
1.368688139801926
1.368688140128435
1.368688140282367
1.3686881403459523
1.368688140517436
1.3686881405255227
1.3686881405255227
1.3686881405515399
1.3686881405515399
1.3686881406056652
1.3686881406163918
1.3686881406163918
1.3686881406163918
1.3686881406587361
1.3686881406587486
1.3686881406587557
1.3686881406640463
1.3686881406870575
1.3686881406870575
1.3686881406945182
1.3686881406982374
1.3686881407015434
1.3686881407015434
1.368688140702982
1.368688140704459
1.3686881407053455
1.3686881407070421
1.3686881407074414
1.3686881407093376
1.368688140710475
1.3686881407112899
1.368688140712535
1.3686881407139486
1.368688140714801
1.3686881407153284
1.3686881407158338
1.3686881407162743
1.3686881407163816
1.368688140716516
1.3686881407165612
1.3686881407165614
1.368688140716637
1.3686881407166762
1.368688140716679
1.3686881407166898
1.3686881407166982
1.3686881407167304
1.3686881407167304
1.368688140716738
1.3686881407167404
1.3686881407167404
1.3686881407167404
1.3686881407167404
1.3686881407167404
1.3686881407167404
1.3686881407167404
1.3686881407167404
1.3686881407167404
1.368688140716742
1.3686881407167422
1.3686881407167422
1.3686881407167426
1.3686881407167428
1.3686881407167433
1.3686881407167433
1.3686881407167433
1.3686881407167433
1.3686881407167433
1.3686881407167433
1.3686881407167433
1.3686881407167433
1.3686881407167433
1.3686881407167433
1.3686881407167433
1.3686881407167433
1.3686881407167433
1.3686881407167433
1.3686881407167433
1.3686881407167433
1.3686881407167433
1.3686881407167433
1.3686881407167433
1.3686881407167433
1.3686881407167433
1.3686881407167433
1.3686881407167433
