1.5784092908143168
1.5784092908143168
1.5784092908143168
1.5784092908143168
1.5784092908143168
1.5784092908143168
1.5784092908143168
1.5784092908143168
1.5784092908143168
1.5784092908143168
1.5784092908143168
1.5784092908143168
1.5784092908143168
1.5784092908143168
1.5784092908143168
1.5784092908143168
1.5784092908143168
1.5784092908143168
1.5784092908143168
1.5784092908143168
1.5784092908143168
1.5784092908143168
1.5784092908143168
1.5784092908143168
1.5784092908143168
1.5784092908143168
1.5784092908143168
1.5784092908143168
1.5784092908143168
1.5784092908143168
1.5784092908143168
1.5784092908143168
1.5784092908143168
1.5784092908143168
1.5784092908143168
1.5784092908143168
1.5784092908143168
1.5784092908143168
1.5784092908143168
1.5784092908143168
1.5784092908143168
1.5784092908143168
1.5784092908143168
1.5784092908143168
1.5784092908143168
1.5784092908143168
1.5784157745434746
1.5784157745434746
1.5784157745434746
1.578418718326971
1.5784217303240689
1.5784249574072786
1.5784268936561632
1.5784297380744683
1.5784297380744683
1.5784306823787317
1.5784333596717732
1.5784338796144615
1.5784341915800095
1.5784343787593156
1.5784344910668908
1.5784349940421611
1.5784355401325048
1.5784357415902208
1.5784360019581627
1.5784362465196184
1.5784364005576448
1.5784364929804633
1.5784366355820987
1.578436746466042
1.578436820126317
1.5784368643224829
1.5784369275206322
1.578436973142947
1.578437007618127
1.5784370283032352
1.57843704938613
1.578437068279862
1.5784370801937984
1.57843708734216
1.5784370916311774
1.5784371015296141
1.5784371099478998
1.578437114998871
1.5784371180294536
1.5784371200009748
1.5784371223301112
1.5784371240052961
1.578437125010407
1.5784371256134733
1.5784371261363639
1.5784371268179487
1.578437127280899
1.5784371275586688
1.5784371277253308
1.5784371278738187
1.5784371279891356
1.578437128078762
1.5784371281464227
1.5784371282013028
1.5784371282355725
1.5784371282653182
1.578437128286004
1.5784371282984155
1.578437128310576
1.5784371283260503
1.5784371283358032
1.5784371283416552
1.5784371283456953
1.5784371283487248
1.5784371283508718
1.578437128353467
1.578437128355449
1.5784371283570098
1.578437128358007
1.5784371283587404
1.5784371283597478
1.5784371283605003
1.5784371283609582
1.5784371283612328
1.5784371283616179
1.5784371283619412
1.5784371283621352
1.5784371283622516
1.5784371283623406
1.578437128362462
1.5784371283625436
1.5784371283625924
1.5784371283626217
1.5784371283626393
1.5784371283626772
1.5784371283627114
1.5784371283627316
1.5784371283627434
1.5784371283627543
1.5784371283627798
1.5784371283627956
1.5784371283628047
1.578437128362816
1.5784371283628247
1.5784371283628305
1.5784371283628336
1.578437128362839
1.5784371283628449
1.578437128362848
1.5784371283628502
1.5784371283628522
1.5784371283628544
1.5784371283628562
1.5784371283628569
1.5784371283628575
1.5784371283628587
1.5784371283628595
1.57843712836286
1.5784371283628602
1.5784371283628607
1.5784371283628615
1.5784371283628615
1.5784371283628618
1.578437128362862
1.578437128362862
1.578437128362862
1.578437128362862
1.578437128362862
1.578437128362862
1.578437128362862
1.578437128362862
1.578437128362862
1.578437128362862
1.578437128362862
1.578437128362862
1.578437128362862
1.578437128362862
1.578437128362862
1.578437128362862
1.578437128362862
1.578437128362862
1.578437128362862
