2.0192853412563534
2.0192853412563534
2.0192853412563534
2.0192853412563534
2.0192853412563534
2.0192853412563534
2.0192853412563534
2.0192853412563534
2.0192853412563534
2.0192853412563534
2.0192853412563534
2.0192853412563534
2.0192853412563534
2.0192853412563534
2.0192853412563534
2.0192853412563534
2.0192853412563534
2.0192853412563534
2.0192853412563534
2.0192853412563534
2.0192853412563534
2.0192853412563534
2.0192853412563534
2.0192853412563534
2.0192853412563534
2.0192853412563534
2.0192853412563534
2.0192853412563534
2.0192853412563534
2.0192853412563534
2.0192853412563534
2.0192853412563534
2.0192853412563534
2.0192853412563534
2.0192853412563534
2.0192853412563534
2.0192853412563534
2.0192853412563534
2.0192853412563534
2.0192853412563534
2.0192853412563534
2.0192853412563534
2.0192853412563534
2.0192853412563534
2.0192853412563534
2.0192853412563534
2.0192853412563534
2.0192853412563534
2.0192853412563534
2.0192853412563534
2.0192853412563534
2.0192853412563534
2.0192853412563534
2.0192853412563534
2.0192853412563534
2.019286161283048
2.019286161283048
2.019286161283048
2.019286161283048
2.01928662932312
2.0192878050860577
2.0192878050860577
2.0192889941236416
2.0192889941236416
2.0192889941236416
2.019289458432304
2.0192899315663517
2.0192902163763904
2.0192903858481057
2.0192904880889198
2.019290709163594
2.019290884703708
2.0192911174283323
2.019291429048352
2.0192916894723294
2.0192918180711668
2.0192918180711668
2.0192918180711668
2.0192918180711668
2.01929183267287
2.01929183267287
2.01929183267287
2.01929183267287
2.01929183267287
2.0192918340639747
2.0192918711298664
2.0192918711298664
2.0192918788894283
2.0192918867100724
2.0192918882292243
2.01929189195581
2.0192918941917615
2.019291896218465
2.0192918979257444
2.0192918998955527
2.0192919010774375
2.019291901786569
2.0192919022983147
2.019291903149697
2.019291904057812
2.019291904628553
2.019291904995317
2.0192919056042395
2.0192919060467753
2.0192919063122967
2.0192919064716097
2.019291906823245
2.0192919070756803
2.0192919072271422
2.0192919073180184
2.019291907372908
2.019291907372908
2.0192919074661866
2.0192919074676854
2.0192919074685847
2.0192919074904108
2.0192919075076263
2.0192919075179554
2.019291907526077
2.0192919075319318
2.0192919075390057
2.019291907548612
2.019291907554376
2.019291907557835
2.019291907560521
2.0192919075646745
2.019291907567497
2.019291907569191
2.019291907570397
2.0192919075718043
2.0192919075732196
2.0192919075740687
2.0192919075746265
2.01929190757528
2.0192919075757643
2.019291907576055
2.019291907576265
2.019291907576442
2.019291907576609
2.0192919075767097
2.0192919075767946
2.0192919075768843
2.0192919075769384
2.019291907576972
2.019291907577001
2.0192919075770317
2.01929190757705
2.019291907577061
2.0192919075770672
2.019291907577072
2.01929190757708
2.019291907577086
2.019291907577089
2.019291907577091
2.019291907577093
2.0192919075770956
2.019291907577097
2.019291907577098
2.0192919075770988
2.0192919075770996
2.0192919075771
2.0192919075771005
2.019291907577101
2.0192919075771014
2.0192919075771014
2.0192919075771014
2.0192919075771014
2.0192919075771014
2.0192919075771014
2.0192919075771014
2.0192919075771014
2.0192919075771014
2.0192919075771014
2.0192919075771014
2.0192919075771014
2.0192919075771014
2.0192919075771014
2.0192919075771014
2.0192919075771014
2.0192919075771014
2.0192919075771014
2.0192919075771014
2.0192919075771014
2.0192919075771014
2.0192919075771014
