2.558067958595344
2.558067958595344
2.558067958595344
2.558067958595344
2.558067958595344
2.558067958595344
2.558067958595344
2.558067958595344
2.558067958595344
2.558067958595344
2.558067958595344
2.558067958595344
2.558067958595344
2.558067958595344
2.558067958595344
2.558067958595344
2.558067958595344
2.558067958595344
2.558067958595344
2.558067958595344
2.558067958595344
2.558067958595344
2.558067958595344
2.558067958595344
2.558067958595344
2.558067958595344
2.558067958595344
2.558067958595344
2.558067958595344
2.558067958595344
2.558067958595344
2.558067958595344
2.558067958595344
2.558067958595344
2.558067958595344
2.558067958595344
2.558067958595344
2.558067958595344
2.558067958595344
2.558067958595344
2.558067958595344
2.558067958595344
2.558067958595344
2.558067958595344
2.558067958595344
2.558067958595344
2.558067958595344
2.558067958595344
2.558067958595344
2.558067958595344
2.558067958595344
2.5580707230228636
2.5580707230228636
2.5580707230228636
2.5580707230228636
2.558076262626121
2.558076262626121
2.5580817936265396
2.5580842846566845
2.5580842846566845
2.558085193063928
2.5580869133129527
2.5580884420054666
2.558089673870848
2.5580901900371087
2.5580909287817204
2.5580915970037776
2.558091929883771
2.558092351689037
2.558092615740618
2.5580929188475277
2.558093285488773
2.5580933242329325
2.558093441186159
2.5580935271082206
2.558093636657561
2.5580936842099673
2.558093752999582
2.5580938459399047
2.5580939158622944
2.5580939596386907
2.558094012302236
2.5580940789615383
2.5580940915875563
2.5580941115443454
2.5580941209220884
2.558094135780433
2.5580941492444187
2.558094155531966
2.5580941778934245
2.5580941817557736
2.5580941840731777
2.558094194012402
2.5580942022275934
2.5580942073922794
2.5580942106288633
2.558094213127631
2.5580942156551765
2.558094218113007
2.5580942186832827
2.558094220677779
2.558094221597273
2.558094222502763
2.5580942231341504
2.558094223291841
2.558094223571845
2.558094223840328
2.5580942240077493
2.558094224092511
2.5580942242096567
2.5580942243020126
2.5580942243750138
2.558094224419405
2.5580942244661564
2.5580942245148472
2.558094224558561
2.558094224592213
2.558094224605727
2.5580942246454557
2.5580942246669705
2.5580942246895813
2.55809422469873
2.5580942247100595
2.558094224717611
2.558094224721635
2.5580942247242886
2.558094224729799
2.5580942247339507
2.5580942247365472
2.5580942247396186
2.5580942247418417
2.5580942247434897
2.5580942247446092
2.558094224745304
2.5580942247464926
2.5580942247474683
2.5580942247480545
2.558094224748483
2.5580942247487033
2.5580942247488565
2.5580942247489595
2.558094224749022
2.558094224749116
2.5580942247491345
2.5580942247491922
2.5580942247492247
2.558094224749247
2.5580942247492575
2.55809422474929
2.5580942247493135
2.5580942247493303
2.5580942247493406
2.558094224749356
2.558094224749369
2.5580942247493765
2.5580942247493814
2.558094224749384
2.5580942247493894
2.5580942247493947
2.558094224749397
2.5580942247493996
2.5580942247493996
2.5580942247494027
2.5580942247494027
2.5580942247494027
2.5580942247494027
2.558094224749403
2.558094224749403
2.558094224749403
2.558094224749403
2.558094224749403
2.558094224749403
2.558094224749403
2.558094224749403
2.558094224749403
2.558094224749403
2.558094224749403
2.558094224749403
2.558094224749403
2.558094224749403
2.558094224749403
2.558094224749403
2.558094224749403
2.558094224749403
2.558094224749403
2.558094224749403
2.558094224749403
2.558094224749403
2.558094224749403
