2.02227979324094
2.02227979324094
2.02227979324094
2.02227979324094
2.02227979324094
2.02227979324094
2.02227979324094
2.02227979324094
2.02227979324094
2.02227979324094
2.02227979324094
2.02227979324094
2.02227979324094
2.02227979324094
2.02227979324094
2.02227979324094
2.02227979324094
2.02227979324094
2.02227979324094
2.02227979324094
2.02227979324094
2.02227979324094
2.02227979324094
2.02227979324094
2.02227979324094
2.02227979324094
2.02227979324094
2.02227979324094
2.02227979324094
2.02227979324094
2.02227979324094
2.02227979324094
2.02227979324094
2.02227979324094
2.02227979324094
2.02227979324094
2.02227979324094
2.02227979324094
2.02227979324094
2.02227979324094
2.02227979324094
2.02227979324094
2.02227979324094
2.02227979324094
2.02227979324094
2.02227979324094
2.02227979324094
2.02227979324094
2.02227979324094
2.02227979324094
2.02227979324094
2.02227979324094
2.02227979324094
2.02227979324094
2.02227979324094
2.02227979324094
2.02227979324094
2.02227979324094
2.02227979324094
2.02227979324094
2.02227979324094
2.02227979324094
2.02227979324094
2.02227979324094
2.02227979324094
2.02227979324094
2.022281094269777
2.022281094269777
2.0222824532350523
2.0222826321130722
2.0222832774014674
2.022284219497709
2.022284450993554
2.022285076164769
2.0222854127600636
2.022285548318269
2.022285858351939
2.022285959497724
2.0222861814202218
2.0222863482552955
2.0222864483563376
2.022286537806516
2.022286608447394
2.022286673153312
2.0222867190535867
2.022286752908674
2.02228678686324
2.0222868163792285
2.0222868340888227
2.0222868474087896
2.022286864956472
2.0222868789281434
2.022286887311147
2.0222868984039
2.0222869011314617
2.0222869082651846
2.0222869095760454
2.0222869127672096
2.0222869127672096
2.0222869127672096
2.0222869127672096
2.0222869129054333
2.0222869129054333
2.0222869129054333
2.0222869129054333
2.0222869129054333
2.0222869133704644
2.0222869133704644
2.0222869133704644
2.0222869134608787
2.0222869135738524
2.0222869135738524
2.0222869135738524
2.0222869135738524
2.0222869135738524
2.0222869135738524
2.0222869135738524
2.022286913585794
2.022286913585794
2.022286913585794
2.022286913587067
2.022286913587067
2.022286913587067
2.022286913587067
2.022286913598236
2.022286913598236
2.022286913598236
2.022286913599929
2.0222869136055164
2.0222869136060586
2.0222869136103685
2.022286913610867
2.0222869136123065
2.0222869136128843
2.0222869136136334
2.0222869136142534
2.02228691361447
2.0222869136146007
2.0222869136155097
2.0222869136160155
2.022286913616199
2.022286913616408
2.0222869136165285
2.022286913616708
2.022286913616819
2.0222869136169646
2.0222869136170876
2.0222869136171653
2.0222869136172217
2.022286913617277
2.022286913617304
2.0222869136173074
2.0222869136173234
2.0222869136173336
2.0222869136173403
2.0222869136173443
2.022286913617349
2.0222869136173682
2.02228691361738
2.02228691361739
2.022286913617395
2.0222869136173984
2.022286913617408
2.0222869136174126
2.0222869136174126
2.0222869136174166
2.022286913617417
2.022286913617419
2.0222869136174193
2.0222869136174215
2.0222869136174224
2.022286913617423
2.022286913617423
2.0222869136174237
2.022286913617424
2.0222869136174246
2.0222869136174246
2.022286913617425
2.022286913617425
2.022286913617425
2.022286913617425
2.022286913617425
2.022286913617425
2.022286913617425
2.022286913617425
2.022286913617425
2.022286913617425
2.022286913617425
2.022286913617425
2.022286913617425
2.022286913617425
2.022286913617425
2.022286913617425
