1.88890620792408
1.88890620792408
1.88890620792408
1.88890620792408
1.88890620792408
1.88890620792408
1.88890620792408
1.88890620792408
1.88890620792408
1.88890620792408
1.88890620792408
1.88890620792408
1.88890620792408
1.88890620792408
1.88890620792408
1.88890620792408
1.88890620792408
1.88890620792408
1.88890620792408
1.88890620792408
1.88890620792408
1.88890620792408
1.88890620792408
1.88890620792408
1.88890620792408
1.88890620792408
1.88890620792408
1.88890620792408
1.88890620792408
1.88890620792408
1.88890620792408
1.88890620792408
1.88890620792408
1.88890620792408
1.88890620792408
1.88890620792408
1.88890620792408
1.88890620792408
1.88890620792408
1.88890620792408
1.88890620792408
1.88890620792408
1.88890620792408
1.88890620792408
1.88890620792408
1.88890620792408
1.88890620792408
1.88890620792408
1.88890620792408
1.88890620792408
1.88890620792408
1.88890620792408
1.88890620792408
1.88890620792408
1.88890620792408
1.88890620792408
1.88890620792408
1.88890620792408
1.88890620792408
1.88890620792408
1.88890620792408
1.88890620792408
1.888907689174704
1.888907689174704
1.888907689174704
1.888907689174704
1.8889085753861201
1.8889100329297366
1.888912253885413
1.8889142186234178
1.8889153195413748
1.888916900466318
1.8889182893278065
1.8889193198882643
1.8889199118511197
1.8889205176845212
1.8889213573239654
1.8889214562735448
1.8889217837534198
1.8889220613565627
1.8889222360150266
1.8889223350661521
1.8889224366533446
1.8889225030719177
1.8889225957693176
1.888922648610816
1.888922687688894
1.8889227146277043
1.8889227352278992
1.8889227417683965
1.8889227543349272
1.888922760398838
1.8889227619876252
1.888922765211287
1.8889227661103996
1.8889227724927062
1.8889227761338516
1.8889227793812062
1.8889227813296194
1.8889227837007339
1.8889227838620828
1.8889227852901285
1.8889227867261114
1.8889227875877024
1.888922788225406
1.888922789081046
1.8889227899941596
1.888922791004362
1.888922791102449
1.8889227914954716
1.8889227922109968
1.8889227925003673
1.8889227928142973
1.8889227930026558
1.8889227931156711
1.888922793291138
1.8889227934933144
1.8889227936335569
1.8889227937489892
1.8889227939470334
1.8889227940308349
1.8889227940751052
1.8889227940751052
1.888922794126003
1.8889227941409963
1.8889227941417837
1.8889227941637108
1.8889227941870168
1.888922794201671
1.8889227942030424
1.8889227942118358
1.8889227942176219
1.8889227942246927
1.88892279422761
1.8889227942309044
1.8889227942337476
1.8889227942363327
1.8889227942370759
1.8889227942389304
1.8889227942400204
1.8889227942405349
1.8889227942405349
1.888922794240817
1.8889227942409874
1.8889227942409874
1.8889227942409874
1.8889227942410403
1.8889227942410403
1.8889227942410403
1.8889227942410403
1.8889227942410638
1.8889227942410638
1.8889227942410638
1.8889227942410638
1.8889227942410658
1.8889227942410685
1.8889227942410685
1.8889227942410685
1.8889227942410685
1.8889227942410685
1.8889227942410685
1.8889227942410685
1.8889227942410685
1.8889227942410687
1.8889227942410702
1.8889227942410713
1.8889227942410713
1.8889227942410713
1.8889227942410713
1.8889227942410718
1.8889227942410718
1.8889227942410718
1.8889227942410718
1.888922794241072
1.888922794241072
1.888922794241072
1.888922794241072
1.888922794241072
1.888922794241072
1.888922794241072
1.888922794241072
1.888922794241072
1.888922794241072
1.888922794241072
1.888922794241072
1.888922794241072
1.888922794241072
1.888922794241072
1.888922794241072
1.888922794241072
