1.8031218089743228
1.8031218089743228
1.8031218089743228
1.8031218089743228
1.8031218089743228
1.8031218089743228
1.8031218089743228
1.8031218089743228
1.8031218089743228
1.8031218089743228
1.8031218089743228
1.8031218089743228
1.8031218089743228
1.8031218089743228
1.8031218089743228
1.8031218089743228
1.8031218089743228
1.8031218089743228
1.8031218089743228
1.8031218089743228
1.8031218089743228
1.8031218089743228
1.8031218089743228
1.8031218089743228
1.8031218089743228
1.8031218089743228
1.8031218089743228
1.8031218089743228
1.8031218089743228
1.8031218089743228
1.8031218089743228
1.8031218089743228
1.8031218089743228
1.8031218089743228
1.8031218089743228
1.8031218089743228
1.8031218089743228
1.8031218089743228
1.8031218089743228
1.8031218089743228
1.8031218089743228
1.8031218089743228
1.8031218089743228
1.8031218089743228
1.8031218089743228
1.8031218089743228
1.8031218089743228
1.8031218089743228
1.8031218089743228
1.8031218089743228
1.8031218089743228
1.8031218089743228
1.8031218089743228
1.8031218089743228
1.8031218089743228
1.8031218089743228
1.8031218089743228
1.8031218089743228
1.8031218089743228
1.8031218089743228
1.8031218089743228
1.8031218089743228
1.8031218089743228
1.8031237252981813
1.8031237252981813
1.8031237252981813
1.803124849349555
1.8031255863407145
1.8031272240891185
1.8031282067377772
1.8031287963268345
1.8031291500802182
1.8031307592120278
1.8031323197512084
1.8031330861348571
1.803134547227303
1.8031352899120578
1.803135709682095
1.8031359273294791
1.8031359273294791
1.8031362174330507
1.8031363546674712
1.8031364208978673
1.8031364606361047
1.803136484479047
1.8031365041455518
1.803136578772734
1.8031366560580164
1.8031367024291862
1.8031367302518875
1.8031367469455084
1.8031367862796797
1.8031368283624725
1.8031368536121484
1.8031368687619533
1.8031368778518362
1.8031368993607242
1.8031369233553958
1.8031369377521984
1.80313694639028
1.8031369539907078
1.8031369626015157
1.8031369677680003
1.8031369708678913
1.8031369733715374
1.8031369756308862
1.8031369769864956
1.803136977799861
1.8031369784660285
1.8031369792946437
1.8031369797918126
1.803136980090114
1.8031369804689308
1.803136980859709
1.8031369810941762
1.803136981234856
1.8031369814548839
1.8031369816855418
1.8031369818239364
1.8031369819069734
1.8031369820484227
1.8031369821614998
1.8031369822293462
1.8031369822700538
1.8031369823310115
1.8031369823753653
1.8031369824019778
1.803136982417945
1.8031369824402896
1.803136982455602
1.8031369824647894
1.8031369824703019
1.8031369824736092
1.803136982476862
1.80313698248083
1.8031369824832113
1.8031369824846397
1.803136982485497
1.8031369824868104
1.803136982487791
1.8031369824883794
1.8031369824887329
1.8031369824889447
1.8031369824893129
1.8031369824895525
1.8031369824896957
1.8031369824897983
1.8031369824899695
1.8031369824900718
1.8031369824901335
1.8031369824901706
1.8031369824901928
1.8031369824902639
1.8031369824903238
1.8031369824903596
1.8031369824903807
1.8031369824904009
1.8031369824904278
1.803136982490444
1.8031369824904535
1.8031369824904595
1.8031369824904653
1.8031369824904722
1.803136982490476
1.8031369824904782
1.8031369824904793
1.8031369824904813
1.803136982490482
1.8031369824904824
1.803136982490483
1.803136982490483
1.8031369824904837
1.8031369824904837
1.8031369824904837
1.8031369824904837
1.8031369824904837
1.8031369824904837
1.8031369824904837
1.8031369824904837
1.8031369824904837
1.8031369824904837
1.8031369824904837
1.8031369824904837
1.8031369824904837
1.8031369824904837
1.8031369824904837
1.8031369824904837
1.8031369824904837
1.8031369824904837
1.8031369824904837
1.8031369824904837
1.8031369824904837
1.8031369824904837
1.8031369824904837
1.8031369824904837
1.8031369824904837
1.8031369824904837
1.8031369824904837
