1.645089753011925
1.645089753011925
1.645089753011925
1.645089753011925
1.645089753011925
1.645089753011925
1.645089753011925
1.645089753011925
1.645089753011925
1.645089753011925
1.645089753011925
1.645089753011925
1.645089753011925
1.645089753011925
1.645089753011925
1.645089753011925
1.645089753011925
1.645089753011925
1.645089753011925
1.645089753011925
1.645089753011925
1.645089753011925
1.645089753011925
1.645089753011925
1.645089753011925
1.645089753011925
1.645089753011925
1.645089753011925
1.645089753011925
1.645089753011925
1.645089753011925
1.645089753011925
1.645089753011925
1.645089753011925
1.645089753011925
1.645089753011925
1.645089753011925
1.645089753011925
1.645089753011925
1.645089753011925
1.645089753011925
1.645089753011925
1.645089753011925
1.645089753011925
1.645089753011925
1.645089753011925
1.645089753011925
1.645089753011925
1.645089753011925
1.645089753011925
1.645089753011925
1.645089753011925
1.645089753011925
1.645089753011925
1.645089753011925
1.645089753011925
1.645089753011925
1.645089753011925
1.645089753011925
1.645089753011925
1.645089753011925
1.6450902753579109
1.6450904945682117
1.6450914281480487
1.6450919882960888
1.6450919882960888
1.6450919882960888
1.6450927636438817
1.6450935179605737
1.6450939756365435
1.6450944180219986
1.645094670584206
1.6450952254875042
1.6450955675771306
1.6450957728309163
1.6450958959831912
1.645095986230917
1.6450961042139256
1.6450962400067521
1.6450963273711152
1.6450963773297282
1.6450964016361984
1.645096404452461
1.6450964267177404
1.645096481453262
1.6450965142945755
1.6450965339993637
1.6450965458222364
1.6450965532019004
1.645096589116968
1.6450966108776899
1.645096625329449
1.6450966336771358
1.6450966498616748
1.6450966636286513
1.6450966664759161
1.6450966714494906
1.6450966714494906
1.6450966741156912
1.6450966776887797
1.6450966776887797
1.6450966776887797
1.6450966791571007
1.6450966793426143
1.6450966793426143
1.64509667980818
1.6450966805592715
1.6450966810142482
1.6450966813301424
1.6450966815531622
1.6450966816828392
1.6450966819607364
1.6450966819607364
1.6450966819607364
1.6450966819907498
1.6450966820457913
1.6450966820731427
1.6450966820731427
1.6450966821012942
1.6450966821382067
1.6450966821501316
1.6450966821591118
1.6450966821629736
1.6450966821653223
1.645096682174339
1.6450966821839212
1.6450966821898756
1.645096682193448
1.6450966821955912
1.6450966821972892
1.645096682202214
1.6450966822056388
1.645096682207694
1.6450966822094824
1.6450966822130983
1.6450966822152693
1.6450966822165718
1.6450966822173672
1.645096682218601
1.6450966822193964
1.6450966822198632
1.6450966822203674
1.6450966822208286
1.645096682221103
1.6450966822212791
1.645096682221458
1.6450966822215947
1.6450966822216826
1.645096682221737
1.6450966822217885
1.6450966822218287
1.6450966822218436
1.645096682221865
1.6450966822218789
1.645096682221888
1.6450966822218929
1.6450966822218962
1.6450966822218986
1.6450966822219015
1.6450966822219042
1.6450966822219082
1.64509668222191
1.6450966822219109
1.6450966822219109
1.6450966822219109
1.645096682221911
1.645096682221911
1.645096682221911
1.645096682221911
1.645096682221911
1.645096682221911
1.645096682221911
1.645096682221911
1.645096682221911
1.645096682221911
1.645096682221911
1.645096682221911
1.645096682221911
1.645096682221911
1.645096682221911
1.645096682221911
1.645096682221911
1.645096682221911
1.645096682221911
1.645096682221911
1.645096682221911
1.645096682221911
1.645096682221911
1.645096682221911
1.645096682221911
1.645096682221911
1.645096682221911
1.645096682221911
1.645096682221911
