2.959655047705885
2.959655047705885
2.959655047705885
2.959655047705885
2.959655047705885
2.959655047705885
2.959655047705885
2.959655047705885
2.959655047705885
2.959655047705885
2.959655047705885
2.959655047705885
2.959655047705885
2.959655047705885
2.959655047705885
2.959655047705885
2.959655047705885
2.959655047705885
2.959655047705885
2.959655047705885
2.959655047705885
2.959655047705885
2.959655047705885
2.959655047705885
2.959655047705885
2.959655047705885
2.959655047705885
2.959655047705885
2.959655047705885
2.959655047705885
2.959655047705885
2.959655047705885
2.959655047705885
2.959655047705885
2.959655047705885
2.959655047705885
2.959655047705885
2.959655047705885
2.9600263373772617
2.9600263373772617
2.9600263373772617
2.9600263373772617
2.9600263373772617
2.9600263373772617
2.9600263373772617
2.9600263373772617
2.9600263373772617
2.9600263373772617
2.9600263373772617
2.9600263373772617
2.9600263373772617
2.9600263373772617
2.9600263373772617
2.9600263373772617
2.9600263373772617
2.960035368650741
2.960035368650741
2.960043174529152
2.960043174529152
2.960043174529152
2.960043585783221
2.9600440058130566
2.9600440058130566
2.9600440898246556
2.960044295764176
2.960045614096028
2.960045614096028
2.960045614096028
2.960046511083621
2.9600465194062893
2.960046535269557
2.9600468628821424
2.9600475758367866
2.96004807459086
2.9600483738433083
2.9600485533947802
2.9600488309735193
2.9600491983584436
2.960049434238153
2.9600495757659813
2.9600496606826767
2.960049778830559
2.9600498662713624
2.9600498662713624
2.9600498662713624
2.96004989966793
2.9600499139758427
2.960049928258125
2.960049933292091
2.960049964698856
2.9600499985722712
2.9600500099938496
2.960050021560044
2.9600500284997593
2.9600500284997593
2.960050033774737
2.9600500511659797
2.9600500616007257
2.960050067962034
2.9600500773533107
2.9600500856992347
2.960050090706788
2.9600500937232725
2.960050096217274
2.9600500993263075
2.9600501017101477
2.9600501031404507
2.9600501052189436
2.9600501069525804
2.960050107992762
2.9600501086168713
2.9600501090519558
2.960050109645233
2.9600501100113843
2.9600501102366756
2.9600501104514736
2.960050110633249
2.960050110674103
2.9600501107603763
2.96005011083259
2.960050110890055
2.9600501109202844
2.9600501109384205
2.960050110949672
2.9600501109595774
2.9600501109927557
2.9600501110148665
2.960050111028133
2.9600501110360917
2.960050111052223
2.9600501110626727
2.9600501110690765
2.9600501110733166
2.9600501110758604
2.9600501110812734
2.96005011108731
2.9600501110909314
2.9600501110931043
2.9600501110964803
2.9600501111002187
2.9600501111025
2.9600501111038793
2.9600501111047075
2.9600501111059057
2.960050111107377
2.960050111108014
2.9600501111085373
2.9600501111085373
2.9600501111085373
2.9600501111085373
2.960050111108831
2.960050111108831
2.960050111108864
2.960050111108965
2.960050111109049
2.960050111109099
2.9600501111091297
2.9600501111091684
2.960050111109224
2.960050111109259
2.9600501111092803
2.960050111109295
2.9600501111093105
2.960050111109325
2.9600501111093354
2.960050111109341
2.960050111109345
2.9600501111093473
2.960050111109349
2.960050111109352
2.9600501111093527
2.960050111109354
2.9600501111093553
2.9600501111093562
2.960050111109357
2.9600501111093576
2.960050111109358
2.960050111109358
2.9600501111093585
2.9600501111093585
2.9600501111093585
2.9600501111093585
2.9600501111093585
2.9600501111093585
2.9600501111093585
2.9600501111093585
2.9600501111093585
2.9600501111093585
2.9600501111093585
2.9600501111093585
2.9600501111093585
2.9600501111093585
2.9600501111093585
2.9600501111093585
2.9600501111093585
2.9600501111093585
2.9600501111093585
