2.158480951338349
2.158480951338349
2.158480951338349
2.158480951338349
2.158480951338349
2.158480951338349
2.158480951338349
2.158480951338349
2.158480951338349
2.158480951338349
2.158480951338349
2.158480951338349
2.158480951338349
2.158480951338349
2.158480951338349
2.158480951338349
2.158480951338349
2.158480951338349
2.158480951338349
2.158480951338349
2.158480951338349
2.158480951338349
2.158480951338349
2.158480951338349
2.158480951338349
2.158480951338349
2.158480951338349
2.158480951338349
2.158480951338349
2.158480951338349
2.158480951338349
2.158480951338349
2.158480951338349
2.158480951338349
2.158480951338349
2.158480951338349
2.158480951338349
2.158480951338349
2.158480951338349
2.158480951338349
2.158480951338349
2.158480951338349
2.158480951338349
2.158480951338349
2.158480951338349
2.158480951338349
2.158480951338349
2.158480951338349
2.158480951338349
2.158480951338349
2.158480951338349
2.158480951338349
2.158480951338349
2.158480951338349
2.158480951338349
2.158480951338349
2.158480951338349
2.158480951338349
2.1584955722637935
2.1584955722637935
2.1584955722637935
2.1584955722637935
2.1585089686188232
2.1585089686188232
2.1585089686188232
2.1585089686188232
2.158512123580796
2.1585125279399913
2.158513227792993
2.1585162386967127
2.158518056900185
2.1585191478229824
2.1585198023769183
2.1585218192092634
2.1585237061843308
2.1585248383702735
2.1585254137611494
2.158526014687349
2.158526497522476
2.1585269645883263
2.1585271377401134
2.1585272844722088
2.1585275116511933
2.1585276479585978
2.158527729743045
2.1585277788137156
2.158527808256119
2.1585278313404115
2.158527886364796
2.15852792033124
2.158527940711107
2.1585279591223645
2.158527977962298
2.1585279892662586
2.1585279960486345
2.158528001362515
2.1585280092211283
2.158528014065886
2.158528016972741
2.158528021184084
2.158528024311035
2.158528027083938
2.158528028467827
2.158528030542829
2.1585280317878306
2.1585280325348317
2.158528032983032
2.158528033251952
2.158528033413304
2.1585280337812867
2.158528034082881
2.1585280342855087
2.15852803445005
2.158528034596408
2.1585280347893367
2.1585280349050944
2.158528034974549
2.1585280350164058
2.1585280350906704
2.158528035136023
2.1585280351632345
2.1585280351795615
2.1585280351899083
2.1585280352005416
2.158528035208002
2.1585280352173246
2.158528035222919
2.158528035226275
2.1585280352296796
2.15852803523617
2.15852803524004
2.1585280352425444
2.1585280352440477
2.158528035246575
2.158528035249521
2.1585280352512894
2.1585280352523504
2.158528035253964
2.158528035255609
2.1585280352565954
2.158528035257188
2.1585280352576004
2.1585280352580334
2.1585280352580334
2.1585280352582688
2.158528035258284
2.1585280352583562
2.158528035258392
2.1585280352584855
2.1585280352585876
2.1585280352586484
2.1585280352586915
2.158528035258754
2.1585280352587977
2.1585280352588243
2.15852803525884
2.158528035258849
2.15852803525887
2.1585280352588865
2.1585280352588954
2.1585280352589016
2.1585280352589042
2.1585280352589096
2.1585280352589153
2.1585280352589185
2.1585280352589207
2.158528035258922
2.158528035258924
2.1585280352589247
2.1585280352589256
2.158528035258926
2.1585280352589264
2.158528035258927
2.1585280352589273
2.158528035258928
2.158528035258928
2.1585280352589282
2.1585280352589282
2.1585280352589287
2.1585280352589287
2.158528035258929
2.158528035258929
2.158528035258929
2.158528035258929
2.158528035258929
2.158528035258929
2.158528035258929
2.158528035258929
2.158528035258929
2.158528035258929
2.158528035258929
2.158528035258929
2.158528035258929
