1.7656538292198947
1.7656538292198947
1.7656538292198947
1.7656538292198947
1.7656538292198947
1.7656538292198947
1.7656538292198947
1.7656538292198947
1.7656538292198947
1.7656538292198947
1.7656538292198947
1.7656538292198947
1.7656538292198947
1.7656538292198947
1.7656538292198947
1.7656538292198947
1.7656538292198947
1.7656538292198947
1.7656538292198947
1.7656538292198947
1.7656538292198947
1.7656538292198947
1.7656538292198947
1.7656538292198947
1.7656538292198947
1.7656538292198947
1.7656538292198947
1.7656538292198947
1.7656538292198947
1.7656538292198947
1.7656538292198947
1.7656538292198947
1.7656538292198947
1.7656538292198947
1.7656538292198947
1.7656538292198947
1.7656538292198947
1.7656538292198947
1.7656538292198947
1.7656538292198947
1.7656538292198947
1.7656538292198947
1.7656538292198947
1.7656538292198947
1.7656538292198947
1.7656538292198947
1.7656538292198947
1.7656538292198947
1.7656538292198947
1.7656538292198947
1.7656538292198947
1.7656538292198947
1.7656538292198947
1.7656538292198947
1.7656538292198947
1.7656538292198947
1.7656538292198947
1.7656541658846963
1.765655546432801
1.765655546432801
1.765655546432801
1.765655546432801
1.7656558498617465
1.7656558498617465
1.7656558498617465
1.7656558498617465
1.7656559814631339
1.765656269096967
1.7656564500015381
1.7656567461757353
1.7656569284810337
1.7656570378642236
1.7656571034941415
1.7656575284029923
1.7656575284029923
1.7656575284029923
1.7656575476824363
1.7656577436189338
1.7656577454039446
1.7656578132883498
1.7656578611470533
1.7656578903683458
1.7656579190564634
1.7656579277002036
1.7656579481818058
1.7656579658208782
1.7656579826895804
1.7656579947517408
1.7656580104683077
1.7656580202944507
1.7656580238209483
1.7656580279484078
1.7656580331869207
1.7656580374110837
1.7656580400112574
1.7656580415713612
1.7656580425074233
1.765658044575982
1.7656580461137943
1.7656580471719794
1.7656580479513801
1.7656580486171312
1.7656580490353475
1.76565804929194
1.7656580496151615
1.7656580498213963
1.7656580499939667
1.765658050163838
1.7656580502663268
1.765658050350164
1.7656580504312314
1.7656580504835562
1.765658050514951
1.7656580505461124
1.765658050579143
1.7656580505989614
1.7656580506153083
1.7656580506299044
1.7656580506429589
1.7656580506516708
1.7656580506568986
1.765658050663974
1.7656580506685235
1.765658050671253
1.7656580506728905
1.765658050674689
1.7656580506767676
1.765658050678074
1.765658050678915
1.7656580506794193
1.7656580506803874
1.7656580506810027
1.7656580506813717
1.7656580506815933
1.7656580506820228
1.7656580506823412
1.7656580506825317
1.765658050682646
1.7656580506827513
1.7656580506828685
1.7656580506829391
1.7656580506829813
1.7656580506830064
1.7656580506830215
1.7656580506830304
1.7656580506830404
1.7656580506830566
1.7656580506830666
1.765658050683073
1.7656580506830766
1.7656580506830837
1.7656580506830892
1.7656580506830926
1.7656580506830943
1.7656580506830966
1.7656580506830983
1.7656580506830997
1.7656580506831003
1.7656580506831012
1.7656580506831017
1.765658050683102
1.7656580506831023
1.7656580506831028
1.7656580506831028
1.7656580506831034
1.7656580506831034
1.7656580506831034
1.7656580506831034
1.7656580506831034
1.7656580506831034
1.7656580506831034
1.7656580506831034
1.7656580506831034
1.7656580506831034
1.7656580506831034
1.7656580506831034
1.7656580506831034
1.7656580506831034
1.7656580506831034
1.7656580506831034
1.7656580506831034
1.7656580506831034
1.7656580506831034
1.7656580506831034
1.7656580506831034
1.7656580506831034
1.7656580506831034
1.7656580506831034
