2.9371392407119425
2.9371392407119425
2.9371392407119425
2.9371392407119425
2.9371392407119425
2.9371392407119425
2.9371392407119425
2.9371392407119425
2.9371392407119425
2.9371392407119425
2.9371392407119425
2.9371392407119425
2.9371392407119425
2.9371392407119425
2.9371392407119425
2.9371392407119425
2.9371392407119425
2.9371392407119425
2.9371392407119425
2.9371392407119425
2.9371392407119425
2.9371392407119425
2.9371392407119425
2.9371392407119425
2.9371392407119425
2.9371392407119425
2.9371392407119425
2.9371392407119425
2.9371392407119425
2.9371392407119425
2.9371392407119425
2.9371392407119425
2.9371392407119425
2.9371392407119425
2.9371392407119425
2.9371392407119425
2.9371392407119425
2.9371392407119425
2.9371392407119425
2.9371392407119425
2.9371392407119425
2.9371392407119425
2.9371392407119425
2.9371392407119425
2.9371392407119425
2.9371785752824264
2.9371785752824264
2.9371785752824264
2.9371785752824264
2.9371924714768802
2.9371924714768802
2.9371979479129133
2.937204921233906
2.937209105225697
2.937211912235627
2.9372212623750813
2.937223324178576
2.9372254905266577
2.9372285950470833
2.9372314838520834
2.9372332171344997
2.937234257103739
2.9372348810852063
2.937236138821346
2.937237765777574
2.9372389693515997
2.937239893854763
2.93724024218568
2.9372405400049044
2.937241189265146
2.9372416802059726
2.937241974770448
2.937242172708837
2.937242617723016
2.93724290753633
2.9372430914382663
2.9372432017794243
2.9372433446269075
2.9372435389631826
2.937243655564945
2.9372437418093487
2.937243862483374
2.9372439440548925
2.937243992997804
2.9372440223635516
2.9372440399829975
2.9372440944901177
2.937244154758256
2.937244157938918
2.937244195791621
2.9372441993537817
2.937244224895398
2.937244243681397
2.937244254952998
2.9372442617159575
2.937244274418907
2.9372442865047974
2.9372442868319846
2.937244296422444
2.937244298022112
2.937244299859013
2.9372443033652536
2.937244305875266
2.9372443074467918
2.9372443086168865
2.9372443098099277
2.9372443106374506
2.937244311212439
2.937244311577261
2.9372443121892666
2.937244312581414
2.9372443128167007
2.9372443129578727
2.937244313042576
2.9372443130998365
2.937244313403753
2.937244313595907
2.9372443137112
2.9372443137803756
2.9372443138663975
2.9372443140277196
2.937244314124513
2.937244314182589
2.937244314217434
2.937244314280356
2.937244314361974
2.9372443144109446
2.937244314440327
2.937244314457956
2.9372443144780456
2.9372443145006
2.937244314514132
2.937244314523345
2.937244314535082
2.937244314542125
2.9372443145463514
2.9372443145488853
2.937244314552028
2.9372443145543135
2.9372443145556835
2.937244314556507
2.9372443145570784
2.9372443145580096
2.9372443145585683
2.937244314558903
2.937244314559105
2.9372443145595035
2.9372443145597598
2.937244314559912
2.937244314560015
2.9372443145601745
2.9372443145602696
2.9372443145603273
2.937244314560362
2.9372443145604437
2.937244314560503
2.937244314560539
2.93724431456056
2.9372443145605813
2.9372443145606186
2.9372443145606404
2.9372443145606537
2.9372443145606613
2.9372443145606666
2.9372443145606733
2.9372443145606835
2.93724431456069
2.9372443145606946
2.9372443145606963
2.9372443145607
2.9372443145607035
2.9372443145607057
2.9372443145607066
2.937244314560707
2.9372443145607074
2.9372443145607083
2.9372443145607092
2.9372443145607092
2.9372443145607092
2.9372443145607106
2.937244314560711
2.937244314560711
2.937244314560711
2.937244314560711
2.9372443145607114
2.9372443145607114
2.9372443145607114
2.9372443145607114
2.9372443145607114
2.9372443145607114
2.9372443145607114
2.9372443145607114
2.9372443145607114
2.9372443145607114
2.9372443145607114
2.9372443145607114
