1.305539957116815
1.305539957116815
1.305539957116815
1.305539957116815
1.305539957116815
1.305539957116815
1.305539957116815
1.305539957116815
1.305539957116815
1.305539957116815
1.305539957116815
1.305539957116815
1.305539957116815
1.305539957116815
1.305539957116815
1.305539957116815
1.305539957116815
1.305539957116815
1.305539957116815
1.305539957116815
1.305539957116815
1.305539957116815
1.305539957116815
1.305539957116815
1.305539957116815
1.305539957116815
1.305539957116815
1.305539957116815
1.305539957116815
1.305539957116815
1.305539957116815
1.305539957116815
1.305539957116815
1.305539957116815
1.305539957116815
1.305539957116815
1.305539957116815
1.305539957116815
1.305539957116815
1.305539957116815
1.305539957116815
1.305539957116815
1.305539957116815
1.305539957116815
1.305539957116815
1.305539957116815
1.305539957116815
1.305539957116815
1.305539957116815
1.3055413783302625
1.3055413783302625
1.3055413783302625
1.3055441709406863
1.3055441709406863
1.3055446487873485
1.305545464809287
1.3055472628563036
1.3055472628563036
1.305548911665385
1.305549954723604
1.3055505805590728
1.305550965165001
1.3055514976099623
1.305552156660309
1.305552553592832
1.3055529381596265
1.3055532277567414
1.3055534418541161
1.3055537378610023
1.3055539154651585
1.3055540220276611
1.3055541698984212
1.3055543631540716
1.3055544499874399
1.305554553971772
1.3055546463994958
1.3055547384632773
1.3055547902524913
1.305554816459458
1.3055548586276495
1.3055548940780952
1.305554913723927
1.3055549275355167
1.3055549385106178
1.3055549493327847
1.305554958265781
1.305554963831507
1.3055549680154135
1.3055549712334151
1.3055549763916272
1.3055549763916272
1.3055549779211917
1.3055549794801315
1.3055549805378723
1.305554980537914
1.305554981167987
1.3055549812632814
1.3055549813204586
1.3055549818203271
1.3055549823147148
1.3055549823147148
1.3055549823147148
1.3055549826690425
1.305554982790572
1.3055549828806803
1.3055549828922557
1.3055549829059894
1.3055549829234807
1.3055549829523276
1.305554982981091
1.3055549830098025
1.3055549830302147
1.305554983042462
1.3055549830596747
1.3055549830719235
1.3055549830800603
1.3055549830854156
1.3055549830908832
1.3055549830957185
1.3055549830991513
1.3055549831012254
1.3055549831025104
1.3055549831032813
1.3055549831048654
1.3055549831062012
1.305554983107014
1.305554983107501
1.305554983107845
1.3055549831085624
1.3055549831090503
1.3055549831093431
1.305554983109519
1.3055549831097428
1.305554983109971
1.3055549831101076
1.3055549831101894
1.3055549831102389
1.305554983110313
1.3055549831104045
1.305554983110459
1.3055549831104918
1.3055549831105375
1.3055549831105686
1.305554983110587
1.305554983110598
1.3055549831106055
1.30555498311062
1.3055549831106288
1.305554983110634
1.3055549831106372
1.3055549831106392
1.3055549831106403
1.3055549831106443
1.305554983110647
1.305554983110649
1.3055549831106503
1.305554983110652
1.3055549831106537
1.3055549831106543
1.3055549831106548
1.3055549831106548
1.3055549831106554
1.3055549831106559
1.3055549831106559
1.3055549831106559
1.305554983110656
1.3055549831106563
1.3055549831106563
1.3055549831106563
1.3055549831106563
1.3055549831106563
1.3055549831106563
1.3055549831106563
1.3055549831106563
1.3055549831106563
1.3055549831106563
1.3055549831106563
1.3055549831106563
1.3055549831106563
1.3055549831106563
1.3055549831106563
1.3055549831106563
1.3055549831106563
1.3055549831106563
