1.3280711110436343
1.3280711110436343
1.3280711110436343
1.3280711110436343
1.3280711110436343
1.3280711110436343
1.3280711110436343
1.3280711110436343
1.3280711110436343
1.3280711110436343
1.3280711110436343
1.3280711110436343
1.3280711110436343
1.3280711110436343
1.3280711110436343
1.3280711110436343
1.3280711110436343
1.3280711110436343
1.3280711110436343
1.3280711110436343
1.3280711110436343
1.3280711110436343
1.3280711110436343
1.3280711110436343
1.3280711110436343
1.3280711110436343
1.3280711110436343
1.3280711110436343
1.3280711110436343
1.3280711110436343
1.3280711110436343
1.3280711110436343
1.3280711110436343
1.3280711110436343
1.3280711110436343
1.3280711110436343
1.3280711110436343
1.3280711110436343
1.3280711110436343
1.3280711110436343
1.3280711110436343
1.3280711110436343
1.3280711110436343
1.3280711110436343
1.3280711110436343
1.3280711110436343
1.3280711110436343
1.3280711110436343
1.3280711110436343
1.3280711110436343
1.3280711110436343
1.3280711110436343
1.3280711110436343
1.3280711110436343
1.3280711110436343
1.328072840065625
1.328072840065625
1.328072840065625
1.328072840065625
1.328072840065625
1.328074017870759
1.3280764466674346
1.3280767339189925
1.3280791687414022
1.3280806747724074
1.3280825493140676
1.3280836740402724
1.3280844222996586
1.3280854621615146
1.3280868930408787
1.3280878074728306
1.3280883362822948
1.3280890480437488
1.3280897255431448
1.3280901899060458
1.3280905599823278
1.3280909122084208
1.3280912319453033
1.328091425525196
1.3280915416731371
1.3280916049392464
1.3280916444171762
1.3280916710639201
1.3280917441578612
1.3280918069832044
1.3280918530664572
1.328091880716408
1.3280918996514086
1.3280919212333158
1.3280919341824604
1.3280919465382488
1.3280919477531095
1.3280919512338067
1.3280919576969572
1.328091961500675
1.328091966829407
1.3280919690284854
1.3280919700049028
1.3280919708464505
1.3280919714835384
1.3280919728241285
1.328091974068107
1.328091974814494
1.328091975262326
1.3280919759468381
1.3280919765137411
1.3280919769400186
1.3280919773112625
1.3280919775007738
1.3280919777934856
1.3280919779734977
1.3280919780815048
1.328091978259153
1.328091978316394
1.328091978387286
1.328091978435523
1.328091978464465
1.3280919784821854
1.3280919785272465
1.3280919785601497
1.328091978570402
1.3280919785897967
1.3280919786104095
1.3280919786229102
1.3280919786304104
1.3280919786349104
1.3280919786376102
1.3280919786429297
1.3280919786481418
1.3280919786512695
1.3280919786531458
1.3280919786542713
1.3280919786553382
1.328091978658569
1.3280919786612737
1.3280919786628969
1.328091978664816
1.3280919786663212
1.328091978667225
1.3280919786679797
1.3280919786685244
1.3280919786689396
1.3280919786692853
1.328091978669496
1.3280919786696963
1.3280919786698178
1.3280919786699337
1.3280919786700294
1.3280919786700867
1.3280919786701215
1.3280919786701677
1.328091978670199
1.3280919786702239
1.3280919786702385
1.3280919786702485
1.3280919786702583
1.3280919786702645
1.3280919786702694
1.3280919786702734
1.328091978670276
1.3280919786702792
1.328091978670281
1.328091978670282
1.3280919786702838
1.328091978670285
1.328091978670286
1.3280919786702863
1.328091978670287
1.328091978670287
1.3280919786702876
1.3280919786702876
1.3280919786702878
1.3280919786702878
1.328091978670288
1.3280919786702883
1.3280919786702885
1.3280919786702885
1.3280919786702885
1.3280919786702885
1.3280919786702885
1.3280919786702885
1.3280919786702885
1.3280919786702885
1.3280919786702885
1.3280919786702885
1.3280919786702885
1.3280919786702885
1.3280919786702885
1.3280919786702885
1.3280919786702885
