1.7284494399822166
1.7284494399822166
1.7284494399822166
1.7284494399822166
1.7284494399822166
1.7284494399822166
1.7284494399822166
1.7284494399822166
1.7284494399822166
1.7284494399822166
1.7284494399822166
1.7284494399822166
1.7284494399822166
1.7284494399822166
1.7284494399822166
1.7284494399822166
1.7284494399822166
1.7284494399822166
1.7284494399822166
1.7284494399822166
1.7284494399822166
1.7284494399822166
1.7284494399822166
1.7284494399822166
1.7284494399822166
1.7284494399822166
1.7284494399822166
1.7284494399822166
1.7284494399822166
1.7284494399822166
1.7284494399822166
1.7284494399822166
1.7284494399822166
1.7284494399822166
1.7284494399822166
1.7284494399822166
1.7284494399822166
1.7284494399822166
1.7284494399822166
1.7284494399822166
1.7284494399822166
1.7284494399822166
1.7284494399822166
1.7284494399822166
1.7284494399822166
1.7284646182925063
1.7284646182925063
1.7284646182925063
1.7284646182925063
1.7284686677677066
1.7284686677677066
1.7284686677677066
1.7284686677677066
1.7284686677677066
1.728470195751117
1.7284717526457485
1.7284737593430253
1.7284754492697074
1.7284758311718211
1.7284762099614726
1.728476952654232
1.7284781208584379
1.7284783689059011
1.728479031304095
1.7284793553597422
1.7284796475069253
1.728480104383669
1.7284802522098979
1.728480510729283
1.728480609913131
1.7284807803783955
1.7284809286735503
1.7284810176506453
1.7284810614080703
1.7284811149416413
1.7284811610224229
1.728481194561699
1.7284811949457044
1.728481216703952
1.728481224102613
1.7284812340651665
1.7284812401175893
1.7284812449313076
1.7284812469224176
1.7284812521174964
1.728481254062594
1.728481254062594
1.7284812567212546
1.7284812567212546
1.7284812574742516
1.7284812574742516
1.7284812578726216
1.728481257974604
1.7284812585425162
1.7284812587625566
1.72848125894336
1.7284812591146144
1.7284812593209897
1.7284812594448151
1.7284812595661239
1.7284812596545625
1.728481259748887
1.7284812598054813
1.7284812598415566
1.7284812598918728
1.728481259923716
1.7284812599313497
1.7284812599494346
1.728481259957771
1.728481259964741
1.7284812599728967
1.7284812599784822
1.7284812599818902
1.7284812599841768
1.7284812599851898
1.7284812599863892
1.728481259987745
1.7284812599886177
1.7284812599886177
1.7284812599893875
1.7284812599902448
1.728481259990455
1.7284812599908626
1.7284812599911201
1.7284812599913912
1.7284812599915536
1.7284812599915536
1.7284812599916617
1.728481259991734
1.728481259991734
1.7284812599917745
1.7284812599917987
1.7284812599918276
1.7284812599918276
1.7284812599918613
1.7284812599918677
1.7284812599918797
1.7284812599918873
1.7284812599918937
1.728481259991897
1.7284812599919037
1.7284812599919115
1.7284812599919124
1.7284812599919164
1.728481259991919
1.7284812599919215
1.7284812599919226
1.7284812599919233
1.7284812599919246
1.728481259991925
1.728481259991926
1.7284812599919261
1.7284812599919261
1.7284812599919266
1.7284812599919266
1.7284812599919266
1.7284812599919266
1.7284812599919266
1.7284812599919266
1.7284812599919266
1.7284812599919266
1.7284812599919266
1.7284812599919266
1.7284812599919266
1.7284812599919266
1.7284812599919266
1.7284812599919266
1.7284812599919266
1.7284812599919266
1.7284812599919266
1.7284812599919266
1.7284812599919266
1.7284812599919266
1.7284812599919266
1.7284812599919266
1.7284812599919266
1.7284812599919266
1.7284812599919266
