2.3165132421195183
2.3165132421195183
2.3165132421195183
2.3165132421195183
2.3165132421195183
2.3165132421195183
2.3165132421195183
2.3165132421195183
2.3165132421195183
2.3165132421195183
2.3165132421195183
2.3165132421195183
2.3165132421195183
2.3165132421195183
2.3165132421195183
2.3165132421195183
2.3165132421195183
2.3165132421195183
2.3165132421195183
2.3165132421195183
2.3165132421195183
2.3165132421195183
2.3165132421195183
2.3165132421195183
2.3165132421195183
2.3165132421195183
2.3165132421195183
2.3165132421195183
2.3165132421195183
2.3165132421195183
2.3165132421195183
2.3165132421195183
2.3165132421195183
2.3165132421195183
2.3165132421195183
2.3165132421195183
2.3165132421195183
2.3165132421195183
2.3165132421195183
2.3165132421195183
2.3165132421195183
2.3165132421195183
2.3165132421195183
2.3165132421195183
2.3165132421195183
2.3165132421195183
2.3165132421195183
2.3165132421195183
2.3165132421195183
2.3165132421195183
2.3165132421195183
2.3165132421195183
2.3165132421195183
2.3165132421195183
2.3165132421195183
2.3165132421195183
2.3165132421195183
2.3165132421195183
2.3165132421195183
2.3165132421195183
2.3165132421195183
2.3165132421195183
2.316514190544043
2.316514190544043
2.316514190544043
2.316514190544043
2.316514340197062
2.316514340197062
2.316514340197062
2.316515155170325
2.316515155170325
2.3165153849459004
2.316516032289227
2.3165168318111817
2.316516987320149
2.3165176121797675
2.3165179802506017
2.316518406909509
2.316518487441331
2.316518674408797
2.316518963934109
2.3165191485963894
2.3165192593937696
2.31651926135081
2.3165193100505856
2.3165193886962494
2.3165195085182013
2.316519558202577
2.3165195793072835
2.316519656927505
2.316519686683635
2.3165197167590006
2.316519727626993
2.3165197471652976
2.316519767885049
2.3165197803168995
2.316519787776011
2.3165198020832167
2.316519817611843
2.31651982734315
2.316519833181934
2.3165198412926427
2.316519851248991
2.3165198557401423
2.316519862757119
2.3165198688011093
2.3165198726667606
2.3165198749861515
2.316519876377787
2.316519877635148
2.316519879607743
2.316519880648997
2.3165198809778897
2.3165198809778897
2.3165198818500277
2.3165198820056996
2.316519882162323
2.3165198823950575
2.316519882697048
2.3165198828976865
2.3165198830310962
2.316519883183658
2.3165198833275435
2.316519883389637
2.316519883476197
2.3165198835349234
2.3165198835779983
2.316519883603844
2.3165198836276413
2.3165198836547307
2.316519883674077
2.316519883685685
2.3165198836926493
2.316519883696828
2.3165198837074095
2.3165198837159537
2.3165198837210808
2.3165198837241565
2.316519883726002
2.3165198837312206
2.316519883737301
2.3165198837409675
2.3165198837433754
2.3165198837461407
2.3165198837485415
2.3165198837500096
2.3165198837508902
2.316519883751419
2.316519883751736
2.31651988375234
2.3165198837531555
2.3165198837536445
2.316519883753938
2.316519883754114
2.316519883754239
2.316519883754637
2.3165198837548764
2.31651988375502
2.3165198837551064
2.316519883755158
2.3165198837552055
2.3165198837552867
2.3165198837553342
2.316519883755364
2.316519883755381
2.3165198837553915
2.316519883755399
2.316519883755416
2.3165198837554253
2.3165198837554324
2.316519883755435
2.3165198837554417
2.316519883755446
2.316519883755448
2.3165198837554497
2.3165198837554524
2.3165198837554533
2.3165198837554546
2.316519883755455
2.3165198837554564
2.3165198837554564
2.3165198837554573
2.3165198837554573
2.3165198837554573
2.3165198837554573
2.3165198837554573
2.3165198837554573
2.3165198837554573
2.3165198837554573
2.3165198837554573
2.3165198837554573
2.3165198837554573
2.3165198837554573
2.3165198837554573
2.3165198837554573
2.3165198837554573
2.3165198837554573
2.3165198837554573
