1.8450261077427321
1.8450261077427321
1.8450261077427321
1.8450261077427321
1.8450261077427321
1.8450261077427321
1.8450261077427321
1.8450261077427321
1.8450261077427321
1.8450261077427321
1.8450261077427321
1.8450261077427321
1.8450261077427321
1.8450261077427321
1.8450261077427321
1.8450261077427321
1.8450261077427321
1.8450261077427321
1.8450261077427321
1.8450261077427321
1.8450261077427321
1.8450261077427321
1.8450261077427321
1.8450261077427321
1.8450261077427321
1.8450261077427321
1.8450261077427321
1.8450261077427321
1.8450261077427321
1.8450261077427321
1.8450261077427321
1.8450261077427321
1.8450261077427321
1.8450261077427321
1.8450261077427321
1.8450261077427321
1.8450261077427321
1.8450261077427321
1.8450261077427321
1.8450261077427321
1.8450261077427321
1.8450261077427321
1.8450261077427321
1.8450363227449593
1.8450363227449593
1.8450363227449593
1.8450363227449593
1.8450363227449593
1.8450549037210886
1.8450549037210886
1.8450549037210886
1.8450549037210886
1.8450606960342004
1.8450606960342004
1.8450606960342004
1.8450606960342004
1.8450627777045598
1.8450634762929987
1.8450638818517322
1.845064436046178
1.8450657170758145
1.8450663682123332
1.845066869178106
1.84506747525581
1.845067844349681
1.845068160815498
1.8450683506949848
1.8450684646226758
1.8450685426219835
1.8450686563095204
1.845068807549545
1.8450689393652628
1.8450690108403947
1.8450690791473552
1.8450691430011095
1.8450691930267757
1.8450692230421752
1.8450692410514151
1.8450692525580226
1.8450692781517295
1.8450692980494627
1.845069310209748
1.845069325579747
1.8450693321653275
1.8450693363628263
1.8450693363628263
1.8450693414567976
1.845069343124068
1.84506934408512
1.8450693446617519
1.8450693451062699
1.8450693476376
1.845069348739213
1.8450693496232158
1.8450693496232158
1.8450693496232158
1.8450693499267599
1.8450693499267599
1.8450693499267599
1.8450693499814828
1.8450693499814828
1.8450693499814828
1.8450693499814828
1.8450693500088615
1.8450693500088615
1.8450693500088615
1.8450693500355377
1.8450693500538429
1.8450693500538429
1.8450693500538429
1.8450693500699078
1.8450693500699078
1.8450693500699078
1.8450693500699078
1.8450693500732043
1.8450693500763078
1.8450693500763078
1.8450693500788602
1.8450693500804223
1.8450693500809987
1.8450693500813449
1.8450693500816302
1.8450693500827215
1.8450693500834527
1.845069350083969
1.845069350084292
1.845069350084627
1.8450693500850772
1.8450693500853688
1.8450693500855442
1.845069350085649
1.8450693500857254
1.8450693500859197
1.8450693500860438
1.8450693500861186
1.8450693500861655
1.8450693500861934
1.8450693500862123
1.8450693500862365
1.8450693500862578
1.845069350086271
1.845069350086279
1.8450693500862878
1.845069350086296
1.8450693500863014
1.8450693500863045
1.8450693500863093
1.8450693500863136
1.8450693500863165
1.845069350086318
1.8450693500863207
1.845069350086323
1.8450693500863242
1.8450693500863249
1.8450693500863258
1.8450693500863267
1.8450693500863273
1.8450693500863273
1.8450693500863276
1.8450693500863282
1.8450693500863284
1.8450693500863287
1.8450693500863287
1.8450693500863287
1.8450693500863287
1.8450693500863287
1.8450693500863287
1.8450693500863287
1.8450693500863287
1.8450693500863287
1.8450693500863287
1.8450693500863287
1.8450693500863287
1.8450693500863287
1.8450693500863287
1.8450693500863287
1.8450693500863287
1.8450693500863287
1.8450693500863287
1.8450693500863287
1.8450693500863287
1.8450693500863287
