2.3901230372093667
2.3901230372093667
2.3901230372093667
2.3901230372093667
2.3901230372093667
2.3901230372093667
2.3901230372093667
2.3901230372093667
2.3901230372093667
2.3901230372093667
2.3901230372093667
2.3901230372093667
2.3901230372093667
2.3901230372093667
2.3901230372093667
2.3901230372093667
2.3901230372093667
2.3901230372093667
2.3901230372093667
2.3901230372093667
2.3901230372093667
2.3901230372093667
2.3901230372093667
2.3901230372093667
2.3901230372093667
2.3901230372093667
2.3901230372093667
2.3901230372093667
2.3901230372093667
2.3901230372093667
2.3901230372093667
2.3901230372093667
2.3901230372093667
2.3901230372093667
2.3901230372093667
2.3901230372093667
2.3901230372093667
2.3901230372093667
2.3901230372093667
2.3901230372093667
2.3901230372093667
2.3901230372093667
2.390162023440681
2.390162023440681
2.390162023440681
2.390162023440681
2.3901831850396342
2.3901831850396342
2.3901831850396342
2.3901831850396342
2.3901831850396342
2.3901831850396342
2.3901831850396342
2.3901849660458945
2.390186583048965
2.3901875532493135
2.3901875532493135
2.390190750458512
2.390190902176134
2.3901916143992445
2.3901927346739322
2.3901932156860966
2.3901937761909537
2.3901944756005737
2.3901948577927103
2.3901950871080366
2.3901954472017137
2.390195754624987
2.3901959085732716
2.390196062848152
2.390196175613996
2.3901962612829766
2.390196444487671
2.390196490751966
2.3901965401906162
2.3901965401906162
2.390196548168979
2.3901965782295753
2.3901965782295753
2.3901965782295753
2.3901965891202854
2.3901965918950667
2.3901965918950667
2.390196596529056
2.390196598098985
2.390196598098985
2.3901966009776094
2.3901966021504877
2.390196603221847
2.3901966046712997
2.39019660612207
2.3901966067008784
2.390196607038163
2.390196607606982
2.3901966080267556
2.3901966082786195
2.3901966084967103
2.390196608835767
2.3901966090682683
2.390196609207768
2.390196609379296
2.3901966095972225
2.3901966095972225
2.3901966095972225
2.3901966097519747
2.390196609775609
2.390196609805686
2.3901966098237315
2.3901966098387923
2.390196609855716
2.390196609883171
2.39019660990168
2.390196609912786
2.390196609919449
2.3901966099304586
2.3901966099387435
2.390196609946714
2.3901966099479335
2.3901966099489833
2.390196609950266
2.3901966099552063
2.390196609957298
2.390196609957298
2.390196609958909
2.39019660995917
2.3901966099592244
2.390196609960075
2.390196609960075
2.390196609960075
2.3901966099601033
2.390196609960717
2.390196609960717
2.390196609960717
2.390196609960906
2.3901966099609786
2.390196609961011
2.3901966099610497
2.3901966099612193
2.390196609961335
2.3901966099614054
2.3901966099614484
2.3901966099615057
2.390196609961558
2.39019660996159
2.3901966099616114
2.3901966099616367
2.3901966099616527
2.390196609961657
2.390196609961657
2.3901966099616643
2.390196609961666
2.390196609961666
2.390196609961668
2.3901966099616687
2.390196609961671
2.390196609961671
2.3901966099616723
2.3901966099616727
2.3901966099616736
2.3901966099616736
2.3901966099616736
2.3901966099616736
2.3901966099616736
2.3901966099616736
2.3901966099616736
2.3901966099616736
2.3901966099616736
2.3901966099616736
2.3901966099616736
2.3901966099616736
2.3901966099616736
2.3901966099616736
2.3901966099616736
2.3901966099616736
2.3901966099616736
2.3901966099616736
2.3901966099616736
2.3901966099616736
2.3901966099616736
2.3901966099616736
