1.4919058171780792
1.4919058171780792
1.4919058171780792
1.4919058171780792
1.4919058171780792
1.4919058171780792
1.4919058171780792
1.4919058171780792
1.4919058171780792
1.4919058171780792
1.4919058171780792
1.4919058171780792
1.4919058171780792
1.4919058171780792
1.4919058171780792
1.4919058171780792
1.4919058171780792
1.4919058171780792
1.4919058171780792
1.4919058171780792
1.4919058171780792
1.4919058171780792
1.4919058171780792
1.4919058171780792
1.4919058171780792
1.4919058171780792
1.4919058171780792
1.4919058171780792
1.4919058171780792
1.4919058171780792
1.4919058171780792
1.4919058171780792
1.4919058171780792
1.4919058171780792
1.4919058171780792
1.4919058171780792
1.4919058171780792
1.4919058171780792
1.4919058171780792
1.4919058171780792
1.4919058171780792
1.4919058171780792
1.4919058171780792
1.4919058171780792
1.4919067883564523
1.4919067883564523
1.4919067883564523
1.4919067883564523
1.4919067883564523
1.4919067883564523
1.4919067883564523
1.4919067883564523
1.4919070949387463
1.4919079422298842
1.4919096858137264
1.4919107319663556
1.4919113596587696
1.4919120983911651
1.4919132984246075
1.4919140184448783
1.491914476579132
1.4919151859146769
1.491916159086857
1.4919168614814693
1.4919168614814693
1.491917266692144
1.491917487617826
1.4919178196737406
1.4919179673077723
1.4919180688785354
1.491918242309493
1.4919183694299445
1.4919184449050766
1.4919185086071287
1.4919185911536255
1.4919186563869735
1.4919186965969733
1.4919187349901284
1.4919187684258708
1.4919187785684818
1.4919187949893673
1.4919187988165041
1.491918803769878
1.4919188088431166
1.491918812526835
1.4919188151696336
1.4919188173967757
1.4919188189569768
1.491918819910661
1.4919188209801393
1.4919188215184367
1.491918821582616
1.4919188222677708
1.4919188225928868
1.4919188226873716
1.4919188229296565
1.4919188230659117
1.4919188231476646
1.491918823218451
1.4919188234063359
1.4919188235571719
1.491918823648709
1.4919188237308982
1.4919188237762406
1.4919188238089618
1.4919188238341297
1.4919188238480305
1.4919188238779328
1.4919188238861747
1.491918823892002
1.4919188239035686
1.491918823909399
1.4919188239141594
1.4919188239164793
1.491918823918924
1.4919188239191603
1.491918823920278
1.4919188239207934
1.4919188239223977
1.4919188239225614
1.4919188239237124
1.4919188239242622
1.49191882392495
1.4919188239251788
1.4919188239255048
1.4919188239256453
1.4919188239259051
1.4919188239260601
1.4919188239261751
1.491918823926188
1.4919188239262577
1.4919188239263121
1.491918823926369
1.4919188239264052
1.4919188239264265
1.4919188239264358
1.491918823926443
1.49191882392646
1.491918823926471
1.491918823926474
1.4919188239264776
1.4919188239264825
1.4919188239264887
1.4919188239264902
1.4919188239264922
1.491918823926494
1.4919188239264958
1.4919188239264969
1.4919188239264976
1.4919188239264984
1.4919188239264995
1.4919188239264995
1.4919188239265007
1.4919188239265013
1.4919188239265018
1.491918823926502
1.4919188239265024
1.4919188239265024
1.4919188239265027
1.4919188239265027
1.4919188239265027
1.4919188239265027
1.4919188239265027
1.4919188239265027
1.4919188239265027
1.4919188239265027
1.4919188239265027
1.4919188239265027
1.4919188239265027
1.4919188239265027
1.4919188239265027
1.4919188239265027
1.4919188239265027
1.4919188239265027
1.4919188239265027
1.4919188239265027
1.4919188239265027
1.4919188239265027
1.4919188239265027
1.4919188239265027
