2.995550111632321
2.995550111632321
2.995550111632321
2.995550111632321
2.995550111632321
2.995550111632321
2.995550111632321
2.995550111632321
2.995550111632321
2.995550111632321
2.995550111632321
2.995550111632321
2.995550111632321
2.995550111632321
2.995550111632321
2.995550111632321
2.995550111632321
2.995550111632321
2.995550111632321
2.995550111632321
2.995550111632321
2.995550111632321
2.995550111632321
2.995550111632321
2.995550111632321
2.995550111632321
2.995550111632321
2.995550111632321
2.995550111632321
2.995550111632321
2.995550111632321
2.995550111632321
2.995550111632321
2.995550111632321
2.995550111632321
2.995550111632321
2.995550111632321
2.995550111632321
2.995550111632321
2.995550111632321
2.995550111632321
2.995550111632321
2.995550111632321
2.995550111632321
2.995550111632321
2.995550111632321
2.995550111632321
2.995550111632321
2.995550111632321
2.995550111632321
2.995550111632321
2.995550111632321
2.995550111632321
2.995550111632321
2.995550111632321
2.995550111632321
2.995550111632321
2.995550111632321
2.995550111632321
2.995550111632321
2.995550111632321
2.995550111632321
2.995550111632321
2.995550111632321
2.995550111632321
2.995550111632321
2.995550111632321
2.995550111632321
2.995550638048031
2.9955515565285564
2.9955524548696086
2.9955529938742
2.995553317276939
2.995553732203338
2.9955544126198252
2.995555340689423
2.995555837381042
2.9955569829989006
2.9955569829989006
2.9955574239211646
2.9955577351169236
2.9955578795012476
2.9955581625468204
2.9955586451511356
2.9955587387075475
2.995558867818295
2.995558989324115
2.9955591544725513
2.9955593093761066
2.995559491663001
2.995559603490113
2.995559670586381
2.9955597108441405
2.9955598072467344
2.995559889702211
2.99555994023814
2.9955599716387993
2.99556001340408
2.995560048440778
2.9955600694627975
2.995560082076009
2.995560093597374
2.9955601071207707
2.995560115493212
2.9955601207774354
2.995560124855981
2.9955601289259004
2.9955601314003997
2.9955601328850987
2.995560134122322
2.9955601358809565
2.995560136967883
2.995560137630151
2.9955601380275123
2.995560138442927
2.9955601391892746
2.9955601396370835
2.995560139905767
2.9955601400669787
2.9955601403303977
2.995560140495281
2.9955601405954497
2.9955601406558734
2.9955601407596655
2.9955601408524384
2.995560140908102
2.995560140941502
2.9955601409615404
2.995560141009949
2.995560141045203
2.995560141066369
2.99556014107907
2.9955601410866897
2.9955601411141997
2.995560141134004
2.9955601411458863
2.995560141153016
2.995560141157294
2.9955601411609645
2.9955601411697077
2.995560141174954
2.9955601411781028
2.995560141179991
2.9955601411818535
2.995560141183638
2.9955601411847104
2.995560141185353
2.9955601411857704
2.995560141186508
2.995560141186951
2.995560141187217
2.995560141187404
2.9955601411877595
2.9955601411879713
2.9955601411881005
2.995560141188177
2.995560141188345
2.995560141188523
2.995560141188628
2.995560141188691
2.99556014118873
2.995560141188835
2.9955601411889337
2.995560141188994
2.9955601411890296
2.9955601411890687
2.995560141189117
2.995560141189146
2.995560141189163
2.995560141189173
2.995560141189192
2.995560141189205
2.995560141189214
2.9955601411892183
2.995560141189223
2.995560141189229
2.9955601411892325
2.995560141189235
2.9955601411892365
2.9955601411892374
2.9955601411892396
2.9955601411892423
2.9955601411892427
2.9955601411892427
2.995560141189244
2.995560141189244
2.9955601411892445
2.9955601411892454
2.9955601411892454
2.9955601411892454
2.9955601411892467
2.9955601411892467
2.9955601411892467
2.9955601411892467
2.9955601411892467
2.9955601411892467
2.9955601411892467
2.9955601411892467
2.9955601411892467
2.9955601411892467
2.9955601411892467
2.9955601411892467
