2.2618361886615106
2.2618361886615106
2.2618361886615106
2.2618361886615106
2.2618361886615106
2.2618361886615106
2.2618361886615106
2.2618361886615106
2.2618361886615106
2.2618361886615106
2.2618361886615106
2.2618361886615106
2.2618361886615106
2.2618361886615106
2.2618361886615106
2.2618361886615106
2.2618361886615106
2.2618361886615106
2.2618361886615106
2.2618361886615106
2.2618361886615106
2.2618361886615106
2.2618361886615106
2.2618361886615106
2.2618361886615106
2.2618361886615106
2.2618361886615106
2.2618361886615106
2.2618361886615106
2.2618361886615106
2.2618361886615106
2.2618361886615106
2.2618361886615106
2.2618361886615106
2.2618361886615106
2.2618361886615106
2.2618361886615106
2.2618361886615106
2.2618361886615106
2.2618361886615106
2.2618361886615106
2.2618361886615106
2.2618361886615106
2.2618361886615106
2.2618361886615106
2.2618361886615106
2.2618361886615106
2.2618361886615106
2.2618361886615106
2.2618361886615106
2.2618361886615106
2.2618361886615106
2.2618361886615106
2.2618361886615106
2.2618361886615106
2.261836488578979
2.261836488578979
2.261836488578979
2.261836488578979
2.261836488578979
2.261836488578979
2.261836488578979
2.261836488578979
2.261836488578979
2.261836552899534
2.261837223333433
2.261837223333433
2.261837570819007
2.2618392916994696
2.2618394028045516
2.2618401724199475
2.2618406341885917
2.2618409112495645
2.2618410774860713
2.261841177227948
2.2618416320530703
2.2618423393064515
2.2618425402447255
2.2618430413511175
2.26184347107485
2.26184347107485
2.2618435901900398
2.2618437204121142
2.2618438769866076
2.2618439419193326
2.2618440359105647
2.261844109730327
2.261844229478398
2.2618443660236625
2.2618444479508257
2.2618445315825264
2.2618445773432896
2.2618446174695563
2.2618446408082677
2.2618446550767453
2.261844675149351
2.2618446817553086
2.261844685718883
2.261844689934157
2.2618446997038615
2.2618447032636553
2.261844707408866
2.2618447106222996
2.26184471289521
2.2618447154982464
2.261844715572585
2.261844717016529
2.2618447185053867
2.261844719403739
2.2618447199427507
2.261844720266158
2.261844721340608
2.261844722294383
2.2618447228666474
2.2618447232230015
2.2618447236734687
2.2618447238335926
2.2618447238335926
2.2618447238335926
2.261844723914939
2.261844723914939
2.261844723914939
2.261844723914939
2.261844723926165
2.261844723964458
2.261844723964458
2.261844723964458
2.2618447239705755
2.2618447239705755
2.2618447239705755
2.2618447239705755
2.26184472397466
2.2618447239782538
2.261844723985132
2.2618447239876494
2.261844723990031
2.261844723991764
2.2618447239928035
2.2618447239937405
2.2618447239974437
2.2618447239982604
2.2618447239991175
2.2618447239991175
2.2618447239991175
2.261844724000379
2.261844724000472
2.261844724000472
2.2618447240007313
2.261844724000952
2.2618447240010844
2.2618447240010844
2.261844724001126
2.261844724001152
2.261844724001152
2.2618447240011617
2.26184472400117
2.261844724001172
2.2618447240012096
2.261844724001237
2.261844724001256
2.2618447240012567
2.261844724001267
2.26184472400128
2.261844724001288
2.2618447240012927
2.2618447240012953
2.2618447240012975
2.261844724001301
2.261844724001305
2.2618447240013064
2.2618447240013078
2.26184472400131
2.261844724001311
2.2618447240013113
2.2618447240013118
2.261844724001312
2.2618447240013126
2.261844724001313
2.2618447240013135
2.2618447240013135
2.2618447240013135
2.2618447240013135
2.2618447240013135
2.2618447240013135
2.2618447240013135
2.2618447240013135
2.2618447240013135
2.2618447240013135
2.2618447240013135
2.2618447240013135
2.2618447240013135
2.2618447240013135
2.2618447240013135
2.2618447240013135
2.2618447240013135
