1.3393435273088168
1.3393435273088168
1.3393435273088168
1.3393435273088168
1.3393435273088168
1.3393435273088168
1.3393435273088168
1.3393435273088168
1.3393435273088168
1.3393435273088168
1.3393435273088168
1.3393435273088168
1.3393435273088168
1.3393435273088168
1.3393435273088168
1.3393435273088168
1.3393435273088168
1.3393435273088168
1.3393435273088168
1.3393435273088168
1.3393435273088168
1.3393435273088168
1.3393435273088168
1.3393435273088168
1.3393435273088168
1.3393435273088168
1.3393435273088168
1.3393435273088168
1.3393435273088168
1.3393435273088168
1.3393435273088168
1.3393435273088168
1.3393435273088168
1.3393435273088168
1.3393435273088168
1.3393435273088168
1.3393435273088168
1.3393435273088168
1.3393435273088168
1.3393435273088168
1.3393435273088168
1.3393435273088168
1.3393762806142215
1.3393762806142215
1.3393762806142215
1.3393762806142215
1.3393805051431433
1.3393805051431433
1.3393805051431433
1.3393805051431433
1.3393805051431433
1.339386855029743
1.339386855029743
1.3393894533276318
1.3393916958824352
1.339392825247992
1.3393943769788172
1.3393955585404667
1.3393964912196923
1.3393980293024714
1.339398952149914
1.3393995058575787
1.339400105678015
1.3394008756936424
1.3394014221138142
1.3394018407056218
1.3394020146563037
1.3394022576010687
1.3394024089495078
1.339402508986701
1.3394026713861111
1.3394027688257457
1.3394028564346896
1.3394029153110594
1.339402994954057
1.339403062721361
1.3394030668387882
1.3394030891491697
1.3394031025848263
1.3394031252718825
1.3394031437520904
1.3394031548402154
1.3394031752733764
1.3394031965301025
1.3394032092841386
1.3394032129595876
1.3394032187808353
1.3394032253399655
1.3394032327023342
1.339403237119755
1.339403239806601
1.3394032427697324
1.3394032457100746
1.3394032474742799
1.3394032485328031
1.3394032492900954
1.339403250090474
1.3394032509349634
1.3394032515286518
1.3394032518888768
1.339403252235885
1.3394032526582438
1.339403252917895
1.3394032530864264
1.3394032532442013
1.339403253383844
1.3394032534714098
1.3394032535241747
1.3394032535586933
1.3394032536023632
1.3394032536332652
1.3394032536537557
1.339403253666496
1.3394032536754696
1.3394032536842935
1.3394032536935123
1.3394032536990776
1.3394032537024168
1.3394032537059484
1.3394032537091427
1.3394032537112637
1.3394032537125364
1.3394032537134744
1.3394032537141909
1.3394032537146208
1.3394032537150564
1.3394032537153346
1.3394032537156024
1.3394032537158331
1.3394032537160017
1.339403253716107
1.3394032537161895
1.3394032537162543
1.3394032537163176
1.3394032537163785
1.3394032537164156
1.3394032537164375
1.339403253716469
1.3394032537165008
1.3394032537165208
1.3394032537165332
1.3394032537165443
1.3394032537165512
1.3394032537165574
1.339403253716561
1.3394032537165632
1.3394032537165645
1.3394032537165657
1.339403253716566
1.339403253716567
1.3394032537165677
1.339403253716568
1.3394032537165685
1.3394032537165688
1.3394032537165688
1.339403253716569
1.3394032537165692
1.3394032537165692
1.3394032537165694
1.3394032537165697
1.3394032537165697
1.3394032537165697
1.3394032537165697
1.3394032537165697
1.3394032537165697
1.3394032537165697
1.3394032537165697
1.3394032537165697
1.3394032537165697
1.3394032537165697
1.3394032537165697
1.3394032537165697
1.3394032537165697
1.3394032537165697
1.3394032537165697
1.3394032537165697
1.3394032537165697
1.3394032537165697
1.3394032537165697
1.3394032537165697
1.3394032537165697
1.3394032537165697
1.3394032537165697
1.3394032537165697
