1.6447666211391627
1.6447666211391627
1.6447666211391627
1.6447666211391627
1.6447666211391627
1.6447666211391627
1.6447666211391627
1.6447666211391627
1.6447666211391627
1.6447666211391627
1.6447666211391627
1.6447666211391627
1.6447666211391627
1.6447666211391627
1.6447666211391627
1.6447666211391627
1.6447666211391627
1.6447666211391627
1.6447666211391627
1.6447666211391627
1.6447666211391627
1.6447666211391627
1.6447666211391627
1.6447666211391627
1.6447666211391627
1.6447666211391627
1.6447666211391627
1.6447666211391627
1.6447666211391627
1.6447666211391627
1.6447666211391627
1.6447666211391627
1.6447666211391627
1.6447666211391627
1.6447666211391627
1.6447666211391627
1.6447666211391627
1.6447666211391627
1.6447666211391627
1.6447666211391627
1.6447666211391627
1.6447666211391627
1.6447666211391627
1.6447666211391627
1.6447666211391627
1.6447666211391627
1.6447666211391627
1.6447695236567197
1.6447695236567197
1.6447695236567197
1.644774429836827
1.6447866358507441
1.6447984097991184
1.644805474307899
1.6448100954359097
1.6448177698381483
1.6448223745477217
1.6448251373980318
1.644827026648815
1.6448288625364116
1.644831185345449
1.644833218561095
1.6448349821202823
1.6448364251502283
1.6448374120776053
1.644838041133158
1.6448388163666305
1.6448391766053172
1.6448394311500283
1.6448398493462595
1.6448400431944692
1.6448402413828664
1.6448403259839157
1.6448404309548252
1.6448404748031356
1.6448405313372498
1.6448405441077403
1.6448405848993704
1.6448406195333434
1.6448406403137281
1.6448406427570428
1.6448406525900818
1.6448406596013978
1.6448406696292026
1.644840671977339
1.6448406760106589
1.6448406777733922
1.6448406792531354
1.6448406801409823
1.6448406816250296
1.6448406833464817
1.6448406843793524
1.6448406849990744
1.644840685370907
1.6448406858942906
1.644840686354089
1.644840686354089
1.64484068649693
1.6448406866355947
1.6448406869987626
1.644840687032318
1.6448406871485037
1.6448406873304364
1.6448406873405113
1.644840687490843
1.6448406875909358
1.6448406876546304
1.6448406876928483
1.6448406877212534
1.6448406877449964
1.644840687768434
1.6448406877798258
1.6448406877897883
1.6448406877950323
1.6448406878037172
1.644840687811785
1.6448406878177697
1.6448406878217894
1.6448406878247952
1.6448406878304578
1.6448406878340704
1.644840687836238
1.6448406878385913
1.6448406878407342
1.6448406878420445
1.644840687843037
1.6448406878436865
1.6448406878447352
1.6448406878454174
1.6448406878458268
1.6448406878460726
1.6448406878466086
1.6448406878470394
1.6448406878472956
1.6448406878474504
1.644840687847574
1.6448406878477815
1.6448406878479056
1.6448406878479818
1.6448406878480268
1.6448406878480946
1.644840687848151
1.6448406878481847
1.644840687848205
1.6448406878482391
1.6448406878482749
1.6448406878482948
1.6448406878483068
1.6448406878483142
1.6448406878483246
1.6448406878483353
1.6448406878483408
1.6448406878483435
1.644840687848345
1.6448406878483481
1.644840687848353
1.6448406878483555
1.6448406878483572
1.6448406878483581
1.6448406878483603
1.6448406878483621
1.6448406878483628
1.6448406878483632
1.6448406878483632
1.644840687848364
1.644840687848364
1.644840687848364
1.644840687848364
1.644840687848364
1.644840687848364
1.644840687848364
1.644840687848364
1.644840687848364
1.644840687848364
1.644840687848364
1.644840687848364
1.644840687848364
1.644840687848364
1.644840687848364
1.644840687848364
1.644840687848364
1.644840687848364
1.644840687848364
