1.9086257795634465
1.9086257795634465
1.9086257795634465
1.9086257795634465
1.9086257795634465
1.9086257795634465
1.9086257795634465
1.9086257795634465
1.9086257795634465
1.9086257795634465
1.9086257795634465
1.9086257795634465
1.9086257795634465
1.9086257795634465
1.9086257795634465
1.9086257795634465
1.9086257795634465
1.9086257795634465
1.9086257795634465
1.9086257795634465
1.9086257795634465
1.9086257795634465
1.9086257795634465
1.9086257795634465
1.9086257795634465
1.9086257795634465
1.9086257795634465
1.9086257795634465
1.9086257795634465
1.9086257795634465
1.9086257795634465
1.9086257795634465
1.9086257795634465
1.9086257795634465
1.9086257795634465
1.9086257795634465
1.9086257795634465
1.9086257795634465
1.9086257795634465
1.9086257795634465
1.9086257795634465
1.9086257795634465
1.9086257795634465
1.9086257795634465
1.9086257795634465
1.9086257795634465
1.9086257795634465
1.9086257795634465
1.9086257795634465
1.9086257795634465
1.9086276487527962
1.9086276487527962
1.9086276487527962
1.9086276487527962
1.9086276487527962
1.9086289582789397
1.9086289582789397
1.9086289582789397
1.9086292313525792
1.908629736227768
1.9086301599807274
1.9086307296543281
1.908631683108902
1.908631683108902
1.908631967977087
1.9086322934323952
1.908632538682136
1.9086327498543292
1.9086329510760696
1.908633157698167
1.9086333486504297
1.9086334609797666
1.9086334941713305
1.9086335337492801
1.9086336119585254
1.9086336211500259
1.908633662029317
1.908633671592726
1.9086336850826013
1.9086336968413729
1.9086337086671268
1.9086337095679435
1.9086337178766364
1.9086337219979974
1.908633724591192
1.908633726290764
1.9086337304802525
1.908633732199731
1.9086337346653668
1.9086337359369583
1.908633736620742
1.9086337373498037
1.9086337377872407
1.908633738261353
1.9086337383730931
1.9086337386927683
1.9086337389185728
1.9086337392675135
1.908633739345347
1.9086337394748287
1.9086337395184976
1.9086337395798383
1.9086337396182773
1.9086337396912647
1.908633739694583
1.9086337397491684
1.9086337398091113
1.9086337398136815
1.9086337398476276
1.9086337398629745
1.908633739875413
1.9086337398873683
1.9086337398932773
1.9086337398986242
1.9086337399066624
1.9086337399114854
1.9086337399156246
1.90863373992898
1.9086337399369935
1.9086337399418012
1.9086337399441697
1.9086337399441697
1.9086337399459086
1.9086337399459086
1.9086337399459086
1.9086337399465767
1.9086337399465767
1.9086337399465767
1.9086337399465767
1.9086337399465767
1.9086337399466933
1.9086337399466933
1.9086337399466933
1.9086337399466933
1.9086337399467326
1.9086337399467326
1.908633739946741
1.908633739946741
1.9086337399468518
1.9086337399468518
1.9086337399470017
1.90863373994703
1.908633739947092
1.908633739947092
1.9086337399471072
1.9086337399471214
1.9086337399471214
1.9086337399471214
1.9086337399471227
1.9086337399471227
1.9086337399471227
1.9086337399471227
1.9086337399471234
1.908633739947125
1.908633739947125
1.908633739947125
1.9086337399471256
1.9086337399471256
1.9086337399471256
1.9086337399471256
1.9086337399471256
1.9086337399471256
1.9086337399471258
1.9086337399471258
1.9086337399471265
1.9086337399471267
1.9086337399471267
1.9086337399471274
1.9086337399471274
1.9086337399471274
1.9086337399471274
1.9086337399471274
1.9086337399471274
1.9086337399471274
1.9086337399471274
1.9086337399471274
1.9086337399471274
1.9086337399471274
1.9086337399471274
1.9086337399471274
