8.559973742646322
8.559973742646322
8.559973742646322
8.559973742646322
8.559973742646322
8.559973742646322
8.559973742646322
8.559973742646322
8.559973742646322
8.559973742646322
8.559973742646322
8.559973742646322
8.559973742646322
8.559973742646322
8.559973742646322
8.559973742646322
8.559973742646322
8.559973742646322
8.559973742646322
8.559973742646322
8.559973742646322
8.559973742646322
8.559973742646322
8.559973742646322
8.559973742646322
8.559973742646322
8.559973742646322
8.559973742646322
8.559973742646322
8.559973742646322
8.559973742646322
8.559973742646322
8.559973742646322
8.559973742646322
8.559973742646322
8.559973742646322
8.559973742646322
8.559973742646322
8.559973742646322
8.559973742646322
8.559973742646322
8.559978529370378
8.560263209351401
8.560434017170968
8.560536501801819
8.5605979925584
8.560736225008691
8.560737259361748
8.561129821133578
8.561387444202172
8.561542020867705
8.561646562168288
8.561705739791371
8.561901087168298
8.562033071659291
8.562181814849946
8.562195401638018
8.56229427106449
8.562369356437188
8.562414407971271
8.562455200692897
8.562526118958163
8.562568670186513
8.562594201020435
8.562627125500692
8.562664198789896
8.562686442836752
8.56269978929126
8.562712671943864
8.562724022847119
8.562730833395939
8.562734919727701
8.562738587977202
8.56274315151551
8.562745889639608
8.562747532514466
8.562750023309944
8.562752023731935
8.562753223985347
8.562753963408646
8.562755048363659
8.562755741014834
8.562756156605563
8.562756405960013
8.562756725050141
8.562757024955665
8.562757204898979
8.56275731286497
8.562757425781042
8.562757508112822
8.562757557511889
8.562757587151332
8.562757613064823
8.562757634697173
8.56275764944489
8.56275765829352
8.562757665523442
8.562757674244013
8.562757679977727
8.562757683417951
8.562757687096878
8.562757689641254
8.562757691289864
8.56275769227903
8.562757693409516
8.562757694548672
8.562757695242176
8.562757695658277
8.562757696253351
8.562757696904514
8.562757697295215
8.562757697529634
8.562757697709808
8.562757697949671
8.562757698096265
8.56275769818422
8.562757698236991
8.562757698268657
8.562757698287655
8.562757698299055
8.562757698355107
8.562757698425607
8.562757698467907
8.562757698493282
8.56275769854443
8.562757698589364
8.562757698616327
8.562757698632499
8.562757698648438
8.562757698661585
8.562757698669477
8.56275769867421
8.562757698678418
8.562757698683791
8.562757698687014
8.562757698688952
8.562757698691202
8.562757698693597
8.562757698695034
8.562757698695899
8.56275769869663
8.562757698697661
8.562757698698274
8.562757698698645
8.562757698698952
8.56275769869933
8.562757698699562
8.5627576986997
8.56275769869978
8.562757698699842
8.562757698699924
8.562757698699969
8.562757698699995
8.562757698700013
8.562757698700048
8.562757698700082
8.562757698700107
8.56275769870012
8.56275769870013
8.562757698700144
8.562757698700151
8.562757698700157
8.56275769870016
8.562757698700164
8.562757698700166
8.562757698700166
8.562757698700166
8.562757698700166
8.562757698700166
8.562757698700166
8.562757698700166
8.562757698700166
8.562757698700166
8.562757698700166
8.562757698700166
8.562757698700166
8.562757698700166
8.562757698700166
8.562757698700166
8.562757698700166
8.562757698700166
8.562757698700166
8.562757698700166
8.562757698700166
8.562757698700166
8.562757698700166
8.562757698700166
8.562757698700166
8.562757698700166
8.562757698700166
8.562757698700166
8.562757698700166
8.562757698700166
8.562757698700166
