2.843405549140521
2.843405549140521
2.843405549140521
2.843405549140521
2.843405549140521
2.843405549140521
2.843405549140521
2.843405549140521
2.843405549140521
2.843405549140521
2.843405549140521
2.843405549140521
2.843405549140521
2.843405549140521
2.843405549140521
2.843405549140521
2.843405549140521
2.843405549140521
2.843405549140521
2.843405549140521
2.843405549140521
2.843405549140521
2.843405549140521
2.843405549140521
2.843405549140521
2.843405549140521
2.843405549140521
2.843405549140521
2.843405549140521
2.843405549140521
2.843405549140521
2.843405549140521
2.843405549140521
2.843405549140521
2.843405549140521
2.843405549140521
2.843405549140521
2.843405549140521
2.843405549140521
2.843405549140521
2.843405549140521
2.843405549140521
2.843405549140521
2.843405549140521
2.843405549140521
2.843405549140521
2.843405549140521
2.843405549140521
2.843405549140521
2.843405549140521
2.8434182024992873
2.8434182024992873
2.8434182024992873
2.8434182024992873
2.8434182024992873
2.8434190556171237
2.8434190556171237
2.8434190556171237
2.843420085753617
2.843420085753617
2.843420085753617
2.84342336232297
2.84342336232297
2.8434239085792927
2.8434249728887315
2.8434258694889345
2.8434276026572967
2.843428642558368
2.843429296104579
2.8434303674536365
2.843431233144332
2.84343175255874
2.843432153815123
2.8434325580214375
2.843432816640879
2.8434330514214996
2.8434331569504323
2.843433233851768
2.843433360150522
2.843433451800387
2.8434334905622154
2.843433513819313
2.8434335277735716
2.843433545560188
2.843433559532115
2.8434335727614517
2.843433586312204
2.8434335944426565
2.843433599320927
2.8434336022478903
2.8434336040040673
2.8434336050577738
2.8434336064048202
2.8434336233257396
2.8434336335279364
2.843433639649255
2.843433643322046
2.843433648101209
2.843433652209084
2.8434336546738095
2.843433656152645
2.8434336576440056
2.843433659547782
2.8434336606900468
2.843433661375406
2.8434336618869605
2.843433662573962
2.843433662986163
2.843433663233484
2.8434336634598885
2.8434336636594764
2.843433663779229
2.8434336638510804
2.8434336639205404
2.8434336639809645
2.8434336640172204
2.843433664038972
2.843433664058428
2.8434336640793276
2.843433664091881
2.8434336640994125
2.8434336641112052
2.843433664118949
2.8434336641235953
2.843433664126383
2.8434336641280553
2.8434336641301603
2.843433664132999
2.8434336641347016
2.8434336641357243
2.843433664136393
2.843433664137473
2.8434336641381215
2.8434336641385105
2.843433664138744
2.8434336641389906
2.8434336641395177
2.843433664139834
2.8434336641400235
2.8434336641401576
2.8434336641404157
2.8434336641405693
2.8434336641406626
2.8434336641407185
2.843433664140752
2.8434336641407962
2.8434336641408255
2.8434336641408433
2.8434336641408544
2.8434336641408655
2.843433664140876
2.843433664140883
2.8434336641408864
2.843433664140889
2.8434336641408904
2.8434336641408913
2.843433664140893
2.843433664140894
2.8434336641408953
2.8434336641408957
2.843433664140896
2.843433664140896
2.843433664140896
2.843433664140896
2.8434336641408966
2.8434336641408966
2.8434336641408966
2.8434336641408966
2.8434336641408966
2.8434336641408966
2.8434336641408966
2.8434336641408966
2.8434336641408966
2.8434336641408966
2.8434336641408966
2.8434336641408966
2.8434336641408966
2.8434336641408966
2.8434336641408966
2.8434336641408966
2.8434336641408966
2.8434336641408966
2.8434336641408966
2.8434336641408966
2.8434336641408966
2.8434336641408966
2.8434336641408966
2.8434336641408966
2.8434336641408966
2.8434336641408966
2.8434336641408966
2.8434336641408966
2.8434336641408966
2.8434336641408966
