1.3588060454550583
1.3588060454550583
1.3588060454550583
1.3588060454550583
1.3588060454550583
1.3588060454550583
1.3588060454550583
1.3588060454550583
1.3588060454550583
1.3588060454550583
1.3588060454550583
1.3588060454550583
1.3588060454550583
1.3588060454550583
1.3588060454550583
1.3588060454550583
1.3588060454550583
1.3588060454550583
1.3588060454550583
1.3588060454550583
1.3588060454550583
1.3588060454550583
1.3588060454550583
1.3588060454550583
1.3588060454550583
1.3588060454550583
1.3588060454550583
1.3588060454550583
1.3588060454550583
1.3588060454550583
1.3588060454550583
1.3588060454550583
1.3588060454550583
1.3588060454550583
1.3588060454550583
1.3588060454550583
1.3588060454550583
1.3588060454550583
1.3588060454550583
1.3588060454550583
1.3588060454550583
1.3588060454550583
1.3588060454550583
1.3588060454550583
1.3588060454550583
1.3588060454550583
1.3588060454550583
1.3588060454550583
1.3588060454550583
1.3588075109471525
1.3588075109471525
1.3588075109471525
1.3588075109471525
1.3588075109471525
1.3588075109471525
1.3588075109471525
1.3588075109471525
1.3588075109471525
1.3588075109471525
1.3588075109471525
1.3588078769778513
1.3588078769778513
1.3588078769778513
1.3588084828265345
1.3588084828265345
1.3588087387351726
1.3588091196840884
1.3588093901057614
1.3588095316095719
1.35880988387195
1.3588101719716152
1.3588104171150754
1.3588105642011503
1.3588108305886857
1.3588110560925801
1.3588112167839594
1.3588113131987818
1.3588113889009001
1.3588114791152308
1.3588115145592812
1.3588115536000078
1.358811587369553
1.3588116022503747
1.3588116194311803
1.358811629739664
1.3588116359247537
1.3588116396358079
1.35881164186244
1.3588116490589779
1.3588116558934937
1.3588116599942035
1.3588116624546296
1.358811667016854
1.3588116735836744
1.358811677523767
1.3588116804659884
1.3588116849875411
1.3588116877004721
1.3588116893282312
1.3588116910725878
1.3588116926079798
1.3588116935292154
1.3588116940819568
1.3588116944136015
1.3588116948048372
1.3588116953385396
1.358811695658761
1.3588116958508931
1.3588116959661731
1.3588116962167216
1.358811696421647
1.358811696544602
1.3588116966183752
1.3588116966626387
1.3588116967086343
1.358811696774282
1.3588116968136719
1.3588116968373047
1.358811696851485
1.358811696868699
1.3588116968846833
1.358811696894274
1.3588116969000286
1.3588116969065571
1.358811696916107
1.3588116969218367
1.3588116969252744
1.3588116969282482
1.3588116969317723
1.3588116969338875
1.3588116969351562
1.358811696936899
1.3588116969382553
1.3588116969390693
1.3588116969395576
1.3588116969401198
1.3588116969405366
1.3588116969407869
1.3588116969409363
1.3588116969410349
1.358811696941231
1.3588116969413488
1.3588116969414195
1.358811696941512
1.3588116969415789
1.3588116969416186
1.3588116969416426
1.358811696941664
1.358811696941704
1.3588116969417277
1.358811696941742
1.358811696941751
1.3588116969417627
1.3588116969417714
1.358811696941777
1.35881169694178
1.358811696941782
1.3588116969417838
1.3588116969417865
1.3588116969417885
1.3588116969417894
1.3588116969417896
1.35881169694179
1.35881169694179
1.3588116969417903
1.358811696941791
1.3588116969417914
1.3588116969417916
1.3588116969417918
1.3588116969417918
1.358811696941792
1.358811696941792
1.3588116969417925
1.3588116969417925
1.3588116969417925
1.3588116969417925
1.3588116969417925
1.3588116969417925
1.3588116969417925
1.3588116969417925
1.3588116969417925
1.3588116969417925
1.3588116969417925
1.3588116969417925
