1.4341428888855277
1.4341428888855277
1.4341428888855277
1.4341428888855277
1.4341428888855277
1.4341428888855277
1.4341428888855277
1.4341428888855277
1.4341428888855277
1.4341428888855277
1.4341428888855277
1.4341428888855277
1.4341428888855277
1.4341428888855277
1.4341428888855277
1.4341428888855277
1.4341428888855277
1.4341428888855277
1.4341428888855277
1.4341428888855277
1.4341428888855277
1.4341428888855277
1.4341428888855277
1.4341428888855277
1.4341428888855277
1.4341428888855277
1.4341428888855277
1.4341428888855277
1.4341428888855277
1.4341428888855277
1.4341428888855277
1.4341428888855277
1.4341428888855277
1.4341428888855277
1.4341428888855277
1.4341428888855277
1.4341428888855277
1.4341428888855277
1.4341428888855277
1.4341428888855277
1.4341428888855277
1.4341428888855277
1.4341428888855277
1.4341428888855277
1.4341428888855277
1.4341428888855277
1.4341428888855277
1.4341428888855277
1.4341428888855277
1.4341428888855277
1.4341428888855277
1.4341428888855277
1.4341428888855277
1.4341428888855277
1.4341431889598735
1.4341431889598735
1.4341431889598735
1.4341438589043245
1.4341438589043245
1.4341443893004047
1.4341455958305453
1.4341455958305453
1.4341455958305453
1.4341460598207925
1.4341460598207925
1.4341460598207925
1.4341464539657198
1.4341464539657198
1.434146505218343
1.434146672926932
1.434146773552107
1.4341468339272192
1.4341469903745911
1.4341471395342282
1.4341472208329813
1.4341472665881416
1.4341472950813576
1.4341473125025312
1.434147376554333
1.434147376554333
1.434147394300765
1.4341474144515272
1.434147427805211
1.4341474371594316
1.4341474410110637
1.4341474496718862
1.4341474522268194
1.4341474528426765
1.4341474561336864
1.434147458599625
1.4341474661318592
1.4341474728183625
1.434147475815626
1.434147475815626
1.434147475815626
1.4341474771556515
1.4341474771556515
1.4341474771556515
1.4341474771556515
1.4341474773920329
1.4341474773920329
1.4341474773920329
1.4341474773920329
1.4341474774776535
1.4341474774776535
1.4341474774776535
1.4341474774776535
1.4341474774776535
1.434147477481681
1.4341474775552097
1.4341474775552097
1.4341474775552097
1.4341474775552097
1.4341474775729925
1.4341474775729925
1.4341474775729925
1.4341474775729925
1.4341474775805272
1.4341474775829528
1.4341474775844005
1.4341474775864336
1.4341474775864336
1.4341474775877536
1.4341474775879284
1.4341474775879284
1.4341474775879284
1.4341474775885212
1.4341474775890062
1.4341474775890062
1.4341474775890062
1.4341474775891305
1.4341474775891305
1.4341474775891305
1.4341474775891305
1.4341474775891674
1.4341474775891674
1.4341474775891674
1.4341474775892036
1.4341474775892036
1.4341474775892036
1.4341474775892036
1.4341474775892036
1.4341474775892036
1.4341474775892036
1.4341474775892236
1.4341474775892236
1.4341474775892236
1.4341474775892236
1.4341474775892236
1.4341474775892236
1.4341474775892236
1.434147477589226
1.434147477589226
1.434147477589226
1.434147477589226
1.434147477589226
1.434147477589226
1.4341474775892262
1.4341474775892282
1.4341474775892287
1.4341474775892287
1.4341474775892291
1.4341474775892293
1.4341474775892296
1.4341474775892296
1.4341474775892296
1.4341474775892302
1.4341474775892302
1.4341474775892302
1.4341474775892302
1.4341474775892302
1.4341474775892302
1.4341474775892302
1.4341474775892302
1.4341474775892302
1.4341474775892302
1.4341474775892302
1.4341474775892302
1.4341474775892302
1.4341474775892302
1.4341474775892302
1.4341474775892302
