0.9796093796737618
0.9796093796737618
0.9796093796737618
0.9796093796737618
0.9796093796737618
0.9796093796737618
0.9796093796737618
0.9796093796737618
0.9796093796737618
0.9796093796737618
0.9796093796737618
0.9796093796737618
0.9796093796737618
0.9796093796737618
0.9796093796737618
0.9796093796737618
0.9796093796737618
0.9796093796737618
0.9796093796737618
0.9796093796737618
0.9796093796737618
0.9796093796737618
0.9796093796737618
0.9796093796737618
0.9796093796737618
0.9796093796737618
0.9796093796737618
0.9796093796737618
0.9796093796737618
0.9796093796737618
0.9796093796737618
0.9796093796737618
0.9796093796737618
0.9796093796737618
0.9796093796737618
0.9796093796737618
0.9796093796737618
0.9796093796737618
0.9796093796737618
0.9796093796737618
0.9796093796737618
0.9796093796737618
0.9796093796737618
0.9796093796737618
0.9796093796737618
0.9796093796737618
0.9796093796737618
0.9796093796737618
0.9796093796737618
0.9796093796737618
0.9796093796737618
0.9796093796737618
0.9796093796737618
0.9796093796737618
0.9796096177434013
0.9796096177434013
0.9796096177434013
0.9796096177434013
0.9796098324661087
0.97961008435531
0.9796102354888346
0.979610630845379
0.979610630845379
0.9796107444480596
0.9796114106287344
0.9796114106287344
0.9796118931847794
0.9796123746506197
0.9796124555680227
0.9796126046079716
0.9796129051898508
0.9796130904068825
0.9796132015371111
0.9796133448576575
0.9796134642477056
0.9796135391018528
0.9796135968480294
0.9796136623919425
0.9796137032799241
0.9796137278127133
0.979613742532387
0.9796137513641914
0.9796137657825531
0.9796137892163811
0.979613803276678
0.979613811712856
0.9796138231705582
0.979613834374607
0.9796138413797374
0.9796138455828156
0.9796138455828156
0.9796138469025849
0.9796138471048668
0.9796138479783659
0.9796138490025864
0.9796138496916048
0.9796138504091578
0.9796138507497827
0.9796138513956305
0.9796138518349878
0.9796138520986022
0.9796138522567708
0.9796138523516719
0.9796138526650237
0.9796138529037661
0.9796138531329345
0.9796138532567347
0.979613853304438
0.9796138533638135
0.9796138535368359
0.9796138536312281
0.9796138537110046
0.9796138538429523
0.9796138538965328
0.9796138539430324
0.9796138539859139
0.9796138540313829
0.9796138540586643
0.9796138540948188
0.9796138541002707
0.9796138541526794
0.9796138541863405
0.9796138542065372
0.979613854221414
0.9796138542416322
0.9796138542550696
0.9796138542631321
0.9796138542660984
0.9796138542710985
0.9796138542741474
0.9796138542778364
0.9796138542792561
0.9796138542801907
0.9796138542819134
0.9796138542836598
0.9796138542847074
0.9796138542853361
0.9796138542857131
0.9796138542863114
0.9796138542867376
0.9796138542870347
0.9796138542871796
0.9796138542873775
0.9796138542874968
0.9796138542875682
0.979613854287623
0.9796138542877038
0.9796138542877726
0.9796138542878138
0.9796138542878391
0.9796138542878559
0.9796138542878701
0.9796138542878888
0.9796138542878999
0.9796138542879075
0.9796138542879159
0.979613854287924
0.9796138542879289
0.9796138542879319
0.9796138542879347
0.9796138542879391
0.9796138542879419
0.9796138542879432
0.9796138542879445
0.9796138542879456
0.9796138542879466
0.979613854287947
0.9796138542879473
0.9796138542879477
0.979613854287948
0.9796138542879482
0.9796138542879484
0.9796138542879484
0.9796138542879488
0.9796138542879488
0.9796138542879489
0.9796138542879489
0.9796138542879489
0.9796138542879489
0.9796138542879489
0.9796138542879489
0.9796138542879489
0.9796138542879489
0.9796138542879489
0.9796138542879489
0.9796138542879489
0.979613854287949
