1.2713774608140864
1.2713774608140864
1.2713774608140864
1.2713774608140864
1.2713774608140864
1.2713774608140864
1.2713774608140864
1.2713774608140864
1.2713774608140864
1.2713774608140864
1.2713774608140864
1.2713774608140864
1.2713774608140864
1.2713774608140864
1.2713774608140864
1.2713774608140864
1.2713774608140864
1.2713774608140864
1.2713774608140864
1.2713774608140864
1.2713774608140864
1.2713774608140864
1.2713774608140864
1.2713774608140864
1.2713774608140864
1.2713774608140864
1.2713774608140864
1.2713774608140864
1.2713774608140864
1.2713774608140864
1.2713774608140864
1.2718145676644055
1.2718145676644055
1.2718145676644055
1.2718145676644055
1.2718145676644055
1.2718145676644055
1.2718145676644055
1.2718145676644055
1.2718488981783438
1.2718488981783438
1.2718488981783438
1.2718488981783438
1.2718488981783438
1.2718488981783438
1.2718488981783438
1.2718488981783438
1.2718488981783438
1.2718488981783438
1.2718488981783438
1.2718600330062835
1.2718600330062835
1.2718600330062835
1.2718600330062835
1.2718600330062835
1.2718659836635926
1.2718659836635926
1.2718671388415217
1.2718679116651006
1.2718683753583067
1.2718704706954331
1.2718706495223342
1.2718719079709664
1.2718728019184153
1.271873237944873
1.271873910563756
1.2718745999072534
1.271875138280147
1.2718755327759026
1.2718758132680854
1.2718761001307888
1.2718763707822944
1.2718765807689467
1.2718767067609205
1.2718767823560988
1.2718768295719662
1.2718768967136804
1.2718770174603484
1.2718770961466244
1.2718771433583864
1.2718771831950204
1.271877231843888
1.2718772613634168
1.2718772814124717
1.2718772959832017
1.2718773085440884
1.2718773173668116
1.2718773227030011
1.2718773261711869
1.2718773321784131
1.271877338147813
1.271877341729453
1.271877343878437
1.2718773452296133
1.2718773463800201
1.2718773472688196
1.2718773481047558
1.2718773486858574
1.2718773490906563
1.2718773494449396
1.2718773497284939
1.2718773499042975
1.271877350043754
1.2718773502157723
1.2718773503402652
1.271877350414961
1.2718773504597785
1.2718773504909728
1.2718773505100054
1.2718773505214251
1.2718773505333703
1.271877350557249
1.271877350573352
1.2718773505830143
1.2718773505888117
1.2718773505934953
1.271877350601525
1.2718773506066985
1.2718773506098022
1.2718773506116645
1.271877350612782
1.2718773506134526
1.271877350613855
1.2718773506140961
1.2718773506157401
1.2718773506170404
1.2718773506178211
1.271877350618289
1.2718773506185699
1.2718773506187384
1.27187735061902
1.2718773506192254
1.2718773506193486
1.2718773506194228
1.2718773506195427
1.2718773506197176
1.2718773506198222
1.271877350619885
1.2718773506199235
1.2718773506199923
1.27187735062005
1.271877350620085
1.2718773506201058
1.2718773506201368
1.271877350620161
1.2718773506201753
1.2718773506201841
1.2718773506201893
1.2718773506202004
1.2718773506202101
1.2718773506202157
1.2718773506202192
1.2718773506202212
1.2718773506202268
1.2718773506202314
1.2718773506202339
1.2718773506202359
1.2718773506202397
1.2718773506202417
1.271877350620243
1.2718773506202439
1.2718773506202445
1.2718773506202457
1.2718773506202465
1.271877350620247
1.2718773506202472
1.2718773506202472
1.2718773506202472
1.2718773506202476
1.2718773506202476
1.2718773506202476
1.271877350620248
1.271877350620248
1.271877350620248
1.271877350620248
1.271877350620248
1.271877350620248
1.271877350620248
1.271877350620248
1.271877350620248
1.271877350620248
1.271877350620248
1.271877350620248
1.271877350620248
1.271877350620248
