0.9730279193955392
0.9730279193955392
0.9730279193955392
0.9730279193955392
0.9730279193955392
0.9730279193955392
0.9730279193955392
0.9730279193955392
0.9730279193955392
0.9730279193955392
0.9730279193955392
0.9730279193955392
0.9730279193955392
0.9730279193955392
0.9730279193955392
0.9730279193955392
0.9730279193955392
0.9730279193955392
0.9730279193955392
0.9730279193955392
0.9730279193955392
0.9730279193955392
0.9730279193955392
0.9730279193955392
0.9730279193955392
0.9730279193955392
0.9730279193955392
0.9730279193955392
0.9730279193955392
0.9730279193955392
0.9730279193955392
0.9730279193955392
0.9730279193955392
0.9730279193955392
0.9730279193955392
0.9730279193955392
0.9730279193955392
0.9730279193955392
0.9731382245011744
0.9731382245011744
0.9731382245011744
0.9731382245011744
0.9731382245011744
0.9731382245011744
0.9731382245011744
0.9731382245011744
0.9731382245011744
0.9731382245011744
0.9731382245011744
0.9731382245011744
0.9731382245011744
0.9731382245011744
0.9731382245011744
0.9731382245011744
0.9731382245011744
0.9731423713253773
0.9731423713253773
0.9731423713253773
0.9731423713253773
0.9731427866882484
0.9731450224768149
0.9731461792113932
0.9731490562655757
0.9731521309028973
0.9731539756975436
0.9731550825787426
0.9731562572293159
0.9731580556746183
0.9731593486751304
0.9731605378438171
0.9731609184030547
0.9731614712086417
0.973162070483837
0.9731624805210703
0.9731627265436348
0.9731630125523051
0.97316323340456
0.9731633753040917
0.9731634356278093
0.9731634950692967
0.9731635577302042
0.9731636607307267
0.9731637185767734
0.9731637397169167
0.9731637578905423
0.9731638091638651
0.9731638529721502
0.9731638792571228
0.973163895028107
0.9731639069222804
0.9731639200278352
0.9731639347812813
0.9731639364455613
0.9731639378837449
0.9731639414825631
0.9731639460116577
0.9731639487291142
0.9731639503595885
0.9731639513378729
0.9731639524771813
0.9731639531712903
0.9731639535929236
0.9731639541129506
0.9731639545948243
0.9731639549718506
0.973163955236399
0.9731639554936369
0.9731639557024802
0.9731639558891163
0.9731639560053035
0.9731639560750166
0.9731639561418329
0.9731639562385007
0.9731639563039497
0.9731639563432181
0.9731639563667794
0.9731639563809168
0.9731639563953297
0.9731639564271439
0.973163956446859
0.9731639564586892
0.9731639564657867
0.9731639564731327
0.9731639564903349
0.9731639565006561
0.9731639565068492
0.9731639565105649
0.9731639565127942
0.97316395651652
0.9731639565224016
0.973163956525931
0.9731639565280484
0.973163956529319
0.9731639565318242
0.9731639565336525
0.9731639565347503
0.9731639565354269
0.9731639565365411
0.9731639565372097
0.9731639565376105
0.9731639565378516
0.9731639565381579
0.9731639565384801
0.9731639565386732
0.9731639565387883
0.9731639565388579
0.9731639565388998
0.9731639565389754
0.9731639565390242
0.9731639565390531
0.9731639565390713
0.9731639565390827
0.9731639565390979
0.9731639565391071
0.9731639565391131
0.9731639565391165
0.9731639565391182
0.973163956539122
0.9731639565391246
0.973163956539125
0.9731639565391265
0.9731639565391272
0.9731639565391279
0.9731639565391279
0.9731639565391282
0.9731639565391287
0.9731639565391287
0.9731639565391293
0.9731639565391293
0.9731639565391293
0.9731639565391293
0.9731639565391293
0.9731639565391293
0.9731639565391293
0.9731639565391293
0.9731639565391293
0.9731639565391293
0.9731639565391293
0.9731639565391293
0.9731639565391293
0.9731639565391293
0.9731639565391293
0.9731639565391293
0.9731639565391293
0.9731639565391293
0.9731639565391293
0.9731639565391293
0.9731639565391293
0.9731639565391293
0.9731639565391293
0.9731639565391293
