0.9896449513106598
0.9896449513106598
0.9896449513106598
0.9896449513106598
0.9896449513106598
0.9896449513106598
0.9896449513106598
0.9896449513106598
0.9896449513106598
0.9896449513106598
0.9896449513106598
0.9896449513106598
0.9896449513106598
0.9896449513106598
0.9896449513106598
0.9896449513106598
0.9896449513106598
0.9896449513106598
0.9896449513106598
0.9896449513106598
0.9896449513106598
0.9896449513106598
0.9896449513106598
0.9896449513106598
0.9896449513106598
0.9896449513106598
0.9896449513106598
0.9896449513106598
0.9896449513106598
0.9896449513106598
0.9896449513106598
0.9896449513106598
0.9896449513106598
0.9896449513106598
0.9896449513106598
0.9896449513106598
0.9896449513106598
0.9896449513106598
0.9896449513106598
0.9896449513106598
0.9896449513106598
0.9896449513106598
0.9896449513106598
0.9896449513106598
0.9896449513106598
0.9896449513106598
0.9896449513106598
0.9896449513106598
0.9896449513106598
0.9896449513106598
0.9896449513106598
0.9896449513106598
0.9896449513106598
0.9896449513106598
0.9896541571276345
0.9896541571276345
0.9896541571276345
0.9896541571276345
0.9896552590888533
0.9896559877107131
0.9896578940839312
0.9896585524464927
0.9896589474666608
0.989659184479709
0.9896593266878788
0.9896594257498121
0.9896595411867649
0.9896600754693919
0.989660396401011
0.9896605889589873
0.989660704493415
0.9896608975130783
0.989661155223391
0.9896613425506342
0.9896614561896199
0.9896615243730319
0.9896616144708127
0.9896617294972172
0.9896618278964773
0.9896618804317142
0.9896619116632027
0.9896619394556723
0.9896619703897988
0.9896620040728333
0.9896620242826467
0.9896620371948703
0.9896620593822328
0.9896620785367972
0.9896620900295324
0.9896620969251724
0.9896621010625559
0.9896621035449858
0.9896621054402602
0.9896621102589205
0.9896621132200681
0.9896621150130637
0.9896621172137212
0.9896621194220224
0.9896621207470031
0.9896621215613535
0.9896621227494231
0.9896621235019069
0.9896621239603902
0.9896621242354802
0.9896621244005342
0.9896621246292775
0.9896621248283687
0.9896621249478234
0.9896621250194961
0.9896621251271127
0.9896621252084578
0.9896621252573761
0.9896621252867271
0.9896621253043377
0.989662125314904
0.9896621253212439
0.9896621253250477
0.9896621253567932
0.9896621253829394
0.9896621253986271
0.9896621254080397
0.9896621254219351
0.9896621254324361
0.9896621254387368
0.9896621254425172
0.9896621254474934
0.9896621254532516
0.9896621254567065
0.9896621254587795
0.9896621254600232
0.9896621254615193
0.9896621254632755
0.9896621254643292
0.9896621254649614
0.9896621254660825
0.9896621254668987
0.9896621254673884
0.9896621254677641
0.9896621254682822
0.9896621254685932
0.9896621254687797
0.9896621254688917
0.9896621254690989
0.9896621254692746
0.9896621254693799
0.9896621254694431
0.9896621254694942
0.989662125469545
0.9896621254695755
0.9896621254695939
0.9896621254696072
0.9896621254696228
0.9896621254696322
0.9896621254696378
0.9896621254696412
0.9896621254696476
0.9896621254696518
0.9896621254696544
0.9896621254696559
0.9896621254696568
0.9896621254696595
0.9896621254696625
0.9896621254696641
0.9896621254696653
0.9896621254696666
0.9896621254696684
0.9896621254696695
0.9896621254696701
0.9896621254696708
0.9896621254696716
0.989662125469672
0.9896621254696724
0.9896621254696725
0.9896621254696729
0.989662125469673
0.9896621254696731
0.9896621254696732
0.9896621254696734
0.9896621254696734
0.9896621254696734
0.9896621254696735
0.9896621254696735
0.9896621254696735
0.9896621254696735
0.9896621254696735
0.9896621254696735
0.9896621254696735
0.9896621254696735
