1.0886524349823115
1.0886524349823115
1.0886524349823115
1.0886524349823115
1.0886524349823115
1.0886524349823115
1.0886524349823115
1.0886524349823115
1.0886524349823115
1.0886524349823115
1.0886524349823115
1.0886524349823115
1.0886524349823115
1.0886524349823115
1.0886524349823115
1.0886524349823115
1.0886524349823115
1.0886524349823115
1.0886524349823115
1.0886524349823115
1.0886524349823115
1.0886524349823115
1.0886524349823115
1.0886524349823115
1.0886524349823115
1.0886524349823115
1.0886524349823115
1.0886524349823115
1.0886524349823115
1.0886524349823115
1.0886524349823115
1.0886524349823115
1.0886524349823115
1.0886524349823115
1.0886524349823115
1.0886524349823115
1.0886524349823115
1.0886524349823115
1.0886524349823115
1.0886524349823115
1.0886524349823115
1.0886524349823115
1.0886524349823115
1.0886566233608321
1.0886566233608321
1.0886566233608321
1.0886566233608321
1.088658568693892
1.088658568693892
1.088658568693892
1.088658568693892
1.0886595992893116
1.0886604863359621
1.0886608883262245
1.0886616019970097
1.0886621359629056
1.0886623699522573
1.0886632392311784
1.0886640033627897
1.0886644618424468
1.0886649702726114
1.0886655810122357
1.0886659550291315
1.0886662313363293
1.088666347792527
1.0886666040598019
1.0886668302603406
1.0886669950498356
1.0886670939235443
1.0886671532477739
1.0886672569133995
1.0886673559183124
1.0886674183761802
1.088667460400871
1.0886675391372265
1.0886675863790438
1.088667614724136
1.088667631069731
1.0886676470753351
1.0886676661878514
1.0886676787292866
1.0886676815048169
1.0886676893069924
1.0886676960561483
1.0886677001056417
1.0886677035147885
1.0886677070859794
1.0886677089724974
1.0886677089724974
1.0886677104030702
1.0886677109317175
1.0886677114027257
1.0886677116648111
1.0886677119129122
1.0886677121573596
1.0886677124496724
1.0886677126626234
1.0886677128051498
1.0886677128906657
1.0886677129807905
1.088667713065068
1.0886677131174196
1.0886677131488305
1.088667713170149
1.0886677131840579
1.0886677132155016
1.088667713240115
1.0886677132552887
1.0886677132650973
1.0886677132729938
1.0886677132901408
1.0886677133004286
1.0886677133066014
1.088667713310305
1.0886677133136233
1.0886677133198568
1.0886677133237475
1.0886677133260818
1.0886677133274827
1.088667713328323
1.0886677133308926
1.0886677133325695
1.0886677133335756
1.0886677133341793
1.0886677133352578
1.0886677133360183
1.0886677133364746
1.0886677133368634
1.0886677133374174
1.08866771333775
1.0886677133379496
1.088667713338105
1.0886677133384401
1.088667713338641
1.0886677133387617
1.0886677133388774
1.0886677133390592
1.0886677133391687
1.0886677133392342
1.0886677133392735
1.088667713339297
1.0886677133393112
1.088667713339354
1.0886677133393825
1.0886677133393996
1.08866771333941
1.088667713339416
1.08866771333943
1.0886677133394422
1.0886677133394493
1.0886677133394538
1.0886677133394622
1.0886677133394713
1.0886677133394769
1.0886677133394802
1.0886677133394824
1.088667713339487
1.0886677133394902
1.0886677133394917
1.0886677133394929
1.0886677133394935
1.088667713339495
1.0886677133394962
1.0886677133394966
1.0886677133394973
1.088667713339498
1.0886677133394982
1.0886677133394984
1.0886677133394984
1.0886677133394986
1.0886677133394986
1.0886677133394986
1.0886677133394986
1.0886677133394986
1.0886677133394986
1.0886677133394986
1.0886677133394986
1.0886677133394986
1.0886677133394986
1.0886677133394986
