1.2643564488559327
1.2643564488559327
1.2643564488559327
1.2643564488559327
1.2643564488559327
1.2643564488559327
1.2643564488559327
1.2643564488559327
1.2643564488559327
1.2643564488559327
1.2643564488559327
1.2643564488559327
1.2643564488559327
1.2643564488559327
1.2643564488559327
1.2643564488559327
1.2643564488559327
1.2643564488559327
1.2643564488559327
1.2643564488559327
1.2643564488559327
1.2643564488559327
1.2643564488559327
1.2643564488559327
1.2643564488559327
1.2643564488559327
1.2643564488559327
1.2643564488559327
1.2643564488559327
1.2643564488559327
1.2643564488559327
1.2643564488559327
1.2643564488559327
1.2643564488559327
1.2643564488559327
1.2643564488559327
1.2643564488559327
1.2643564488559327
1.2643564488559327
1.2643564488559327
1.2643564488559327
1.2643564488559327
1.2643564488559327
1.2643564488559327
1.2643564488559327
1.2643564488559327
1.2643564488559327
1.2643564488559327
1.2643564488559327
1.2643564488559327
1.2643564488559327
1.2643564488559327
1.2643564488559327
1.2643564488559327
1.2643564488559327
1.2643564488559327
1.2643564488559327
1.2643564488559327
1.2643564488559327
1.2643564488559327
1.2643564488559327
1.2643564488559327
1.2643564488559327
1.2643564488559327
1.2643564488559327
1.2643582341176733
1.2643582341176733
1.2643582341176733
1.2643592195576838
1.2643592195576838
1.2643592195576838
1.2643598522231019
1.2643613369419295
1.264361399404527
1.2643629386788229
1.2643630708890394
1.2643634722589112
1.2643640337627526
1.264364396338642
1.2643646263589579
1.2643652786598596
1.2643657985060497
1.2643662451022932
1.2643666464731267
1.2643671654394109
1.2643674661302622
1.2643676610561505
1.2643678583675446
1.2643679987608363
1.2643681171916747
1.2643681585173885
1.264368258878936
1.2643683321355639
1.264368376089541
1.2643684060063591
1.264368451830936
1.2643684799153663
1.2643684967660245
1.2643685068764197
1.2643685129426567
1.2643685238995697
1.2643685369595636
1.2643685447955602
1.2643685510327967
1.2643685558818458
1.2643685586294715
1.2643685609876454
1.2643685622939183
1.2643685635651627
1.264368564250847
1.2643685647184884
1.2643685656573522
1.264368566235676
1.2643685666780746
1.2643685670745952
1.2643685673125082
1.2643685674552556
1.2643685677088288
1.2643685678990015
1.2643685679945513
1.2643685680597891
1.2643685680989316
1.264368568146496
1.2643685682474903
1.2643685683080872
1.2643685683444448
1.2643685684347343
1.2643685685087909
1.26436856854525
1.2643685685828387
1.264368568611104
1.2643685686280628
1.2643685686552153
1.2643685686570008
1.2643685686723882
1.2643685686837687
1.264368568690597
1.264368568694694
1.2643685687018806
1.264368568708468
1.264368568712421
1.2643685687147928
1.2643685687178283
1.2643685687205577
1.264368568722196
1.2643685687231787
1.2643685687245831
1.264368568726279
1.2643685687272963
1.2643685687279067
1.2643685687286192
1.264368568729337
1.2643685687297674
1.264368568730026
1.2643685687303077
1.2643685687305948
1.2643685687307664
1.264368568730917
1.264368568731073
1.2643685687311663
1.2643685687312223
1.264368568731256
1.2643685687312765
1.2643685687313013
1.2643685687313464
1.2643685687313735
1.26436856873139
1.2643685687314048
1.2643685687314241
1.264368568731436
1.264368568731443
1.2643685687314516
1.2643685687314583
1.2643685687314616
1.2643685687314639
1.264368568731465
1.2643685687314676
1.2643685687314703
1.2643685687314725
1.2643685687314736
1.2643685687314745
1.2643685687314754
1.264368568731476
1.2643685687314767
1.2643685687314772
1.2643685687314776
1.2643685687314778
1.2643685687314778
1.264368568731478
1.2643685687314785
1.2643685687314785
1.2643685687314787
1.2643685687314787
1.2643685687314787
1.2643685687314787
1.2643685687314787
1.2643685687314787
1.2643685687314787
1.2643685687314787
1.2643685687314787
1.2643685687314787
