1.6620500154472297
1.6620500154472297
1.6620500154472297
1.6620500154472297
1.6620500154472297
1.6620500154472297
1.6620500154472297
1.6620500154472297
1.6620500154472297
1.6620500154472297
1.6620500154472297
1.6620500154472297
1.6620500154472297
1.6620500154472297
1.6620500154472297
1.6620500154472297
1.6620500154472297
1.6620500154472297
1.6620500154472297
1.6620500154472297
1.6620500154472297
1.6620500154472297
1.6620500154472297
1.6620500154472297
1.6620500154472297
1.6620500154472297
1.6620500154472297
1.6620500154472297
1.6620500154472297
1.6620500154472297
1.6620500154472297
1.6620500154472297
1.6620500154472297
1.6620500154472297
1.6620500154472297
1.6620500154472297
1.6620500154472297
1.6620500154472297
1.6620500154472297
1.6620500154472297
1.6620500154472297
1.6620500154472297
1.6620500154472297
1.6620500154472297
1.6620500154472297
1.6620500154472297
1.6620500154472297
1.6620500154472297
1.6620500154472297
1.6620500154472297
1.6620500154472297
1.6620500154472297
1.6620500154472297
1.6620500154472297
1.6620500832665743
1.6620510877860797
1.6620522211371873
1.6620528941736796
1.6620533366185402
1.6620541392078463
1.6620546207614473
1.6620549096936144
1.6620552381482914
1.6620554265873195
1.6620556329592235
1.6620558038417754
1.6620558590359935
1.6620559211232908
1.6620559724160506
1.6620560223061065
1.6620560319553725
1.6620560587656503
1.6620560724865903
1.6620560866022007
1.6620560950715677
1.6620561034430401
1.6620561056496475
1.6620561124483695
1.66205611621594
1.6620561211009905
1.662056124874398
1.6620561273787606
1.662056131790884
1.6620561336744062
1.6620561348045197
1.6620561355815147
1.6620561377263323
1.662056139379575
1.662056140371521
1.662056140966688
1.6620561414254431
1.6620561419103455
1.6620561422707578
1.6620561424416556
1.662056142662293
1.6620561428616174
1.6620561430505698
1.662056143200419
1.6620561432728724
1.6620561433478127
1.662056143357241
1.6620561434107028
1.6620561434247485
1.662056143445159
1.6620561434731653
1.6620561434731653
1.6620561434798853
1.6620561434798853
1.6620561434800143
1.6620561434815329
1.6620561434815329
1.6620561434815329
1.6620561434815329
1.6620561434815329
1.6620561434815329
1.6620561434822638
1.6620561434822638
1.6620561434825243
1.6620561434831176
1.6620561434832168
1.6620561434832595
1.6620561434834178
1.6620561434835908
1.6620561434838976
1.662056143483904
1.6620561434843
1.6620561434844643
1.6620561434845416
1.6620561434846282
1.6620561434847145
1.6620561434848007
1.662056143484842
1.6620561434848677
1.6620561434849246
1.6620561434849608
1.6620561434849876
1.6620561434849908
1.6620561434850059
1.6620561434850138
1.6620561434850278
1.6620561434850367
1.6620561434850425
1.6620561434850456
1.6620561434850487
1.662056143485052
1.6620561434850527
1.6620561434850538
1.6620561434850547
1.6620561434850551
1.6620561434850558
1.6620561434850565
1.662056143485057
1.6620561434850571
1.6620561434850574
1.6620561434850574
1.6620561434850576
1.6620561434850576
1.6620561434850576
1.6620561434850576
1.6620561434850576
1.6620561434850576
1.6620561434850576
1.6620561434850576
1.6620561434850576
1.6620561434850576
1.6620561434850576
1.6620561434850576
1.6620561434850576
1.6620561434850576
1.6620561434850576
1.6620561434850576
1.6620561434850576
1.6620561434850576
