7.711825814431026
7.711825814431026
7.711825814431026
7.711825814431026
7.711825814431026
7.711825814431026
7.711825814431026
7.711825814431026
7.711825814431026
7.711825814431026
7.711825814431026
7.711825814431026
7.711825814431026
7.711825814431026
7.711825814431026
7.711825814431026
7.711825814431026
7.711825814431026
7.711825814431026
7.711825814431026
7.711825814431026
7.711825814431026
7.711825814431026
7.711825814431026
7.711825814431026
7.711825814431026
7.711825814431026
7.711825814431026
7.711825814431026
7.711825814431026
7.711825814431026
7.711825814431026
7.711825814431026
7.711825814431026
7.711825814431026
7.711825814431026
7.711825814431026
7.711825814431026
7.711825814431026
7.711825814431026
7.711825814431026
7.711825814431026
7.711825814431026
7.711825814431026
7.711825814431026
7.711825814431026
7.711825814431026
7.711825814431026
7.711825814431026
7.711825814431026
7.711825814431026
7.711825814431026
7.711825814431026
7.711825814431026
7.711825814431026
7.711825814431026
7.71183147311891
7.71183147311891
7.711834065381825
7.711836411910519
7.71183781982801
7.711838869617493
7.711842275485071
7.711849138876593
7.711849138876593
7.711851150254918
7.711855622492429
7.711858326249508
7.711860482999713
7.711861858300733
7.711862239265417
7.7118630500401
7.711864046785015
7.711864788560732
7.7118652336261775
7.711865816592055
7.711866270083075
7.711866542177693
7.711866705434466
7.711866803388528
7.7118669372279465
7.711867197076784
7.71186735491559
7.711867449618871
7.711867506440841
7.711867612524359
7.711867675656403
7.711867723147281
7.7118677529969535
7.711867805894768
7.711867845464814
7.711867869841152
7.711867883781203
7.711867901687925
7.711867915214898
7.71186792527841
7.711867931269485
7.711867935284976
7.711867941015055
7.711867943475599
7.711867944951923
7.711867946505088
7.71186794927133
7.711867951206028
7.71186795236685
7.711867953665917
7.711867954506402
7.7118679555461656
7.711867956170025
7.7118679565443395
7.711867956976994
7.711867957373534
7.711867957686211
7.711867957820333
7.7118679579834675
7.711867958070245
7.711867958141747
7.711867958193041
7.7118679582345
7.711867958296511
7.711867958323425
7.711867958323425
7.711867958348029
7.711867958367839
7.711867958373088
7.7118679583781375
7.7118679583781775
7.711867958379946
7.711867958384805
7.711867958388743
7.7118679583912515
7.711867958394036
7.711867958400259
7.711867958404202
7.711867958406568
7.711867958409746
7.7118679584128005
7.711867958414649
7.71186795841579
7.71186795841579
7.71186795841579
7.71186795841579
7.7118679584162315
7.7118679584162315
7.7118679584162315
7.7118679584162315
7.711867958416255
7.711867958416408
7.7118679584164465
7.7118679584164465
7.7118679584164855
7.7118679584164855
7.7118679584164855
7.711867958416486
7.711867958416486
7.7118679584165175
7.711867958416542
7.711867958416561
7.711867958416572
7.711867958416578
7.711867958416586
7.7118679584165974
7.7118679584166046
7.711867958416608
7.71186795841661
7.711867958416613
7.711867958416618
7.711867958416621
7.711867958416621
7.711867958416621
7.711867958416623
7.711867958416623
7.711867958416625
7.711867958416625
7.711867958416625
7.711867958416625
7.711867958416625
7.711867958416625
7.711867958416625
7.711867958416625
7.711867958416625
7.711867958416625
7.711867958416625
7.711867958416625
7.711867958416625
7.711867958416625
7.711867958416625
7.711867958416625
7.711867958416625
7.711867958416625
7.711867958416625
7.711867958416625
7.711867958416625
7.711867958416625
7.711867958416625
