1.9147198128772533
1.9147198128772533
1.9147198128772533
1.9147198128772533
1.9147198128772533
1.9147198128772533
1.9147198128772533
1.9147198128772533
1.9147198128772533
1.9147198128772533
1.9147198128772533
1.9147198128772533
1.9147198128772533
1.9147198128772533
1.9147198128772533
1.9147198128772533
1.9147198128772533
1.9147198128772533
1.9147198128772533
1.9147198128772533
1.9147198128772533
1.9147198128772533
1.9147198128772533
1.9147198128772533
1.9147198128772533
1.9147198128772533
1.9147198128772533
1.9147198128772533
1.9147198128772533
1.9147198128772533
1.9147198128772533
1.9147198128772533
1.9147198128772533
1.9147198128772533
1.9147198128772533
1.9147198128772533
1.9147198128772533
1.9147198128772533
1.9147198128772533
1.9147198128772533
1.9147198128772533
1.9147198128772533
1.914731142898661
1.914731142898661
1.914731142898661
1.914731142898661
1.9147367341818131
1.9147367341818131
1.9147367341818131
1.9147367341818131
1.9147394896801349
1.914741300281609
1.9147441109082348
1.9147471714712516
1.9147473947040048
1.9147483531687182
1.9147489282514896
1.91474927330257
1.914750714489699
1.914750714489699
1.9147508556922117
1.9147509079189293
1.9147511163715358
1.9147511578871632
1.9147512484098799
1.914751252589733
1.9147513958939968
1.9147513958939968
1.914751479481255
1.9147514988594587
1.9147515376188493
1.914751616804298
1.914751616804298
1.914751616804298
1.9147516441656356
1.9147516887394873
1.9147516887394873
1.9147516916139977
1.91475170343811
1.9147517105325778
1.9147517147892577
1.9147517173502207
1.914751718879725
1.9147517252897492
1.9147517252897492
1.9147517262798412
1.9147517262798412
1.9147517262798412
1.9147517262798412
1.9147517262817408
1.9147517271793368
1.9147517283403261
1.9147517283403261
1.914751730027051
1.914751730921667
1.914751730921667
1.9147517313622944
1.91475173215543
1.914751732187418
1.9147517322142267
1.9147517323641252
1.9147517324077128
1.9147517324485186
1.914751732664785
1.914751732664785
1.9147517328036738
1.9147517328036738
1.9147517328340797
1.9147517329049637
1.9147517329139128
1.9147517329549417
1.9147517329814214
1.9147517330238595
1.91475173304971
1.9147517330505683
1.9147517330748096
1.9147517330809263
1.914751733098032
1.9147517331143251
1.9147517331170065
1.9147517331268795
1.9147517331351929
1.9147517331436759
1.9147517331459212
1.9147517331525459
1.914751733159472
1.9147517331638655
1.9147517331669779
1.9147517331682427
1.9147517331705153
1.9147517331720292
1.91475173317294
1.9147517331735464
1.9147517331742194
1.9147517331748882
1.91475173317529
1.914751733175649
1.9147517331759478
1.9147517331762822
1.9147517331765045
1.9147517331766766
1.914751733176853
1.9147517331769912
1.9147517331770774
1.9147517331771193
1.914751733177191
1.9147517331772275
1.9147517331772534
1.9147517331772665
1.9147517331772843
1.9147517331772936
1.9147517331772947
1.9147517331773019
1.9147517331773038
1.9147517331773054
1.9147517331773058
1.9147517331773058
1.914751733177307
1.914751733177307
1.9147517331773072
1.9147517331773072
1.9147517331773072
1.9147517331773074
1.9147517331773076
1.9147517331773076
1.9147517331773076
1.9147517331773076
1.9147517331773076
1.9147517331773076
1.9147517331773076
1.9147517331773076
1.9147517331773076
1.9147517331773076
1.9147517331773076
1.9147517331773076
1.9147517331773076
1.9147517331773076
1.9147517331773076
