1.7732536652999966
1.7732536652999966
1.7732536652999966
1.7732536652999966
1.7732536652999966
1.7732536652999966
1.7732536652999966
1.7732536652999966
1.7732536652999966
1.7732536652999966
1.7732536652999966
1.7732536652999966
1.7732536652999966
1.7732536652999966
1.7732536652999966
1.7732536652999966
1.7732536652999966
1.7732536652999966
1.7732536652999966
1.7732536652999966
1.7732536652999966
1.7732536652999966
1.7732536652999966
1.7732536652999966
1.7732536652999966
1.7732536652999966
1.7732536652999966
1.7732536652999966
1.7732536652999966
1.7732536652999966
1.7732536652999966
1.7732536652999966
1.7732536652999966
1.7732536652999966
1.7732536652999966
1.7732536652999966
1.7732536652999966
1.7732536652999966
1.7732536652999966
1.7732536652999966
1.7732536652999966
1.7732536652999966
1.7732536652999966
1.7732536652999966
1.7732536652999966
1.7732536652999966
1.7732536652999966
1.7732536652999966
1.7732536652999966
1.7732536652999966
1.7732536652999966
1.7732536652999966
1.7732536652999966
1.7732536652999966
1.7732536652999966
1.7732536652999966
1.7732536652999966
1.7732536652999966
1.7732536652999966
1.7732536652999966
1.7732536652999966
1.7732536652999966
1.7732536652999966
1.7732541785835996
1.7732564537325666
1.7732564537325666
1.7732564537325666
1.7732564537325666
1.7732564537325666
1.773256969542765
1.7732580855178022
1.7732589497501834
1.7732589497501834
1.773259473196914
1.7732595529303254
1.7732606598196758
1.7732614594751566
1.7732619392687268
1.773262294873904
1.773262791867164
1.7732630900632322
1.773263268980914
1.7732633763315373
1.7732634407419168
1.7732634976556334
1.7732635637033054
1.7732636758083629
1.773263720118587
1.773263746704723
1.7732638115774981
1.7732638592945618
1.7732638879248002
1.7732639051029442
1.7732639154098304
1.7732639239659027
1.7732639346248769
1.7732639346248769
1.7732639371331338
1.7732639389583913
1.773263940918894
1.7732639410314746
1.7732639424910566
1.7732639435420325
1.7732639435420325
1.7732639442823903
1.7732639445275606
1.7732639450603482
1.7732639452201064
1.7732639453565529
1.7732639456591912
1.773263945999837
1.773263946204224
1.7732639463350284
1.773263946402975
1.773263946448646
1.7732639465532543
1.7732639465532543
1.7732639465750075
1.7732639465991284
1.773263946613601
1.773263946636979
1.773263946636979
1.7732639466439633
1.7732639466502138
1.7732639466522142
1.7732639466544635
1.7732639466554356
1.7732639466589828
1.7732639466589828
1.7732639466589828
1.7732639466594546
1.7732639466612075
1.7732639466612075
1.7732639466612075
1.7732639466612075
1.7732639466612183
1.7732639466613624
1.7732639466616027
1.7732639466616027
1.7732639466616056
1.773263946661662
1.7732639466616846
1.7732639466617155
1.773263946661726
1.7732639466618676
1.7732639466619398
1.7732639466621773
1.7732639466621773
1.7732639466622346
1.7732639466622984
1.7732639466623366
1.7732639466623596
1.7732639466623785
1.7732639466623894
1.773263946662402
1.7732639466624023
1.7732639466624134
1.7732639466624136
1.7732639466624174
1.7732639466624198
1.773263946662422
1.7732639466624234
1.773263946662426
1.7732639466624278
1.7732639466624291
1.7732639466624294
1.77326394666243
1.7732639466624303
1.7732639466624307
1.7732639466624307
1.7732639466624311
1.7732639466624311
1.7732639466624311
1.7732639466624314
1.7732639466624314
1.7732639466624316
1.7732639466624316
1.7732639466624316
1.7732639466624318
1.7732639466624318
1.7732639466624318
1.7732639466624318
1.7732639466624318
1.7732639466624318
1.7732639466624318
1.7732639466624318
1.7732639466624318
1.7732639466624318
1.7732639466624318
1.7732639466624318
1.7732639466624318
1.7732639466624318
1.7732639466624318
1.7732639466624318
1.7732639466624318
