0.7193430794851724
0.7193430794851724
0.7193430794851724
0.7193430794851724
0.7193430794851724
0.7193430794851724
0.7193430794851724
0.7193430794851724
0.7193430794851724
0.7193430794851724
0.7193430794851724
0.7193430794851724
0.7193430794851724
0.7193430794851724
0.7193430794851724
0.7193430794851724
0.7193430794851724
0.7193430794851724
0.7193430794851724
0.7193430794851724
0.7193430794851724
0.7193430794851724
0.7193430794851724
0.7193430794851724
0.7193430794851724
0.7193430794851724
0.7193430794851724
0.7193430794851724
0.7193430794851724
0.7193430794851724
0.7193430794851724
0.7193430794851724
0.7193430794851724
0.7193430794851724
0.7193430794851724
0.7193430794851724
0.7193430794851724
0.7193726261895173
0.7193726261895173
0.7193726261895173
0.7193726261895173
0.7193726261895173
0.7193726261895173
0.7193726261895173
0.7193726261895173
0.7193726261895173
0.7193726261895173
0.7193726261895173
0.7193726261895173
0.7193726261895173
0.7193726261895173
0.7193726261895173
0.719373914982771
0.719373914982771
0.719373914982771
0.719373914982771
0.719374543254042
0.719374543254042
0.7193749891510689
0.7193752126192603
0.7193752126192603
0.7193752126192603
0.7193752126192603
0.7193752936551652
0.7193753657638036
0.7193754090289807
0.719375526727079
0.7193757893736213
0.7193759469615112
0.7193759469615112
0.7193760360960042
0.7193761043133392
0.7193761807427511
0.7193762280657792
0.7193762564595957
0.719376314961835
0.719376314961835
0.7193763207624991
0.7193763459465531
0.7193763660393905
0.7193763780950934
0.7193763863617391
0.7193763967118076
0.7193764160781327
0.7193764228844238
0.7193764292033572
0.7193764347268805
0.719376440049777
0.7193764436874522
0.7193764460358926
0.7193764485654166
0.7193764495815805
0.7193764510220502
0.7193764512549168
0.7193764521291125
0.7193764524039666
0.719376452760404
0.7193764530433769
0.7193764532873802
0.7193764534082272
0.7193764535045464
0.7193764536099085
0.7193764536723154
0.7193764537329618
0.7193764537666681
0.719376453775216
0.7193764538006183
0.7193764538166614
0.7193764538262871
0.7193764538342915
0.7193764538412547
0.7193764538541378
0.7193764538557557
0.719376453861706
0.7193764538681345
0.7193764538719917
0.7193764538757543
0.7193764538813956
0.7193764538848623
0.7193764538869422
0.7193764538880664
0.7193764538888465
0.71937645388925
0.7193764538900393
0.7193764538905957
0.7193764538910544
0.7193764538915299
0.7193764538918151
0.7193764538919865
0.7193764538920889
0.719376453892178
0.719376453892236
0.7193764538923391
0.7193764538924282
0.7193764538924574
0.7193764538925005
0.7193764538925497
0.7193764538925815
0.7193764538926045
0.7193764538926192
0.7193764538926396
0.7193764538926534
0.719376453892659
0.719376453892669
0.719376453892673
0.7193764538926745
0.7193764538926748
0.7193764538926765
0.7193764538926788
0.719376453892681
0.7193764538926816
0.719376453892683
0.7193764538926842
0.719376453892685
0.7193764538926858
0.7193764538926865
0.7193764538926868
0.7193764538926879
0.7193764538926883
0.7193764538926888
0.7193764538926888
0.7193764538926891
0.7193764538926894
0.7193764538926894
0.7193764538926894
0.7193764538926894
0.7193764538926894
0.7193764538926896
0.7193764538926896
0.7193764538926896
0.7193764538926896
0.7193764538926896
0.7193764538926896
0.7193764538926896
0.7193764538926896
0.7193764538926896
0.7193764538926896
0.7193764538926896
0.7193764538926896
0.7193764538926896
0.7193764538926896
0.7193764538926896
0.7193764538926896
