0.964492157769626
0.964492157769626
0.964492157769626
0.964492157769626
0.964492157769626
0.964492157769626
0.964492157769626
0.964492157769626
0.964492157769626
0.964492157769626
0.964492157769626
0.964492157769626
0.964492157769626
0.964492157769626
0.964492157769626
0.964492157769626
0.964492157769626
0.964492157769626
0.964492157769626
0.964492157769626
0.964492157769626
0.964492157769626
0.964492157769626
0.964492157769626
0.964492157769626
0.964492157769626
0.964492157769626
0.964492157769626
0.964492157769626
0.964492157769626
0.964492157769626
0.964492157769626
0.964492157769626
0.964492157769626
0.964492157769626
0.964492157769626
0.964492157769626
0.964492157769626
0.964492157769626
0.964492157769626
0.964492157769626
0.964492157769626
0.964492157769626
0.964492157769626
0.964492157769626
0.964492157769626
0.964492157769626
0.964492157769626
0.964492157769626
0.964492157769626
0.964492157769626
0.964492157769626
0.964492157769626
0.964492157769626
0.964492157769626
0.964492157769626
0.964492157769626
0.964492157769626
0.964492157769626
0.964492157769626
0.9644927367277467
0.9644934081588615
0.9644940068626752
0.9644943660852542
0.9644945816189063
0.9644947267971471
0.964494932491295
0.9644950497265165
0.9644953124607343
0.9644953892987116
0.9644955177408702
0.9644955928071629
0.9644956834709743
0.9644957271689055
0.9644957818666374
0.9644958172165284
0.9644958487721421
0.964495866842685
0.9644958776850105
0.9644958919092494
0.9644958970471378
0.9644959001298704
0.9644959135042711
0.9644959236623513
0.9644959305248102
0.96449593711685
0.96449593711685
0.9644959415211326
0.9644959421144944
0.964495942872883
0.9644959469341127
0.9644959469341127
0.9644959469341127
0.9644959487219987
0.9644959497672229
0.9644959507480814
0.9644959507480814
0.9644959518532097
0.9644959520156876
0.9644959520999287
0.9644959521504733
0.9644959521808004
0.9644959523079849
0.9644959526427358
0.9644959528755004
0.9644959530151592
0.9644959530989548
0.9644959532342138
0.9644959534178539
0.9644959535320669
0.9644959536005946
0.9644959536596446
0.964495953767862
0.9644959538327923
0.9644959538717509
0.9644959538958063
0.9644959539341643
0.9644959539594377
0.9644959539746019
0.9644959539837005
0.9644959540015358
0.9644959540154857
0.9644959540238559
0.9644959540301558
0.9644959540389864
0.9644959540443099
0.964495954047504
0.9644959540517055
0.9644959540545481
0.9644959540562537
0.9644959540577058
0.9644959540590031
0.9644959540597866
0.9644959540602567
0.9644959540606411
0.9644959540610543
0.9644959540613021
0.9644959540614507
0.9644959540615401
0.9644959540616149
0.9644959540616748
0.9644959540617135
0.9644959540617367
0.9644959540617556
0.9644959540617707
0.9644959540617799
0.9644959540617862
0.9644959540617908
0.9644959540617942
0.964495954061797
0.9644959540617991
0.9644959540618002
0.9644959540618011
0.9644959540618022
0.9644959540618028
0.9644959540618033
0.9644959540618036
0.9644959540618039
0.9644959540618042
0.9644959540618042
0.9644959540618046
0.9644959540618048
0.9644959540618048
0.9644959540618049
0.9644959540618051
0.9644959540618051
0.9644959540618051
0.9644959540618051
0.9644959540618051
0.9644959540618051
0.9644959540618051
0.9644959540618051
0.9644959540618051
0.9644959540618051
0.9644959540618051
0.9644959540618051
0.9644959540618051
0.9644959540618051
0.9644959540618051
0.9644959540618051
0.9644959540618051
0.9644959540618051
0.9644959540618051
