0.8174813049304713
0.8174813049304713
0.8174813049304713
0.8174813049304713
0.8174813049304713
0.8174813049304713
0.8174813049304713
0.8174813049304713
0.8174813049304713
0.8174813049304713
0.8174813049304713
0.8174813049304713
0.8174813049304713
0.8174813049304713
0.8174813049304713
0.8174813049304713
0.8174813049304713
0.8174813049304713
0.8174813049304713
0.8174813049304713
0.8174813049304713
0.8174813049304713
0.8174813049304713
0.8174813049304713
0.8174813049304713
0.8174813049304713
0.8174813049304713
0.8174813049304713
0.8174813049304713
0.8174813049304713
0.8174813049304713
0.8174813049304713
0.8174813049304713
0.8174813049304713
0.8174813049304713
0.8174813049304713
0.8174813049304713
0.8174813049304713
0.8174813049304713
0.8174813049304713
0.8174813049304713
0.8174813049304713
0.8174813049304713
0.8174813049304713
0.8174813049304713
0.8174813049304713
0.817483376814975
0.817483376814975
0.817483376814975
0.817483376814975
0.817483376814975
0.817483376814975
0.817483376814975
0.817483376814975
0.817483376814975
0.817483376814975
0.817483376814975
0.8174839836571556
0.8174839837245407
0.8174839837649748
0.8174839837892365
0.8174839838037936
0.8174841320635877
0.8174841320635877
0.8174841320635877
0.8174841609087894
0.8174842864981474
0.8174844543985217
0.8174847896283165
0.8174848370471087
0.8174850749870495
0.8174851791558306
0.8174852982338705
0.8174853752992425
0.817485492366348
0.8174855220585071
0.8174855757713573
0.8174856154892893
0.8174856787972264
0.8174857144446697
0.8174857351580102
0.8174857570946725
0.8174857817603901
0.8174858027309664
0.8174858135745628
0.8174858232216146
0.8174858327384943
0.8174858381594747
0.8174858427929601
0.8174858460497307
0.8174858491169292
0.8174858518426175
0.8174858535811386
0.8174858553461359
0.8174858576551273
0.8174858584383197
0.8174858597208368
0.817485859880573
0.8174858603555948
0.8174858609257546
0.8174858611937564
0.8174858615289515
0.8174858615289515
0.8174858617927601
0.8174858619262041
0.8174858619697521
0.817485862017506
0.8174858620946213
0.8174858622023
0.8174858622669072
0.8174858623187206
0.8174858623756566
0.8174858624197441
0.8174858624448261
0.8174858624528574
0.8174858624668554
0.8174858624762108
0.8174858624865288
0.8174858624884548
0.817485862492141
0.8174858624943528
0.8174858624958664
0.8174858624976578
0.8174858625006115
0.8174858625025393
0.817485862503696
0.8174858625043901
0.817485862504891
0.8174858625052985
0.8174858625055631
0.8174858625060824
0.8174858625064186
0.8174858625066204
0.817485862506743
0.8174858625068891
0.8174858625070347
0.8174858625071396
0.8174858625072108
0.8174858625072536
0.8174858625072793
0.8174858625073236
0.8174858625073751
0.8174858625074062
0.8174858625074247
0.8174858625074362
0.8174858625074444
0.8174858625074555
0.817485862507464
0.8174858625074692
0.8174858625074725
0.8174858625074741
0.8174858625074788
0.817485862507483
0.8174858625074855
0.8174858625074868
0.8174858625074878
0.8174858625074903
0.8174858625074921
0.8174858625074933
0.8174858625074941
0.8174858625074953
0.8174858625074961
0.8174858625074968
0.817485862507497
0.8174858625074977
0.8174858625074982
0.8174858625074986
0.8174858625074989
0.8174858625074989
0.8174858625074993
0.8174858625074994
0.8174858625074994
0.8174858625074994
0.8174858625074994
0.8174858625074994
0.8174858625074994
0.8174858625074994
0.8174858625074994
0.8174858625074994
0.8174858625074994
0.8174858625074994
0.8174858625074994
0.8174858625074994
0.8174858625074994
