4.30096607110743
4.30096607110743
4.30096607110743
4.30096607110743
4.30096607110743
4.30096607110743
4.30096607110743
4.30096607110743
4.30096607110743
4.30096607110743
4.30096607110743
4.30096607110743
4.30096607110743
4.30096607110743
4.30096607110743
4.30096607110743
4.30096607110743
4.30096607110743
4.30096607110743
4.30096607110743
4.30096607110743
4.30096607110743
4.30096607110743
4.30096607110743
4.30096607110743
4.30096607110743
4.30096607110743
4.30096607110743
4.30096607110743
4.30096607110743
4.30096607110743
4.30096607110743
4.30096607110743
4.30096607110743
4.30096607110743
4.30096607110743
4.30096607110743
4.30096607110743
4.30096607110743
4.30096607110743
4.30096607110743
4.30096607110743
4.30096607110743
4.30096607110743
4.30096607110743
4.30096607110743
4.30096607110743
4.30096607110743
4.30096607110743
4.30096607110743
4.30096607110743
4.3009702135157974
4.3009702135157974
4.3009702135157974
4.3009702135157974
4.3009702135157974
4.3009702135157974
4.3009702135157974
4.3009702135157974
4.3009702135157974
4.300970590392619
4.300971233746222
4.300971233746222
4.300971233746222
4.300971683185007
4.300971999825492
4.3009724073970474
4.300973180942168
4.30097324618817
4.3009736478906255
4.300973882772938
4.300974272040492
4.300974272040492
4.300974272040492
4.300974460092908
4.30097446351334
4.300974533522149
4.300974533522149
4.300974568737549
4.300974600601364
4.300974621250931
4.300974621250931
4.300974633624448
4.300974641379884
4.30097464683578
4.30097464683578
4.30097464683578
4.300974648477234
4.300974651792667
4.300974651792667
4.300974651792667
4.300974651792667
4.300974652445109
4.300974652445109
4.300974652445109
4.300974652445109
4.300974652445109
4.300974652820562
4.300974653456254
4.300974653837669
4.300974653837669
4.300974653837669
4.300974653837669
4.300974653837669
4.300974654007354
4.300974654007354
4.300974654007354
4.300974654007354
4.300974654007354
4.30097465404685
4.300974654074389
4.300974654074389
4.300974654074389
4.300974654074389
4.3009746540819345
4.3009746540819345
4.3009746540819345
4.300974654085012
4.300974654088045
4.30097465409088
4.30097465409088
4.300974654092874
4.300974654092874
4.300974654092988
4.300974654093886
4.300974654093886
4.300974654094512
4.300974654095269
4.300974654095269
4.300974654095781
4.300974654095889
4.300974654096123
4.30097465409624
4.300974654096306
4.300974654096344
4.300974654096485
4.30097465409657
4.300974654096646
4.300974654096695
4.300974654096732
4.300974654096788
4.300974654096822
4.300974654096842
4.300974654096856
4.3009746540968665
4.300974654096882
4.300974654096886
4.30097465409689
4.300974654096897
4.300974654096901
4.300974654096905
4.3009746540969065
4.300974654096908
4.300974654096912
4.300974654096914
4.300974654096915
4.300974654096915
4.300974654096918
4.300974654096918
4.300974654096918
4.300974654096919
4.300974654096919
4.300974654096919
4.300974654096919
4.300974654096919
4.300974654096919
4.300974654096919
4.300974654096919
4.300974654096919
4.300974654096919
4.300974654096919
4.300974654096919
4.300974654096919
4.300974654096919
4.300974654096919
4.300974654096919
4.300974654096919
4.300974654096919
4.300974654096919
4.300974654096919
4.300974654096919
4.300974654096919
