2.64050282101493
2.64050282101493
2.64050282101493
2.64050282101493
2.64050282101493
2.64050282101493
2.64050282101493
2.64050282101493
2.64050282101493
2.64050282101493
2.64050282101493
2.64050282101493
2.64050282101493
2.64050282101493
2.64050282101493
2.64050282101493
2.64050282101493
2.64050282101493
2.64050282101493
2.64050282101493
2.64050282101493
2.64050282101493
2.64050282101493
2.64050282101493
2.64050282101493
2.64050282101493
2.64050282101493
2.64050282101493
2.64050282101493
2.64050282101493
2.64050282101493
2.64050282101493
2.64050282101493
2.64050282101493
2.64050282101493
2.64050282101493
2.64050282101493
2.64050282101493
2.64050282101493
2.64050282101493
2.64050282101493
2.64050282101493
2.64050282101493
2.64050282101493
2.64050282101493
2.64050282101493
2.64050282101493
2.64050282101493
2.6405068369007787
2.6405068369007787
2.6405093120246064
2.6405102016180977
2.6405156037236814
2.6405156037236814
2.6405162145161056
2.6405195205158574
2.640520535131012
2.640521747878404
2.640523557137592
2.640524839144228
2.640525199633817
2.6405258791223387
2.640527536984485
2.640527620787261
2.64052832272275
2.640529083177597
2.640529610119062
2.6405299262840023
2.640530209352203
2.640530460275268
2.64053066822937
2.640530849196593
2.640530901468394
2.640530974588631
2.6405310696095436
2.6405311548542763
2.6405312188304713
2.640531251800314
2.640531305738874
2.640531349466073
2.6405313671563366
2.6405313872692378
2.640531403215478
2.640531418546171
2.6405314277445857
2.6405314332636354
2.6405314421680752
2.6405314536562052
2.640531460549083
2.640531465339443
2.64053147274498
2.640531477188301
2.6405314799103072
2.6405314799103072
2.640531481246933
2.6405314817825825
2.640531481908644
2.640531482005083
2.6405314821892265
2.6405314824322956
2.6405314826193345
2.6405314827803505
2.640531482877147
2.6405314829623676
2.6405314830197946
2.6405314830784192
2.6405314831285898
2.6405314831721878
2.6405314832038242
2.6405314832228073
2.6405314832408804
2.6405314832592754
2.6405314832721576
2.640531483279887
2.6405314832845246
2.6405314832880618
2.640531483290554
2.6405314832951516
2.6405314832984614
2.6405314833004474
2.6405314833016384
2.640531483303206
2.6405314833053963
2.640531483306711
2.640531483307547
2.6405314833082576
2.6405314833091778
2.6405314833097298
2.6405314833100615
2.64053148331026
2.640531483310379
2.640531483310476
2.640531483310559
2.640531483310624
2.6405314833106686
2.640531483310696
2.640531483310726
2.640531483310777
2.6405314833108067
2.640531483310825
2.640531483310837
2.6405314833108573
2.640531483310872
2.6405314833108795
2.640531483310885
2.640531483310888
2.6405314833108897
2.640531483310895
2.640531483310903
2.640531483310909
2.6405314833109124
2.6405314833109172
2.6405314833109212
2.6405314833109235
2.6405314833109252
2.6405314833109275
2.6405314833109284
2.6405314833109297
2.64053148331093
2.6405314833109306
2.640531483310931
2.6405314833109315
2.6405314833109315
2.6405314833109315
2.6405314833109315
2.6405314833109315
2.6405314833109315
2.6405314833109315
2.6405314833109315
2.6405314833109315
2.6405314833109315
2.6405314833109315
2.6405314833109315
2.6405314833109315
2.6405314833109315
2.6405314833109315
2.6405314833109315
2.6405314833109315
2.6405314833109315
2.6405314833109315
2.6405314833109315
2.6405314833109315
2.6405314833109315
2.6405314833109315
2.6405314833109315
2.6405314833109315
2.6405314833109315
