3.2473145304336737
3.2473145304336737
3.2473145304336737
3.2473145304336737
3.2473145304336737
3.2473145304336737
3.2473145304336737
3.2473145304336737
3.2473145304336737
3.2473145304336737
3.2473145304336737
3.2473145304336737
3.2473145304336737
3.2473145304336737
3.2473145304336737
3.2473145304336737
3.2473145304336737
3.2473145304336737
3.2473145304336737
3.2473145304336737
3.2473145304336737
3.2473145304336737
3.2473145304336737
3.2473145304336737
3.2473145304336737
3.2473145304336737
3.2473145304336737
3.2473145304336737
3.2473145304336737
3.2473145304336737
3.2473145304336737
3.2473145304336737
3.2473145304336737
3.2473145304336737
3.2473145304336737
3.2473145304336737
3.2473145304336737
3.2473145304336737
3.2473145304336737
3.2473145304336737
3.2473145304336737
3.2473145304336737
3.2473145304336737
3.2473145304336737
3.2473145304336737
3.2473145304336737
3.2473145304336737
3.2473145304336737
3.2473145304336737
3.2473145304336737
3.247316107985532
3.247316107985532
3.247316107985532
3.247316107985532
3.2473167173535153
3.2473167173535153
3.2473167173535153
3.2473167173535153
3.247320535012832
3.247320535012832
3.247320535012832
3.247326925467638
3.247326925467638
3.247331371322048
3.247336292787569
3.247339061290075
3.24734305445927
3.247345757611826
3.247347715949146
3.2473499628550484
3.2473512621636753
3.247352126891277
3.247352827955735
3.2473540426298015
3.2473546644245834
3.2473551679351003
3.2473554700414335
3.247356117556693
3.2473566078688036
3.2473569619454956
3.2473571999703505
3.2473573427852696
3.247357506155444
3.2473576044338204
3.247357641745721
3.2473576894579708
3.247357714036981
3.247357763010898
3.247357793852623
3.247357812357657
3.247357836171464
3.2473578642210916
3.247357882496834
3.2473578852782867
3.2473578988319693
3.2473579066130034
3.247357914826397
3.247357919741684
3.2473579209061865
3.2473579237167667
3.247357932827266
3.2473579385739093
3.2473579420218965
3.2473579420218965
3.2473579425574814
3.247357944995599
3.2473579478463552
3.2473579497948935
3.247357950793258
3.247357952602864
3.2473579542015725
3.247357955160796
3.247357956090857
3.247357956767422
3.2473579573108613
3.2473579576598888
3.247357957953934
3.2473579581186214
3.247357958282827
3.2473579583813508
3.247357958440464
3.2473579585137156
3.2473579585890526
3.2473579586512713
3.2473579586954866
3.247357958712256
3.247357958746995
3.2473579587707726
3.247357958785039
3.247357958802623
3.247357958809351
3.247357958809351
3.247357958809351
3.2473579588116865
3.2473579588116865
3.2473579588116865
3.2473579588116865
3.2473579588116865
3.2473579588118655
3.2473579588118655
3.2473579588118655
3.2473579588118655
3.2473579588118655
3.2473579588118655
3.2473579588118655
3.247357958812142
3.247357958812142
3.247357958812142
3.247357958812142
3.247357958812142
3.247357958812142
3.247357958812142
3.247357958812142
3.247357958812142
3.247357958812142
3.247357958812161
3.247357958812161
3.247357958812161
3.247357958812186
3.247357958812186
3.247357958812186
3.247357958812186
3.247357958812186
3.247357958812186
3.247357958812194
3.247357958812194
3.247357958812194
3.2473579588121946
3.2473579588121946
3.2473579588121946
3.2473579588121946
3.2473579588121964
3.2473579588121964
3.2473579588121964
3.2473579588121964
3.2473579588121964
3.2473579588121964
3.2473579588121964
3.2473579588121964
3.2473579588121964
3.2473579588121964
3.2473579588121964
3.2473579588121964
3.2473579588121964
3.2473579588121964
3.2473579588121964
3.2473579588121964
3.2473579588121964
3.2473579588121964
3.2473579588121964
3.2473579588121964
3.2473579588121964
3.2473579588121964
3.2473579588121964
