3.007683996047906
3.007683996047906
3.007683996047906
3.007683996047906
3.007683996047906
3.007683996047906
3.007683996047906
3.007683996047906
3.007683996047906
3.007683996047906
3.007683996047906
3.007683996047906
3.007683996047906
3.007683996047906
3.007683996047906
3.007683996047906
3.007683996047906
3.007683996047906
3.007683996047906
3.007683996047906
3.007683996047906
3.007683996047906
3.007683996047906
3.007683996047906
3.007683996047906
3.007683996047906
3.007683996047906
3.007683996047906
3.007683996047906
3.007683996047906
3.007683996047906
3.007683996047906
3.007683996047906
3.007683996047906
3.007683996047906
3.007683996047906
3.007683996047906
3.007683996047906
3.007683996047906
3.007683996047906
3.007683996047906
3.007683996047906
3.007683996047906
3.007683996047906
3.007683996047906
3.007683996047906
3.007683996047906
3.007683996047906
3.007683996047906
3.007683996047906
3.007683996047906
3.007683996047906
3.0076876990331294
3.0076876990331294
3.0076876990331294
3.0076876990331294
3.0076917640534058
3.0076925757601414
3.007694557176589
3.0076957460265423
3.0076968199425314
3.007701532488784
3.007704455202988
3.007706208831942
3.0077072610094704
3.007708359701756
3.007709393011316
3.0077100129970673
3.0077109052266895
3.007711581144428
3.007712259896216
3.007712726277309
3.0077129435454375
3.0077133429337826
3.0077135342578276
3.007713764451134
3.007713924654006
3.007714090850525
3.0077141983431637
3.0077142628387468
3.007714317656263
3.007714388226314
3.0077144196763523
3.007714447741456
3.0077144489048906
3.007714467347155
3.007714472164579
3.0077144802659666
3.0077144845499757
3.007714489106702
3.0077144906644677
3.007714495228127
3.007714498881361
3.0077144999050778
3.007714502347921
3.0077145037337134
3.0077145048835696
3.0077145053687655
3.007714506355288
3.0077145073001343
3.0077145080267815
3.0077145084627697
3.0077145089940287
3.0077145094828794
3.0077145097861444
3.007714509986738
3.0077145100943237
3.0077145102679115
3.0077145104283987
3.0077145105246914
3.00771451058987
3.0077145107162058
3.0077145107902368
3.0077145108348393
3.0077145108928915
3.007714510948867
3.0077145109824523
3.0077145110033965
3.007714511014825
3.0077145110306454
3.007714511048277
3.0077145110567933
3.0077145110567933
3.0077145110618795
3.0077145110680563
3.007714511068763
3.007714511069187
3.007714511069441
3.0077145110702928
3.0077145110717476
3.0077145110729253
3.007714511073847
3.0077145110746195
3.0077145110752546
3.0077145110756978
3.0077145110759846
3.0077145110761574
3.0077145110762618
3.007714511076324
3.007714511076361
3.0077145110763834
3.0077145110764656
3.007714511076525
3.0077145110765726
3.007714511076614
3.0077145110766246
3.007714511076658
3.007714511076672
3.007714511076687
3.007714511076697
3.0077145110767027
3.0077145110767156
3.007714511076724
3.007714511076729
3.0077145110767334
3.0077145110767405
3.0077145110767427
3.0077145110767463
3.0077145110767485
3.0077145110767507
3.0077145110767516
3.0077145110767525
3.0077145110767534
3.007714511076754
3.0077145110767547
3.0077145110767547
3.0077145110767547
3.0077145110767547
3.0077145110767547
3.0077145110767547
3.0077145110767547
3.0077145110767547
3.0077145110767547
3.0077145110767547
3.0077145110767547
3.0077145110767547
3.0077145110767547
3.0077145110767547
3.0077145110767547
3.0077145110767547
3.0077145110767547
3.0077145110767547
3.0077145110767547
3.0077145110767547
3.0077145110767547
